2500 560 476
776 1517
1901 221
1848 2071
595 697
2464 1036
252 962
1623 218
1522 710
371 287
1480 1390
836 651
1848 1281
857 2061
449 969
428 642
2170 2106
1935 402
697 82
655 2011
2163 2107
688 1065
85 447
2446 2269
67 1947
2052 1510
1162 1946
1850 1868
1114 1634
1172 76
709 638
2302 686
973 1419
1990 1479
1391 2377
430 1791
1016 590
1346 1081
735 1041
714 2069
1318 353
1752 172
1711 2279
2402 664
2327 1453
887 367
2040 829
874 1832
1048 799
2058 2429
806 293
1596 1541
1793 2217
1278 1415
1395 884
482 1974
675 2124
1933 1988
74 2071
2447 300
174 1456
459 1761
958 2289
2106 890
320 921
278 1638
1619 630
528 2143
2092 911
359 1608
562 2147
34 588
2080 1460
1531 1582
2201 2357
937 2252
1181 464
1185 827
561 452
548 787
492 1271
434 2336
1313 349
746 1471
1317 206
624 973
1675 1917
1422 1581
2206 1180
2107 1757
1200 17
2042 1126
2163 1522
126 1417
1403 707
1618 1754
1121 1624
1723 750
1688 598
900 1646
78 1393
429 1092
142 1935
14 1912
1076 381
495 1960
272 1002
1176 602
2194 495
1104 1888
600 803
443 1733
1278 688
383 1584
1450 92
1301 2168
105 636
2213 1021
690 1437
2457 685
1177 1764
1672 1321
648 1580
1141 307
1197 519
430 702
888 2401
1397 2417
821 248
1593 809
42 431
1278 2259
172 633
394 472
1594 2340
65 1438
616 1789
578 1919
2328 2273
2362 280
778 1344
1828 422
234 2270
2412 1682
1928 1538
893 1327
1465 1845
328 2297
670 1482
238 1098
2014 368
2002 2082
1731 1330
1692 2299
1838 1277
1728 1473
836 627
1300 1847
1608 479
167 1231
810 2263
657 1646
1488 1753
2128 1504
1405 2045
2220 20
2182 2430
779 2202
1755 1992
1184 1012
966 177
1669 610
2350 2068
1088 2315
857 763
902 1316
84 2129
882 229
508 350
922 1196
1041 2013
2165 146
871 1103
497 79
1271 241
1219 1614
683 353
433 185
1941 1291
1399 1705
1246 942
1536 19
239 2336
2182 839
274 1154
225 1708
1772 212
1281 997
893 1703
850 2022
1276 118
971 431
290 2123
1857 2021
785 2321
1584 2345
2125 2267
1275 648
1241 496
1957 1616
2023 649
1362 2340
1141 1686
1074 699
2111 299
960 195
550 1782
2101 2421
290 2098
804 774
1646 1672
1397 1868
34 27
211 1323
559 2215
890 2284
2040 1523
1340 2235
2307 2141
1805 1175
2468 2429
553 795
421 1668
690 532
1465 1125
118 2334
675 553
1089 436
1189 1562
601 1227
869 696
1762 2322
58 1099
2154 1588
215 1128
619 648
723 1758
405 686
2108 1169
589 778
2407 162
1193 2436
1011 1645
2195 1514
1080 528
1566 2448
1430 1345
787 780
1860 686
1115 1151
330 13
1292 2325
1938 419
2119 709
1131 2446
1048 1497
354 1003
664 281
1548 1274
2201 2133
504 783
1310 1247
1342 1596
2105 560
2268 2394
388 2080
1474 41
415 629
663 2142
87 2157
880 2438
1608 810
173 1929
1539 348
1902 2004
644 1396
943 1975
207 1429
1027 760
55 1151
494 1850
60 579
1669 245
613 1743
2272 1913
2344 1436
1056 1520
561 2270
2148 1601
536 737
615 1454
1433 1113
2205 1412
35 928
983 1053
1986 1310
2414 1335
2069 1911
545 493
2048 924
12 1452
1605 62
372 179
280 1894
1935 1443
583 1302
921 2273
420 1668
623 1594
1833 1191
35 2212
1996 2447
511 789
2233 693
1094 1595
1887 522
1159 2419
1909 1348
521 2043
2496 987
1179 2127
1424 918
2175 1909
1387 997
391 157
1248 1813
2403 2139
1002 1468
1238 1662
1756 235
1478 585
2002 2016
359 497
1390 557
253 1487
1979 2224
1714 109
187 1710
1569 1747
1692 1363
46 1894
1412 980
1301 2167
216 2151
897 942
1091 2173
164 252
155 135
740 389
1866 1774
1997 1823
586 2183
762 12
1451 204
213 7
150 1344
1851 80
2078 1371
2229 2111
1513 169
1384 1481
130 28
1055 369
478 1120
887 791
1060 1798
401 2449
1802 1249
1598 386
1041 2491
1586 1981
1078 1465
2068 1427
2031 2425
562 2454
914 1350
1419 1525
1160 1824
1937 682
245 1362
1961 1287
286 1534
360 1152
1248 193
794 883
2009 1839
2467 457
1543 1289
1614 2240
2213 445
2475 905
328 831
756 1522
2400 231
1540 1039
496 979
1730 34
2404 2496
722 37
1132 1826
2028 1404
769 1042
2194 846
1423 1720
2351 806
1255 560
990 1820
879 1187
1613 1967
1313 1991
1458 1898
299 927
1415 1273
1586 1835
1681 575
1360 1169
1461 1246
2379 731
741 391
307 386
379 135
236 2013
801 704
2073 1254
244 9
883 499
1190 1814
1979 348
1522 72
178 1620
2365 1454
1213 105
814 1254
1191 833
2139 22
2288 1315
2054 1545
2128 197
1529 1514
2457 603
2233 265
375 231
2306 965
382 50
989 1246
629 249
2055 999
41 977
1652 1112
2415 1573
2223 2108
152 2204
1460 2196
1906 1488
767 1385
1425 363
2061 1572
26 458
323 772
642 2057
2324 1524
403 2457
2431 2110
985 1274
1119 811
2123 138
30 2208
1316 305
6 1122
1919 2355
1529 1908
158 445
968 844
892 422
497 809
1840 1666
1813 750
672 1347
1937 2012
2389 1529
805 1925
1616 1371
205 915
63 2103
1480 940
176 1362
1220 1037
1822 1913
1842 1184
1172 249
2092 117
1546 1385
1041 1767
1238 406
1224 150
918 1983
966 1101
1879 1542
1770 2067
1632 899
738 600
1525 963
819 1890
2493 194
69 146
1853 1820
1633 60
1785 805
1598 874
2085 2293
1321 2418
966 576
1595 1210
176 2382
226 663
2318 493
554 248
237 83
1262 1166
1582 2438
1901 2197
1593 564
854 2033
74 611
1055 10
651 1679
199 962
99 807
1199 1792
1770 64
642 477
1346 288
565 370
521 164
403 298
477 969
1775 1584
1182 1645
1142 2377
2288 1039
997 681
347 1327
1170 2400
1733 2208
1265 840
1380 1929
2107 1997
1583 1248
792 206
510 2247
1565 1210
319 868
942 1017
642 1223
1627 678
466 1823
2378 2353
1794 1400
364 976
818 920
547 1173
835 1646
644 2359
1942 1951
2135 2338
1135 1087
1736 1949
536 1720
57 1225
470 418
54 61
2165 345
1206 1179
1092 512
1200 717
2245 1781
2436 2364
2350 352
1566 2207
661 895
298 1112
1556 843
719 1589
778 2264
62 2218
1822 1998
72 2301
1024 814
2267 2139
2465 2244
437 1080
776 362
953 1434
1094 93
2273 211
388 403
190 2407
1659 2261
2087 1321
1682 882
823 1455
825 1998
1063 2069
1919 2368
2051 906
2461 1913
926 686
559 2322
1148 1271
2049 943
1917 1046
1076 1297
419 1573
2489 1461
2294 199
860 373
447 2365
1056 79
1738 853
2235 1595
88 665
148 1853
2375 2293
2221 2475
1785 473
428 824
1895 1400
215 2144
2300 39
929 36
1449 2329
400 1635
2447 1546
1375 1654
2423 1487
444 2099
2481 2444
1762 310
2374 2147
681 1423
1124 1841
2407 913
637 392
1062 2379
172 190
2485 982
1180 1280
1340 1935
775 1910
1673 2365
1678 1984
1906 800
2029 1387
1760 2052
678 2035
1425 204
2187 1312
191 2150
671 1179
136 240
1427 195
1634 71
556 911
873 844
2056 121
1490 361
647 1567
470 1040
2014 457
1274 2012
1732 2334
1575 1882
1656 1623
542 1040
2001 78
2237 2088
941 383
1719 1897
1729 1085
248 920
2123 1205
396 1681
2305 1102
929 395
1610 649
61 21
1167 1173
2235 1410
639 564
355 1551
727 228
64 1886
399 2194
2055 2486
1239 2119
1485 748
1920 713
1891 467
1086 1019
817 140
136 541
267 621
889 1020
2463 2197
342 907
2282 143
1986 129
84 1026
485 1439
1434 685
1446 806
1502 518
520 2353
445 1217
1981 602
392 252
1609 2054
1631 1445
1900 474
210 1197
1897 501
228 606
1755 888
1607 64
2185 596
1946 894
320 2417
2132 544
1471 1326
2393 1671
890 2186
2030 2330
714 2027
1733 2261
1295 1855
162 2405
1330 369
776 102
980 2208
1416 2382
2456 482
595 192
1576 1908
1285 1594
2078 2369
2043 575
1013 1338
1532 898
1030 712
2442 1245
44 2211
363 1524
1095 1718
1112 1076
330 277
1702 276
2310 1310
2097 614
877 2451
2081 762
1080 2079
1603 1986
2169 711
1051 395
2336 1328
1736 789
658 2347
76 230
1836 1661
2182 2233
293 1047
2021 2040
508 1009
1285 183
250 1582
1110 1200
1508 190
167 1013
1232 1332
877 921
863 30
1154 935
2399 1946
2384 1931
1635 1477
1144 188
1942 2190
2063 1451
2221 394
1679 2447
1029 2240
2439 2107
1718 456
1196 2488
787 1858
1179 1349
428 39
2036 526
1963 1482
1050 223
1529 61
1858 761
1508 1768
1261 905
2072 2136
1476 1861
1300 2139
1712 117
1754 263
2287 2116
241 721
1660 1996
1888 399
1206 1195
1515 1266
1712 1955
431 2302
2347 1086
1866 2085
820 1813
1680 2483
978 473
2135 1505
694 2135
1679 2001
1137 1903
1757 1024
2024 1417
1286 93
2212 96
654 243
744 1731
1278 2135
1226 1512
687 2229
1019 1956
523 2107
1725 198
1028 1091
2259 2356
2353 2386
2102 1858
1559 2490
2250 1392
2494 2476
1788 1596
826 44
1286 2331
2274 119
747 354
44 160
577 561
445 1832
650 682
584 589
68 604
670 2325
854 176
1614 967
1507 602
436 2011
18 2182
2318 2186
792 563
1203 2268
2275 1857
1481 629
2022 415
2207 2354
2452 2422
1372 1072
1325 422
486 2345
1791 1581
308 2019
1519 1184
2051 1073
564 719
289 1810
1722 486
1270 103
2415 1935
1118 2306
1915 1006
1393 2000
1755 2011
1512 482
1160 535
556 1692
264 1341
264 1564
786 189
379 900
1139 1183
697 1473
811 2302
1677 1678
747 217
238 2444
221 1282
1244 1839
1338 1453
2399 1881
1041 1765
657 538
1711 985
799 1273
1826 2173
1517 556
1762 2091
2157 303
2366 570
20 123
1611 1312
1178 144
396 748
548 1027
480 1120
1472 1878
2022 1778
1269 1882
234 6
635 1023
301 599
2379 1756
727 2114
662 1243
1601 1584
1441 12
862 984
1 1774
690 2205
1713 918
2408 1249
1357 1465
1616 1362
1756 1271
2321 2120
666 2317
584 1271
174 1790
981 2152
560 2115
2428 1667
422 1670
630 2258
894 2347
1571 1552
2169 1738
198 5
837 1125
541 616
497 882
1766 2169
273 1442
1469 2268
1311 271
461 1507
2254 1061
2422 591
2450 1402
704 2452
526 21
2032 2309
990 236
953 569
2270 394
514 671
1736 1021
1898 100
1235 662
1450 2072
1417 646
480 2166
1548 1519
401 397
175 526
1793 2300
1784 1944
886 980
1286 364
953 1491
2411 505
1283 1287
1688 378
593 2357
1103 1387
564 2347
238 925
913 1408
1785 106
1325 1591
1769 400
703 1317
264 1776
1761 325
1272 619
1486 1587
1737 37
483 383
2073 782
2112 1666
1282 2168
803 630
2481 854
2055 2087
1189 443
1625 1792
2009 836
2376 1403
6 20
292 793
2217 2157
786 1972
978 1323
1488 1357
1107 729
486 1856
545 1222
390 721
1139 2098
2189 2248
1475 361
1695 1799
194 1088
206 30
2461 1843
2345 1143
1352 23
2496 1405
1504 1600
1272 686
1435 1489
985 2325
752 990
7 1296
878 399
1298 2
1469 1578
65 1838
442 757
1363 598
781 2332
1893 1324
810 2343
689 787
1273 2258
1973 1698
2031 613
2190 2187
148 1352
2209 1028
2297 2084
2008 840
1004 2419
1346 1509
1812 774
766 118
1944 1186
344 1818
26 737
346 2136
1329 2141
500 1800
923 1850
730 1030
127 2214
1957 1051
70 1203
1851 490
1858 644
601 1985
57 1934
2264 176
791 54
323 851
1972 254
1335 1036
1146 1006
2479 872
182 30
810 834
1043 2191
1756 942
653 2195
864 1029
2126 802
2336 1099
311 289
1004 1811
445 1960
1653 963
561 1821
247 264
1602 825
641 417
166 1904
1060 2360
1153 2444
2072 931
1194 1714
1080 1383
29 623
2006 398
2393 1264
780 2422
2341 2264
1633 1389
534 138
1402 672
784 2259
1775 2115
954 1485
582 1768
1383 1725
741 1206
1576 1937
236 1485
76 986
1239 273
1609 1071
358 1017
564 1725
2385 2186
1222 695
1689 2105
432 994
584 1392
729 63
910 1228
402 2492
1122 2320
1827 1992
19 1530
1227 1135
234 2047
972 151
2225 1671
314 1359
2043 1008
147 1912
1712 1870
2053 838
1967 998
1586 2490
1075 1558
1926 1847
1840 2436
1457 727
924 2387
804 1892
1749 1842
270 751
256 315
1019 633
1763 567
2182 1029
524 453
178 1878
1405 1417
2155 411
1398 1610
2404 882
1729 1348
1044 815
762 1163
137 1514
650 1516
115 240
48 800
743 518
1846 1582
1393 2471
2442 1795
1606 9
2431 1343
2056 608
1886 888
764 1676
1924 906
531 195
534 789
1117 1804
1142 939
946 88
1986 2409
1023 1722
1466 2006
2200 209
354 1393
1946 278
1881 1494
558 179
1916 125
2407 1578
157 462
526 2169
132 2470
1428 2242
1492 1758
893 931
2477 479
1007 1581
742 553
492 1458
1366 2282
412 1633
661 458
1428 66
2488 1547
1336 190
1628 1384
234 1925
2065 157
1388 2319
101 235
1300 2322
1886 2384
1844 1719
2096 1795
284 2202
1370 920
1211 705
1242 1898
187 2326
2334 1385
1359 1430
2144 1948
463 487
203 2347
1150 1640
136 1842
2017 1453
791 1232
1565 1493
2106 1270
2216 1265
2222 887
2401 1785
2252 2497
2129 778
1269 1380
1531 21
2215 2069
1863 836
2227 456
1823 2204
641 1325
996 394
1686 1586
1548 2355
1751 1265
220 150
2255 1805
1308 2421
1139 2412
897 652
1264 254
879 667
875 244
2079 1119
672 1362
1407 1355
1855 326
124 2403
1368 846
2416 969
249 1105
1280 1285
1392 715
483 1740
2191 683
225 392
990 1962
1729 2471
1879 2211
1430 1140
2353 471
1167 1764
1614 2167
1994 2378
1109 246
439 2374
758 1206
2237 783
1608 1346
2334 2191
808 2006
1632 2197
2385 2215
1774 583
2071 35
1959 1288
1227 2216
1138 1089
1714 2022
574 494
1122 1373
322 1551
365 2175
315 358
1673 1072
450 46
67 51
1047 1142
2233 510
2056 1102
564 1473
21 641
325 155
2398 1313
1673 1993
1690 402
2121 2428
1693 1295
856 1995
1658 447
1573 326
316 2241
1926 621
1118 1704
89 2035
493 2311
222 911
1372 678
681 2018
517 1090
1735 753
1834 1000
613 344
131 946
1636 2107
2361 1215
514 2282
478 878
2108 1437
2240 2217
1727 1587
2077 1140
480 2190
956 387
480 1768
2437 1976
545 1442
1259 2472
2164 1413
1658 19
110 188
1109 2197
594 2360
369 2238
1401 1752
1347 218
2438 2367
1031 757
379 30
2261 1675
489 417
761 79
1019 1447
196 2283
1098 338
1157 2436
2208 1160
909 862
870 1962
1029 2485
1061 1979
2158 58
879 458
1490 124
2208 1678
500 1359
1369 1170
359 385
2221 2201
738 2129
1960 1196
2300 401
2099 875
1898 1130
1343 2166
489 65
1836 182
867 673
1607 1834
2058 1354
398 137
1523 1577
2175 100
444 2437
830 1903
499 2281
2154 35
1874 1717
98 395
342 717
2110 2243
339 1175
1246 257
2 553
1040 1633
1023 606
1093 2023
1112 1827
1439 1491
2287 148
187 2263
1992 295
1868 1509
224 487
2092 907
1665 1359
1522 168
694 2248
175 215
1186 924
1456 1485
2176 1936
1264 646
502 487
513 2286
881 184
1627 623
417 2331
808 1551
2207 1260
927 1584
805 956
1223 1717
139 1098
1851 1701
113 206
1207 1748
1201 1057
2451 1194
2172 1764
77 2359
670 1886
1556 1783
2172 2255
516 1172
1426 569
1872 2239
2154 1765
899 1468
1207 1432
590 62
1853 812
1951 1008
131 490
197 2159
240 1782
702 1017
668 2063
1097 2207
2046 490
2491 2239
1775 1738
1789 1029
1728 2287
36 93
1993 1538
1069 1847
630 891
1012 2487
2183 1972
941 2354
1575 1426
783 400
1138 1408
959 401
2117 1561
1096 2424
814 555
495 148
1437 2190
15 1493
92 372
56 1551
1448 1898
2125 208
1883 1303
322 2421
237 2234
413 300
865 930
1807 1197
244 2351
626 1509
1954 927
889 2145
2484 1104
1431 1121
2355 2236
516 2020
2035 2271
2280 1807
1950 1000
164 550
2100 1572
384 2210
684 319
1926 2314
606 886
2164 491
620 2498
1640 1240
2380 743
1929 2257
2181 367
1327 2273
13 235
1284 742
1259 1400
1655 1250
2261 201
1997 180
2034 1264
2253 488
2031 1035
1445 392
1443 583
1326 918
30 145
2245 412
2451 2326
542 875
2429 2349
1533 149
818 1563
2110 2074
591 2370
2332 578
1724 1436
2186 1839
420 1313
1295 632
2487 690
2045 440
617 58
1953 2140
1939 1232
770 1425
922 1377
957 251
2408 767
2162 590
740 204
139 126
116 1317
595 513
1988 2038
1258 719
1596 1729
1329 1428
1901 1881
1229 685
2489 717
364 1910
2361 1095
775 1669
2062 423
349 651
991 1575
190 2168
70 1992
1368 968
1884 302
609 1544
255 63
1997 1075
1616 1339
2039 1975
2478 1427
1962 1807
909 1494
1344 1343
208 2285
942 269
2371 1367
1222 1051
1872 342
752 2253
2429 479
1774 421
179 801
1927 773
1246 1882
145 610
1304 471
1371 2369
1061 709
1209 859
881 1217
1089 1321
2439 1237
1026 1978
1180 922
776 396
1468 1070
289 607
1941 905
2359 637
957 501
1363 2379
381 872
994 1000
2198 1361
1926 1033
48 1139
1999 1028
72 2327
1151 1445
973 1306
301 1959
1475 77
1435 2114
1746 1964
1736 1340
1226 1274
1959 492
1905 2348
2379 819
277 1639
1033 2485
1786 1146
224 2259
1783 1874
1899 890
1335 226
637 2223
1266 1528
1703 301
1340 1830
207 1289
2178 211
2132 2228
452 1331
2446 545
1315 2048
734 702
880 1677
422 1284
1507 109
2043 378
1195 1238
560 400
2500 1427
583 2044
448 2005
2353 1543
2455 549
2282 1446
1760 1845
2349 738
491 1991
182 240
1539 2044
1193 2451
1417 1855
101 2436
2416 431
97 628
2222 1668
346 376
1872 581
2097 1548
1236 1351
2481 2150
2072 148
2011 506
474 287
1804 2443
1392 555
11 1148
1871 1976
991 19
1571 768
1012 13
1548 617
1210 1079
1622 585
1922 2384
606 2418
1911 1397
135 1996
170 1842
328 135
1378 1622
529 203
827 1797
1024 2133
1635 1039
1092 951
68 2396
2411 1646
485 1541
1163 2421
689 561
2208 454
2111 1503
1140 227
2114 1854
1652 1182
1584 416
956 1216
828 1835
2269 2410
894 383
699 1886
2135 2400
837 1990
62 1015
1690 1742
2436 1380
83 447
2372 1190
1749 187
1685 982
494 1719
143 996
2246 1217
2293 755
978 426
550 1669
1481 142
1870 1127
1626 50
989 454
1689 463
1670 474
1381 1335
1619 1657
1677 933
1851 823
758 747
2140 1764
1372 416
2122 1751
1450 2423
182 969
56 1355
2344 503
645 1577
162 329
1077 2326
1673 1919
1184 2119
34 1242
1186 476
108 1853
2146 1593
2167 877
2233 99
2254 77
268 1190
1590 2369
578 1116
547 277
1485 1543
98 1865
746 235
1197 71
207 1155
2392 347
1177 1604
1421 2006
814 1164
1680 775
2071 1010
224 2401
2386 1098
613 1024
1217 550
1096 1322
1781 1284
1759 254
1533 235
1991 746
648 740
2352 2283
234 411
2055 1835
1803 1036
60 2206
474 246
1143 2166
2435 1092
1354 1676
1856 51
1400 629
1446 2491
2198 1732
1607 2318
947 2420
1752 2329
2450 1881
2293 229
1528 243
1337 2396
702 2230
1078 1243
2404 1659
1869 1970
58 327
49 2039
393 1511
1944 118
1278 2458
2463 2097
2263 1834
664 641
780 295
1564 364
20 643
1436 864
1352 486
1829 482
208 957
23 1606
31 1532
1632 1508
1201 1571
2139 2343
1680 2449
2120 1133
1151 53
1926 1872
208 810
2297 1512
1119 1022
333 2144
2054 1648
901 418
561 2476
1127 737
731 99
1921 1623
957 2408
275 1662
1556 336
1362 2235
811 1416
1050 1019
806 753
1564 727
1208 1289
471 923
1738 1867
1634 2017
2442 162
1900 2302
992 1357
1297 823
171 2450
89 1335
1643 212
2414 1952
1612 530
1367 1619
664 2393
523 1818
361 1452
228 127
178 1136
2094 1168
2159 1096
228 1121
2318 973
2089 2021
864 436
1818 638
1167 1912
972 2319
1423 2412
571 104
2196 1879
1581 805
2458 2088
1991 2189
2462 2192
1093 1186
1817 999
424 2446
1447 1641
86 2209
6 1332
1181 2396
2005 1245
2194 1944
816 1161
1674 1410
1303 1750
168 1158
150 449
531 1146
1338 507
1889 722
1130 2272
28 213
268 363
1707 850
900 560
1710 1067
1687 1338
2458 1008
1665 544
645 628
746 915
1966 285
517 772
171 457
414 2451
2330 1866
2073 1029
1768 1254
1484 235
104 1299
2210 17
856 729
1449 1217
580 522
1730 1642
1761 2394
2206 1947
98 631
1047 2099
126 791
2241 658
2263 1668
1824 2051
428 1689
211 1014
2077 1439
1971 1235
2230 1686
1268 351
166 466
1414 1046
569 1455
392 2153
1802 1889
839 1592
2191 1123
89 1357
723 2178
2165 1414
1097 2432
1573 2368
17 613
246 1327
1014 560
105 1567
276 2225
346 1541
1437 1882
2239 1259
1989 818
1940 646
1648 12
997 1201
2208 500
1200 2342
195 137
448 1822
138 2485
174 2099
597 2402
2361 623
551 872
1053 918
582 764
560 224
366 608
2156 718
1386 787
43 899
1783 1381
736 1977
1549 2418
1926 1609
1001 285
1011 606
2070 1011
2273 2247
639 667
1506 1304
1004 1964
1913 2283
639 32
268 1675
675 594
49 806
978 1731
83 1850
2212 2069
2118 351
221 646
624 1011
732 1389
1552 2416
69 1239
920 1272
1969 1667
2036 1007
1408 143
635 2114
1146 670
294 2379
2393 1339
2151 2294
1833 85
1681 1100
2386 1214
657 70
2248 60
1837 2463
2265 2470
2257 410
1610 452
2120 408
376 2278
1559 469
648 45
1744 2380
401 1086
1477 1550
535 287
829 1891
2299 2440
1529 942
5 713
2169 1386
1293 922
1869 2455
51 154
1675 801
281 1908
1566 1081
571 1959
636 1380
1223 2335
60 389
1787 1861
1099 1723
2103 2007
2298 1075
1986 1221
665 508
639 1372
105 2100
1368 1353
968 1916
1467 1363
1199 1442
165 117
1311 2500
1331 2274
318 273
2375 1977
1030 2216
1841 2001
1594 254
593 697
942 687
985 2335
2111 185
264 974
1145 152
1440 572
2220 801
667 2131
2263 1300
204 1481
1973 1142
2109 2383
1443 575
832 413
1780 1006
1321 407
2363 588
178 128
1201 1856
1220 555
595 1447
1038 2148
530 1811
1428 2027
2239 179
1586 2066
709 2395
1935 931
2395 1898
141 1494
2276 483
756 392
8 1788
2158 1635
1455 1015
170 2415
1459 1573
432 1438
395 910
1400 2343
828 2316
154 2456
758 1576
1261 755
2199 134
2319 398
2496 2476
1916 1596
1267 1980
2008 2192
293 1103
2455 2052
283 222
850 2354
772 2099
986 1526
726 2315
1928 227
594 477
187 360
391 2199
680 574
822 336
1919 613
2401 2370
717 1261
2294 1128
1757 2113
699 140
118 1866
1540 1060
2048 672
2182 921
2457 243
972 961
132 1003
1698 1566
110 1192
1593 1389
296 1225
2274 101
793 867
2373 1479
196 2042
1489 200
1465 2475
1980 1318
310 42
635 361
550 629
1865 614
869 1087
1644 793
1338 2184
1177 1532
867 1725
304 352
2436 2442
389 119
157 602
1569 207
1494 548
1356 624
1006 2141
524 777
1346 753
1289 1718
2008 1324
769 439
1377 1478
662 2300
2330 389
2290 1099
1557 1498
562 1141
1920 1482
1888 2251
1327 1297
2170 120
970 2036
539 1061
1097 1348
71 1747
1057 560
479 213
250 580
1407 886
956 1193
566 1852
756 642
476 2011
1625 1631
233 1746
257 2073
1497 1848
255 749
1381 24
1613 2321
1142 2475
1651 729
2319 17
1569 984
1870 903
2495 1578
1886 286
6 2418
1604 312
1325 2148
1096 1293
1534 2092
1900 384
2284 2300
1059 1258
2031 565
2006 1460
832 2125
1536 288
88 1558
2320 2127
1252 470
530 1307
2013 39
449 2347
1429 2044
1814 2492
764 917
1726 1712
1600 53
604 599
1603 1089
787 2048
1889 290
1980 1109
653 1619
2423 573
1120 1710
1936 268
31 93
548 1524
975 2458
220 1850
1733 2282
2230 2141
1429 2398
933 303
477 1602
1876 332
1170 749
128 2206
1421 743
720 1649
1372 1731
1530 2244
441 2129
900 824
1021 108
2167 1796
1263 702
2187 2470
939 2200
218 191
2192 2255
1393 2385
1236 1463
1726 1297
396 834
1072 145
1067 1431
1422 1747
2008 1694
2346 1032
1192 1305
1662 1354
1175 2354
1813 1610
452 667
1323 1706
2043 2214
299 335
2057 1390
522 2246
747 572
1826 1454
1295 129
122 898
2255 459
1409 2217
280 2040
627 2401
2388 1883
2359 87
1974 2050
2218 1315
1773 1862
1281 2489
962 1031
1974 873
592 1224
469 783
491 1216
2064 2013
1258 1545
420 609
60 1838
2178 434
2497 1777
2018 135
2302 2196
2258 2253
1210 679
1122 1554
857 2097
2193 1945
25 391
2125 894
1088 195
1026 1690
1452 495
1900 957
987 1120
1229 1524
2447 240
2328 1902
361 1822
2198 1705
2047 876
2325 2416
1649 1767
2198 367
916 1494
1362 549
1615 146
2474 1591
94 612
455 1067
1871 1716
530 2136
2074 1564
2155 1819
1403 439
1697 2449
1072 733
642 2304
2155 1774
2128 1248
2180 1764
1962 1845
569 461
2043 1936
31 987
2176 2048
505 2480
745 751
320 812
55 525
140 1887
729 790
1904 358
1806 1640
2482 2117
837 32
1969 1584
2183 365
1429 1855
1892 458
2366 1937
2212 1208
2082 1282
1547 398
827 1904
908 2111
678 1802
287 2264
69 1764
1583 275
2218 538
552 1573
659 479
1192 2018
2317 86
256 2086
802 679
2307 1615
2164 1677
756 474
2199 2019
2319 1840
1033 1514
495 597
2236 578
537 1519
1945 2411
2238 1828
1774 665
830 591
2098 80
1909 245
765 2128
783 1807
562 1398
196 307
1591 453
2263 1304
673 1634
586 735
2061 1978
1034 1429
558 1605
2339 2348
606 1075
1343 1761
840 895
2214 2064
1403 1061
2024 1772
563 1486
346 1885
316 884
707 1325
1273 980
1572 1541
1899 1740
989 923
2006 499
517 1021
1301 1898
2007 1569
239 1212
278 840
1256 2124
1598 14
1398 2082
680 2156
832 332
2452 1358
2280 788
52 942
1638 2079
1672 182
1500 900
283 2313
1910 881
370 399
540 1787
1511 435
2453 292
163 2393
1792 1522
1995 1767
792 1719
1870 276
1493 2033
1547 1311
704 549
172 2276
1928 1749
452 1700
512 1781
531 545
2101 962
1260 751
1125 1687
2076 690
2434 279
1673 599
870 1875
1800 1737
1718 221
1582 841
855 482
2330 2351
1038 530
829 748
1523 312
1684 503
283 1385
2141 1593
1914 809
1150 2211
1787 979
261 1523
1508 1557
215 941
374 1767
2242 2386
2224 790
