2500
3
1 907
2
1 397
2
3
2
1 745
2
2
2
2
2
1 870
2
4
2
1 699
2
3
3
2
1 780
2
2
3
3
1 514
4
1 351
1 769
2
3
2
1 355
1 838
2
1 119
3
2
1 852
2
1 162
2
2
1 65
2
2
2
2
2
2
1 473
3
2
1 940
1 812
1 666
2
4
2
1 524
2
1 68
2
1 748
3
2
2
2
3
1 531
3
1 907
3
3
3
1 969
3
2
1 413
1 692
1 654
1 890
1 912
3
2
1 379
1 699
3
3
3
3
2
1 156
3
1 180
2
2
1 393
1 264
3
2
4
2
1 44
2
4
2
3
1 361
1 526
3
1 114
1 663
2
3
2
1 691
2
1 289
1 975
2
3
2
3
1 405
4
1 491
2
3
2
1 862
3
1 651
1 824
2
2
1 793
1 728
2
2
2
2
2
2
1 324
1 97
2
3
3
1 531
4
3
3
1 636
2
2
2
3
1 688
4
1 713
1 219
2
2
1 699
2
2
3
2
1 217
4
1 802
2
3
1 487
2
2
1 383
2
1 915
1 431
1 242
1 990
2
1 75
2
1 70
1 675
1 578
2
1 781
1 242
1 731
2
2
3
1 309
2
2
2
3
1 951
2
1 536
1 189
1 708
3
3
2
3
3
1 208
2
1 662
1 301
2
2
2
1 975
3
2
4
2
1 338
2
1 354
1 4
2
1 634
3
1 789
2
4
2
1 754
2
2
3
2
1 780
3
3
2
2
3
3
2
1 193
1 739
2
2
1 799
2
2
1 444
1 466
1 428
2
3
2
2
3
2
1 235
2
1 335
3
1 482
2
1 829
4
1 817
1 358
4
3
2
2
2
1 975
3
1 532
3
3
1 726
1 10
2
4
1 295
1 693
2
3
1 622
1 982
2
2
1 152
4
1 418
1 574
2
2
3
2
2
3
3
2
1 702
2
2
2
2
4
1 29
1 929
1 170
2
1 356
1 341
1 297
2
2
2
1 157
4
2
1 597
2
2
2
2
2
4
3
1 588
1 438
3
1 823
1 572
2
3
3
2
3
2
2
1 701
2
1 922
2
1 837
3
2
2
3
1 108
2
3
2
1 393
4
1 475
1 314
1 527
1 118
4
1 231
1 983
2
1 453
3
1 150
3
2
2
1 489
1 373
3
1 905
1 786
2
1 87
3
1 989
3
1 647
1 178
1 735
2
2
3
3
1 564
2
1 381
1 62
1 951
1 708
2
1 692
1 752
1 747
2
1 93
3
1 786
3
2
3
2
2
2
3
1 190
3
1 752
2
1 185
1 706
1 995
1 856
1 510
2
2
3
1 66
2
2
1 56
1 768
2
1 13
3
2
1 598
2
2
2
1 136
1 597
2
3
3
1 262
2
4
2
1 883
2
1 331
2
3
2
2
1 570
1 230
1 58
3
2
3
2
2
1 770
2
1 718
2
2
2
1 562
4
1 221
2
3
3
2
2
2
2
4
1 380
4
2
2
4
2
2
1 62
4
2
3
2
2
3
2
3
1 522
3
1 504
3
1 578
1 7
1 243
1 56
3
1 457
2
3
3
2
2
1 34
3
1 701
1 298
3
3
3
1 483
3
4
2
3
3
3
3
2
1 847
2
3
4
1 210
4
1 491
3
1 827
2
1 680
2
1 604
3
2
2
2
2
1 732
2
1 587
1 623
4
3
4
1 534
1 430
2
2
4
2
2
2
1 677
2
4
3
2
2
2
2
1 542
2
3
3
3
3
1 653
1 250
3
3
2
3
1 977
1 615
2
2
1 848
3
2
2
1 411
2
1 328
2
2
1 13
1 674
3
2
1 803
4
2
2
2
1 575
2
1 717
1 795
2
2
3
2
1 828
1 129
2
1 273
1 384
4
2
1 376
1 972
3
2
2
1 456
2
3
2
2
1 923
2
4
1 512
1 289
2
2
2
1 999
2
2
1 22
2
2
3
1 687
3
1 277
4
2
1 268
3
1 712
4
1 527
1 809
2
2
3
2
2
4
1 505
3
3
4
2
1 299
1 569
1 763
2
1 470
3
1 406
4
1 681
1 461
1 57
2
1 486
2
2
1 869
3
1 914
2
2
2
1 259
4
1 658
1 938
1 949
3
2
2
2
2
1 467
1 111
1 675
3
1 641
1 192
2
1 729
1 79
1 577
2
2
2
1 293
2
3
2
1 592
1 690
2
2
4
1 609
2
1 232
1 45
2
1 437
4
1 62
3
4
4
1 600
3
3
2
1 825
2
1 954
3
1 988
1 531
1 664
4
2
1 212
1 546
2
2
3
1 293
3
4
1 70
2
2
1 856
2
2
1 644
3
1 207
2
3
2
2
1 369
2
1 739
2
2
1 434
2
1 853
3
2
2
3
3
2
1 743
4
2
2
1 490
1 188
1 205
1 647
3
2
1 115
2
1 879
1 245
2
2
2
3
1 442
2
2
2
1 501
2
2
3
2
3
1 610
1 655
1 337
1 924
4
1 812
3
4
1 837
2
3
3
3
4
2
3
1 478
4
1 324
2
2
2
2
3
1 629
3
3
3
1 734
2
2
4
2
3
3
2
1 225
2
3
2
1 316
1 411
4
3
1 502
2
1 914
1 148
4
2
1 432
1 290
2
1 90
4
1 337
3
2
2
1 994
1 607
3
3
4
1 870
2
1 806
2
1 523
2
2
2
2
2
2
2
2
1 210
1 96
4
2
1 936
2
1 451
2
2
1 359
1 183
2
2
2
3
2
3
1 612
2
1 159
2
1 801
1 302
4
1 512
3
1 598
2
1 36
1 246
1 196
3
4
2
1 597
2
2
1 342
1 193
2
1 746
3
1 902
3
3
2
1 809
2
1 903
1 488
1 841
2
2
1 499
3
1 739
1 287
3
2
1 642
2
1 281
2
2
3
2
2
1 97
1 255
2
2
1 286
1 604
2
3
1 574
3
3
2
1 125
3
2
3
1 262
1 549
2
2
1 933
2
1 582
4
2
1 350
2
2
1 198
3
3
3
2
2
3
3
3
2
3
2
2
2
2
3
1 893
2
3
1 362
4
2
1 938
2
4
2
1 218
1 410
2
2
1 202
2
1 604
1 438
1 989
2
2
1 534
4
1 921
3
1 473
3
2
1 471
2
1 486
3
2
1 726
3
2
1 918
1 187
2
1 922
1 960
2
1 453
3
2
3
4
3
3
4
1 901
1 317
3
4
3
1 642
2
2
2
3
1 803
1 572
1 320
1 4
3
4
1 564
3
3
3
3
1 600
2
2
1 355
2
2
3
1 113
1 537
4
2
4
2
1 637
3
3
3
1 974
4
2
2
1 48
2
1 212
2
1 446
1 929
1 192
1 700
4
2
2
2
2
2
1 458
2
3
2
2
3
1 793
1 860
2
3
2
1 742
2
2
3
3
3
1 744
1 399
3
1 956
3
2
1 56
1 257
3
2
1 530
2
2
4
2
1 667
4
1 33
2
3
2
2
2
2
2
2
2
2
3
2
1 398
2
1 66
1 561
2
2
1 592
2
1 526
4
1 741
2
2
2
4
2
2
3
3
1 448
3
2
1 480
2
4
1 411
2
4
2
2
2
1 124
3
1 805
1 141
2
1 416
2
2
2
1 296
2
1 273
2
3
3
2
2
2
2
1 698
3
1 935
2
1 250
3
3
1 660
3
1 744
3
1 698
2
2
1 95
1 762
4
2
3
1 94
3
3
1 909
2
4
4
3
2
1 636
1 204
1 147
1 567
3
2
1 291
2
2
2
3
2
3
4
2
2
3
1 576
2
1 566
2
1 426
2
2
2
3
2
1 110
1 467
1 500
2
3
1 259
4
1 50
3
2
3
3
1 992
1 764
3
2
4
1 307
2
1 82
2
2
1 602
2
3
2
3
3
1 335
2
1 835
1 204
1 660
1 497
2
2
3
2
1 329
1 359
3
3
3
2
2
1 270
1 364
3
3
2
2
2
2
1 965
2
3
2
2
2
2
2
3
1 673
4
2
2
1 964
1 633
1 685
2
3
1 675
2
2
1 603
2
2
2
2
3
4
1 543
4
1 694
3
2
1 445
2
3
2
2
3
2
2
4
2
2
1 889
1 568
2
1 620
1 128
1 306
1 150
1 213
1 509
3
4
4
3
1 205
2
4
3
3
2
3
2
3
1 650
1 379
1 162
1 571
1 169
4
2
2
1 912
2
2
1 915
2
2
1 18
1 863
2
1 309
4
2
2
2
2
1 501
3
2
3
1 727
1 458
1 213
2
2
3
1 988
3
4
1 504
1 104
1 139
2
1 675
1 141
2
2
2
2
2
2
3
2
1 111
1 288
2
2
1 604
2
3
3
2
1 740
1 168
2
2
2
1 723
3
1 965
1 812
3
1 741
3
2
1 570
3
3
4
1 969
1 949
1 81
1 705
3
2
4
2
1 269
1 709
4
2
2
2
1 968
2
2
2
1 250
1 641
3
1 627
1 701
2
1 132
2
1 31
2
4
2
2
1 91
1 722
4
2
4
1 117
2
1 730
2
1 416
3
1 960
2
2
4
2
1 998
1 494
1 72
2
2
1 689
1 475
2
3
1 322
2
2
4
1 25
1 171
1 224
3
1 53
2
1 818
1 88
4
1 578
1 5
2
1 913
1 443
1 328
1 622
2
1 599
2
2
2
1 484
1 115
2
1 696
3
3
2
1 372
2
3
1 215
2
2
2
2
2
2
1 915
1 78
3
1 924
1 260
2
1 627
3
2
1 448
2
1 124
1 463
1 604
3
4
1 534
3
2
3
3
3
1 674
2
2
2
1 616
3
1 944
2
4
1 276
1 948
2
2
2
1 229
1 210
3
2
2
2
2
4
3
2
1 764
1 136
3
4
1 977
3
2
1 895
1 933
4
1 983
1 372
1 857
1 691
1 498
4
2
1 597
1 108
2
3
2
2
2
2
3
2
3
1 910
1 747
3
1 635
1 234
2
1 281
1 238
1 928
2
1 147
3
2
3
1 547
2
2
3
2
2
1 973
2
3
2
3
1 642
3
4
1 900
1 474
1 1
1 511
1 770
3
1 540
2
2
3
1 352
3
2
2
1 501
2
3
2
1 995
2
2
2
2
1 258
2
4
4
2
2
1 760
2
1 393
1 25
2
3
3
2
1 753
1 538
2
4
3
2
2
2
1 778
4
1 291
2
3
2
3
3
1 665
2
3
2
3
1 954
2
1 498
1 450
2
1 493
2
1 137
2
2
2
1 534
1 411
2
4
1 887
2
2
3
2
1 845
3
3
1 414
2
1 834
3
2
1 825
1 968
1 128
3
1 415
2
1 899
1 324
2
2
3
1 269
1 957
2
2
3
1 858
1 439
2
1 429
3
1 940
3
2
2
4
3
1 114
2
1 801
3
1 328
2
1 420
3
3
1 530
1 73
1 563
2
2
3
1 992
1 489
1 89
4
1 308
3
3
1 246
1 995
2
2
2
2
1 254
1 595
2
2
1 232
3
1 611
2
2
2
1 863
2
1 684
1 101
2
1 392
3
2
2
2
3
1 516
2
1 705
3
2
2
2
2
1 705
1 974
2
1 201
1 557
2
1 210
1 131
1 427
1 14
2
2
3
1 652
1 807
2
1 994
4
2
3
2
2
4
1 981
2
1 248
3
3
2
2
3
1 812
1 229
3
1 256
1 543
4
1 70
4
2
3
2
1 990
1 264
1 548
1 288
2
2
2
1 570
1 845
3
3
2
1 54
3
2
1 254
2
2
2
2
2
1 700
4
1 714
4
2
4
2
1 111
1 381
2
1 52
1 630
2
1 484
1 800
2
1 622
1 102
1 987
1 269
3
3
3
3
1 129
1 595
1 894
2
1 334
3
3
3
2
3
1 112
1 949
3
3
1 109
4
2
2
1 265
1 762
3
1 196
1 750
1 138
2
1 522
2
1 406
3
2
2
1 374
1 983
1 282
2
3
2
2
3
2
1 597
1 996
3
1 992
2
2
1 76
3
3
1 752
4
2
2
2
2
2
2
2
1 979
2
1 47
3
4
2
2
3
2
2
2
4
2
3
1 289
2
2
1 179
4
1 144
2
4
2
1 492
2
1 170
3
2
2
1 159
1 771
1 501
1 417
1 285
3
2
4
2
2
3
3
1 716
2
3
1 935
2
2
1 405
3
1 693
3
1 221
1 792
2
1 922
4
1 119
2
1 361
2
2
1 118
1 175
2
1 804
2
3
3
3
1 112
2
1 368
3
2
2
4
3
2
3
2
1 930
4
2
2
1 762
2
4
3
1 414
3
1 916
2
2
4
2
2
2
2
1 903
4
1 589
1 634
4
3
3
2
1 549
2
2
2
4
1 465
1 905
2
1 35
1 238
2
4
1 616
3
1 700
1 521
2
1 726
3
2
4
1 146
2
2
2
1 537
3
2
1 92
2
3
4
3
2
2
2
2
1 975
2
2
1 786
3
4
3
2
2
1 282
1 605
2
2
1 601
1 514
3
1 227
4
2
2
2
2
2
1 873
3
2
1 63
1 337
1 70
3
3
2
4
1 439
2
3
2
3
2
1 981
1 982
3
3
2
2
1 200
3
1 384
4
3
1 983
2
3
3
1 594
1 302
1 835
1 648
3
1 550
3
2
3
3
1 498
1 153
1 425
1 303
2
2
2
4
2
2
1 678
2
1 943
1 188
3
2
3
1 42
1 512
1 257
1 851
1 578
2
2
3
1 100
1 764
2
1 25
4
2
1 624
2
1 759
2
1 279
2
1 465
2
3
2
1 755
2
1 518
1 760
3
3
2
4
1 22
2
2
1 851
4
2
2
2
1 871
1 29
2
3
3
3
2
2
1 888
1 805
2
3
1 27
2
1 599
2
1 345
1 142
1 567
4
1 333
1 620
1 97
1 780
1 256
1 676
3
1 782
1 883
1 252
3
1 594
2
1 433
2
1 128
3
3
1 633
3
2
3
2
4
1 633
3
2
3
1 898
3
2
3
2
4
2
2
1 58
1 687
2
2
2
1 338
3
3
2
3
4
2
2
1 916
1 757
3
1 429
1 528
3
3
4
3
3
2
1 583
1 646
2
1 511
1 803
3
2
3
2
2
1 15
2
2
4
1 226
2
1 52
2
2
3
2
4
3
1 970
3
1 504
4
1 736
2
2
2
3
2
2
2
3
4
4
1 66
2
3
2
1 744
1 855
1 204
2
1 139
1 744
4
2
4
1 287
1 380
1 382
1 766
2
1 838
2
2
1 55
1 289
1 661
3
2
2
1 849
1 664
2
2
3
2
2
3
1 178
2
1 854
2
3
2
1 458
3
3
1 746
2
4
2
1 822
1 632
2
3
1 698
3
1 335
2
1 189
3
2
3
2
2
2
2
4
1 192
1 222
2
1 220
1 356
3
1 886
1 357
2
3
4
1 892
2
4
2
2
1 560
2
2
3
1 331
2
3
2
3
2
1 236
1 70
1 37
2
1 722
3
3
1 446
2
3
4
2
1 681
1 199
2
1 13
2
2
2
1 916
2
1 604
4
2
2
3
3
1 688
1 526
1 122
1 673
2
2
1 386
3
1 364
2
2
2
4
2
3
3
3
2
3
1 38
1 198
1 477
3
1 520
4
2
1 702
2
1 858
2
2
4
3
2
2
1 317
3
1 197
2
