30
3 965405893 306848129
5 7 6
2 858540661 329915640
4 210255820
3 328273567 1164913633
5 8 7
1 -276923131
1 1723905403
3 552958667 447246193
1 -746320715
2 1061610234 1799860593
5 10 4
4 968420172
2 596842946 1072888534
1 706788382
3 1521117638 1173972973
2 1893342958 995647085
4 726020883
2 2115109131 2049641650
4 1283617620
1 118145576
2 1081741094 1634154895
3 1103648158 924444448
5 5 4
1 287824178
2 2053761595 988083621
1 -899384305
2 973436493 301485382
1 1199965120
3 1515925272 1806194522
