100
1 718127629
2 362677103 1042884967
2 2060205781 822504976
1 -266736189
2 1063934244 1772934297
2 1642497117 1777974199
3 1517297779 1380947053
3 1395651839 752867233
4 1487034901
5 6 1
1 981759648
1 2025361592
2 509661607 1412005401
4 1966078462
4 431735888
5 5 6
3 1672002841 293665947
3 2108874252 762230178
1 -1312519935
4 1363726348
3 564134460 2012531524
3 970455292 695094715
2 1140410734 2108501582
2 658873411 817126548
3 1897653396 404496962
1 -681276307
1 1808336779
4 859221870
2 2018509109 610489561
5 5 4
2 1650406140 148214979
3 654937088 1602916874
2 35665543 1007243856
2 909452104 719395319
3 2129503721 1527022110
1 -156091973
3 735990154 602751722
3 1741017959 16231680
5 3 10
2 644820016 385971741
4 229372250
5 7 6
5 7 8
1 -2063253533
1 -1800636837
1 1163349900
2 1618913699 1751335331
1 2027119397
4 1936354406
3 565563233 1929408626
3 206944637 2021248899
1 1750865704
5 7 10
3 784985348 1527272507
4 1874277757
3 1233212161 715238902
1 -925185005
1 1947029802
3 1082069775 1977862876
4 1276128239
2 1935521644 1061487323
4 1445970651
4 524645001
1 395621423
1 -40082373
5 7 1
5 5 2
1 -1886739864
1 -1507537405
1 -835115930
3 83788102 569247125
2 625181163 1324445311
1 -1272270501
3 1634777093 2114953437
4 1082279224
2 574223130 1324233753
4 1163777081
3 1251144572 1183176961
2 459736987 998694091
3 1025605319 1700434697
5 6 8
5 4 2
3 1277576187 802523826
5 1 1
5 7 2
1 1329063469
1 104707664
3 1575687924 2095615693
5 6 5
5 10 7
5 9 6
1 1308094295
4 308086663
4 974481722
2 1872203914 2065448327
2 116776469 2013265006
1 1467512003
2 343566629 1592947930
3 1223483648 1503409018
4 22566067
