638 47
3767
3726
6211
3948
6187
6832
9750
302
7231
2442
7170
2400
1884
9981
8719
2201
2308
4607
2982
1380
3977
1990
1504
7905
5154
9358
2540
823
7051
5035
7378
923
2332
2559
2062
3229
633
6527
8461
3927
9782
482
4879
6172
1816
5492
8488
5873
5913
3344
4052
218
5177
2387
6929
3870
8772
6526
8239
1334
6353
5377
7649
8503
84
2308
3557
4228
9099
4517
7398
6645
2322
4402
4230
4009
9820
2808
9249
3916
6468
6571
4993
4952
3870
281
3748
2281
8972
4947
992
1001
1696
7708
7787
4105
1541
7613
1147
7606
8858
9940
6699
7943
2459
631
706
9353
3115
3985
3033
4609
7328
8586
8338
1702
9891
1599
9610
7339
8583
6036
7514
5108
6483
2783
4770
8810
4428
2429
6682
7706
5066
2747
9811
3968
3770
5568
5018
3799
1281
2953
710
9063
8882
7474
8019
3038
5426
6910
994
8838
4699
6701
6977
2624
9230
3239
594
995
3500
8973
1706
2558
2472
4125
723
5404
6867
2160
2036
925
1780
1049
6461
5691
7490
6817
3191
3509
3313
4190
9406
1114
5917
402
9952
8968
811
9113
567
7405
9488
483
4692
467
6472
1604
9508
1295
35
1618
795
6289
1660
7015
9483
6801
8249
9514
7175
4115
1507
8819
7948
5161
1275
1627
6702
1538
9986
7852
1599
376
4621
1224
1040
7894
2053
2886
8482
3523
4126
6175
2788
9130
5860
4237
7812
9235
7760
1191
4686
2306
2027
5292
1978
6509
9609
354
4421
9716
7867
8780
88
6791
9869
3719
3079
6042
2085
7551
1571
4033
430
9086
3671
7906
4433
6270
31
8200
1357
4033
2901
7513
5831
1037
8461
3519
5725
353
9994
1035
685
1389
8509
4652
2170
4279
5595
7038
4559
5347
6011
369
1741
7396
6030
3055
2553
3017
2507
1736
5881
1243
1452
2850
7940
8126
6608
5684
405
9181
1703
3305
2560
2582
8175
2033
5497
3003
9244
516
7055
667
1287
8439
5121
3646
9377
8699
4986
81
442
714
4141
1523
3077
8944
1258
505
7239
4265
8694
2653
3058
2492
4431
5606
2651
2605
9795
5486
2669
2563
5037
2544
8493
5921
3600
6930
152
940
7145
4944
9588
1605
3215
7361
1265
4575
6575
5060
6190
7185
7141
7612
6198
2069
653
9408
7110
2871
3742
8348
8678
7421
4618
7418
3736
4388
1714
4598
7258
2331
9563
9726
3475
5416
6152
7799
906
503
7035
7784
5371
4135
2737
1919
8486
3669
5175
4812
1735
2168
7524
1992
1474
2367
5974
6368
4730
8246
9971
5028
989
4641
9597
6720
4476
9810
269
4608
1051
9471
8135
4844
7239
8704
5034
1699
5920
9195
7060
2817
28
2663
7294
618
3253
5606
9926
7883
1440
6435
377
7620
8574
8852
8020
7331
9979
4226
3325
3351
5975
668
3258
7048
326
6249
1262
2395
6955
8709
3256
763
8795
9359
3476
1148
2075
4551
2416
5091
2670
1791
6445
2796
6931
9631
5195
5900
3447
1994
2875
609
1351
6972
8143
2610
5417
6022
8449
2175
9739
4251
304
4462
919
2853
7993
7064
1225
3071
1742
8527
5008
4454
3187
2005
2671
9158
2131
8645
1655
8218
2447
6758
9782
6004
6410
8857
428
4577
4062
3002
3819
2607
5393
6066
7067
6580
3212
2865
5388
9776
1322
3367
8351
156
8823
4955
1044
530
3900
1952
1923
4656
4305
7664
795
1835
1270
8815
1
6831
2602
7857
1200
8719
5300
5140
8448
9566
8531
1314
1703
4198
2455
9430
8669
4704
3074
670
5281
6063
8989
8559
2117
4843
2217
5747
6382
4987
6587
4623
382
5003
1778
749
5286
9507
4687
1415
2349
5380
4848
8963
4241
7850
6034
6704
9718
5025
2694
5376
7251
48
999
9667
8945
674
5921
8924
2691
7963
8573
1355
1126
9676
9096
3945
9173
6637
572
9267
3838
4246
3509
619
8471
1457
831
9820
8562
5355
4881
145
1278
466
364
5586
1362
9644
6658
1662
38
6949
5799
7670
6807
1498
6970
6264
8416
9932
5094
2181
9587
925
8416
2117
2317
4963
7979
2520
5574
2759
1095
1545
5854
40
3690
1274
9935
9312
9936
3925
8432
2877
1954
3452
834
9484
3144
2022
4438
3957
5505
2111
5754
3015
8387
5844
635
1993
6489
4249
1677
2665
1539
1638
6393
5181
8882
9091
7474
2838
4468
9464
4808
365
1379
2173
1640
7183
3042
6556
9417
2495
6949
7355
105
6472
4798
6915
2443
8158
497
6325
1102
5042
2383
1804
772
1510
20
1566
1166
3448
3239
3054
5796
6011
2471
237
9259
2036
6350
4524
1394
5779
4155
853
951
85
2236
4236
6453
1043
3726
4710
8628
6512
9596
1681
2737
1104
781
346
448
9967
5201
496
2189
7332
9810
5928
8739
1555
7024
545
876
488
9738
1247
1616
9950
6788
3266
8303
6392
7784
2771
2340
5472
9590
6403
9548
783
7190
7246
8065
6816
810
8613
1708
9356
4795
4933
8442
7790
9460
3033
5294
2523
8667
6291
9799
6049
3279
2192
7797
221
9398
1283
6404
8682
276
422
8805
1050
5923
8720
5604
1248
2025
2486
1767
796
3950
3111
39
2207
2322
9714
6240
2523
3796
8379
2680
142
5270
5756
7194
6706
414
131
9999
8498
1073
6448
6097
1627
6012
8632
2434
7824
6776
987
1179
9581
4448
5434
8515
2524
8542
8280
533
9289
7570
75
1815
7881
589
4194
2920
7528
5035
7668
8381
1815
130
2687
3942
5918
6078
5485
5703
2225
4493
6777
6746
2852
3048
7046
9397
5875
1493
214
861
6360
3080
5824
1006
2217
273
4296
8329
5292
5347
3060
7351
2186
4338
6661
3489
7604
8155
2426
4166
7440
3348
2479
3900
4206
1633
4963
1524
3932
1580
3553
2366
6497
3009
238
135
8939
9625
3874
3698
4580
3024
3944
1551
4937
4851
1389
3879
8519
1104
6
1594
7584
5775
5566
5005
9214
7202
9144
1516
1204
5181
1824
2652
8907
690
9810
2393
9430
2681
3472
9005
9193
392
7066
5109
6518
6035
912
5646
9716
4434
6185
5067
4074
182
6239
2117
7136
1874
5888
7600
7795
174
9583
719
9247
6279
1197
1514
669
2222
5716
8386
2141
2130
9342
6524
685
6518
3060
6257
6989
7244
3561
7743
1161
951
5726
6985
1974
124
9964
250
6640
3177
5169
9734
5157
581
2941
1784
2473
2524
8725
2905
7363
5274
9567
9311
9559
903
6688
104
9820
9282
9376
7794
1458
6728
9039
2755
8656
7078
6957
6022
9039
2306
5186
8081
725
6758
3749
9088
1959
3839
6113
8854
6300
4740
1175
3057
8086
8061
6144
1276
6904
9885
8277
4999
7646
7662
9454
7800
6848
7446
3683
7541
828
1654
7259
5547
6491
5855
1443
6035
4606
684
3579
5624
6846
7804
3305
7902
8523
66
5094
786
3388
6277
9553
4151
5237
9876
4031
6357
9905
1062
539
2451
8974
9577
5565
8847
501
8506
9546
9607
1489
3549
2315
594
582
6856
1438
1761
7014
8794
9936
6578
9164
5269
9900
3358
5343
990
857
653
3162
5645
859
7238
7742
7639
4248
7153
6197
3230
688
4563
3756
7192
1771
8076
3833
2174
5701
6921
4242
6557
852
757
5042
4323
653
4033
1907
4603
3514
4315
1169
8501
2620
3402
2528
4437
2300
3800
4527
902
2148
8974
8148
2339
2423
1009
3843
3625
1918
2391
9256
7175
4584
5126
3815
6020
558
904
1707
1339
2135
7897
9397
4820
5671
1284
499
4539
3148
6289
124
280
1370
1457
8709
8459
4063
326
5367
1726
5027
1550
1167
8732
598
8411
7491
9766
5763
9244
4350
5036
7878
4409
3588
4916
2802
1771
5481
1252
7830
1809
2369
5242
443
3941
613
6518
9215
5589
6845
3817
7372
5559
7454
2519
2151
9034
4524
8379
1529
7634
2278
1027
158
8264
7645
1452
8677
6297
5837
2147
7350
7249
4327
9254
6096
1664
1866
6222
4189
8822
402
7889
5937
3357
129
4096
6288
9578
2588
1505
8820
5205
9062
6153
9421
3563
7447
7745
2600
9604
5526
8005
9265
3656
2746
3668
5229
7646
5011
1541
3556
6207
5676
7051
2350
5491
7866
521
5550
9558
1336
4969
4942
1631
7276
3223
7126
1339
855
1168
4051
6981
4108
3871
3862
1772
4652
4957
3854
980
9248
9657
5675
3625
5984
6768
1173
7523
1107
9300
1792
5415
1339
5889
142
8193
8922
9316
5766
6788
6650
2511
1618
7030
3972
3529
6277
3737
5226
4711
920
4074
8315
2014
9930
1117
3863
4858
8847
1091
5897
7730
6841
3282
5152
2033
6542
2892
5006
243
4381
327
1121
4919
9591
1660
4814
2266
8843
6917
1627
9641
4488
9880
1549
6030
6727
8419
8301
9792
920
2850
6639
9084
4599
3459
70
1819
3669
865
427
5030
1978
1009
8718
6653
1370
564
218
5809
448
7306
2995
3280
5552
1893
8354
626
4732
2193
260
9625
1412
1059
570
2605
8938
8701
1547
7724
8459
2265
155
2494
9649
343
4157
1096
2235
5040
1073
5212
3770
8891
2157
8110
6986
6925
2024
6225
6401
6032
7160
300
686
4522
9469
4570
5811
3162
9783
109
2485
7791
9225
1895
8447
6769
318
1222
5930
1399
8338
6443
9744
1525
8389
7904
6303
5091
4867
9219
2446
7690
2866
115
9277
7062
1763
4460
1136
690
8659
2752
1966
4217
1032
2290
1509
121
2056
652
2544
3737
4094
5265
330
7520
5710
9851
1189
9824
5841
269
136
7381
5990
2488
2360
1340
7663
6026
152
2061
9569
723
526
1628
1809
416
4705
2696
3444
5362
9577
517
494
648
2983
8881
4592
728
8442
9569
8447
3246
9469
9481
6062
5953
2519
7799
1262
1754
9117
2215
9297
2508
9196
2362
7854
2803
453
3717
532
6449
1930
9693
2523
5833
3
1775
1956
7965
558
4375
1782
9049
6992
5294
4596
4167
6979
5722
8436
7340
4256
1312
4901
8946
8115
5889
1061
1956
6671
9335
293
126
1914
3582
5233
26
8130
6537
6704
3046
9150
9313
3306
4549
281
5820
5083
5904
7604
2174
8944
8272
9409
8152
7126
3231
3127
3931
6161
6350
5060
2628
1678
7731
3716
6760
7569
3942
6182
8718
8657
3640
465
8289
5015
5356
2405
3453
1935
5059
6432
1999
9855
3250
2847
3984
3165
9209
1951
1522
3478
8727
8350
3606
91
2950
1692
9873
246
2558
1238
2508
5146
7003
3693
225
2800
8582
5751
8581
1545
7881
7377
1649
6596
2473
7691
4229
9429
311
4184
9773
3408
3333
291
6441
8444
4596
9314
6879
5112
8531
1403
4555
4424
2745
9899
2889
4324
74
8199
4688
2285
2975
8993
5355
1899
7644
7028
1231
4306
2328
9593
4806
1940
385
5660
525
5038
9360
5749
2283
4078
7079
3038
8432
2253
8362
2019
9060
1141
4420
5890
3253
3448
2358
2771
5130
4094
6436
3260
2559
2635
7225
2584
4353
7900
6072
255
3889
5687
3526
2046
3902
1891
3861
6295
1876
2549
9234
3170
358
4875
470
4282
2679
1836
7639
9315
1826
9872
789
4287
8887
5707
5501
7739
1161
2944
6379
900
4252
9890
4026
8365
95
8893
1570
2347
2320
3975
4799
6632
8952
4451
285
4329
7240
5173
14
9398
4078
3226
3090
1794
8873
4027
6596
8749
1287
7091
499
9914
1793
6357
146
562
2535
8260
6106
7866
6889
1644
3442
2034
7552
2687
2955
8008
4726
396
4097
5670
6595
3750
1045
5728
2576
78
6777
6712
6864
2134
6364
1694
8091
5783
766
6376
6205
6000
7633
1601
1339
9883
4842
4709
9418
4175
8015
5553
6032
1955
4087
954
1868
3868
4514
9825
5280
33
193
2896
7806
9288
3403
609
1651
2546
5410
949
6632
953
2291
2272
6653
2234
2090
6334
1119
162
2029
6520
7276
6922
9308
9949
1228
1602
5915
8841
898
2041
588
448
7337
6008
2552
342
673
5771
5960
1299
9891
325
484
5149
7975
5927
636
4286
8066
6436
301
5956
1501
5411
6962
7523
8259
7808
3639
3029
275
7937
5114
2685
1992
9177
718
70
284
2734
2179
4619
8131
5857
1355
3760
140
2932
8281
5056
682
1615
4105
7170
3155
5690
6611
3188
8146
643
2049
4727
9479
4302
515
2034
1619
7446
6307
9996
2541
991
6189
2737
4049
416
4489
5425
9390
1675
710
2542
9943
2680
8984
7257
1904
3539
168
8332
3858
4922
2541
3470
5972
4167
3127
3860
6609
7831
9231
4109
3662
6251
2462
2130
886
6941
4796
8485
7178
9794
5967
5281
2892
6682
6449
9868
6048
5656
200
4513
8911
4468
6954
876
4149
4248
5462
5405
7899
2944
8136
190
5089
8966
595
6676
7961
1199
4865
6777
3600
5846
9976
1981
2654
6265
9518
8617
6347
721
6094
696
5659
4233
4154
1294
8097
3241
4093
1316
9738
2702
7641
5983
9664
6042
829
4895
9605
4559
1550
3456
1206
8666
8251
5995
4604
6911
2707
3671
3252
3864
7889
7725
8709
1999
1748
8393
6066
1822
9007
882
9686
5383
9398
1314
1624
6363
2998
5482
1756
1219
445
4406
2241
5242
4194
5313
2955
4165
3742
1753
8616
2193
740
3845
4271
1146
552
1329
8764
4353
7016
799
5847
9333
5500
1506
5963
9734
2054
9003
5371
8213
1409
2064
7582
73
9088
9806
7998
1939
145
9549
3980
6504
9398
1948
6339
2360
1174
7528
8298
4410
2818
2403
2403
1259
5073
5668
6305
7938
5305
670
7480
8169
1979
4364
563
5815
1041
5042
9510
6975
9880
297
7818
9570
6491
5095
2216
1921
7433
959
3701
4785
1756
7203
1314
7941
3214
1168
440
7507
705
3099
5658
1020
2252
1320
6980
5396
8814
2938
1636
6081
2411
1027
5530
3382
2538
8222
6988
1707
1882
3857
9235
7486
3239
3053
5090
6219
9287
6402
1380
361
5804
9080
8029
7829
8301
7383
8495
9900
6281
5583
6306
1667
1473
7027
9444
3617
4879
3673
7341
9197
4109
2243
7787
967
7321
3509
7843
4066
3099
3550
6301
1459
6029
509
8788
6955
2165
4615
1992
5156
6912
5234
5993
1738
9535
9077
1582
7928
1504
8434
2218
9168
1377
398
4709
138
9175
6769
5935
6758
7018
3053
9305
3917
9167
2224
2680
5126
4627
2280
1286
681
4824
498
9245
1602
2274
7278
896
3185
5524
6896
6636
4762
3511
3626
6749
7417
6331
140
1808
5164
1089
6377
5894
65
886
5408
2231
9134
6262
1723
1590
733
3722
2918
9630
4930
2399
9990
7734
2710
2402
856
1686
6425
3545
5491
3112
608
1438
1104
8449
2991
2390
6009
2323
6980
6447
9709
1568
1370
5324
4255
573
494
5198
8676
2315
8225
8592
1064
4901
6274
9958
3991
3476
8494
482
8874
2699
562
5030
7314
4915
9541
3972
8228
5188
2657
8994
8356
9840
7059
9863
3270
69
2652
3196
1360
4726
823
1034
6440
4898
8393
3895
144
9721
7077
360
9387
277
3516
9993
5530
816
6946
3149
7570
4598
2601
9553
7517
6736
1489
5607
4892
4371
5290
2313
3675
8653
7658
8648
4781
8860
7266
7801
5040
7620
9413
7952
3664
8603
451
8806
2687
3541
4647
446
6830
6534
7711
5978
763
790
8318
846
9032
9168
9527
1202
1257
5374
965
9089
3014
3141
7547
2088
4571
8743
2806
1239
7661
4594
1568
7359
7598
9316
5973
7890
8123
9435
9155
9537
781
1080
1264
7078
6626
9843
1873
1933
4385
7775
4111
1515
146
5498
1394
7819
6507
6911
161
5234
59
2100
749
1134
2008
2151
1556
4536
6291
3136
1791
8321
3190
1700
2413
4535
2398
5943
1880
6165
744
6519
7760
3825
5152
8909
6363
8411
6025
7551
7212
921
3331
1896
6623
3497
4012
9368
2098
7121
9967
5463
2455
1070
5488
1115
1151
7719
3804
2239
1723
8970
4368
2817
8178
2651
792
2219
277
5163
8472
1106
9763
8024
971
8923
1502
7405
7404
1596
2191
2174
8808
109
6141
6119
2578
7275
2463
1571
379
9370
1090
6715
517
6722
7225
8894
9147
9500
1884
6204
5543
4095
4742
529
4737
575
6917
6461
5092
12
8202
2201
3492
5990
8114
9680
1240
9737
4166
3598
1627
3196
8883
1948
8038
3299
6833
3895
9495
1747
1912
5836
4633
3581
3621
8400
2933
8416
3610
3859
151
9107
7623
8443
5724
657
7326
5853
3956
8603
2439
1746
6368
3743
7685
4043
5946
927
7292
1558
436
4125
302
2425
5015
7175
6230
331
2130
932
1541
679
7540
3909
8016
876
8232
2411
1944
5563
2317
8991
765
8230
8915
3493
2064
5783
664
6826
3434
3466
1591
1486
682
2220
602
8563
5231
9291
4388
9074
9885
355
9616
5531
2540
982
4767
9896
3822
385
9795
388
8226
1234
136
798
273
4014
491
3228
3981
5467
843
85
1424
2121
2714
1976
8888
1449
3851
2419
1499
6969
6146
2861
7186
1741
104
2503
2321
1482
2792
1771
6731
7683
3630
4764
838
6234
6663
5680
2193
7676
7096
4162
4586
5850
7313
2191
2763
11
4630
244
3991
1429
4305
865
777
2109
43
1028
7725
3433
2358
3720
1028
1530
2312
362
2148
7820
9525
5802
2458
650
3042
3826
1440
5015
529
4533
784
4153
7388
7044
8648
9763
3143
9527
2208
5305
5880
425
2295
7639
4181
4595
6989
2704
1827
7790
1157
977
6831
2997
6467
4744
2401
4410
2476
6344
374
5929
2475
1786
3810
5950
3211
1410
9116
430
1495
7758
987
3641
1981
3386
8590
6068
9496
4339
9905
5877
4686
8561
6505
9978
1507
755
1620
5411
4630
8919
9498
5560
1898
9563
6609
7022
2929
9875
3321
2945
8728
161
1475
9486
240
2319
6085
357
84
2130
4237
1440
2589
5778
5584
2767
465
6511
9229
487
2350
2469
721
5915
7008
5634
3988
9
3974
2070
7028
9751
1294
4715
4472
9232
1452
1197
1810
5756
7599
6686
1835
9932
2882
2957
4040
699
3530
3047
6487
8523
2712
3554
1508
8328
297
2419
6237
4360
4494
1737
6147
8541
7712
9586
896
8313
9209
4668
20
1102
3711
1176
9676
9261
1086
5545
956
889
4782
5666
1207
4266
5827
6612
3964
1907
2620
5545
842
3682
6327
3267
5700
1380
9332
1680
5457
4621
6320
9730
670
3018
5692
1980
9584
8735
3644
4110
8354
9293
76
8409
9464
3223
2729
3968
7600
3549
429
9374
7377
1275
3287
6167
9176
5351
7571
9408
2826
7449
337
8503
2825
6962
6412
4209
3345
119
8981
8808
127
4117
9158
6815
8351
4002
3669
301
3802
8986
7482
5302
905
9078
1170
6772
879
8081
9445
2677
2523
8544
4208
8226
8491
6178
3277
7247
9306
9346
1968
3209
2052
7939
6312
9635
5990
5961
8110
2648
6896
7261
5893
7931
281
9776
3928
4830
6346
3271
4801
136
4034
1053
1149
8495
6015
7216
351
6446
6828
2034
9461
474
5601
8351
1419
2648
1525
1566
4729
3160
315
2436
7851
3365
2619
1927
8551
2443
7459
7937
6321
9169
6161
584
8065
6786
9449
2705
3472
8661
775
736
1996
6121
1360
728
5491
7609
7889
4034
1423
1877
433
4647
1136
9212
6055
9312
4655
1306
3506
6871
2282
3131
437
6904
8311
168
1956
7525
6839
9485
2560
2166
2094
3546
7323
4815
1307
5006
742
5216
9772
3955
2732
7340
6368
9048
9751
4342
2132
3759
1184
943
8267
2412
2184
9477
9986
1889
1339
923
248
3247
4620
2732
1488
4035
6121
2606
5545
9596
5068
6655
3333
4142
2867
4508
6992
720
9420
4655
4559
7264
1829
8806
3747
6137
6042
9161
9345
3726
1104
4403
802
8545
4889
5769
5598
8462
560
2174
9416
2108
4105
6823
7648
5069
8370
6218
9292
8046
742
2051
4727
1636
1420
5185
2736
3873
3850
2041
2917
3634
3868
8304
3961
7181
7850
1540
4587
2819
5322
4899
5259
2008
2117
1120
9176
4489
9706
4792
7910
6344
1480
5258
1878
6283
1635
5353
7606
7749
6766
8365
8154
1926
4124
748
785
7990
9015
4475
9542
985
2494
7182
2717
263
1625
4642
6357
5271
6455
6917
4793
2436
4891
9932
7236
4022
2207
657
8035
336
6972
2542
1719
1266
2065
5933
6875
250
6620
4222
6289
9192
8806
9788
7033
9346
1708
3879
9612
2641
5602
4300
7486
3586
2490
8658
5705
29
6863
4699
7590
1240
2143
5911
2259
2205
4233
5838
1717
272
990
1831
7111
6026
8393
2973
9043
7696
6935
547
280
9710
4304
1957
6365
2385
2346
3713
9705
1834
5675
5446
1615
7739
9276
2269
2104
7648
105
8518
9344
3102
7941
2513
735
7960
2796
8598
9653
8022
2900
4995
4449
9176
8829
5452
7405
6335
3553
8775
7041
2085
3360
3119
6579
2441
5327
2342
5566
5617
1036
2570
2142
2523
4311
6705
639
9349
5436
3538
5367
6241
4516
28
4654
1622
8381
9185
9413
2735
7933
2742
5798
5786
4804
6781
1784
5632
2105
5488
3403
9259
1314
9909
5339
8291
5202
3475
8452
1373
9902
6274
8285
5301
3895
8148
2644
5520
4040
2577
4028
9329
9392
5913
4977
1353
2300
6037
3836
1861
5853
9053
5593
4069
8813
2989
9754
4429
2266
7114
3314
5863
1658
7540
7811
1357
8000
487
3858
8925
1530
8357
2960
3653
4564
8278
5563
4029
7253
1040
465
4419
423
1781
1327
3432
7103
4813
745
6461
5415
3313
816
9768
6345
4144
1711
4831
3752
3403
8475
7780
9510
2565
9042
9219
3875
3992
4988
4176
1238
2491
2239
860
6872
9349
9011
5850
1635
4460
330
3119
5585
7456
233
6862
1474
8970
7822
2118
4634
7415
3127
7617
217
82
9647
2744
8773
6903
2665
40
6004
7163
4260
9184
8337
4355
736
2179
8030
4318
2297
7402
1970
1854
2823
4334
4733
9917
2336
3878
5146
7207
895
4619
4361
2511
3276
7981
1727
550
1693
2223
2407
5140
8288
7183
7921
1860
575
8396
1019
1793
8800
1046
320
8513
1820
1727
2917
960
1521
6745
814
9920
4078
85
4522
1354
5732
176
6236
2639
7151
6445
8715
4289
5091
3094
8044
8323
1813
2832
1037
3129
7586
7289
4643
8070
1381
3704
8526
9389
1707
8854
2661
9623
6951
2144
2396
4835
3946
5029
6817
2273
566
3544
596
5788
2095
2187
2151
7130
6954
7232
2098
2355
6474
2575
7204
9152
407
4516
3168
3032
355
4311
8261
1784
7476
5098
8143
5547
9387
5263
9015
9307
2684
2246
1131
4123
4029
2938
6418
6891
2183
7401
1154
2335
8877
382
4058
9020
4250
9066
3095
269
2227
4258
3445
1567
5595
4548
5505
1101
1883
2340
6631
9465
698
8101
5273
4329
8455
854
6335
2082
2904
9793
5327
954
10000
