695 85
20173
6868
9673
1832
121
9981
5930
8767
7914
7911
3520
2119
390
8299
5226
5590
9208
8940
645
1638
266
9544
2899
6294
3152
258
4800
901
3802
7789
777
2177
3796
7356
4020
9311
2677
7271
6214
2060
4809
2257
7850
3071
9706
9511
2419
1287
9705
1948
4194
811
1551
916
1830
556
4707
6218
8562
5212
1493
1923
5695
3114
2695
7682
4635
5118
977
8963
7337
9662
5963
6106
5114
7059
4396
9028
4402
5852
2828
7690
479
1084
1594
893
9670
9864
5169
9926
4620
7712
1489
5111
3839
9791
6641
8429
5191
5361
3830
2353
1120
4938
1165
2757
7434
379
9293
2663
217
1408
2102
3777
1028
4370
5618
9233
1518
3284
1696
856
3801
5824
3126
9242
1147
1941
7382
8067
9534
4990
2873
714
1471
3719
4947
6804
7103
2639
1002
7736
1637
2537
268
1239
6475
359
1677
7190
1791
5111
666
5310
1570
1339
1337
8764
3520
8996
5886
4652
621
6735
9816
6057
5025
466
2763
1781
5525
1226
4492
4767
1456
7984
8225
694
394
7586
663
290
4873
1032
7669
236
3565
2773
3890
8572
3413
1779
6803
4128
9878
9400
4727
9126
2204
2097
340
817
9807
5135
326
5784
4553
6187
9905
644
999
9597
9062
31
4464
3670
1978
2176
66
8537
8617
587
1539
812
9531
4792
2306
9571
511
2167
4457
5226
6033
3864
3400
5608
6374
9844
243
9748
7402
1946
5616
8781
3426
6647
2523
862
7618
1079
5992
1002
6186
9944
5167
3544
4384
59
319
7145
137
8933
4256
627
1233
7052
9929
2733
8864
3680
5451
8196
2022
575
7272
5308
8674
1871
9271
9087
2292
8198
906
2440
5625
6038
7058
7115
9192
8469
2031
5331
4940
9144
7862
477
1020
6101
421
1609
6862
1061
1540
3520
2581
394
870
5425
7024
1709
1478
4510
5688
957
1776
1840
8798
4241
996
64
2699
3673
1899
646
6318
4024
4263
4937
1393
1850
7788
8945
2261
21
7484
1871
3288
2087
426
5922
9059
9840
1412
230
3941
9140
2976
2566
4867
4190
1792
3392
2869
4449
4554
155
8507
3534
1769
5567
5861
260
2338
9226
9792
3505
6691
799
5859
6990
1185
1372
5428
2504
7893
9036
9639
2117
3523
231
4127
1493
810
5023
9643
1926
6504
4233
1336
1903
4182
856
7147
6881
7322
4721
7014
2550
7420
5842
8461
1556
9213
5188
5144
6388
2470
5117
112
7147
9840
9288
6937
3264
2140
7047
2178
5118
7192
1036
4705
6565
9094
8989
6131
3439
9571
6541
7087
341
657
1171
5711
7360
3504
8563
4523
2440
8778
647
3613
9369
223
1971
3724
5349
9196
8482
553
8160
2407
7562
9641
6457
7884
2308
3967
2959
8851
3574
3238
2627
3943
3416
4207
8330
468
8766
5476
3116
7647
909
3138
3512
5911
2121
6043
2333
5350
804
5121
2008
3641
1349
1706
4783
4661
2854
5496
4642
2336
787
9820
8360
7547
605
1467
750
1150
848
8280
4074
4759
9170
5371
2194
4483
300
2753
3071
6062
4124
1622
3802
1497
4960
7594
5189
88
6830
9241
7282
9078
3690
2960
7996
1058
5989
5284
8788
8474
3171
7746
8007
8525
94
6207
382
6459
1439
5545
9622
2285
6539
3311
4739
9515
2556
8533
1119
8619
129
8472
9259
5530
5577
2677
3493
9558
1451
1605
1728
2769
170
9817
813
8377
809
6289
931
6998
1015
4471
8310
5997
4778
7126
2195
4814
8849
4115
1987
7433
8342
5675
5134
8322
1345
9060
2782
4683
1335
8361
6746
7303
4065
498
9896
7538
2601
4416
9050
8665
9523
9654
4200
196
8033
4749
4842
5745
3561
2295
416
264
8455
4255
3528
426
8143
9496
5294
798
9678
2691
5071
4451
3147
8635
6920
7491
921
4130
5065
5902
9061
6809
1093
1673
4126
6021
4767
4244
8028
5567
1590
1873
9913
5126
3713
520
1960
2504
1964
1587
6382
957
4113
1234
726
5898
9528
6271
915
8188
1659
559
6744
1724
1527
2713
1631
1052
1938
7944
1357
7548
8371
5277
794
125
7312
6390
6568
2199
9698
6229
2105
3201
8109
4842
1717
2323
1331
4642
7420
3034
9401
1892
5764
5784
2305
2151
2230
8115
7623
826
445
6397
7885
7281
9933
3068
1070
5994
4577
4469
9668
7690
8905
6978
1942
7107
6052
5252
5740
2688
9436
9857
3975
6561
9856
5970
3441
7084
8355
219
2029
7044
1024
1400
8765
2950
2026
9750
9616
1932
849
9094
6254
9960
2998
5230
7323
7267
6972
384
3840
3221
5657
3528
6189
339
6068
9330
1976
2867
5539
6833
4956
919
2138
4674
8376
1140
4234
6885
7166
1445
1852
5921
8106
2524
298
3943
2140
6436
6557
3490
3750
5608
8943
5373
3673
4702
1994
8512
5398
4174
7309
3868
5794
8656
7849
8406
2823
8965
7878
3172
3061
9182
1834
7632
5370
1421
6412
4491
8342
5900
9143
3171
2324
7473
1842
4224
236
7469
1301
3464
988
8410
1351
1983
4579
1092
1055
376
6948
4559
1208
6522
7287
4429
5591
2504
4170
6479
1106
5757
5761
8823
5137
9157
7921
230
1071
7071
9281
9397
5441
795
9237
3998
2280
9996
3705
6478
2440
8440
9860
9851
7698
4061
6657
6649
3991
8885
2127
252
3844
312
2115
8538
3789
185
2104
3554
3036
2882
3793
3120
6408
3355
9372
5922
6112
6993
3449
467
3232
1572
1107
2258
6689
6600
8631
4412
8452
716
5602
1853
8251
2706
7477
254
3836
4415
3471
8140
1072
5372
178
1444
7804
3414
7650
7421
9612
220
3677
3356
6262
525
40
1286
2745
2460
260
6463
932
7541
9694
5886
4881
1173
4272
2120
8383
4544
3825
8474
8209
6410
7195
6285
2715
7785
773
2757
2651
4433
2142
83
9382
2709
1976
873
1830
5355
9246
8950
9474
6203
1000
9037
3981
5929
5576
8628
5552
3338
2000
4535
6109
5376
424
2495
8600
8874
5240
4455
7558
5306
1713
225
8219
7305
971
2569
9601
9272
113
7136
9891
1907
4858
5194
2727
6403
1290
4442
6775
7456
7276
2858
4422
2568
1631
4039
5167
1921
5225
8826
9121
7730
4852
9064
2775
7386
9822
5125
4171
1880
3566
1980
1314
2695
8106
7563
7987
5711
4730
4399
6797
855
8726
999
4197
267
2165
582
965
2236
4699
3203
3522
1340
197
5460
2537
7800
2821
6611
2289
69
4369
3559
1713
9437
3554
373
5262
1714
6035
2445
907
7568
5867
2011
3412
9970
2969
8137
2325
9019
3607
5947
1113
9457
4920
8448
1362
50
5767
3355
396
4413
5171
6588
8544
5838
8281
3349
5278
5957
3229
2699
469
9982
5248
2734
6972
9618
1163
2886
1652
6007
630
3677
229
1850
7897
7229
2592
4651
429
5474
4628
2991
3740
8717
866
8435
8099
2768
2924
9201
2220
3923
7396
6087
9389
1031
9475
9139
5163
8421
1899
9773
3187
9563
5076
272
6539
2887
3943
1535
7316
8580
810
4809
5728
9475
8290
9364
2031
3166
16
1422
8508
9516
8613
1174
9548
8556
2448
2142
2329
205
3798
5250
2962
9508
2317
2925
7197
1143
5377
6883
1198
2072
640
848
3614
266
966
3591
8898
105
8065
4576
2709
3052
5418
8898
1250
2456
1582
1453
1315
1114
2451
203
377
8729
5544
9988
284
656
5701
6291
8355
9140
6568
8543
6053
5432
2358
1682
720
167
2743
1540
6092
9981
1359
2978
3226
3666
5025
4644
4191
1425
9685
9704
9062
7943
5276
8093
6864
3666
4265
7134
2736
5700
9674
4539
2997
1188
9242
8741
8266
3727
9418
9935
6748
391
1590
2734
1241
6913
2324
7440
5380
6060
8927
2712
2441
8886
1727
7557
350
878
8202
7913
3623
9756
736
7468
577
3925
8936
3761
6562
6652
7618
1067
652
7313
752
7555
1501
2413
2718
3076
4425
7344
4153
2727
1620
7084
6509
3440
2047
2113
3484
4429
7973
2037
7458
6877
1748
9143
6543
5807
9375
8597
6568
989
1668
2883
7854
5189
7
6940
2378
1239
458
2246
2651
8848
263
9089
925
21
78
7358
3865
850
9774
7064
4472
7060
116
5276
1533
4009
9209
242
2418
3908
6009
6647
6924
6217
5971
9996
7163
2536
6029
2377
2252
5766
2478
9710
8741
2497
5985
5713
6409
1409
6222
379
6104
1525
8875
9875
100
3096
4540
6058
8249
7069
9481
8320
5297
1289
103
400
7099
5083
506
9517
1334
1011
3873
7544
2349
809
3661
1981
1491
5936
1544
5786
843
1939
9103
656
5572
6159
8112
6005
1302
346
1302
3967
9153
3889
4619
2468
9139
3446
6678
4557
4352
2178
4325
6685
3844
4115
6591
4546
32
4331
3177
875
4106
3003
4234
5513
763
826
4168
3835
1281
3887
7518
8115
4154
5861
7704
7067
7164
5879
1388
4094
3539
7989
9683
542
534
5257
8910
258
9029
7620
2822
7028
1004
342
8351
5917
93
5856
160
4325
2049
1523
4821
1641
335
9119
6280
560
7515
8141
2135
1065
7206
1703
1766
5258
5604
6293
9869
2312
492
1366
918
8352
3577
3267
9598
1805
5763
7305
574
3274
4400
6303
5026
8357
2748
8406
4303
3097
7929
1385
1531
1350
1444
2179
2193
3525
4691
1260
5547
9607
2513
9498
3877
8275
8025
8598
9530
4993
519
6832
3099
4740
8819
489
6769
8420
9753
4067
1700
3090
5838
9806
7313
9936
3949
9404
257
6296
363
647
5437
4621
9254
6008
2375
2956
244
4072
2059
6409
5949
4454
9694
9336
9955
29
2101
7691
5785
2041
1606
2736
2835
5747
9567
1980
1905
7900
5052
8312
2118
4157
1385
5536
2659
3254
3064
633
3060
4942
6218
5442
8655
7496
5522
401
2150
2852
2667
3906
3064
2809
6952
2493
2975
3539
736
51
1336
7787
8874
9810
9144
5179
7593
2406
2455
3661
6861
9515
6222
4611
3391
5070
8552
6110
5548
3363
1148
1630
5227
9443
7118
739
3874
9374
4473
3958
6682
1356
4340
4784
8289
7579
2028
4609
3382
2698
2737
2486
654
1590
6412
3996
2849
3965
1628
8816
7939
845
676
4429
7190
4085
4020
272
15
5883
2474
9764
7320
7743
8032
4678
5834
6667
1051
4268
5957
8515
7088
3349
71
5411
7239
2167
6216
9918
4420
6962
9602
319
3097
9585
27
7788
8687
384
4516
2785
6286
162
5981
8467
2837
1617
2786
3147
8954
5188
2113
9368
7931
4409
7770
5016
2002
8470
7472
883
4009
9202
8945
1988
467
6358
8625
6854
1047
9474
5256
2929
438
3578
2823
4659
5259
7055
7450
4116
7108
384
6531
9409
998
4949
4084
5471
8170
3168
4010
9463
785
5315
5878
4312
1770
5986
219
520
7109
7712
6086
6362
862
2119
1417
7624
9579
3567
1340
457
2107
9320
1772
196
2570
7089
1912
2866
133
2981
7285
132
8455
2385
9049
5070
153
8925
1643
2668
658
868
7891
5215
414
5404
4923
6069
8919
8274
4707
8551
9184
674
7229
5169
9473
247
4594
9845
1981
2133
2162
3070
1262
5858
3075
302
3988
6548
5902
4583
1560
310
1994
7114
1645
3971
8858
581
8655
9417
2067
8565
8788
9578
2936
695
9076
7740
9736
1777
4727
5771
337
7564
4005
4011
6845
1540
3042
504
64
9427
5752
3002
6755
706
1269
339
9384
1917
5765
2545
6678
1691
5536
373
1288
2259
7591
1885
914
591
3549
8256
4150
4780
7552
2426
7981
9635
1248
3364
6319
7769
1424
446
9267
8431
8460
3478
2256
9948
2245
1568
7764
145
8207
6621
2562
5516
6247
4429
3213
9236
6084
3165
1062
1585
3318
7812
2843
8167
7762
4146
266
348
2841
8038
2596
984
6551
1571
1114
7474
8933
462
6056
9933
5272
1096
6624
760
5111
8887
5977
3390
1367
6054
8126
3956
6032
6944
6530
7271
3137
9382
4334
7019
3110
8475
1312
88
278
2018
1951
9180
1678
1569
6548
9786
4898
259
1226
5697
9268
7137
8997
817
8127
6165
275
5280
8200
2197
8404
5339
4856
3755
8832
7802
353
7286
1484
8487
5127
1433
5880
7153
7940
1766
208
7758
9412
845
6474
9902
2641
1126
1858
4773
2018
1955
330
6346
1170
482
8274
4553
2859
6698
3661
127
6002
8365
7921
9949
9690
117
1896
8122
4661
9059
1212
160
8072
2213
3122
361
9704
1164
4590
9539
1157
3863
5172
5352
1306
8135
8506
5356
1249
6853
4902
537
4801
5673
4166
2030
5015
348
1353
8988
3157
4284
9063
1563
9829
1234
8752
6998
2705
392
4254
417
9527
8774
7860
9607
3814
494
9147
9210
8294
3787
9930
1272
2040
6002
5267
549
4608
6388
7958
8528
9758
8349
5407
325
5030
3994
8827
3314
9975
9256
1116
3738
6332
7262
1040
9356
1678
1268
4508
1370
1952
4576
9533
921
6318
1744
2242
2346
3376
3414
3300
159
4104
7756
4457
3066
2012
263
6695
8513
383
6561
2477
9620
7709
4643
5247
6720
1196
2521
3171
2584
9880
9982
6854
1011
2311
5358
376
5284
3153
1354
4091
7473
9148
9077
3631
5722
4981
4559
5297
912
1645
6713
8844
906
6719
2687
7840
3993
1974
860
9686
152
1126
9978
7393
4941
9713
7663
929
8252
5464
6583
6630
8701
1150
10
4614
1428
600
2315
5454
4528
960
1419
2224
5293
588
2376
9589
5344
6930
4017
1811
9637
9968
991
4532
6286
1522
2314
6659
1160
8766
1924
632
3948
9686
2792
2297
5406
2461
950
344
9725
7135
751
6129
4910
6238
8378
856
9585
6763
9792
9869
7621
9313
1430
6774
7729
2350
7504
1827
4947
5676
6657
2636
6262
6579
786
8607
1132
1083
2623
1030
4271
9519
7610
2807
6734
4749
2871
9890
8462
5482
6052
1855
1712
7292
8915
4975
2125
6290
8080
3903
1570
8508
7565
4300
559
788
1896
1436
7582
6681
2123
3692
6109
8009
2201
3242
473
2427
8955
7289
2833
3172
1793
2801
3309
670
1985
5111
2503
6277
3429
153
1250
9265
2354
7934
6406
760
7914
4656
3045
864
40
1338
5058
5814
1389
2686
2386
1448
8942
1539
964
464
3314
6472
6537
1437
6696
5515
8237
5791
1301
5520
3523
4115
7947
8199
767
6547
5173
9166
1307
4939
7886
387
1105
6687
8280
4068
1464
1972
7126
7951
1293
5772
2510
2607
7606
212
2782
7930
1634
1623
6749
7509
7892
3391
3243
9347
8019
449
1131
9072
7179
2667
858
2380
6117
456
5399
5645
6016
32
4251
5248
1365
3581
4110
7978
5454
8373
1961
5397
9648
3876
3186
1300
411
2648
830
3515
7177
9141
7789
5515
9257
6447
8900
2917
9366
7499
9816
6113
2608
2412
7512
4510
1667
4456
8440
7032
45
7629
4106
9901
3871
3198
9627
1873
8161
3309
2510
3490
1899
1545
1033
2840
4399
1131
8402
3776
4764
5969
1427
2909
6067
8999
6083
1935
1793
3974
5893
6779
661
448
2128
7484
3301
8018
2383
7416
2008
7551
4830
8883
6014
2661
8529
6897
3251
5740
4972
6328
6399
98
8495
498
7772
7667
5587
547
4275
1027
2462
7435
9312
7931
9861
2076
1581
8369
605
4849
2786
6182
2490
4422
5227
801
1829
2270
1954
1747
3433
7059
228
194
9349
3790
1833
7691
864
2312
757
581
9735
7955
9032
869
7586
2727
9757
9303
7334
8130
8941
4176
468
2725
2649
2054
9794
7813
5966
2028
5058
7578
9623
8817
7915
4727
1679
803
3206
494
3055
911
3839
8796
6644
2513
4802
6367
750
9180
144
1653
3351
4494
1898
1524
3270
8589
6877
5583
6240
9151
335
1847
2590
127
952
1220
3466
7370
5880
9004
388
2545
4793
1912
2761
7515
5752
9518
423
9672
6686
9614
982
8732
1890
909
7779
3116
367
4673
1988
2611
8967
7244
1781
6073
5289
2687
5435
213
8608
9637
1091
7616
2685
5238
724
7449
8364
6588
6512
5762
1258
3884
2291
5411
4774
6089
445
4426
3151
4618
8976
1598
4341
2438
5548
1907
6115
7278
5790
4617
7558
3779
6432
1566
7669
968
3194
823
4252
1573
1392
2978
7176
8897
8762
5513
4090
155
4007
6321
5417
1981
1227
3936
7357
9519
3059
667
8686
1882
9291
1730
882
7936
2321
2093
8263
4507
8325
8602
2538
1883
2085
159
8876
9526
8426
6947
9834
3026
313
1447
1245
2065
6556
8198
7069
5688
1948
6995
3857
4891
8954
691
3181
6497
3781
8497
286
8291
8058
5911
6033
1754
8545
6692
6394
4914
4815
6257
1211
8034
3090
231
3726
8912
8270
8830
38
7743
8962
548
5317
6199
1586
9274
8269
3443
4300
7856
687
7963
2595
2043
6758
3306
2603
2505
7069
176
2483
738
6647
8100
8998
6409
5371
2530
3464
9970
9282
3127
8254
1531
9587
8905
5019
4940
6413
3401
948
3329
6481
668
8694
5982
3189
3777
7969
9136
3839
1929
9772
789
3777
1265
2104
9792
462
9966
3025
5446
8732
6110
1380
1752
6017
376
2575
7617
9859
3354
6496
3089
1985
584
5838
3639
5779
5528
1286
4841
8003
8290
3282
4799
3928
3456
2824
5208
1649
8704
6097
8785
7067
4376
1780
2508
9561
9484
6898
5858
7302
9878
61
4150
5411
9565
65
3386
1433
3270
3842
5015
2632
6115
640
2552
402
2951
7274
6328
1644
6027
81
2142
4948
5197
8587
9464
7999
8303
3361
3445
6654
2956
6463
4069
2271
6496
8440
9461
3506
9603
6033
65
221
8231
3259
3529
8484
3152
680
1834
1526
2425
8937
135
3954
966
4521
535
9185
8707
3888
5556
2276
2169
9632
954
912
9002
6282
4092
96
6713
1193
948
9510
4497
3576
1370
1612
9812
1206
2020
2439
2654
2112
7072
7645
1961
5236
5247
6566
245
8667
7063
7746
2211
903
8984
8043
3442
9937
903
224
7438
62
4692
8654
7980
9525
4944
6265
6569
6128
2189
8360
1914
2849
8659
8795
5283
3792
5371
1952
2267
1668
9764
5855
134
1787
4591
7674
4915
9538
450
7655
4204
2493
8876
4823
3249
2825
8982
1547
2182
125
3725
1629
5202
8175
3061
6629
4214
2363
4286
4460
4562
2361
2388
1373
6403
137
1342
2180
18
3479
5744
9838
7322
5743
1618
1843
6374
1751
677
6839
4999
8053
3025
1890
3482
612
2609
2352
6094
3293
7623
6035
9481
6768
593
7230
5544
2275
2291
6767
6855
3943
8431
3438
2222
6
9885
8076
2163
4543
9681
5205
4018
6638
858
1618
6463
6473
3794
8091
8914
9096
2617
6986
4287
1933
6963
6627
2730
868
9333
6710
9498
8605
8142
9867
6691
1825
2887
7482
1395
1522
1510
8924
589
17
7479
7181
5350
327
1096
714
3018
8634
4285
7690
6041
7632
3774
920
5492
5990
2140
114
757
4459
382
5924
3632
675
8681
9621
1882
5740
9675
9492
8421
6968
4746
6719
86
3300
2099
6309
3872
6469
954
1356
7776
5722
7469
1744
2007
650
9230
8982
7712
1229
5875
1451
1070
7911
8631
1352
1877
6801
9078
2087
1867
3673
2301
3971
9355
2008
5139
7411
4823
3512
8733
9558
1261
790
4182
6120
1750
1441
4133
1552
6175
2429
9510
4443
4913
5058
1882
3429
2197
9806
4318
6638
2109
3723
3097
3803
3337
6860
1656
3004
1576
6374
2568
1169
2534
1214
4210
8582
5902
3421
6457
8258
5168
5360
5867
7641
7895
5516
8128
1144
8569
6407
1394
9517
978
9819
3395
5620
954
9285
3845
1292
9424
8011
7956
662
3603
1922
7547
7347
6942
759
9119
5770
3510
2816
927
7472
6163
7331
8664
8151
9282
3751
4290
3551
5422
362
7240
7186
9863
6209
2531
2454
4308
7081
8172
872
5213
5045
1108
2612
7995
2266
2817
7419
3227
6913
3130
9576
5455
1478
7040
5405
303
5540
2859
3546
1980
103
4748
6336
9223
3875
999
358
7292
1356
2566
6409
9614
7560
5980
1028
4543
9689
1563
1072
7847
2492
7841
1575
9393
8053
2879
4991
162
967
2178
7993
5077
9493
6587
6503
6929
4022
1169
3614
1790
3246
3801
8535
552
9173
2936
8458
2717
3886
8207
2961
9633
5422
4589
4777
8422
7314
1882
9061
5064
5783
1488
7362
1490
8091
9497
6714
2380
2176
181
8991
9107
8101
2320
290
4988
6144
5212
7214
2707
3124
7847
2148
2353
889
2598
5231
9170
1400
1999
9834
8248
1228
6957
1339
1411
102
7997
3303
8183
4887
4870
3528
7365
3141
4641
1369
9674
7466
1909
1590
5355
5838
4427
529
5746
4043
8021
9912
5085
2624
5551
656
1686
5101
8917
6062
3565
2667
9922
3729
6737
4199
7939
2424
5341
236
7828
477
1804
4208
7354
9567
2147
9577
9670
68
3817
2116
1171
534
7504
7934
7110
9415
3328
7927
2921
4116
8381
2035
3649
2753
3654
8713
79
8385
9695
1421
9492
208
5610
7412
34
1101
8635
4823
4137
3856
9310
2308
7586
2502
115
6160
7325
2355
8152
9549
5924
68
350
1864
3631
7973
3279
8047
616
2274
6674
7845
6082
3228
5759
7431
899
5369
8251
1174
645
2287
938
1135
8673
432
4493
9064
153
1323
1577
5306
1806
4936
1849
8750
2104
8109
4226
7321
4098
5229
4885
827
6301
2267
6719
115
9529
7995
5077
8398
6378
1351
8920
607
1060
3687
4567
288
2866
8233
6060
7090
1379
1716
374
5629
142
9187
1080
967
9235
9307
3579
1860
456
1184
3399
2341
5197
1051
23
3665
770
7109
7738
2053
5543
2549
9384
8115
7747
7827
22
2287
7910
7090
5774
8382
3838
64
2693
8916
8901
3016
7130
1545
1105
8377
504
300
2399
8595
4645
6027
6571
3982
7849
4004
2604
3752
346
8231
5923
450
628
9308
8829
6955
5784
1994
5357
5198
8362
9355
2899
2373
6735
657
5179
603
3185
149
1503
3895
89
1940
5365
6459
5681
7069
4131
4303
9508
6497
1831
9278
2071
350
2967
9190
491
1626
4647
1875
4410
7026
6257
1552
4241
1846
1854
221
3619
1835
5333
3906
2623
5268
3756
7393
1929
121
9996
9367
5743
7885
4923
7554
6222
8639
7142
8121
7870
9845
3261
2982
1432
7694
2632
9472
6614
5170
9154
9656
4430
1856
6403
329
1926
4513
4424
6938
8790
290
5938
3319
1345
7536
3493
9649
7515
5653
4039
1760
2719
1091
2240
1472
4935
2619
8143
1500
5941
8092
7348
4163
801
2207
1395
5785
8975
2822
592
845
1668
1259
157
2521
8194
2470
6380
7235
8059
9429
4334
5633
6016
2744
6993
5897
5750
9615
305
2220
1131
5480
1078
1835
2830
8670
1153
7637
921
747
8797
7703
2999
9443
5017
2544
3289
2642
204
4821
9762
7968
98
6181
5561
8529
7945
7641
5152
1988
1858
5432
40
6846
2769
1887
3173
2521
1744
9703
1747
6246
6119
1691
1191
7807
8103
2649
5987
7120
426
5275
4973
4115
7569
4591
4277
2343
8834
918
8682
2365
1409
1382
9054
814
2623
5311
7697
4357
5103
2247
3316
1917
5715
2591
625
341
2868
4073
6290
2375
3052
1533
5839
686
8205
2974
2970
8254
3941
15
5089
3337
1084
9538
733
4471
4155
4225
1004
265
3917
4752
2611
5004
8523
4721
2712
2062
755
4507
1029
5054
1869
9366
7712
4281
2097
8183
2035
9440
6391
3109
154
6813
582
5811
0
1254
2485
3578
4727
7361
6745
8678
1735
153
6026
3526
4838
3477
1840
3619
3211
3677
6742
138
4684
8054
4565
755
5284
2017
1555
2912
2866
2959
5885
860
1361
4768
2219
1155
8180
6544
7364
1935
7910
6654
1314
7285
357
4414
5893
4763
7140
1406
842
8052
5111
7890
2319
5976
584
8449
9181
7739
2008
2968
6079
6268
2739
3263
6804
4807
3234
4212
8191
6122
5183
1201
9728
4343
2424
193
2375
510
532
1576
5127
137
558
3462
1769
48
1986
6898
8497
5968
4042
9057
2707
5592
8882
9628
232
7981
2205
6079
6859
343
6546
7897
2682
1409
4634
7162
4911
8175
3461
2161
3860
3496
2387
996
6250
6688
4834
7405
340
9872
2462
4464
7007
1607
2419
6922
2572
2489
8912
3354
5170
1862
6285
9955
2138
9732
2083
5453
9586
5991
1117
5779
147
9121
2400
9449
6025
4997
650
1885
3328
729
6735
689
4378
774
1105
7320
8908
4681
1437
5505
9087
8216
9336
6289
8900
4446
1373
3459
1115
1409
3811
2451
9347
9775
3905
4330
8288
7121
7784
7958
9388
6481
7828
3018
4386
9828
5044
5930
3164
2032
1074
8554
9795
2329
8517
4925
6020
7996
603
598
9442
6625
4209
4079
5656
6588
4472
6642
4393
3359
7995
2350
993
9601
975
529
1816
8128
2226
9737
4281
9323
6146
9546
4350
4641
3475
1296
5391
5656
1083
75
5901
4753
96
5498
1053
6284
4882
3944
920
5993
9872
3670
6693
926
9090
7792
90
2545
2997
3132
2807
2458
8182
8255
7795
2039
7268
5476
9455
3826
3918
591
1527
890
7143
654
6358
5658
181
2051
5845
3750
7121
6224
2819
1364
7646
400
5085
9167
5586
7914
4302
9120
216
6540
6570
624
9780
7709
1196
683
7891
163
7046
6581
607
3667
4641
7099
6919
7804
4074
107
4098
6194
1775
182
5323
502
9609
525
7811
7757
7641
3643
9548
1752
4046
186
8778
2883
9676
8294
1579
9541
7344
5351
6398
3297
3342
3067
4849
1831
205
9460
1984
1640
3750
1188
9541
8505
631
5609
5377
3742
5006
4904
1153
9505
3285
2492
9917
7761
1736
6026
4008
3259
1473
9943
2778
5711
9389
4383
5231
7493
3002
8181
5373
3560
5005
2078
1982
310
4816
2619
9106
4356
1892
7375
5336
1960
1513
1288
8437
6511
7532
6085
6758
2408
944
1250
7602
1716
1312
9170
6354
228
3683
1863
8451
4826
5113
7855
7543
8373
8519
1735
2175
5492
1576
1126
2843
6780
1180
1245
4701
6240
3288
1799
6326
5278
4196
3212
2135
3996
8193
6680
4185
5446
2102
9783
4990
2951
8665
9117
8144
6170
9495
9591
5648
2157
6173
6295
3156
5411
7839
1775
9721
7636
252
1037
9005
7772
3829
682
7236
938
6889
3467
4488
633
3337
5959
4945
5622
9089
3767
1683
8206
2427
6501
174
5055
5580
1382
25
3089
7794
8742
1331
9851
1273
7265
9823
2992
2138
2205
6114
7274
7569
1683
8999
6011
9392
863
5093
2400
360
6363
2028
7241
9989
291
9823
4006
3003
9426
3173
3311
5985
1693
5254
8385
1453
2309
7019
6124
5582
3831
2632
7906
9245
3548
5424
5586
904
8653
98
253
9768
473
2843
9827
5189
6947
5481
6232
2198
7357
3823
5066
7046
7689
5092
8912
7497
5302
3095
2318
312
5296
3004
2381
3177
5173
8505
1624
3737
992
4212
791
2376
792
5473
772
4554
2722
3161
3601
228
6643
7465
9428
8066
4707
4041
4506
8365
3736
4823
6044
2173
5554
5801
413
2233
1679
6188
2946
680
7705
5101
8561
2094
7611
1054
5911
482
2030
6758
5384
234
2646
7269
7433
2005
2707
5945
125
1852
2408
9416
7263
8409
6
4712
832
4297
2077
687
3867
1451
3356
7257
4454
7847
8526
1171
4865
7828
1263
5284
1023
371
9736
8963
9439
9810
863
1472
893
6306
7
1116
2491
5954
1565
4075
5402
3326
8213
2953
5255
4403
1728
3055
2299
4632
9494
7200
5515
8374
6029
7346
6311
2106
1701
1484
1294
3827
2036
9177
3812
6144
4229
7380
6506
1438
5769
5056
4998
1061
6469
9911
706
8638
3053
9992
5038
760
3775
961
9532
8066
1149
4959
2737
8512
1343
2508
5405
6094
1063
8259
3291
8038
9428
2687
2341
2890
1194
6701
666
845
7122
2747
373
9131
4014
679
8546
2323
2993
1307
6844
2543
5133
4203
904
2145
5352
1210
6904
5579
2000
4748
1145
3029
4496
4731
6820
796
7341
5943
8096
5512
7748
1391
8195
6078
506
89
576
4253
4368
3064
8404
4374
3997
4570
1587
7171
7724
8268
7477
2647
8118
2554
6595
4410
9452
5469
5025
2570
2919
6540
381
2262
4289
1742
3605
1072
3174
8311
6289
9262
5188
9792
6188
5820
1915
5142
7436
2768
815
3096
9836
5652
3604
7945
7974
1548
8854
5596
1357
9791
5859
5662
8025
547
9989
1201
7063
5404
813
551
5485
608
2809
6554
5964
7775
571
2884
1272
4194
4285
1083
7714
1581
2926
7835
6550
9889
8386
1778
7416
3726
6068
7308
7873
8663
3686
4200
48
53
9734
9905
5372
4862
2950
7152
1753
9121
2567
9885
7796
2778
6156
1883
3106
9880
8704
5964
8235
7125
3799
2187
6887
2578
4376
8886
5240
2681
2587
2850
3363
163
9927
1816
7798
7432
4162
4123
8608
139
9724
5052
1874
2103
7283
1122
9030
1390
8301
6723
8050
5322
3681
9257
1711
5945
9120
4632
4551
4754
1197
9060
5006
5044
7835
1325
2018
5979
594
7036
2596
8040
1366
3477
3019
7358
1354
1457
5056
9416
2770
9622
9484
8797
2213
1395
2092
1409
6795
6667
7639
4811
6856
5175
5061
6460
1883
6883
1929
7006
932
3139
818
6959
2217
7075
2620
1509
2124
3226
3486
1421
5142
992
9607
706
3646
2983
2019
7958
8639
2228
975
1623
8029
3345
6340
3106
2474
3765
1599
4794
7756
6710
1392
728
4503
2878
4998
8074
1711
9324
3173
1800
7662
583
8424
1988
592
8199
3743
8738
7872
912
1206
8980
484
6158
974
7840
8167
662
1442
9702
947
3529
3462
2871
6905
1337
3591
6639
5067
325
1231
7405
6261
7735
583
4127
2968
8895
536
9353
5868
195
4088
6741
2828
467
6589
446
5029
3090
4810
9869
3221
2585
9962
5545
4551
1429
2003
7343
7208
9368
8562
6484
8851
2431
5374
210
1816
3959
2227
6809
1511
2676
5547
8084
9257
1867
9069
3170
5580
4447
2459
2273
8418
9897
9318
3366
1786
3842
8486
867
1516
4498
4326
4216
2557
8723
9492
5579
5483
1013
4136
3332
136
542
8918
1195
6803
216
3616
9655
8789
3253
7023
1676
4919
1927
3745
642
4934
3323
8691
3968
8676
6328
1473
8238
957
6833
4272
4413
5147
6419
2609
2549
762
3866
9410
5873
8097
5817
927
3234
2839
382
1306
620
9467
4934
9250
3081
1241
2503
149
3950
7732
8676
8449
7585
4078
3814
1224
5911
350
8037
5016
7778
4391
603
2405
9692
5836
6002
9960
6939
5132
4593
4461
3251
1634
8384
4564
8848
5462
9136
565
8662
562
6859
248
3749
6691
4601
967
8109
700
9704
2513
6500
4001
8300
5162
773
8317
4076
6221
2430
9515
6997
6870
1496
8303
3244
7742
271
3271
3324
5047
6499
9117
2169
131
2388
7254
9251
1528
9590
1404
6754
4518
3126
3494
9622
5110
3317
6665
7613
6246
9359
9053
3828
9732
7830
240
9221
2329
3844
2325
3060
5049
4696
937
5697
2375
3320
672
2935
3869
9484
502
6027
4238
7291
1513
5119
1555
2065
4843
7392
2061
6008
8792
6437
9948
8037
8286
7519
8426
4046
6728
1453
493
5505
1931
3442
5051
8825
9366
420
5298
229
6100
3098
371
4495
3155
461
1209
9543
9643
8460
2249
5886
4695
1295
6294
1211
7815
8084
1625
8460
2565
8439
412
17
9779
6731
1722
8108
1139
9885
6061
7578
1903
2280
936
8230
9966
8144
8191
9880
3456
4600
884
1132
239
9995
4955
6996
860
2362
1312
2658
9609
128
5717
4343
8817
1804
2505
4537
1313
3566
8279
5061
9979
9387
3917
7852
2706
4073
8496
9457
1505
8333
8598
3581
2583
6479
6756
8340
3995
5005
5129
6377
2374
6699
5782
664
7919
7464
3012
1177
4418
9882
4245
2285
6930
6205
9379
709
1351
9279
1055
730
1848
917
4274
288
5339
9816
2691
1508
2150
7700
4505
3512
6297
4500
799
7242
1558
187
5408
5255
8674
1310
5364
2168
7727
6025
117
2783
7858
8849
3913
4999
5373
7877
7828
4181
4096
6952
105
3307
328
867
1896
7658
1559
1181
2192
7349
7041
9018
7351
6452
1512
977
5977
8175
2933
3635
5483
2509
7868
6815
5281
5809
8566
708
7430
642
895
4428
2041
1092
6365
8137
781
9334
2026
3334
2203
338
34
3435
3053
3088
2347
9895
2301
1548
3182
5328
3082
5256
3472
8505
8018
22
745
2410
7804
1982
4227
9433
3420
8293
6454
2934
132
5986
3546
8845
1535
6108
743
1661
4988
1468
4277
3133
7960
5139
4704
7841
8784
553
1506
5423
9619
6101
8535
9191
1934
207
93
8744
6568
6119
6862
1893
8241
1993
1179
9016
9
627
3267
1712
3886
3768
2380
1942
3983
4048
1032
467
5007
7623
2494
5903
2222
1997
2447
9815
1064
5956
2650
7023
8454
1858
6684
7620
6128
1425
907
7501
7612
2123
6240
9283
4266
148
8186
4399
512
2218
9593
184
9669
2617
6172
6158
904
31
300
7964
224
619
5269
1289
687
6107
7852
2515
4133
2513
8989
311
681
5954
3897
7098
4437
9406
2437
6461
6156
6901
9584
995
7236
8616
4256
7524
9852
2012
5509
9880
5470
8692
8832
3678
2284
4478
655
2188
8089
420
7070
1342
6783
6963
1598
6620
5436
2793
2329
9208
337
7601
4096
2878
437
2862
2149
925
655
1350
1555
5011
6646
9894
5138
1446
9667
4190
2692
3751
4853
2765
7073
9607
7065
8838
3712
5285
7620
8495
9801
3308
948
8190
6290
79
260
5057
9999
3465
2316
2006
7521
1544
6326
868
2441
2498
3899
4714
7154
287
5071
5802
1840
3710
83
3044
1266
4795
6839
6090
7711
5610
4991
7560
6625
2815
1479
9065
6107
3544
8475
8485
8081
9167
3636
2428
3738
6037
687
7125
2830
1912
7649
8240
6195
5669
94
7126
2589
5589
5496
382
900
4255
9638
676
6691
38
2659
5678
6287
208
176
5834
5217
6304
1493
5075
8477
7440
3143
7512
1344
1948
2514
5721
1409
1562
4935
9170
1607
6843
8725
7576
3422
801
1173
7520
910
4971
5093
2619
36
3156
345
7947
4803
5648
5543
6240
2552
1678
1782
8044
7152
5219
622
3575
7972
882
2615
574
9551
6469
977
3564
5783
6396
1585
9679
1006
6806
9394
66
1598
3380
7607
965
4483
5863
7983
283
1079
1604
9003
1432
4776
5288
6712
5771
2821
2711
4079
3285
1540
1118
9436
1171
7701
2834
1971
3756
9833
3472
1666
9599
3371
815
4167
2635
267
1585
4800
5728
8384
9662
7368
3702
7103
2746
3785
4261
7639
1249
3855
2558
1
1709
597
150
8113
1502
8070
5194
7543
7169
1807
6955
5264
9461
5168
5722
6526
1717
4713
3554
8010
8945
1320
4185
7086
3101
5867
9634
5029
1349
2171
4194
7427
7893
9223
9946
2402
8906
5792
4454
2653
3298
735
5866
868
1194
3159
9065
4931
9431
2992
6143
9949
2135
5476
9999
6041
9950
769
4935
9577
4685
1131
7306
7437
2533
5564
8636
5172
6668
8455
8072
986
4297
392
8695
2995
5783
9801
4811
9992
5571
3166
1095
645
2564
6322
4333
9824
9036
1801
7374
2313
817
246
4314
952
8288
6427
2288
236
7064
8486
5891
9489
8574
8216
4730
6431
2581
9690
5659
1810
783
5319
4648
1287
389
522
923
8178
8667
6058
1087
9020
4426
906
8190
24
8256
9642
8368
626
6428
1249
5541
2410
508
961
5723
9652
1592
6534
4849
6089
8919
2262
2730
9513
9182
6613
9584
5390
7593
4425
2672
3629
5309
196
5212
8478
9806
1298
1267
8588
1743
3988
3488
9600
1513
879
350
344
2412
9744
8935
8597
861
3363
3730
6645
9337
3305
5142
6870
4357
6047
121
7585
5622
6026
4969
1260
1806
1275
5074
51
7878
1349
1217
3737
1736
1243
5922
8181
9753
5075
5013
7936
700
6246
7433
5988
9134
8419
8501
5334
5183
8326
8358
8783
5401
7528
2069
8923
6335
4944
803
164
6523
2621
3521
3101
1770
1878
7738
6514
3447
8455
9023
1070
4029
2325
3318
60
1973
5475
3876
9093
8857
5219
1997
6037
7040
188
5489
9315
2498
4231
3633
8818
21
1735
6802
8803
2003
5344
2494
678
3978
452
1918
5033
7942
1274
5028
7832
6375
4344
6029
9293
1839
6177
5347
8437
8051
2425
6454
5884
5379
2085
1200
9588
305
8322
4178
2020
1560
748
3818
2459
8653
9043
731
9690
8270
3789
5898
7486
5977
5066
3028
2675
4859
7205
4117
5992
1064
6240
9505
443
1557
6952
9775
2501
2720
2830
5908
2296
9
8226
5027
2856
9898
9608
272
500
6817
1591
8957
6422
4008
7851
6258
8815
5677
9801
6470
7928
3834
4865
8019
6577
824
6593
3613
2330
9437
1410
4498
9238
2243
3405
6368
2084
787
9405
1428
232
9653
189
8633
1255
7111
2022
2115
7356
9732
9253
4736
2684
6464
644
392
4525
1
8735
5608
2003
508
4852
5767
2522
8071
8469
5016
6809
1224
334
8398
5544
1585
3353
9046
5049
1516
1544
8605
6303
6727
1871
8172
7917
4180
5033
1095
1832
7411
3187
1109
7485
5583
1352
4374
5720
1563
6621
2311
2910
4523
9998
3158
7629
8926
5874
6774
7320
3048
8848
1509
3729
636
2228
2962
495
2857
717
2379
6111
1820
2491
9630
134
7717
5458
9994
6936
3827
6563
9285
5484
823
2340
3764
6047
1187
3569
4266
2325
3707
4415
9925
3305
1402
1447
7752
976
5195
1200
5336
3335
9026
5740
7610
6053
9560
2940
5611
2641
6409
783
3897
8842
914
8717
8817
3187
4922
3279
4721
5248
9555
2723
726
8771
7707
8911
9817
4661
1776
2922
1604
5077
3562
285
1185
7795
6114
394
288
3843
2360
8324
3800
3742
7939
652
7461
1510
2649
5632
4443
6011
65
6303
9633
2224
6968
9497
1657
533
8307
2493
7838
7447
5937
1737
653
7126
3034
2875
3632
969
6231
955
812
162
7396
8785
4918
9072
5626
6751
489
8227
1539
1680
139
3071
8106
4635
7171
9562
5607
105
9532
7683
8159
2263
8770
2266
8326
4555
3030
695
4075
4240
3679
4530
9904
9450
6957
6760
6613
6550
5785
249
927
3434
1821
1842
4306
9547
9951
6395
6856
7182
5489
5853
6502
2285
6924
6178
9587
4243
4711
3585
683
7527
8072
8014
6729
5333
7125
3825
2636
8727
8478
1354
7532
136
2030
3608
9201
2179
516
431
350
1493
5063
2096
451
486
1729
2744
7828
3686
2685
3036
4054
5658
2123
2707
5964
2055
575
6824
8401
2479
8116
2799
3012
8415
1433
4563
3448
7037
6315
4751
5036
2687
5386
2149
990
2104
3962
593
3650
980
7037
2514
9217
31
2599
2681
6349
4348
4714
5142
1170
789
3937
5054
9676
6125
4006
973
3683
2410
1724
1652
3921
1639
9664
1813
606
634
1324
6509
2774
9918
2868
1082
2701
7538
1485
8457
8982
9880
5787
6529
8655
7665
4878
7805
9422
7469
7033
1934
8041
6555
813
2646
659
7281
7181
8021
3287
5066
8451
316
3274
3406
4120
636
1483
8858
2170
5302
7311
5431
584
1567
2829
8138
4032
4423
9266
6824
5583
9378
627
9811
1816
1224
9557
7007
9473
2238
3466
6473
6901
7228
6640
1759
5280
3140
9569
8459
7733
9404
2672
3483
3680
8141
4404
8264
1426
260
1345
439
3564
3593
5349
774
2658
9034
6213
88
2441
7064
8134
8657
5164
9968
5657
5461
4146
8920
6935
9070
8182
8929
1520
98
1249
5262
5593
2356
4013
2649
8447
7504
2663
4943
1020
775
2664
7998
9642
3204
1480
2395
1962
9210
4188
4945
2050
4106
6299
1134
591
8913
3217
8495
2663
7042
1724
2011
1819
8519
8439
7075
4651
6315
5117
3854
9021
5988
6383
958
3978
4910
3585
6494
9417
3982
3553
7785
1611
7462
6157
5774
5225
8292
3939
1934
7267
7954
9607
302
8299
8645
8279
9300
2983
5344
1999
1881
1170
2553
9759
9974
5709
3932
6299
4924
8171
2612
8064
3327
8012
2702
391
1663
2556
242
1140
5060
9907
3880
5478
4879
693
7353
1270
3242
3292
4937
6638
5118
9087
3164
8433
1846
6443
872
4944
4377
7403
8528
1155
2860
42
6113
44
7696
8569
8823
8073
7370
1986
7745
7699
6086
1693
5821
2080
327
3313
5613
1198
784
2063
8775
7738
1533
142
9271
919
8848
5024
5123
4255
9655
4381
9679
1172
3889
6927
4645
9385
7577
2793
2643
7941
9862
4434
6246
598
2904
370
2530
3923
3404
6429
8597
1639
4268
1419
9012
6170
7928
451
635
4657
3431
7294
1733
378
7565
8325
3815
3890
6375
3968
9077
8423
6687
1845
1850
5347
8066
2437
8256
5306
8628
7245
1159
2091
674
1709
2918
8717
4042
1835
6038
2111
359
166
3545
3107
1644
4961
6229
5623
8141
2274
9422
4672
930
2832
4117
1777
3824
9842
4467
7447
6644
1077
488
9682
1651
335
1218
1595
7978
8831
556
8830
1353
5033
8261
9818
1878
5003
39
2784
9234
5120
698
8293
4268
2268
8317
564
5701
5265
5777
4695
6004
7699
8867
7457
9016
30
486
6684
2295
7063
5506
2891
5486
754
6431
9810
6854
8123
9956
7737
9699
6742
2861
5905
1205
6532
5213
8251
141
2040
1441
3006
857
3915
2367
2625
3803
2061
5763
3638
8978
3662
2161
360
2101
4076
6015
7401
3517
9964
3414
5299
7088
6495
7743
205
7376
6267
7655
2131
5568
324
5356
6118
2654
2501
3615
9325
1790
3872
8437
8195
6249
21
5588
8705
8701
9625
9613
2982
3354
435
7170
1692
7110
7147
9051
9965
186
8090
5689
2607
6854
3688
8825
1076
1210
7737
7967
1386
6914
5261
7302
1100
1758
5215
7406
9552
7529
8854
1699
3021
8978
950
3473
2829
220
2764
665
6206
936
4588
1447
8065
852
5292
7791
2710
6406
9873
1801
2333
616
8384
1322
7477
4925
3641
1963
2518
7284
9398
2452
1766
3068
597
5597
4313
558
6353
6638
1556
992
8149
2555
8290
8103
651
2841
7454
3722
661
815
4323
791
3276
4106
1928
3534
4612
161
324
5876
182
5633
1248
3904
6558
604
5915
9772
4982
7365
9190
9025
1597
4896
2761
3888
3165
4733
3991
4234
6123
671
1971
6256
2332
1136
669
8200
0
1162
6443
7668
6317
3463
7866
9832
8161
6582
4331
7667
3604
6181
7296
4830
9265
6437
5123
4413
1353
3334
9848
6324
5483
6352
9588
6098
299
8067
2160
2372
2121
7916
2980
6234
2495
1753
4741
4795
4531
7109
5953
8793
2291
1060
2906
8274
6982
2346
1474
7862
8855
4214
330
6733
2237
1093
2878
327
5338
5193
2000
7862
4793
1628
1737
7132
8535
4774
2128
5569
3531
5084
4098
1384
9000
7386
6361
7584
2081
7110
2080
4398
1662
9292
6821
5036
3085
6398
9
8170
9672
218
9745
8253
3335
1771
8677
6839
6605
3145
2537
1763
1759
6137
6249
8422
8510
9650
5782
5524
7871
3471
1366
7873
3653
3416
1246
3640
4524
315
544
829
8934
2722
2080
3785
7334
7129
4984
9342
6763
4894
4551
1350
1788
2449
9581
3805
9018
2517
2603
3223
6391
7965
6220
8584
8297
555
6082
7788
3496
6393
9270
432
5586
9689
3480
9241
4053
1982
480
2313
4181
982
7297
6838
457
1696
8198
6180
5544
3588
4332
172
6717
5382
454
4341
9708
7608
9875
2786
1207
1966
2370
6614
2738
1039
3430
7760
552
6106
7443
7110
6390
8719
5981
1864
3339
3638
366
7878
3758
4047
3494
398
8366
8776
6516
1111
1593
3350
6193
7836
7601
5395
196
9931
5855
277
5788
2553
2630
4122
2312
2600
8803
8349
824
7368
4749
5233
9577
5972
4449
8010
1452
3529
7885
7751
7606
9603
5545
3967
204
3911
1358
6061
8319
5681
5519
6608
6660
2426
2056
7856
8460
1335
6423
1993
886
5417
7736
2759
5188
8460
5230
4238
119
7552
5032
170
2793
6977
5507
283
4863
3111
5428
8843
3708
5617
200
1111
8232
6255
9338
8446
1711
5085
2137
9182
3011
5381
9615
7989
4546
8083
7130
1663
9187
521
6593
4924
3603
9609
3311
529
900
4841
5965
699
5791
5176
2426
2274
5998
1276
9248
5292
6529
2066
6720
4082
2880
2226
3675
2010
3632
1265
766
2798
4422
3329
2563
1922
1257
322
3140
343
654
9632
625
5793
5396
1772
3669
3225
5998
7561
2532
6055
2597
5242
7766
3801
8429
3755
1943
8644
882
3651
4642
1387
7668
2460
4440
9338
2844
3926
4299
1709
8716
5318
8571
3130
278
7569
2226
4500
7583
5247
4203
7711
3763
5730
6287
9027
6430
599
5182
8264
1665
5624
9614
286
3018
1704
5222
4658
8971
1674
1211
7843
8513
5330
459
1685
3414
116
8749
8511
649
68
5246
7204
8038
2160
119
8911
6969
6225
1184
3970
8275
5728
1656
1462
3408
8743
9409
5339
3346
8509
655
8305
4021
3169
161
9749
9182
4476
4539
603
5642
7831
5383
8027
5890
9611
4983
6190
7913
2459
954
951
4405
7249
1868
5348
7849
5795
1945
8152
4904
9645
57
7300
9764
3460
8577
8343
3355
4926
486
8004
1842
2697
5838
7466
1953
6845
4484
2064
436
8434
6994
9885
8972
2687
6463
1489
4836
3443
334
5364
6741
5689
907
9202
3571
8135
9812
5039
2463
9428
8132
9813
3550
1668
9336
1064
5023
4607
1815
4083
9030
1641
544
9712
2289
8233
4011
1308
2
2337
9760
5796
8883
1993
3634
3028
9352
4719
2242
8438
8902
2393
8605
830
1140
4574
4576
9861
9119
5622
821
2729
8726
6880
4349
393
7132
4816
967
4691
8466
8726
2434
3761
1046
5889
2730
7964
6030
807
2978
2631
7525
8510
8154
2206
8300
8549
1757
4209
9657
6297
2171
7600
632
70
7123
1211
434
7055
8905
5108
6949
1686
2073
4599
7115
8394
7806
9545
8605
2359
7869
1030
115
5090
8150
8026
6495
4617
2582
2725
8983
2257
7183
8461
6405
4441
1846
4178
6062
6017
1753
8965
7192
5898
2837
200
660
4208
6358
6241
2621
5399
1499
9774
2621
9722
608
4250
3266
1110
7490
2284
9136
5578
9528
9722
5479
1581
239
5090
4807
279
3030
1776
9776
3342
8679
717
2189
8310
3764
1163
9701
1549
2722
1557
680
3677
1609
1481
6704
6425
125
3549
6319
314
7999
3197
3367
381
9994
8008
7157
6577
5198
7529
295
7125
3996
1794
3600
6597
2231
2066
2010
5266
831
97
6862
209
7880
3259
5441
2849
3934
5441
1956
9735
6508
5343
1655
8098
3066
3543
4995
6385
9250
1020
3188
7659
218
8396
4784
1415
7376
6874
6733
3837
7684
4607
660
727
1266
2233
1423
7211
8329
3436
577
3560
1321
22
1417
2050
152
5038
8194
7633
2355
2753
672
3715
7511
978
1498
9860
8878
5386
5422
7384
2813
8086
1265
2444
1499
1226
5434
1934
8698
8504
7465
7960
2119
5739
3627
690
684
7916
9731
7464
4043
7869
1040
4137
2013
1026
7489
2705
9829
2045
4646
8860
2785
87
6500
2432
2372
2172
7747
5043
4695
2638
9298
8321
7113
2874
5979
4240
65
4801
3333
9473
662
3387
7602
597
1364
6572
5135
9948
5678
8703
1520
9582
137
133
4940
8042
1088
2704
238
4625
1947
8857
6920
4772
6220
7510
5008
4048
732
3167
8601
6466
7509
9263
5271
366
4707
1146
9276
3558
6991
7375
2000
931
1674
7058
8265
3069
7209
2333
5331
7134
346
6731
6399
5600
3421
4838
560
4299
1093
451
351
3234
8408
1798
3980
6315
7156
9304
6147
9196
6690
9197
7059
1597
7407
724
6141
530
5413
9684
5993
6326
5759
1326
2433
6599
580
4694
3029
2007
5529
3408
336
8250
6128
2996
9736
8614
5327
6620
7206
4498
2816
5468
6507
6924
1614
6487
2400
4358
2734
9079
5739
4317
5553
8732
9420
4487
1916
7085
3351
4256
8215
1523
8938
9204
262
6737
6323
3032
7338
2462
2547
788
1295
4901
5173
6791
77
3489
2271
5998
6858
9483
4160
3295
5831
8825
4206
724
2296
3893
8541
3726
1007
3599
1761
5764
2761
8777
9137
6467
45
7221
7486
6902
7642
8080
3962
1150
9020
1900
3441
578
5055
8974
4156
1041
4199
9745
7810
3222
6177
9937
3391
1460
5556
1169
1340
1285
1751
5042
3055
4823
9041
9544
8737
9828
8021
231
9853
6607
4460
5677
3290
2444
6955
5800
3644
8174
1473
649
2643
3577
3136
9147
8773
5805
6720
5084
1607
1101
6656
8868
4563
663
8654
9104
2705
1297
8188
9521
4840
8778
8390
1504
598
7919
2834
8380
9383
8140
1026
1727
6344
895
635
2859
6101
7940
859
8925
1718
6999
311
8228
7927
3851
4716
6599
2730
6732
1778
5987
9762
4404
1538
8153
6602
7014
5324
4244
5908
9985
1147
9715
7945
5205
2961
9819
4574
7404
5836
2825
2225
9977
5145
2975
721
9850
1795
3750
6308
6295
7554
1546
7703
3061
3372
7120
6702
8954
2177
1096
3837
2824
7156
1314
1705
8511
578
644
4993
3807
8251
7943
3378
249
4231
5897
6600
1424
8729
8831
6162
3836
3861
1052
6124
7157
388
929
461
2178
733
1280
7092
4134
8638
5314
7753
6506
776
1656
3176
2357
673
930
9585
4484
236
1658
4228
2469
2027
80
882
2421
9697
3998
7496
1930
6763
1422
9903
4344
1748
9016
1850
5929
5622
3229
1434
2393
8732
5522
1018
8327
9944
4993
4950
1323
8182
9565
8352
9708
3531
7822
7048
7093
3648
1755
7605
5457
3701
7639
3975
2319
8332
1459
1422
4115
2403
3128
2266
293
9207
2316
8194
2589
1636
4361
3270
334
6501
6329
4260
7170
2757
5105
2636
3818
4952
3101
5545
1407
6679
702
5794
9426
418
408
8607
1902
4781
1340
2216
3546
380
2284
7688
1612
64
8758
9741
1357
3218
6070
3316
7246
3489
1535
9788
6070
2434
6983
958
6283
8846
2763
8165
5434
1356
6774
2274
8098
4523
5217
1890
7467
4491
4783
1327
1935
8277
1696
2015
9625
8712
7547
4668
5158
1011
2213
8630
8246
2805
1460
6795
6656
3150
8696
8058
2096
6851
7166
7377
4341
4902
370
1587
1060
9958
4868
3189
5692
3591
477
9146
639
1245
4162
3536
1729
6583
6027
2396
6720
5129
4766
6554
224
5747
9933
2137
376
7723
4541
9406
2341
690
1729
4063
8074
9256
6712
6191
5084
9295
3427
5406
8065
1437
9488
2924
5083
2963
5652
5071
7082
827
2537
9809
9226
9825
6164
3994
7693
7151
7558
8874
4931
9872
4189
6235
5939
8278
9124
3797
678
7414
1600
3706
307
554
8974
1909
1705
1649
2025
9273
8610
4732
5052
3912
4259
9011
3633
4148
7910
3432
3987
660
9485
4691
1962
9188
8542
9741
1085
2781
342
1476
8134
9412
2223
6689
2711
7351
8151
5640
4341
7313
8088
8503
1702
2294
8755
3968
4077
2813
9641
2747
9006
1898
4503
1664
7520
3696
4509
9775
8987
7699
306
6511
6131
4817
647
8582
3726
4949
9336
3906
5584
8433
457
1681
343
6166
1743
4093
3022
1600
9652
869
2430
5796
8553
513
1592
230
6155
1335
5563
9181
2398
756
776
6382
6104
4563
1392
5418
244
2449
2525
6035
2640
6168
5180
2814
6791
1991
1490
1814
4983
4217
7016
8871
3036
9698
1466
657
5008
5262
2014
8405
5749
2244
9987
256
5564
849
785
8317
5930
480
4668
8747
6302
8978
586
70
4123
66
9821
4454
3599
8802
9099
8187
2186
1942
2682
6538
4577
7515
3125
2622
2322
6687
5465
2285
3509
1540
8857
8215
5336
5947
832
6592
4029
7778
2813
9078
8502
1161
1080
7445
2676
8518
3479
1355
8598
5945
6281
1890
2056
9174
2143
4103
7975
2356
2703
9713
5342
4796
1668
8527
9181
1062
861
3759
7624
4295
8284
1524
7521
2389
7658
111
8607
9614
4071
2061
2171
4671
2616
2133
3856
3669
1430
3954
7569
2437
9924
9473
5680
7719
3750
445
6544
6778
4565
9660
867
3670
825
9647
7140
2361
7433
7002
9763
6225
9431
1771
5638
7058
303
6847
8364
2322
5224
1067
9862
5443
1902
5433
8356
1474
5977
1240
2104
15
6599
5104
3993
3398
3380
1753
6148
2899
6547
6828
5437
2073
1048
792
5621
779
8983
834
7655
8805
3461
408
3678
325
9969
1148
9182
2344
9397
5963
605
4731
1585
7830
3681
6093
1823
9467
3403
2854
458
9699
2432
1532
9527
4449
7753
541
3787
3064
5785
9143
5193
7487
3438
4777
5415
7107
7656
26
9698
2973
5157
5322
3463
8033
8596
3960
1144
2187
596
9818
7355
3712
5707
1329
2875
4139
4322
8727
1932
6666
6022
13
4110
5597
868
755
6090
2427
5256
8279
7209
6708
3403
3217
1667
73
1082
9854
2031
2628
545
1819
1977
2833
494
7782
6509
1808
9392
4751
7836
4464
5323
7684
9605
6872
6054
8956
863
6982
7146
1506
5197
9386
4119
5818
9421
9710
1000
8982
8757
4048
606
9454
4563
9019
7417
619
3250
9947
915
2296
7996
6209
2621
9069
1888
3988
4681
6044
6867
9278
469
9238
509
6534
6144
2026
8204
686
6361
4437
1292
8547
6498
3756
4666
2853
7373
9166
562
9885
1386
2722
7172
1347
6069
5143
2399
172
9737
5721
7784
4748
1583
586
1225
6992
3918
2248
3287
8150
9924
6137
4251
3238
4007
29
7334
7385
2182
7859
7785
734
4425
9950
8381
722
7501
5828
1689
9195
2569
2126
26
1285
3298
8084
3475
145
4712
7333
8203
1406
895
178
1359
1314
7281
2312
3110
9822
2877
3495
4428
9391
952
5576
5665
4872
3496
2336
9424
901
4599
6434
9327
5417
7636
8320
7386
1453
5865
685
265
2222
4935
3954
9278
6510
536
3383
7386
7066
5238
6284
7411
1585
7490
998
6855
6790
4323
9298
3731
2919
5605
5789
6912
1655
3072
1298
6665
1395
3078
3396
5056
9293
9680
1034
9310
5874
824
7519
2750
7419
3198
493
5527
6363
3391
817
8039
869
9462
929
1852
4480
9906
8838
7794
5913
59
6613
2428
9286
2121
9112
1938
5473
1984
4580
4634
9765
8025
4971
8348
7170
965
1044
7741
7785
6370
1138
9096
8434
372
9337
8435
4304
5711
201
5249
8267
8269
1742
1491
2224
7126
9157
8538
552
9623
2871
1367
3554
383
257
7112
8477
906
7973
2130
5986
1446
2332
8162
7731
2202
1740
2769
9949
8535
4294
3573
1249
8289
6520
1486
3384
6762
1889
3504
6772
7878
6542
4737
4224
3446
3867
234
5953
7365
3672
9709
7178
9235
2447
4399
2236
2077
7717
1548
2285
6723
445
852
4323
8219
5898
8513
3721
826
8875
9276
7776
5719
6877
140
9300
3889
7794
7166
3909
3900
2890
3364
9825
3185
2095
756
8525
3574
1963
6112
2730
4220
545
6198
1114
7079
9949
7780
3028
9185
1473
3783
6899
1331
4750
7618
1320
159
5529
1146
8052
3287
1022
6158
6758
9579
7857
1208
3927
9486
4296
2436
6009
565
6926
6978
2175
8634
3863
1905
6119
4535
1489
4277
4405
2112
8920
4617
1670
7362
9305
9204
6547
7516
5822
3028
297
3058
2287
2457
7171
1816
9650
9436
1864
2604
8953
1587
7756
333
7952
3676
3880
700
2227
3504
7488
1912
7733
458
2276
5139
4559
3861
8958
2261
4628
6319
9898
2806
6679
525
1147
6260
5316
5137
4409
8309
1960
9441
5028
1608
4881
4993
7743
515
1260
2465
3031
6562
188
1874
5613
8732
6527
1429
70
5179
961
249
1735
1896
2118
5223
1207
3254
9233
2208
2773
2951
23
3746
8098
8339
5201
7926
2452
3471
9369
8721
9320
8339
401
5763
228
6213
3649
6480
3306
374
9638
4742
826
7941
7374
6324
6863
9685
6165
6252
6631
7406
5953
8731
5231
5620
9052
9188
3298
9124
1598
5320
7096
3210
6550
901
5218
4018
5871
136
4544
3933
8886
8829
1028
6914
8241
157
7320
8891
1526
1984
1732
5375
9591
1356
9918
2234
9987
132
1643
1571
4498
4633
1264
4649
5754
3474
7458
3121
4639
9017
6590
8392
9289
3420
8449
7623
6490
9605
5949
3423
320
7056
1610
6163
3985
663
1517
7235
5619
2284
3871
4331
7823
1760
9189
9818
1958
4306
2665
5623
7369
3528
9179
2734
3787
5127
5271
8943
8158
277
3047
7817
963
8231
1400
9139
925
1188
7376
2304
4213
1810
732
9930
5597
5590
6867
2324
4230
1627
4337
6457
2983
2336
3445
7929
8732
9671
4225
8111
2488
1575
1370
287
3170
9678
8491
9269
6463
5728
6238
2164
1916
3988
9699
9255
7814
6033
2753
4997
6752
8311
9282
7860
1903
661
8510
1389
1771
2944
4117
2433
2991
1158
5074
8271
5595
5738
6345
4355
2624
6396
1013
2454
1701
2562
2614
1559
1500
4026
4996
5405
1593
1872
7619
431
522
6452
9363
6985
3968
2719
1532
4811
4680
6004
8005
1178
3720
2629
8974
5030
2936
5270
9833
8033
9955
2094
6338
3397
4125
1528
3143
2039
413
2760
12
7602
6738
4211
8983
559
1502
1407
1897
980
3011
3053
938
2109
5382
1209
6461
288
2430
3748
2225
205
7123
8375
6570
6920
190
1524
6434
5371
9991
7772
439
8402
2712
9466
8981
7177
2912
7120
126
6746
5998
8568
1579
8907
9065
5274
6674
3664
2106
4250
180
2258
7066
777
4025
7112
167
8022
1036
2321
7751
3876
6184
9162
8287
8765
661
2818
9087
4317
8267
6272
2102
7066
4561
7570
5610
7729
788
9818
1705
1927
1554
9460
3235
1613
5495
1790
3267
3286
47
1791
713
8212
5080
7343
8628
4154
7789
3740
1566
4865
617
3791
8520
1327
1443
1607
975
8888
6057
712
7996
1247
7721
2466
2495
7834
1081
7135
201
6138
9023
3603
1013
4266
2740
4942
3814
4231
2758
4354
8717
799
7555
1901
2241
683
6246
3743
3476
9234
7513
9441
955
7704
3158
7740
241
1030
1433
3864
5949
892
2149
7853
5908
3991
9149
5083
3723
8619
424
1054
9551
6034
9999
7736
7939
7197
1619
4857
2075
5599
736
6394
9302
9519
7569
4368
6341
203
4979
6586
5931
5653
3310
27
537
2920
1009
3725
6968
5197
9806
2212
8204
1889
2180
2320
78
2246
2676
6104
9797
3279
146
4800
6015
1466
4816
8949
6430
1757
1752
1684
2599
9546
6078
3125
6867
9525
2162
4128
2604
2872
2378
9886
8398
4327
8878
1218
3570
5472
8691
2321
5841
3919
7944
3484
2813
2112
5694
4529
5084
8446
6805
9436
1615
2722
3722
6591
7512
6915
5935
7915
2249
1572
8252
2583
4506
9479
944
8359
3119
2007
8629
2035
6237
9334
6876
9631
153
5514
7923
3372
6472
4251
8497
180
5671
827
8145
6323
2972
2845
4492
9541
727
7781
5524
6321
491
2589
7014
499
1108
9068
8386
8517
7661
5978
8529
4966
7229
2284
1681
1426
4351
6738
1264
1567
665
8826
6468
7435
570
5240
6079
9059
8835
709
924
5273
8201
1838
1796
7233
2484
3835
785
1483
3614
4951
6741
9576
1969
2999
5783
2150
5892
3643
4562
5132
9530
7175
7217
7017
5516
1134
1186
1060
4400
593
879
1122
1834
4519
5017
984
2632
43
8346
9873
3777
7521
6957
3616
9336
5849
1499
9921
7858
108
9447
9718
5636
120
1372
3084
8136
500
6386
6794
1224
9753
8742
3709
6245
859
771
7010
8442
9688
2215
9069
9126
6834
2400
8369
1968
3457
9794
5567
2127
8683
9228
4232
9392
2934
1312
8394
6644
2423
7086
2046
4610
7705
7555
3144
341
2963
2642
8930
8306
8549
8771
6436
6813
3441
6842
2417
2304
533
263
193
8467
1028
6056
1476
7172
9145
4641
2153
8841
6158
947
5435
5831
3288
4530
463
6450
341
5818
4902
2116
3434
1310
3027
819
5302
2893
4417
8750
41
7731
7529
3466
8976
5391
8789
6857
541
7594
2785
7649
5600
4473
3942
430
833
6570
5914
9250
4383
501
6978
2973
9410
7302
1872
5774
2251
5415
4147
8450
444
1178
4340
9895
1762
7710
9108
5062
995
8866
5165
1109
4818
1944
4618
7156
3991
4738
8962
5774
6647
2972
4508
1009
2563
1137
2452
3130
4294
877
1455
53
9522
6519
5554
7345
3269
9565
966
7143
4344
1313
6145
7913
6992
6484
107
4553
9141
7031
8285
3708
6097
5586
6916
9565
2774
6905
6228
520
3314
3526
6258
943
7781
6594
838
7767
2017
3584
202
2717
976
4723
6264
3573
5471
3467
5892
1610
3684
3900
9012
7559
3576
2948
7512
9010
8179
5618
8346
9637
4129
922
2362
7242
5050
1171
3547
6523
3933
176
9311
4615
6778
4103
8041
1491
5483
7108
282
1581
1578
9960
5489
9720
97
8506
1384
157
703
2455
3167
56
670
8406
2586
9338
6651
2478
1781
8566
2350
297
7027
2693
6951
332
444
7423
5192
4931
1658
6460
7806
3990
4040
467
3020
9017
4746
855
7768
2288
7034
9242
1509
157
3636
823
1692
1375
1795
1202
9717
975
8747
4489
9427
6746
4424
7769
4638
5009
2293
6973
73
4463
1910
2433
934
1783
6642
7684
6111
9683
9973
7008
919
902
2289
6800
2014
8418
7354
2389
1411
9790
7168
2867
8692
3608
1850
5758
5737
3193
3467
5352
2648
9545
3854
3370
3249
1890
3423
3198
2436
600
6756
5526
6756
3150
919
9394
4305
9381
1436
9672
7458
4859
586
8367
7490
874
4865
8035
3342
1411
352
9801
3580
1561
8312
617
7838
497
5330
4220
8294
699
3074
7615
2573
8249
1969
8414
7982
3146
5179
5716
2521
3148
128
8562
9591
9904
1004
5300
4182
7667
954
5552
6416
7009
7409
4931
8920
4841
7142
777
2434
2562
2130
2921
3804
2560
711
696
719
2111
9992
1072
8672
6635
6992
1465
2550
4506
5314
1671
5158
4980
581
8286
1256
363
780
6656
887
7172
9236
2697
163
1233
2518
4502
523
1291
784
1818
3984
9014
8206
1410
2622
608
3497
7654
9422
5426
6522
6385
2281
2445
5669
708
931
9212
1748
8492
5538
8583
4821
245
3339
7625
5868
2242
2976
7428
5891
8856
5793
7343
4130
1989
2962
3670
2037
8148
9809
4803
5340
2737
1736
2469
7191
1502
4823
9124
81
6551
6547
2416
8235
5193
3783
3398
1969
3909
3283
7264
2570
2095
9660
9224
8527
5952
6745
7730
2304
5467
8813
7236
8928
2968
4348
2473
12
850
6104
7070
296
1009
7760
9151
2823
3576
5402
6089
2589
5157
973
408
2956
8852
4591
9237
1372
1562
1843
5244
2356
868
8084
4251
894
3377
1111
4249
3538
4908
674
2479
7831
2688
7663
5986
1351
7404
4831
5687
5945
1226
2981
7014
2016
9650
4441
6127
9092
2203
1829
4745
1375
9878
7536
4305
9598
915
2135
9076
2770
6862
3755
3413
2863
295
6620
1728
5596
185
2493
9113
5001
5245
8117
544
4785
2044
264
8334
2857
3612
2153
9783
4789
3991
5340
16
4312
2120
462
9838
1070
340
6059
5921
2027
9364
5167
5728
1225
8642
7072
7448
6405
2694
5362
7774
7427
6799
2436
5693
4759
6646
8436
9980
210
3443
6220
3695
9059
1416
5485
4434
1871
8771
2089
4687
8404
3308
1245
7882
3973
2049
6569
6998
490
6940
8342
3257
641
8943
9586
6029
1635
7281
5408
8272
1497
2733
395
7348
1543
8346
5058
9606
8674
3256
1843
4087
4288
667
4672
1398
9645
4602
1715
9939
5101
937
5321
390
6257
9477
8607
271
1242
9377
7974
903
9164
2336
4639
7142
8688
7573
3386
2639
572
7462
4635
5426
1194
624
2672
30
2403
3052
4265
3665
1765
8291
1970
7587
639
8141
5707
100
8846
3620
1208
1901
1026
8696
1216
3410
6628
6113
2079
5837
5029
5495
8039
2467
2613
3661
9877
3607
6485
4598
2527
2506
1227
2196
1368
2097
6813
1705
7061
8596
7870
6876
3769
8603
500
8054
8948
8941
3480
8869
2917
3106
6805
5729
2360
7606
192
6437
2791
9740
1718
700
303
2183
3446
3731
5704
8957
6807
148
8162
235
2010
68
5542
1656
8304
9859
9384
689
1046
7567
9559
8902
6260
2511
2748
2934
5854
5200
859
2112
769
4326
5186
880
4831
9094
2868
6508
3781
2185
2761
4722
3120
2006
9998
7785
9047
2298
627
8065
3108
112
3066
2692
6586
4455
4322
5762
5205
1321
2637
2192
1898
1645
5790
942
1007
6839
9864
3641
6492
3561
104
8684
5032
2149
3540
5963
4640
5059
4570
9114
4368
1236
1911
5553
6575
3381
8750
6508
7539
4052
4086
4758
7905
3097
8989
7173
4048
638
1097
5322
999
467
4285
2914
3558
4014
4453
9537
7066
9333
8599
4338
9804
3552
6440
6340
7849
906
3195
6340
6893
2236
1337
3425
5480
624
8210
5775
3538
9284
8385
7063
8959
8888
3834
2369
962
4534
1189
4101
2197
2279
1123
1169
2545
2030
7171
1691
9334
6325
4142
5061
6520
5366
2401
4066
1383
9375
2376
9879
4454
6687
5419
4920
7626
2486
9361
9993
426
231
4078
1329
4914
5329
7107
3968
7708
6760
9263
9849
3847
8730
802
2168
593
2523
2692
1387
5207
8762
1434
5072
9279
1879
1589
1026
7086
4722
9739
1832
5409
8277
856
6202
9521
3117
7007
4021
2381
2949
2517
4071
1510
417
8941
1320
8033
5144
2268
646
9376
9704
9118
1108
6949
6247
7109
2532
260
2264
2096
1925
3053
2668
6666
1484
2092
7314
2306
6780
7346
6456
1377
926
2513
7955
9817
4165
6969
845
5827
7644
1911
6325
7421
4667
2849
9059
3415
2660
136
8810
7353
5705
4189
5285
1290
1544
4302
2792
8276
2919
2593
4432
455
3062
934
3878
4010
5452
9223
8537
1004
1491
8141
9781
4891
6592
1579
1941
8296
3478
828
1265
4687
1063
4388
8658
6393
238
3423
1460
1208
1746
95
2975
9008
901
2629
2229
2062
5157
8591
543
1779
1848
4514
7201
2804
2950
6957
1637
6945
9300
988
5275
9831
7293
8441
9377
9333
3026
2323
5668
2894
2262
2748
2242
929
947
4579
5783
6599
7418
2559
1545
5071
7212
317
1684
1755
1206
2011
11
4726
518
7634
3513
1243
6141
2054
4681
6583
5914
3939
4796
4439
3161
953
5804
7525
4717
6599
6054
2976
8828
6120
1340
2438
8332
2140
3364
5070
2989
6224
4047
8883
836
3376
1862
3941
755
2920
9694
9260
2689
4040
4197
2445
66
8800
1291
1972
5333
5804
1587
3102
4618
5189
9320
80
7564
4931
1109
2626
5150
8291
3081
1294
1738
8132
7706
6726
3978
3471
6364
5884
3216
1228
3493
4537
2763
6826
2514
7624
935
3205
8607
1617
5240
4895
8284
6076
9514
3710
4232
2560
8705
3358
4338
4017
3547
2943
7166
8367
1106
7062
7290
7912
667
2468
2745
2129
731
315
106
5236
8503
1584
366
5240
5310
2347
7862
4202
392
4622
4605
4034
8831
1317
157
3746
7133
3393
630
2478
3308
9026
7424
382
5999
4792
4578
2130
7613
5473
9824
7442
30
7615
1622
3423
841
5575
8331
7347
6959
5585
4543
2761
7636
5745
2472
1818
8382
6188
1695
9878
2503
8385
6838
4038
6240
5301
9294
8001
9508
3247
8069
1516
825
2511
3105
2171
8601
2884
2321
5809
985
8412
629
4422
2448
6668
1098
6976
4786
8105
5458
3463
6482
6138
723
1492
8967
2220
1459
4227
3915
8274
835
7672
5035
5848
4279
218
5695
734
4822
4524
321
9451
5419
6779
6467
6093
3735
2603
8853
5988
4046
1627
8255
5265
6626
6
5066
3846
9913
788
793
7165
9236
5231
1822
2797
6112
2850
2745
330
8702
5837
1657
8943
5733
322
877
2478
4910
6728
1929
574
7268
1023
9469
2432
2741
7008
3207
5778
6694
6984
4262
2986
2268
3688
6424
5835
1075
1910
3481
3799
9187
9497
6697
8903
7130
4863
5501
6259
2560
311
3146
1607
1962
385
6991
3518
1325
1802
897
7504
5349
2075
5370
8019
5754
4412
4626
5799
7611
9203
2382
773
9387
9896
7695
2472
1139
177
9850
1559
4216
7898
2177
5490
6467
5650
1853
854
3577
3868
3426
5819
924
4645
4860
3755
1694
8948
2758
6360
5661
321
7032
4575
4766
3301
5740
8391
795
5356
5894
4480
2526
2497
7538
3160
2332
2069
2016
1516
1991
4559
2159
347
4438
1533
4872
8143
6151
3476
3227
8492
6673
181
236
7740
3143
8919
9708
7171
633
7754
4240
7576
8024
8996
2760
6687
2607
3157
9605
3501
2475
2634
3477
9080
1177
3368
2769
8340
5833
8823
1747
7060
829
3657
7261
9255
5753
5063
9016
5982
6687
8509
7950
2612
8066
1392
4686
2674
7372
6215
1963
9548
3293
4261
2601
4541
5163
6273
7315
723
2572
455
6289
1468
1521
4947
6475
7319
5122
5752
1923
9297
5438
1494
7014
574
3426
9386
1762
6090
4386
4037
7838
6083
2298
7482
8064
5914
9156
161
4198
8119
7787
6774
9190
9485
1934
973
4234
4880
2723
8585
1707
1656
3161
2662
8352
6130
7230
1787
9160
4733
8441
5973
137
1514
757
511
649
1392
1887
8732
4332
5331
3546
2530
7802
1705
1229
5218
3823
3038
1324
6860
7718
1491
2103
695
3047
1456
2194
7580
6415
4768
5828
6867
6993
697
6763
8971
5512
3059
6357
8417
4499
3615
4274
5407
2793
8799
4536
4946
7162
7642
2635
2990
9852
6245
485
5302
1876
6888
4450
385
851
4130
6048
8116
698
4938
1820
4826
2819
3066
4299
7728
3940
679
6749
4969
901
9795
1253
154
4155
986
6900
2322
4082
12
6324
5507
8071
267
6952
8470
332
7412
5631
9375
4949
289
1495
8511
6054
6398
8954
7908
4353
6209
5632
947
6649
1024
9517
4630
3343
7348
3301
9317
4162
1432
2548
299
735
359
541
7506
8802
979
1552
8560
8660
3723
2004
6806
2006
871
9529
1224
3303
6340
7943
4952
5104
9947
6197
1476
8489
4690
7851
8603
4391
265
7413
753
1430
3437
1176
7804
745
5092
582
139
2145
9721
7447
6663
8014
2667
6737
6498
6347
3660
5816
6000
174
1325
4141
996
9225
189
1678
9454
674
3580
6853
5141
6939
1165
9937
9851
1197
4544
2699
4076
8179
8155
1512
2438
4725
9737
27
806
7672
5499
9274
513
782
8285
5988
2813
5935
3003
6562
5783
8403
1274
1066
6584
7150
8248
255
475
5738
2495
6618
6886
3697
1937
244
367
6098
9455
3115
9489
3924
109
7927
6791
7459
1251
4822
7572
4871
5974
1107
1674
1807
1609
4521
8168
7173
4779
3451
4975
1550
4937
8084
580
2564
2136
3103
4090
9403
8205
2925
8909
1444
488
2034
3303
218
9018
5229
1413
4746
1159
1801
3090
1196
5679
2126
2295
9048
1129
3195
2229
5307
694
3287
3724
5574
9035
6370
7419
6923
6263
7881
1979
2440
554
8684
3161
683
440
6061
2561
1198
5362
252
632
4657
1880
3057
9630
1739
3057
8281
9583
8047
1422
5449
7610
445
424
6978
3277
9787
1205
7910
9879
9873
4497
8372
4119
1019
2740
9377
3673
9561
6305
5953
7841
8059
2502
7994
6330
1145
6599
9856
7961
299
1612
6527
2850
7361
9490
8685
1994
9666
3445
4441
9274
5337
1901
8424
1336
3939
440
1503
2255
3800
3692
7985
4600
6111
8843
6349
7869
4560
1472
9713
3992
6963
4114
1686
5551
5130
6923
8661
6836
1540
4519
2110
6152
120
2622
6813
7378
5466
3662
7505
4074
5870
3675
548
6498
6835
1620
3511
5219
27
3850
6476
3415
7949
1849
3124
5608
5026
2633
904
7417
941
3267
9823
1996
2439
1910
3866
6686
2170
889
1181
7625
6359
1623
2967
5467
501
3328
1899
3136
5936
1880
2179
4906
3719
5040
9009
3940
5247
4683
2824
3518
3942
8601
7981
9313
7439
5286
2268
3875
1166
671
7836
3484
8311
4886
5209
9143
4517
4821
4375
4641
4188
165
8447
3486
6338
7801
9012
2489
920
1412
8657
5098
2693
554
198
7159
7191
9195
5349
2671
1175
8864
1507
4961
6172
1730
1305
4271
3011
9788
830
6538
9790
2520
2023
9880
122
4314
1541
8694
4103
4843
521
8457
9890
1997
9885
7325
6226
4823
3266
2499
3167
2448
2207
1916
2374
7937
8701
5004
4481
1981
7133
1127
5737
1975
2008
3921
5464
6065
3743
9308
3778
686
2893
2832
8773
336
5361
8152
4945
7045
9591
1898
1426
1237
4215
2469
2452
203
4428
2901
2442
9051
3412
2794
6423
5247
8150
5616
6065
8433
4263
6581
5858
4924
3659
4870
5896
4106
275
6242
4499
7184
4718
9578
9076
2350
546
234
9932
4444
3408
1397
3718
7653
244
3122
3170
3796
9786
9613
6174
1332
3252
6554
419
8933
2004
326
3885
7438
8718
1985
1909
4073
6928
591
1487
6794
5719
3675
2498
1319
2912
9630
1211
5570
764
5777
6993
5534
1372
2434
3351
278
4065
3522
5524
8831
3292
7893
387
9002
6281
4030
3890
4702
2385
1229
5643
117
222
8454
2004
2408
8099
7551
2838
8947
5788
7156
5834
2057
8018
3542
5701
1909
4326
2807
2342
9953
9708
5373
9120
1359
7295
4814
2379
804
4081
1358
6303
3464
6048
9550
9993
4035
3715
6346
886
5704
393
208
4565
2472
1653
7037
4640
1875
3160
3520
7262
6848
1325
744
4349
1611
355
2270
7947
7800
8417
1019
1536
3578
3925
7439
7700
3445
5158
3546
4364
4887
3930
8907
2222
9571
9331
6133
2129
2482
2900
5795
6368
4987
6101
9386
9181
5220
7266
3649
8093
8617
1385
422
7198
33
6085
6384
7762
5393
177
4088
3885
8374
6186
2721
297
9830
1514
6979
8971
575
5674
5259
4377
114
1579
1322
8972
7717
4098
6165
2772
1576
6867
3362
743
2473
730
4438
5273
8319
6116
3081
3375
877
6747
4907
4447
4472
2729
7603
8218
1359
1289
6859
8466
6131
427
5688
7921
2992
5658
9117
6108
5271
8327
4861
9119
6138
3096
2383
9490
4348
963
4745
4539
9942
5644
2510
7257
1168
916
8964
1765
5639
6585
5508
5500
8917
5960
82
8006
5009
5491
7296
1913
9217
7118
6291
3636
4630
1623
318
9363
3116
7830
9002
2393
5943
9936
3599
8239
9572
838
5608
2052
1522
9901
962
3750
3567
5552
8455
7281
558
5879
3755
5399
4909
2476
9193
3391
6091
6258
6603
8005
7944
2179
9354
5265
2091
2656
8973
6599
255
5145
545
2064
9949
2784
184
1173
7159
2757
4923
7112
2033
3370
8100
4237
3057
463
4221
5260
7024
2914
5091
5458
1367
4596
5006
2028
9960
5574
1514
8473
5772
7133
8662
8099
2983
1049
9450
5425
4921
5189
8247
3879
4656
484
5428
3026
8056
554
7731
2195
9530
7306
1719
4222
2371
8018
7039
7631
8421
1961
6834
1392
3417
4162
3956
2525
2763
6485
3294
8321
2360
3876
1828
2804
3717
8481
158
3291
6282
9049
5187
458
3012
2823
2388
8197
9159
3268
3940
2038
1948
3826
4331
8114
8647
7003
3363
2735
8726
5142
7280
8606
3139
2202
6475
9656
5637
118
6673
7960
560
2897
2228
9623
5239
2652
9554
972
4673
9055
1603
1289
3377
7446
4431
2792
8893
6018
1222
2189
4200
1812
755
1954
5662
5902
401
744
1371
9660
1437
7944
8461
1402
3603
4278
6807
3188
6694
304
18
8145
2268
7502
81
2301
1345
9275
6333
9454
3751
7664
7054
7259
1328
3732
7552
3070
3698
5698
239
7338
881
26
8476
8989
9763
7854
1149
2328
5545
1936
1039
9484
9407
572
7795
6614
2018
1101
1300
5146
4574
6478
754
6510
2102
6234
114
5212
9393
7448
4393
4889
7990
6212
8311
2433
267
4325
1764
6704
1636
1949
2799
8845
70
3707
5087
8400
5472
3212
8876
4345
1956
9264
9894
569
1026
5918
9401
657
6859
9477
8817
2785
2298
2668
416
9166
9323
979
515
4450
8752
7178
4044
9882
4250
661
6122
3353
698
240
3351
2360
1568
4432
838
1939
3252
1701
9620
8388
1170
5810
4092
3002
545
2492
5400
671
4067
2883
2095
5206
1701
3090
5501
1370
3810
8500
5135
6965
6006
6511
2707
7918
959
9236
1080
1861
482
1134
2487
1443
3750
9316
3634
6252
4316
8475
1377
4618
3516
1179
1268
1814
1847
378
4346
7206
788
7595
1956
5167
7962
513
9666
2094
3377
1472
5417
3078
8211
9753
8936
1808
1719
7875
8161
1983
7924
7568
2916
8262
1327
7558
1158
4153
6048
1131
9739
3637
3569
8870
6484
925
1391
429
7872
5559
1183
3958
2536
9834
7424
1729
817
8291
1313
5448
2282
1147
9473
3654
1031
3978
8567
9782
2193
8069
2183
7133
4520
2032
1765
6555
9746
5942
4910
8605
5715
2396
8616
1111
2901
6817
2896
928
1965
2056
3407
6540
5145
3431
5324
306
5956
6498
936
631
5927
5383
6395
4328
3513
8881
5810
8194
4540
5126
5393
4313
5271
3513
2846
7898
5334
8510
428
908
956
4916
4578
6199
1495
7261
5630
8030
4372
8435
1551
1729
8455
7712
6905
8357
7992
8555
4599
1873
7559
418
6268
9288
592
465
5690
4300
7022
5369
6843
2153
1759
1038
7750
5553
7207
2563
1564
1490
4943
4759
3692
2475
4231
7117
9138
1786
1206
5017
613
6228
5561
9732
6456
6658
4950
4401
840
1904
6926
9353
7223
3785
8617
4181
3251
9039
7160
8003
5327
7812
2779
8325
6989
8350
3309
7158
7835
1349
7332
7350
4797
3202
5374
2481
8669
2012
8065
7116
7687
7314
661
5626
3203
5676
6693
4279
1583
3342
2891
3745
4610
2751
2210
4340
1243
2608
5811
5664
8761
1763
5286
5284
7208
817
2187
4055
3875
9575
3341
7231
6442
3208
5618
6385
9151
3566
5894
5331
2361
2288
3244
3163
9192
57
4013
3133
9193
4587
4688
3671
3176
8087
3203
5375
9779
2109
4024
9637
4070
1553
1693
4015
8543
5576
3079
9801
8749
8420
7050
1980
895
9187
2656
9429
6045
4872
3709
150
7155
4165
1257
9247
8894
6131
2900
4829
144
1720
6208
9323
7800
8793
7724
9096
1779
5423
8865
5542
1174
2599
8500
8464
1614
3420
2868
8917
4231
6505
4979
3195
7151
1768
1373
899
1986
3104
8178
3206
5052
6542
5192
3005
9107
1830
2482
1979
1343
5361
4392
2018
2159
926
9501
6901
3583
451
9516
3978
8304
9487
9010
719
3076
3899
4783
6938
6785
5909
9283
2421
1417
9545
7498
2081
3056
3659
1763
1766
9835
3015
2205
9140
7401
6855
8529
7296
8805
3521
2769
9523
6604
4215
674
5232
3470
4839
8534
8874
4175
2847
5681
5037
5271
9773
2476
5622
5737
8676
2285
8205
7260
2091
6625
22
4678
1826
6037
9242
5630
1947
1163
5376
5734
1844
4062
5426
7041
2181
2509
6959
6066
206
6051
444
8342
4049
5080
5262
9792
8199
5508
7867
8267
6835
3095
7583
28
8682
1693
217
5345
62
6065
1156
3319
2159
2476
9581
4375
2360
2187
5711
7095
144
5521
1444
8708
2512
325
5843
594
480
9343
741
9379
4807
9896
5175
7751
7191
6090
7293
3876
3805
8909
9693
772
9111
1200
8330
6229
1295
5882
8384
1219
7278
1202
7666
7381
5844
1595
3707
68
6228
5386
3639
56
4112
2605
3188
3166
4051
7325
8182
4557
1365
6727
843
5002
4633
3674
193
2473
2041
7501
6971
654
5914
3889
9386
16
799
2336
1172
5637
313
9981
4022
4402
8931
698
5218
5384
5651
7183
194
2600
5304
2150
7676
2235
9300
846
8811
5910
4376
8259
9435
8641
1760
6356
6471
1381
1919
8832
348
4036
1770
5916
1706
5627
8461
5422
1890
1773
2546
3899
4051
619
7667
639
7523
4193
3374
116
174
1222
2445
494
771
6676
2982
592
6672
1941
9817
194
8262
7499
9329
5200
8862
9884
738
1915
1512
3493
7748
453
4532
8641
9341
4961
924
854
4048
8100
8162
498
5412
6616
9185
2813
9145
2274
2860
4041
5652
6666
4498
6518
1409
3525
8310
5196
4348
2618
7713
7196
2902
3511
7069
1326
4524
1773
5454
1518
5442
7859
6242
3231
8515
1863
4379
598
5033
9057
3026
4665
1130
260
1850
903
595
4094
2458
9763
8417
2806
1801
8851
7641
6188
9447
747
5195
2270
1891
5448
1369
8910
8530
792
7539
1545
325
7368
4069
7810
4750
8206
4033
1355
1851
429
6402
1027
6073
6421
5386
6117
2118
7159
7468
9110
7335
3617
9408
3247
812
3988
9809
2748
1497
7489
1578
4862
6970
1480
2129
9091
3496
3695
9923
1454
3061
4190
5270
4900
96
9887
8242
3489
211
7374
343
8291
5993
1289
5763
7093
7707
1214
5664
82
1206
1208
3040
22
226
2318
2023
962
5378
338
7673
1070
4486
2301
3332
6557
4003
2283
6043
6989
9130
241
6685
22
1328
5288
6171
1797
623
7757
3534
5310
7131
1070
9346
4657
3044
4760
718
6883
568
3686
2231
7373
2162
375
3653
2238
8974
8667
5634
5988
8956
5831
5544
4282
8841
9016
323
2651
822
9739
2182
7570
5573
2543
9522
5405
1577
3000
4880
3348
9892
7756
6329
2070
5334
576
6224
161
4723
441
9932
2688
7447
4171
8431
258
1913
3279
9519
543
1061
7071
2827
9687
6245
5732
376
33
6250
9495
8099
2243
6525
146
6004
5231
275
7800
2432
6054
7141
1949
9636
419
2159
7377
1019
830
6281
3529
4539
1959
2838
3455
852
3703
5687
917
9266
9140
3454
4956
894
2966
4295
6922
609
9759
6471
9023
1657
1033
4474
9408
1519
4285
3855
290
5911
852
5568
5385
7774
3455
9151
8086
3040
874
5558
8550
9618
6157
3852
1123
715
8598
3853
494
42
5860
7671
3951
9145
3730
4559
3674
138
514
7566
4310
5400
9928
2985
3580
2157
9947
1736
3947
1396
4436
930
5426
2643
4583
4077
6288
4704
4198
3737
3446
7509
7631
3595
8846
5364
3692
3115
5779
1653
938
4291
6326
8710
5812
2392
5783
1171
6418
1066
7811
4853
5780
8172
8514
5630
9047
2264
1469
1400
8517
365
237
6764
3709
5468
2698
7712
7978
6514
1395
4477
7450
6537
7019
1992
1006
5
1537
8842
687
9117
1944
3743
6572
9831
2187
6409
1475
2521
4242
1800
2279
6985
8263
401
1092
3252
3814
4984
4566
2418
833
331
9249
8307
856
8328
4465
1630
7796
5271
3403
3834
9639
855
2163
8042
5464
6123
6634
5986
3206
1067
2663
254
4030
500
9611
1173
5999
8435
3417
7438
4580
9781
2190
9580
7803
4957
1589
9251
3385
3870
3578
197
736
378
1591
7298
4766
6462
7646
7006
5216
6820
8826
6424
4218
3513
9165
3903
9607
3482
3703
5006
9465
8402
1139
9070
1609
1583
9762
6145
70
3071
292
3628
577
4488
8639
5504
8392
2423
4939
1430
8156
2547
3609
6861
145
3670
8015
5908
487
5236
8285
911
783
7853
7618
2525
4286
9306
2814
9009
1491
140
2695
6578
1052
1230
3535
4625
4812
9556
67
6607
928
2489
1836
8055
7775
5750
4490
4862
8282
2970
2001
4355
7417
331
7683
8899
7162
4446
3795
6888
8696
130
1059
7473
6784
1107
5729
7278
7138
9477
9127
8626
8993
2285
4780
4378
472
5075
2517
9942
887
8418
8909
1365
3944
1351
2993
8647
1532
1962
4968
6716
4607
4166
200
6241
8946
8786
1118
1194
3123
8826
9336
9546
7773
8974
2928
7029
9014
8574
6091
1823
2755
1943
9510
3090
6821
9734
3566
962
8007
2032
5044
2250
2319
3919
6057
8779
2502
1390
4814
6465
692
3079
7983
5692
4775
4816
8749
618
6048
2661
7568
7160
1067
1900
6291
4087
7146
2081
3961
3776
9930
3470
1952
7897
2333
1608
4639
8020
5147
7444
3910
8298
4116
1026
2425
2129
2999
6236
2866
2113
4398
5359
6608
4101
9558
2512
2656
2980
6187
3838
7096
2048
2723
7545
2836
3183
4264
5525
4786
101
1125
7927
9183
7020
6131
6470
3909
2658
6471
9351
6177
8069
8762
2467
1233
2302
2985
3223
9523
9039
7091
2700
1489
1184
9013
2458
4055
2753
3422
1746
938
9899
8473
7985
7862
8081
5822
9292
2692
2581
7473
1677
501
2926
4009
3099
5064
7389
7132
406
8725
3886
7644
732
8491
856
6271
3335
5651
8079
1471
2419
366
9319
5191
9690
4684
9281
2444
2682
5688
5937
7608
3189
9637
9011
6887
9676
6259
6491
3275
1835
6842
4268
8570
2249
3988
9471
1935
2232
9650
4044
240
7477
409
3476
1360
2042
5308
9072
9894
377
7114
2739
1206
788
3833
1001
4311
5168
1336
1001
2010
7739
4142
2048
2468
409
526
6937
2760
5370
52
7889
6206
2924
9534
1752
2561
972
4607
2730
2238
2189
1252
29
6390
5542
5318
5932
5077
5853
5181
2759
6661
2510
105
4210
1050
6150
7954
6375
996
4190
1786
9206
8775
8080
7979
6735
8158
4868
6669
6182
9893
181
752
8060
2302
5443
7243
5958
5384
1322
9977
633
9871
236
3428
91
7259
3720
6186
696
7152
6002
4519
5474
938
7276
9877
8045
5775
3514
7564
7706
8973
788
3856
1347
1875
943
265
3880
8840
6181
743
2230
7011
1933
4786
9679
4852
678
3501
6025
3819
6106
1605
6528
1391
3686
9427
8511
4063
3626
7046
7938
7471
5459
8878
7617
3536
6660
5966
9328
3691
6643
8096
8363
8
13
5776
7020
3291
7895
1010
7217
789
1198
1143
81
699
1030
3661
5225
5460
4375
6847
8163
8020
8954
1431
4391
9503
1370
7903
2577
5594
9463
8249
9643
9048
7644
2739
2341
3912
1255
9893
632
2703
4906
2155
3445
6841
3575
2445
6784
7897
6332
2387
6488
660
9344
3788
9633
3011
3547
1617
3496
2079
6416
7483
7121
5338
8329
8469
5459
5459
1017
9689
6901
1400
546
2875
1809
2429
1660
1242
2228
8624
9761
1066
4436
2838
5247
2760
5573
1093
1355
3569
9835
848
8117
7677
8883
3876
3561
2204
8544
1315
9688
8
7091
802
8367
9048
5484
4726
6173
5581
391
7623
1854
6734
3122
3877
8591
754
3180
740
4360
2198
4464
4246
5723
777
8985
7920
1762
5169
1649
9509
3084
6057
9303
7563
2777
4574
7136
1158
3017
9355
6083
1424
2262
7985
8777
6035
1849
246
4923
6558
7347
7926
2610
9257
3707
7093
220
1749
2753
5036
7188
5471
5867
345
375
7651
647
8098
7315
3797
2465
3760
80
2059
3739
1567
9989
683
3571
2074
6481
352
3737
2090
4618
272
7085
7002
6885
668
1575
5926
8216
4805
7710
2038
3120
7003
243
1950
8926
9356
9807
8354
7431
8107
2557
1743
5992
3834
2851
2673
560
483
9408
778
1481
9091
4184
3714
2011
1006
9141
6708
1853
4992
1598
6548
1848
3636
9527
442
9993
9188
3642
5528
4684
6407
3621
6456
5613
7201
9331
3017
8609
6333
7167
6526
5490
9387
1111
6035
134
2879
4349
4403
1397
5388
6595
5939
2376
1064
3383
1571
3658
2052
3117
7741
1595
4825
8765
2867
2799
1608
3197
2442
5279
5543
3985
8320
640
5005
2817
5605
7291
1899
262
6311
6973
8287
9541
2348
2018
3824
6397
840
5422
1352
688
5812
9422
2249
9516
7352
2143
9758
712
8648
2256
2311
6524
7124
9463
1669
4796
9662
9960
230
1342
648
3820
622
3353
7978
8535
4710
77
4677
1432
659
7654
7868
6453
8591
1563
2734
5067
51
1450
3868
9963
3561
1141
356
663
2508
322
2746
4415
2768
38
4848
597
1204
8733
3392
6716
5836
4567
1488
7424
8189
4796
3158
8657
4786
291
1057
872
7239
2763
8704
4791
2771
2828
1882
2540
8056
1512
524
142
9255
4667
8325
7255
9018
5216
6460
2854
2046
763
600
1491
1265
4504
8238
1796
2794
777
6341
3984
1770
2553
3822
4639
7210
1795
314
8509
6254
2733
3203
889
3866
8772
4176
7158
4919
4597
3411
9215
1973
8197
1613
5140
2917
6948
5258
7607
5600
2260
6291
3944
3207
325
1015
8905
6873
5186
5184
7107
6920
5488
4881
9144
5629
7289
4716
8794
2704
3033
6074
6798
5273
558
5051
3935
8048
1138
9204
6563
7211
8144
7829
5417
5754
599
6618
193
8313
1540
766
4753
4514
8000
4192
3364
3532
382
7003
235
2514
6174
814
873
2623
2296
649
9623
671
5572
7892
7873
9893
1524
2620
2653
6550
1209
5322
3672
6336
1854
2261
4694
9196
97
8137
6276
8650
6848
9016
7445
7428
4035
5126
7153
8496
8195
125
8008
6035
5881
4737
5014
2465
7958
7723
555
4610
7769
4657
9420
2307
1291
2374
3589
1943
2156
3780
9343
2018
5175
7949
1498
7928
8886
9335
3908
86
1027
6117
5545
200
9948
8753
7435
9245
1631
3232
6380
827
258
2217
7313
7555
4705
7498
4923
4965
5098
6551
7236
3995
3544
2977
5830
846
9071
1069
9855
6677
7730
8771
1042
2168
8966
3487
3323
5569
6427
7401
2502
1797
5386
6725
435
5488
3879
474
5593
6815
3154
1944
7185
429
7068
2488
1759
1480
6244
1852
5208
7514
4931
1919
1195
8343
7440
3619
2366
6094
1449
3226
6418
7693
6990
8676
8903
5013
4758
6127
9324
6220
1100
5527
1335
8197
5020
8558
193
8708
5372
4976
1689
1161
659
5846
5050
7007
5951
6660
8518
2677
8907
4624
7976
7158
1162
5221
6037
6059
2984
5728
7723
1017
7027
3989
7157
724
6367
2476
5453
7108
9200
4864
9753
1677
8167
2813
4010
3849
2859
185
6176
2022
8996
3023
4911
7944
7305
5289
6662
2342
1122
9766
7518
7512
5096
1325
7035
9699
7004
276
5921
3138
3786
8769
1356
9675
9337
4299
7363
1963
9837
138
6770
799
6074
3534
77
2445
894
8933
4341
5840
8671
7944
555
5588
1724
9893
382
2301
6990
6151
3393
7897
1264
4014
1665
8495
8513
8232
9514
1850
6337
6996
4935
4996
1431
7722
3154
3229
5190
9036
9666
6790
2052
6414
8273
8069
7695
2115
8118
5031
8843
1797
9256
2651
4311
3518
2878
795
6964
8991
7226
3125
3417
7895
5106
3328
3284
1891
9999
7503
2291
5788
907
4743
7385
3310
5519
2416
8811
487
7130
7118
9241
5368
12
7784
623
5800
5927
4734
126
167
5143
5569
9917
8979
9392
3832
4010
508
3292
4349
6548
7741
3368
1986
2185
452
6736
7972
1419
8627
5810
7108
1795
5933
55
6611
2265
6679
4954
2251
3128
102
7502
9140
9691
3048
6935
36
1213
8310
838
5788
3916
9043
1089
7354
6427
1637
8719
7011
7943
221
1285
9044
4276
2836
6127
7090
6319
3102
3897
6315
787
817
6422
136
965
4677
8380
3731
1129
952
1089
5718
8131
3911
9611
5180
7012
7116
8912
3685
1349
9029
6658
755
2444
6346
7327
9056
410
6556
7137
8150
9326
5259
1907
565
6983
2333
4813
8787
5218
6077
2083
2675
3476
6629
447
3583
5007
9116
4348
6790
683
7164
4824
5567
5163
3177
3403
2515
1007
2417
6085
6
7420
9409
786
4304
4293
1785
7117
9041
806
7771
6984
2604
3075
2609
3849
7237
8406
785
7184
5289
6
9580
9124
3357
2049
7556
6458
9352
6829
602
2595
7923
5144
7408
538
7109
9997
8871
9384
2117
5975
6573
1305
1621
2300
7330
7098
780
7660
21
219
25
2218
1292
4398
5027
5823
4628
8186
1617
964
6625
1084
8962
5034
5375
6527
4909
30
3318
9969
9432
7438
7767
1211
4953
8133
6340
7921
5406
7386
6697
3084
9247
8001
5685
9756
9739
9957
8756
926
3244
1518
4360
3646
8444
3786
8645
8172
1035
2585
9397
437
656
8839
7557
5222
7999
2567
3548
1072
6093
3596
6077
3290
5843
4112
3440
275
7676
3792
6280
9378
1097
4378
4987
6641
5480
7792
6237
5548
3465
4692
9734
2151
9253
6277
6893
4211
8034
6441
2931
7284
3317
295
6466
6234
5640
2324
3603
7012
48
1895
7228
3355
8392
9798
5282
695
4675
368
1916
9376
2050
6691
7028
4148
4177
7253
3172
6937
2503
8370
4066
6019
4106
2881
4324
4136
8045
8784
8055
8049
4619
5758
6372
7794
1276
286
7620
6879
9951
8999
5898
1670
9579
6705
6811
5265
3703
1721
7481
1746
6261
7517
9360
1011
983
919
856
5398
931
6353
8741
207
9114
5508
9403
2750
7777
4428
4440
6059
7959
8093
2082
628
7949
8930
5738
7543
6071
3805
8414
403
3270
1886
1287
1965
260
9196
8189
9716
8520
5034
3205
752
577
9258
3994
632
6090
1350
3784
9543
1907
7285
1879
6800
1996
2581
2241
4527
1601
1788
5484
8729
432
4496
6217
7325
6507
1130
8721
2963
5202
7078
4590
2272
7081
3757
9797
1735
6292
3493
6522
2906
494
2076
4855
324
5670
8479
8645
1264
3347
1940
7423
5959
3760
4444
9525
7032
846
2603
243
605
2775
812
8870
2271
2187
8213
148
5943
8625
6607
6360
461
4503
3193
8086
9227
323
5220
4573
4302
912
874
7706
3685
2200
1368
478
5298
9899
3655
8059
461
7680
5109
2086
5285
3248
8757
4839
3788
2448
6988
2598
789
1917
5522
9566
9414
245
1953
2484
633
2163
1483
727
3088
3813
987
8415
6777
4070
6787
1150
8234
8231
2154
3115
4582
1405
2924
1164
923
2818
1479
1844
5675
7273
881
2036
6385
6074
3899
5966
7044
455
6998
2862
8762
9596
4033
2738
388
2026
5895
3251
4746
5681
204
1959
4939
3294
6235
7342
7061
1139
2999
4594
5643
8896
781
1925
759
1380
4061
3141
6294
3997
1404
6938
2126
2420
2843
6743
9319
8988
4573
6246
5941
394
9773
3157
7101
2102
79
8042
857
8989
5009
3118
1013
3370
8129
7637
3801
8851
1516
7732
9881
8195
1792
523
2486
2565
2008
2734
7199
2903
3341
9533
115
5670
208
2377
549
6513
1069
5441
7795
2582
1520
3579
7020
1068
1056
4029
3605
4104
3124
1821
8038
7772
8766
9346
4265
2187
4957
9675
1923
8275
2410
6191
685
6685
6939
9827
1800
8999
7216
2638
5709
1075
9853
9443
4221
5094
1859
5173
6147
7404
4585
4797
2500
2948
6037
3875
9771
3613
2900
8297
5656
628
629
1284
6189
491
7643
6836
7811
5820
8989
1947
3084
7201
637
9772
853
7867
4229
4354
5286
8124
9378
4408
6508
496
2538
3798
8135
3810
5890
3229
3767
6516
4832
794
279
9845
1602
7573
2569
8731
8254
7662
3527
2162
5050
932
9422
67
7084
8547
7239
1337
1531
8472
2033
9918
1367
8016
9142
9918
1757
9165
3128
7982
487
977
1733
3844
352
3505
8801
3275
9340
525
7466
740
7581
5948
1166
3400
737
9467
7811
8468
8381
7638
7025
2796
2547
6350
4926
5423
6116
8103
9351
6388
1050
9010
4445
7293
2563
7228
2440
3255
3497
497
8745
3422
6025
9615
1595
591
728
2516
6221
6636
6105
8154
931
683
3033
3367
2745
9514
3420
402
9544
5828
316
8521
1899
8575
859
1406
3686
1792
3381
1222
8033
2566
5964
2326
9424
5393
5698
7843
8513
2077
367
1864
7468
4447
2236
2849
7740
487
1433
4786
2321
6947
8364
5117
8229
4538
2240
6007
7006
9208
6866
1090
9413
704
1816
75
4867
2581
7805
6514
4146
1196
3967
7919
3559
448
8201
5029
1874
9581
171
7279
9505
8651
8372
6386
9923
1145
7010
7653
7309
7904
460
4939
6556
6717
253
7214
9646
5191
5077
1577
6638
9512
6426
3825
393
8840
4194
6587
530
1609
6785
3974
9946
3633
3217
8072
1353
8999
7729
4741
6535
8544
5898
6824
5491
2418
5082
9871
4216
44
5237
2531
5686
8241
1633
9929
5134
795
4883
3421
1440
2622
7912
2092
8468
81
997
6190
3719
8873
5795
4031
2599
50
9073
4486
130
9794
6829
5298
533
4990
5698
3618
5048
4948
1261
6638
9210
5749
4628
6175
9165
5013
6264
1686
8634
5502
8443
7680
1631
3417
5919
7880
4915
7900
43
408
2267
7177
4862
3585
3766
8898
803
2
9130
134
7529
2728
7257
4158
4716
3644
4441
1348
7866
112
5508
131
1977
8695
6527
8220
590
5947
1635
7531
8564
3528
525
3071
4626
7650
8875
8899
9058
6061
7459
6179
5963
7040
942
3035
3363
2138
4832
3306
2050
324
2888
759
4954
4604
3255
7978
1140
6255
9650
9233
4077
9230
6939
3388
9345
481
1262
8677
8662
917
9150
2865
5403
4010
5143
4886
5715
1649
8552
5499
5933
3638
8845
2433
419
2754
6258
4797
1151
9660
7349
3258
192
9348
366
8679
2788
8959
601
4644
4743
7382
6733
7384
5235
8148
1765
6004
6607
8620
635
9948
5469
1438
1886
8462
5582
1416
2330
5424
5812
7082
1860
6413
4683
3229
7554
4137
2038
8970
5300
9768
9356
7476
6799
1564
917
2320
3159
8179
2278
1474
9536
7783
1631
7940
4789
8705
4579
6367
8917
9540
8090
5043
1816
6527
542
8375
3129
2363
3017
7530
2503
804
8721
6911
9352
1883
2930
6700
8706
2516
4185
615
3293
7544
1466
7428
7362
1283
1242
4307
285
3174
1499
8427
1817
9691
2164
7030
1311
3362
1133
16
3622
4472
1515
1669
3984
2218
587
9821
6523
2854
2422
4602
5069
703
5332
8080
4326
2577
9095
3915
4122
5292
5632
6652
7969
252
870
7891
4203
1782
8928
3581
6043
2341
578
360
8176
1090
3754
3049
7936
9582
2304
2267
3142
5084
4133
9844
5729
8283
7529
3084
462
6736
622
7504
640
4643
7677
8869
6261
4147
5667
6502
3120
5942
8446
7400
1760
7194
73
585
4067
4113
546
600
914
1442
6554
1033
6531
6828
6690
3396
6171
8518
9918
4361
648
9260
525
1560
9828
9918
4985
2654
2478
3363
1813
2591
9689
8330
6031
6697
9247
6122
790
1335
6903
2411
2884
8323
4252
427
8123
8410
4289
763
4746
7910
3071
1521
1524
7837
9600
7665
8298
452
6007
3713
4308
4955
2032
2475
8655
4013
6541
3539
1901
2656
1982
8032
8432
158
6858
9558
4770
3664
4684
9299
5175
4430
22
932
5236
2195
2628
1662
4803
2202
3274
1596
9248
1020
3985
5012
9994
5233
517
3616
8614
9199
4910
5749
1812
1647
9344
1245
324
5620
5106
6295
9054
1330
8526
4196
391
2173
6614
9765
5302
1984
3643
8173
4114
1002
5856
433
6464
1414
13
9097
885
339
6801
4886
7719
2431
7148
8015
1587
2717
5662
4097
7542
5028
8167
7333
2644
696
1610
2763
5614
532
5216
2856
8848
6037
311
1697
3967
922
9835
985
2836
9145
3885
4939
5860
515
5505
8941
579
5376
7107
2454
2346
8597
8977
7388
1816
967
7265
8856
7631
358
9302
1619
4788
7534
7902
2580
2778
480
7997
6839
5515
2365
7517
41
4786
8444
92
8595
3486
4937
7021
2994
1247
2413
779
4138
2949
7110
6634
879
8265
2332
1475
397
2966
7825
1531
2560
5422
4119
2311
2474
9665
7024
4165
1735
3591
5416
6383
2571
8952
7487
868
7514
9809
6923
1077
2203
2484
5224
9603
786
8795
2925
8815
4444
4107
1218
6460
2991
3261
4227
6562
7497
189
1067
5421
675
1917
5171
293
3017
4252
5559
1998
2453
9667
6462
7171
644
3792
7865
6703
8992
9989
1438
1604
7271
335
1241
1359
5397
5444
8795
3268
4240
1688
6125
5232
3216
2715
4280
4772
7576
9124
905
6113
8893
240
9906
9567
3364
9935
4034
8060
9495
4217
4476
9925
6179
6232
2341
6201
5945
4427
3112
3689
7122
159
4103
2661
2058
2247
442
3209
7677
2992
8964
8507
2555
7025
8962
3037
9766
8138
7479
4443
1993
1633
9773
4300
6730
542
9237
9895
9913
8741
832
3350
526
2351
7827
1895
5605
4557
8658
8791
5776
3922
2677
7887
2099
8826
6466
8331
270
8086
5634
3452
2535
2937
2362
9522
2743
8939
4806
8178
8280
1935
5679
980
916
2588
9337
7766
1369
9765
3996
7913
9822
7963
385
9786
2529
2228
2554
7693
797
862
2382
6096
5632
7667
8408
6352
7356
9554
3904
9145
3901
6399
6970
2346
254
1476
9889
6403
4273
1298
5420
8470
7082
9796
6228
3148
9023
4365
2964
4874
2113
7243
9117
210
9377
377
8610
9820
3671
9152
3369
1535
1510
2302
4092
6418
5993
5492
9954
2878
6642
369
9192
9861
318
1034
4206
983
6926
3974
6262
9597
2184
4932
5386
4283
4800
1700
2031
928
4109
6957
957
6445
8776
5890
4795
3667
4904
8038
6453
9092
2680
1500
1645
219
6081
1277
1363
2474
3464
4808
3850
3084
2764
1326
2719
6387
7573
5578
568
2180
9351
1884
1934
89
5241
1188
9661
8835
2020
7741
5523
9294
9528
8052
7475
891
9180
3229
8426
867
7738
1166
2725
5298
4927
7987
4625
5248
8009
3732
1714
346
8334
1484
5254
1039
7859
5535
6574
7103
632
1860
2515
1151
3434
8402
4206
5779
8212
7580
7041
2822
4549
6190
9956
7700
2474
637
8298
1943
3826
1197
265
9876
9317
1295
3553
8514
8221
2343
4548
3450
583
114
1996
1921
822
1474
2201
9228
7271
3654
1895
1823
5047
798
968
490
233
226
2911
4378
7387
9081
2146
5011
521
5488
6979
5791
5327
2806
2661
8828
4447
9150
2218
8450
2757
5035
4652
4322
9767
6000
302
4768
550
6459
5731
5372
9585
9099
4091
9399
8458
9039
581
8737
6723
7927
9364
2331
2817
4193
2827
7393
6882
7012
8943
3761
4944
4629
348
1177
1840
564
2614
2616
2550
713
865
18
7401
9294
3910
7915
8682
507
4396
4
6486
2169
990
4416
8975
1555
9793
3101
2506
6968
6088
7705
3259
9111
8149
3115
6185
2986
7339
2505
8887
1651
4771
841
1580
7012
9189
1481
2638
8997
5248
9272
1103
5938
4122
8979
2252
3253
3898
3115
2498
3684
2314
2486
2689
648
2508
4962
3754
8599
4964
5633
330
670
4206
1282
6577
8151
7668
8482
6785
3330
389
8496
3953
3881
237
9777
5744
3723
8322
6099
1819
4286
2736
6489
8397
1954
715
3042
9290
1367
5193
3846
2300
2481
8764
7993
2333
8299
9066
711
2219
2876
9910
2842
8376
341
7263
3980
4421
2419
1834
2218
5398
7296
1679
9392
2945
9053
5656
2420
5791
481
4180
6876
7616
4044
866
1889
2587
1676
5084
2321
209
311
3962
7272
7032
9356
2342
1117
3427
398
7750
7611
246
929
2688
1522
3542
8511
283
6897
4519
2058
56
1277
8211
2219
1302
4332
6565
495
1106
7051
1137
6098
1063
7191
5310
827
6306
7538
2546
3735
6035
2683
1635
3097
5755
1092
2038
210
3149
9010
3286
3615
4643
1492
1720
7825
5397
2006
2816
5599
8971
2056
8320
6771
9801
2268
7919
5415
4725
5772
8968
1815
1196
1046
3093
3106
86
5906
2156
7343
2873
2798
930
5125
1736
9846
4891
6049
6838
3746
5381
289
5256
1315
9714
4939
1590
913
5060
2407
2390
5175
1759
4569
573
3345
1939
2722
4108
1647
6090
3643
6435
1038
1782
3490
1587
8252
1874
2624
4911
945
2089
2031
228
3928
2389
5467
3448
3036
723
790
5009
2986
7395
3532
9867
3430
985
640
2692
6358
9610
6159
3649
774
1198
9778
6423
6509
4230
8301
6203
972
9033
5218
8899
2407
9119
4821
7987
4518
7160
9241
3037
1563
5282
9728
7612
2186
2363
9717
9928
3200
8663
2483
1634
2257
6617
1980
2159
9538
8158
5434
8431
9932
3321
6702
1668
3325
4549
4486
7887
5510
406
599
6143
2856
8413
3019
2410
3702
933
9740
9118
453
9363
3521
8633
7240
9911
550
1160
1844
4500
1394
6611
2664
5859
1966
4743
6671
5204
4784
5897
2131
4762
1870
4916
4993
8245
9345
8463
806
873
2950
2781
4281
4172
3485
2958
6211
7801
103
6065
1352
4269
9629
1361
5513
5807
1722
6955
6490
544
1058
5893
9242
8313
2515
219
7395
9818
4130
34
6123
6327
228
2652
438
1255
7139
5755
6694
9741
9420
4902
2809
355
4130
8895
3560
3350
838
4645
3009
1906
7487
1818
3201
7403
1690
8311
133
6635
9934
5286
7189
6286
438
1385
9800
652
2550
1000
3886
8967
6970
448
8847
5820
2201
2727
3386
2460
8352
3370
6045
5269
8798
7686
4636
2166
7183
188
1167
5785
1569
1385
4102
6942
1079
1910
1122
7044
5574
1033
2784
9746
8156
4693
7215
69
4456
7502
7547
5373
2989
9608
7767
6782
4733
5867
7383
8233
9243
1597
8041
2820
9922
9394
167
3803
9345
5310
5519
2518
3666
5499
4356
7363
834
3311
785
3742
6525
2402
2863
5343
407
4580
8232
4470
9406
8805
6776
548
2277
3673
6185
6875
6425
7672
193
3404
9354
7415
9224
3804
6537
9637
5542
5365
8734
3959
2019
8296
8409
501
2128
9417
8722
5958
2612
6531
1945
7304
9655
6789
5922
5062
3385
2784
3057
2947
489
7772
2156
505
6351
5038
9970
4284
312
3853
3568
3505
6791
883
9594
2176
9640
7368
1914
630
5674
3040
9262
9470
8830
1184
5678
857
2546
7262
637
2011
7808
5488
1257
545
608
526
5824
347
8614
8422
8453
5271
7800
541
1172
636
8428
1054
1956
4698
5595
1475
2634
9009
1378
3458
2270
5371
1692
1661
7767
21
1461
628
6035
3776
822
8158
976
4330
9125
5688
3428
1792
8395
3707
2017
1924
3028
7831
2218
7951
7379
9491
2831
5222
7585
2653
588
6600
6731
7507
824
3905
3970
6586
6617
1826
6468
7051
1144
8334
9265
1589
994
2056
1513
1461
4312
3210
6713
6071
5762
4919
3913
1081
4988
243
7532
3306
5213
7283
397
5436
7800
14
9359
6720
8999
3838
6609
9909
2589
8996
717
9262
5051
7027
7980
2292
786
3435
1490
2410
9814
3823
3204
3185
3728
6278
1741
8212
2124
6612
8838
1785
1692
3708
4855
941
4402
2636
2666
9604
6591
9613
1142
3925
9189
4122
971
9329
246
5435
870
38
1293
4860
5615
7376
5280
1124
2240
3954
6997
7465
7789
6476
1582
4237
7487
5717
2680
3026
6709
9179
6031
2490
9697
9058
1162
9972
1550
3104
2042
6584
1573
7639
4048
1913
2156
2635
6419
8181
8086
908
725
7462
874
7892
1563
920
7487
7476
1675
733
395
3555
1576
9353
1512
3633
3951
7659
3132
8797
541
8145
2876
446
8854
3611
664
2589
1699
912
6012
7704
7311
673
8541
766
100
380
6593
1967
7862
1760
6034
2295
7203
8171
8753
5943
1930
2244
4255
6223
7247
3158
1737
9193
649
2267
6859
5500
1753
5618
9788
1234
8742
388
7412
3
673
366
5276
433
7408
262
5521
2365
194
6337
6788
9772
875
2474
8573
5373
381
5788
2144
1163
2363
2175
1581
4276
521
9723
4679
7707
1168
6343
939
676
4544
4225
8278
671
3410
5141
5876
5378
5621
250
2490
9929
7315
9078
2096
8112
2539
3034
1295
9135
7261
8550
3554
1995
9727
2425
1928
533
7671
4724
458
4208
4579
7077
778
5972
1424
8984
9234
5877
4625
2967
1468
5013
879
1995
1485
6477
1331
1962
651
6912
9362
6879
8328
9142
7167
6817
8749
734
5493
6464
2423
2190
1427
698
4992
3413
2873
3590
5616
4756
1658
2084
3600
4647
1953
4855
224
1617
4913
5235
413
7614
6847
807
4865
2544
1187
3292
2148
6532
1569
6180
2877
9153
3517
1406
4636
8335
7169
5508
7399
3078
8958
3558
1967
3947
6790
3264
2446
7617
280
1115
5048
1561
9298
8725
1719
4738
677
7841
2346
2703
5297
7705
8516
440
882
1111
3867
2627
5119
2204
9312
2079
4832
649
3920
4581
6866
4810
7405
436
4977
5167
6700
3924
1517
2706
9798
129
7838
6523
5530
5045
4701
6851
5620
5396
8575
4560
6642
3678
7229
3127
3971
6576
5374
4981
2783
6481
2290
8001
1178
681
7089
1316
74
2600
6945
6805
657
7770
945
3761
7686
382
7505
351
3888
1412
4954
7626
7356
2661
8165
6937
6345
2616
5514
3773
8910
3362
1161
3324
3259
4652
2488
9088
3084
6511
7004
4292
8212
6879
8822
6808
5242
6563
1121
9685
7078
7116
1692
5188
202
9012
5049
3218
9288
2594
7965
1549
3095
4438
7444
484
2729
9473
8647
2543
2381
1132
1753
2121
1489
8556
5305
2987
8894
9693
9894
5543
9595
7475
6538
1551
9821
5952
9172
1826
8008
6312
5985
1195
404
8238
329
8398
6555
727
8057
9638
6116
1904
8182
6465
1876
4068
3075
7983
8072
2430
2328
9542
8202
7634
9489
26
5112
7728
5984
3541
67
976
8910
5665
4638
6021
5933
9669
6821
3115
9284
2863
6708
1880
5733
1000
5880
3798
885
2016
3712
165
6624
801
7543
4612
2148
5051
3716
4080
3393
1118
3681
8436
6618
744
3863
2838
4537
8882
2439
1506
8675
5841
7018
5783
780
2036
7888
1061
9742
9205
2719
4842
5143
2133
4619
8364
3903
6663
4776
6834
709
8239
9414
7946
9536
3348
6589
4760
585
9834
1264
2647
1418
2256
4176
5949
1096
1681
1880
1052
9491
964
3502
2191
5472
2794
8786
7957
7448
2200
6171
5013
2462
6089
7423
3402
4165
4926
8359
1647
3745
5540
9682
689
7718
3101
9576
7444
6912
4672
5251
9136
523
7076
5970
673
1064
6790
46
9865
6024
4600
1752
9724
4582
2307
1279
6109
4788
2528
3449
1621
5083
2699
253
9958
3852
3259
7820
6356
2620
6019
9454
9787
3778
1857
8772
5304
597
9043
7995
730
8949
2396
6873
7568
9926
982
1379
2009
1763
8803
2112
1060
5356
7225
7901
1121
9413
7679
5013
9799
2306
4418
9356
7653
9033
754
3760
2120
6913
9224
109
6311
3321
4191
3918
6171
1043
2653
6002
1690
5993
9228
1630
2898
9490
2542
9895
3318
4534
1380
5997
8676
4222
2251
6649
4790
5553
2045
5353
2656
2543
686
3460
5299
2314
6949
2952
4181
4651
9839
1313
5909
8929
2114
6963
8327
2096
4701
5864
9266
9899
2214
9880
2145
9075
2174
3676
7891
9738
4076
5642
526
1421
1530
8527
8264
6884
7702
3832
6801
7154
1507
3066
7298
8095
8610
5633
6796
7487
5555
8851
4619
2264
9158
8976
3160
8971
2234
5134
5530
7474
3555
3752
6548
2703
775
2616
414
4059
3551
9625
1964
4654
8609
4900
5897
8799
5455
5603
1546
1367
9585
8722
2439
6169
5729
9869
162
5711
7988
838
9214
6251
1730
7548
3619
4176
2186
8158
9899
1416
9958
4900
1389
4651
8542
42
6390
2421
9460
1869
9606
1904
1544
3227
7663
9462
6571
5113
914
787
1441
8490
2326
8579
6503
8098
132
8855
448
8225
1209
9843
7982
5727
587
4336
2392
7903
3626
8126
3033
9871
3497
1425
9875
2474
9869
6068
3630
4295
3144
4328
8289
2612
2895
5805
4786
3502
2741
3911
7757
5484
1774
771
3223
4150
3327
594
5988
6417
4338
1151
4180
4841
9533
6423
6701
7218
8809
456
4451
7444
6662
4445
1729
1147
6353
4292
7385
600
7415
686
7227
485
902
6181
5170
9242
4401
4475
1609
2468
2659
7281
973
7987
2281
8612
4423
2273
1636
2117
9411
1618
4006
653
357
8858
8302
6482
5169
4968
2854
211
6719
3369
5304
6890
7853
519
9625
1191
752
2526
7367
8377
4319
3723
2867
1106
832
8635
1858
4904
7248
7088
4271
9395
8571
1157
3458
889
1845
8153
7077
446
5014
4924
1863
8735
3660
1766
8603
3942
1361
2652
4645
8548
3485
6261
675
3948
1230
4121
1441
4927
1240
8387
4808
6801
626
3050
3943
1044
6715
8733
8067
9046
8404
5528
3810
860
582
8270
3671
9032
7831
2323
5319
6277
2279
3018
580
9637
7366
4435
8702
4369
5793
1551
1229
3172
3821
2952
4815
3791
9147
5731
3124
5060
4097
6211
76
1253
1145
1285
2012
752
2067
7839
7619
2296
1162
2915
4016
2071
7442
400
2127
8725
2613
3061
8464
8500
6375
3342
4713
4812
1345
7967
575
2764
1287
7589
1469
2916
1767
3574
5243
7558
4131
8912
4417
8944
9608
6374
6199
4843
8873
7960
7612
4035
4537
1955
1406
9701
5720
112
743
2039
6640
4699
4240
2303
8379
8164
674
4928
6169
6633
9830
2069
6062
9318
5995
8045
8215
2552
5081
8472
5527
2645
159
9651
1700
4954
1505
624
1269
5978
9124
7779
133
2220
4490
4572
7465
6030
6076
1383
3671
3460
4966
9361
1882
6245
7271
8558
3178
3818
7928
406
6014
637
477
5468
9841
5805
3996
9282
6121
4304
711
1055
3586
2797
7194
9101
2616
9928
2407
744
3660
5791
3637
5909
2062
9236
7807
8929
764
2334
4736
5023
9868
474
5618
4696
4759
6996
2374
6142
5355
813
3773
795
531
194
4771
2348
9884
8187
4572
3729
1120
4100
2614
7882
758
7425
101
6445
68
6236
4822
6391
1363
5810
8336
1087
623
9751
8397
5837
499
6344
9509
9880
5630
1387
5138
465
6241
2553
2114
7128
9399
360
1400
1141
6872
3357
234
8938
3022
2395
230
9980
5699
2655
4966
1706
1665
1264
368
9928
5064
6857
2702
8328
845
5912
2763
6532
639
6068
4751
8278
9146
2520
8816
5712
2989
9171
2753
7550
9916
3656
2323
6479
8345
7670
311
9694
482
5767
9331
9668
3476
3429
6602
1170
6504
978
7609
555
1246
7950
1309
592
1077
5558
1938
8547
6443
2121
1312
3971
5581
2660
5194
7979
165
4338
1050
3204
6973
3456
5637
475
4911
6731
8040
6754
5765
8070
6191
2238
5444
9772
789
2500
2569
4894
6108
6292
5483
1820
4213
3200
1504
9727
9488
3497
6768
6793
207
9235
6633
3270
7903
4696
7758
843
9547
3967
1853
165
7757
9915
7065
9935
9596
4036
5
2983
450
2523
342
8528
2690
782
8182
4970
6875
1746
2974
1523
4803
9799
556
2883
238
4368
1327
9442
5532
540
3594
3457
3635
2672
6392
3014
6011
248
894
1013
2353
2213
3233
2092
7090
8339
7236
1713
4520
1129
2823
137
9913
5748
7141
4235
8837
8460
5202
8551
5046
3692
8175
3928
5119
2702
8453
414
5723
6736
5580
618
5755
8323
7289
7485
5166
5272
5887
7545
6140
8686
4036
6598
9072
8482
8675
5241
2618
2865
7123
2083
7309
7773
4553
772
2821
183
9196
1422
1828
699
7239
8757
90
9683
384
323
4843
4294
1423
3263
3711
6674
6317
5516
7699
7180
1985
5314
8766
408
4046
1835
3419
9386
5583
1919
2847
3929
9315
443
9296
4355
1878
63
5818
344
4085
287
3156
1429
1201
6695
235
4285
5819
8329
3084
9864
6733
9843
3777
8078
434
6428
1880
1210
4183
4038
5093
740
3186
1476
6034
468
8339
3444
9948
8525
4697
469
77
6011
3704
1641
2502
2107
676
9886
2691
2333
6469
1245
2412
2552
8911
7895
1368
3706
6105
3590
7713
3286
9935
9165
1827
642
1060
6537
2220
6604
9448
6316
7458
5154
1953
3405
5559
419
2706
1863
4155
3701
3754
2384
4923
2970
4074
5098
4141
8938
2700
1953
5413
6694
9605
3274
8336
4263
7314
5720
1697
2183
311
8396
1784
2049
2863
3260
2714
9198
8474
3822
1457
6391
7807
5916
8117
7105
9741
7545
3685
8457
2621
3065
8396
3020
1453
395
156
4025
4438
1637
164
1499
2946
9629
6956
434
7884
6749
3829
5344
2696
441
8750
605
2380
4942
2588
2420
1704
4335
2600
5421
2883
4071
7889
4013
2251
3297
6528
3170
8135
8141
5967
6011
2225
8057
7040
120
4066
2621
9788
9923
369
4284
356
5390
9594
6831
8897
8840
3919
2452
2599
3532
6099
853
8904
2820
6922
8808
8564
8252
4173
582
5704
3047
7767
6840
5216
3171
6820
9421
4204
929
7407
1976
9713
332
1633
448
9686
4920
609
3998
3859
7040
4949
3560
4717
5048
2368
4406
4785
1895
3920
8585
2530
687
7345
9790
4834
8786
8862
6135
12
1581
8937
9084
425
41
6282
7875
3091
1677
6922
6197
5668
3502
7712
5549
2389
7700
4712
2691
1120
1748
1575
7738
2331
5647
6243
2009
3886
2883
5737
6021
8405
8198
2070
2470
742
727
4154
8217
8276
9819
7218
5859
1957
8260
9969
9973
6
3002
9287
5849
903
1527
1406
2372
4780
1567
665
313
5007
2989
4122
1068
1595
7854
7602
5178
3554
6384
8701
6554
8188
8687
7840
446
6828
8258
8428
7662
3915
4581
7877
3951
2108
8265
8808
8320
3337
1784
4326
46
1001
7176
7994
2008
60
6256
1070
7074
1921
1548
6202
6705
1272
2845
1577
2540
6259
2694
9867
6479
1484
2991
1482
4956
1823
9536
3712
147
9724
2091
9095
9967
9315
6823
6927
1069
3592
8806
8937
3143
780
9600
1301
3989
5291
1022
4909
8781
6400
6841
3892
3022
1106
8479
7554
3643
8365
6227
7181
1163
6686
1387
1585
3950
6506
8332
563
6456
1949
594
2405
9023
2475
6169
3180
2463
736
1639
4586
4754
5276
2045
5712
5395
4963
8220
5521
973
8104
7008
339
8938
754
2086
4864
5467
2068
2467
4146
3401
1442
3647
3602
9938
3993
8491
4914
450
1889
1752
2752
2868
1084
4673
601
4904
3497
6317
1264
9203
8641
9386
1621
7016
6725
9708
1208
1396
2903
9487
1276
7585
9409
1381
4927
3468
2487
1581
4114
3951
6818
6403
6293
3418
3900
2692
2195
9891
935
1037
9881
4000
3922
8650
6112
7680
7647
7759
2115
9917
5023
8484
95
1713
1439
6913
6937
608
4229
1003
6755
4294
9087
2032
4077
6288
1203
3559
4200
4666
9770
3106
2913
3390
5303
3401
3439
4712
3125
8380
8293
8148
7375
4630
7108
4469
2449
8577
9401
1942
5656
5631
8880
482
1576
2011
3126
9246
7881
6336
3152
2282
745
177
6654
515
7072
5550
6061
635
1025
8934
4138
7271
8019
5346
4412
3270
4551
7814
6835
7643
613
3176
4891
8554
7135
9402
739
7944
693
3393
8421
4524
1164
8538
5550
6406
7102
7553
2032
2235
235
8184
6026
1879
7952
9662
1413
2566
4704
6818
7442
1298
4825
840
9263
7751
7926
4194
5134
388
9344
2119
7740
210
9353
2461
8791
6148
1729
5178
5009
6743
666
4584
6781
629
7282
1617
8643
4484
9835
6415
8636
8852
4184
191
9300
1586
1609
3309
978
4178
2640
3214
8909
1367
6365
7623
7549
3773
6405
4737
1476
8420
3255
753
3975
5590
9052
1334
1170
3714
655
4360
7050
5835
6460
582
7906
2306
5163
7828
449
7559
9566
8981
2560
1522
5338
6623
1149
4611
1218
5857
5224
264
9961
1769
3334
3949
5418
9477
5191
2621
7200
3632
5765
8429
6830
6381
8050
3661
5528
1293
9413
3896
979
1209
2160
2940
4905
1756
9196
166
6433
1469
3933
4013
1002
6870
8094
9721
8707
19
4206
3369
9465
5842
9842
5171
7876
6322
1066
2608
8966
8643
4651
8911
5147
3296
6772
6622
1956
5012
9444
8770
6952
5057
7059
7373
5918
9462
5175
7566
5887
3015
2840
1328
1234
2294
8029
6951
9588
1396
8355
5901
9995
7275
5988
3441
3268
3654
8291
7837
7173
7011
1629
6637
2319
3410
7948
5084
1443
5403
714
7269
1333
765
260
605
84
6753
1052
5309
1065
1433
4150
734
8630
5985
1402
683
127
9535
1445
5061
2257
832
236
5103
9488
6632
7250
7859
1928
7486
7299
964
4061
4413
6757
5106
4612
8848
8855
1375
1582
6806
8283
8574
6967
8793
8090
1716
6208
5972
9327
3802
2703
9250
666
7858
48
9839
1212
2381
6159
9898
2259
5910
493
1176
2691
6410
1675
8966
5063
4164
581
8437
3415
6852
9834
1113
5222
2738
3871
1308
6800
2775
9498
9200
4772
3709
5767
2520
8917
2366
5003
9285
6614
4481
6164
7762
5726
366
9155
592
8050
2278
6617
7792
7811
36
3079
5295
8425
2302
2884
4436
2619
2196
4650
1781
1915
2117
4753
3652
2273
7504
4822
6458
592
1407
2308
8009
180
7091
8721
735
9873
7737
5650
5179
4268
5802
6344
611
2537
4080
7655
320
8376
6550
9491
3318
2379
3834
819
3812
6030
3452
8533
4684
878
2070
2037
8007
4913
7141
7537
6739
1804
6618
3815
3156
2243
3323
3055
1557
1615
9631
7234
7236
2959
3528
5312
8766
8427
1322
9654
1363
3292
2904
4544
1395
6135
8673
340
7160
1614
869
2086
3935
7098
5649
6354
8652
5731
515
9370
8501
3397
98
8077
5712
861
5086
2727
5538
8772
8340
4351
7978
4473
4524
2291
5420
1472
6834
7906
944
337
6310
1581
1821
9927
9442
1449
845
1558
6792
7999
4265
3134
1751
6811
646
7697
9157
5077
7978
1340
6527
9884
8636
5579
5713
7762
812
8456
6233
1770
5384
8439
4056
1786
6821
1974
2197
1921
2229
7680
305
2676
8601
4230
1503
9178
9187
8093
5171
5022
4592
3277
8177
1392
6103
8218
2608
9672
5789
3390
2726
6377
7049
4401
7907
6727
2287
8608
471
6939
4133
6589
710
8162
954
4837
5862
1085
7324
3329
4062
3480
814
941
5168
1427
1983
4062
5616
6057
5492
6271
8999
9103
5818
6777
399
1450
1264
1646
4235
6902
2905
9139
3633
4708
4935
9555
6450
321
1592
1993
2737
9632
7302
4375
1737
1648
2895
382
3878
7682
4761
6305
2850
3674
4883
1418
2811
2030
963
2125
283
5792
3731
9018
6201
1884
8313
2197
12
4845
1839
8267
10000
