265 85
6875
401
9527
6774
9091
2143
2828
9123
3451
5214
1043
9842
1637
5221
3068
9332
5840
4796
8083
7333
6496
855
855
7253
2581
4850
9326
3065
6477
3129
1675
2809
969
8507
4421
8215
1723
2287
5135
4234
8304
2314
9408
2065
3015
1816
2874
5644
1306
3134
4758
8753
4285
9196
6510
1909
1741
5735
6225
4492
3700
5648
969
9942
603
3401
3193
9757
5431
4011
3393
52
5347
9257
2834
8108
9984
6037
6368
8845
558
1239
474
5910
7568
1870
5015
4288
7847
2671
9179
1064
9389
8298
2240
2334
237
4366
4481
9859
7500
4714
1896
4655
251
4452
8749
6000
7694
8507
3285
2384
3140
5902
1343
780
1376
6444
5272
4173
5272
7964
115
9657
1116
2074
684
8763
30
5704
5281
4011
705
5956
8624
3999
3331
5153
9115
1454
613
5069
2578
3127
6003
4460
2486
6841
1766
1237
9868
3699
269
2755
6562
5876
7481
9377
6246
3121
961
7787
2661
911
1618
6227
6300
9165
2304
3628
1493
9979
8707
5733
9650
9234
3506
7561
5678
775
3051
438
603
123
6497
4262
6115
6836
2575
587
5316
8895
5238
1537
4814
760
5063
3707
8568
3585
6768
987
9045
3051
5725
7434
1881
5042
4647
9163
7235
3535
3335
7929
4027
5822
546
1956
7496
1147
7045
9197
6267
2980
8650
1187
1706
2495
5184
3509
6582
8579
2017
6120
522
8127
9208
4036
5871
1715
301
3770
9070
4807
4509
48
4839
8289
5360
6912
3965
632
2560
9443
8392
9104
2687
4277
4431
3790
3327
2142
9653
5052
6933
1226
9223
9687
9426
9098
1901
1067
1517
6435
5929
3017
1195
1770
8017
140
4048
5221
7146
4142
6286
1438
2963
8871
7955
8897
6917
9351
5685
1336
1835
7328
6094
7349
2332
8188
8731
7576
2235
7266
3982
1046
918
857
7333
3291
3929
3580
4365
6285
1493
3738
1938
3278
6000
9010
5226
914
3157
4324
8414
6989
9163
3788
5956
5014
1574
58
9442
9649
8351
6833
791
3747
7216
1462
2356
8969
3216
1462
4235
8346
7061
8510
1494
8931
1673
8602
7152
570
5510
891
6990
9159
3062
6229
7618
6355
9803
8759
428
4130
2647
1410
9682
2285
8063
7763
9489
92
7443
1760
3458
1897
8440
756
720
7584
8903
7380
6553
7589
6398
1675
9618
7596
761
6036
9583
1286
7171
954
1587
5054
7796
3288
3029
2188
5067
8661
7446
2114
7385
2036
6477
9040
6878
4279
876
2590
3057
1898
892
7773
1079
9095
1056
1747
2118
2479
7762
5797
9431
7582
3837
7857
4626
1583
3384
9531
9902
6268
7028
176
8567
7740
7906
6887
5397
4380
2539
6997
1483
9364
9512
5764
409
8776
9853
2457
1732
4418
2706
6422
698
8310
6355
430
8713
3296
5171
6462
9838
5257
6236
1883
7431
9436
7000
8630
5382
5098
3488
5247
9688
6571
4686
8455
5311
7846
7284
5790
8949
1362
9611
243
6862
8783
2107
9300
9313
3311
222
2914
7744
7976
7918
3470
9636
46
4890
8006
6577
9212
9113
7008
6211
964
567
8814
5070
4937
8416
6448
1267
5176
1074
4888
465
8911
5087
6215
431
8868
5012
7658
1026
1040
2121
867
5584
378
2880
2061
502
8233
4769
581
4990
9579
3185
5885
1802
7415
4866
1588
936
77
7103
6823
8593
7340
7541
9854
9758
6795
6183
4481
3751
5336
975
2461
6599
3592
9680
8391
2571
5178
9602
9491
7467
7331
7036
6495
4931
8620
983
2534
6651
934
2344
296
6689
1456
2745
289
1429
4570
9492
481
1755
2186
2108
8038
8751
7967
5873
660
8262
4565
3777
1422
8773
1495
7430
778
5002
6158
436
299
6322
2203
557
104
7503
7380
7760
58
7098
4792
866
1597
2001
2714
4167
7076
1793
6903
9453
7558
5885
6883
8489
5464
3251
4465
5380
2182
9869
9137
9619
5592
1546
697
6733
4351
4910
2734
673
3092
3802
2413
3641
1548
5993
5720
9590
454
1929
6156
3053
6607
3823
6890
3186
8687
4462
6517
6542
1934
5743
7109
8718
7754
1430
3878
6677
9983
89
6645
5065
1311
8857
4741
3025
9072
1889
2564
9075
9803
5638
2127
9480
3115
1582
2548
6640
4036
5180
7518
1211
7339
8907
9420
1705
8586
6002
4326
1898
6194
2583
1443
3833
2504
496
2495
4401
36
9624
7816
4340
7091
2024
8046
3412
1228
5972
3325
7583
2439
4630
5218
1560
9010
8473
8625
814
2344
4501
4212
5782
8260
9234
3731
2608
4153
1701
7695
5026
7037
4727
2014
8134
5039
467
7791
9705
109
9402
5718
4068
6227
1252
2490
5462
8105
1919
1545
2067
9157
915
825
6353
4763
8013
1607
3569
6198
3607
8533
2330
9798
3855
5498
6986
5005
4033
7593
9556
2233
7111
9432
9642
1890
2702
1793
7138
9097
6790
974
6980
4373
153
2107
9044
7596
1431
6382
9924
2743
388
5560
5620
4770
8206
6282
2927
802
4999
8805
2631
6147
7173
142
1639
1144
5850
1767
979
1471
3461
1209
3620
7506
9101
2820
9459
9200
5889
9160
371
2055
1611
8917
1606
5538
4570
2177
4537
406
2097
5133
7708
8184
6023
560
1185
7104
1252
2346
8785
1851
5143
5281
8318
525
3861
8379
2313
9796
2327
1488
166
4860
1587
6626
4408
7935
8106
4203
1420
1489
6036
933
8205
746
7400
2132
9368
9810
1443
4116
4227
813
3407
7725
5659
1273
4221
6550
2493
8443
47
6417
55
6044
1075
4598
2787
1108
1269
7644
5913
8650
1212
151
4947
6789
7876
2274
2123
8998
8175
5543
1152
6073
4365
1812
6786
8341
4715
223
6763
4750
8419
8499
104
7426
2817
8330
142
279
9355
3759
9668
7883
9531
4616
1694
7043
5147
7142
8118
1329
2413
4686
5284
359
8017
6788
1097
6189
3560
7405
4821
1635
2410
3785
3110
7751
475
8440
7285
1216
8779
5307
2595
7646
1050
2984
3026
3846
1451
2688
7042
7634
1573
7488
2515
2477
1668
8926
1783
1738
953
5692
5478
7031
2586
7068
5657
2690
7984
6195
2426
7467
3263
6550
5633
6086
7815
87
7515
4554
153
9777
5138
3960
6759
2245
615
6248
5459
474
1997
1600
3545
8861
4951
7713
6815
6344
8117
377
1906
9688
8423
4184
2127
7721
739
5516
1078
350
1787
9831
1918
1833
1380
2225
9344
9611
4761
4333
5122
9656
2504
3786
7198
1982
2394
3765
1326
9410
6358
342
4608
7658
2772
1539
1993
7793
899
2410
4077
7786
3699
886
3011
2727
1295
2337
8862
3648
301
2706
9228
8953
1271
6001
4225
3542
543
5820
2419
4500
35
1806
1080
8438
378
246
6140
2766
119
2937
967
9823
219
538
5295
593
1432
70
4059
5250
1694
2355
1939
2357
5582
5640
6156
4379
5069
2287
4754
6886
2595
8158
6592
1007
785
9864
9620
1852
667
2959
650
3476
193
1088
698
7834
6602
1953
1192
3191
805
344
4728
7065
980
1501
6499
454
1814
7658
3059
570
2975
5240
7329
1172
944
7728
3082
2998
1363
2499
5713
884
2636
3679
9513
4527
5401
7617
1909
8602
9673
2579
188
4537
8504
7604
2448
2845
5733
9727
7661
2
6669
297
4223
916
2450
4486
2775
1182
6521
8513
721
2068
9500
2765
6570
550
4688
4680
8132
495
2208
1684
983
7740
8509
6599
414
4985
6422
4075
6189
4958
4663
265
9128
754
4299
4097
544
4591
4244
410
6693
3874
3555
580
7827
8989
2343
2162
2702
240
2499
7424
9847
2845
9610
3597
8785
5429
9178
7887
4633
123
1732
1773
8640
2908
2899
8301
8301
146
894
3472
6625
9327
6035
5435
2073
9954
37
1537
443
4327
974
4572
635
292
1446
637
2399
7849
2878
7833
7348
2746
912
5614
5807
3662
3766
7678
790
1804
9389
3730
7198
5510
53
3420
8168
6771
4934
2917
9864
4361
9298
1219
1747
2022
9153
3923
9785
3800
2103
9426
461
4989
1790
9510
127
7184
5353
588
8358
3962
8136
5851
4311
159
3362
2233
565
7029
3516
1634
4215
9836
9949
8764
9942
3182
7179
9349
6973
7196
546
4251
1226
1574
2214
873
3080
2760
755
8705
1411
813
6571
4195
3075
3364
1120
6292
9320
1523
7761
7184
3201
4302
1107
9151
7575
5954
5472
2502
3686
4302
2067
6148
2496
3197
8290
1283
2591
2033
7710
4245
1491
6995
681
49
584
3097
3130
9915
1786
8084
7903
5990
211
258
2829
4869
4307
5723
530
372
3328
6505
7938
560
4425
9289
9913
2011
3040
1763
5828
5502
1908
1408
9184
8866
379
9687
6599
4140
919
7746
732
1405
6142
4259
2580
7253
925
2144
8820
9639
9581
5838
1300
712
2764
5254
5236
1255
786
6597
424
8550
2629
1696
112
8553
6926
5814
3374
1613
799
8577
4062
3712
2812
3510
2463
2646
2756
843
1650
3909
1513
1163
9946
3139
6101
3530
6204
4144
1401
3535
5924
2774
5398
4234
4235
3949
4960
2047
2712
2760
46
1850
8436
2883
1257
4807
9226
709
6250
1715
300
6487
2941
1988
4594
4922
8617
2523
5783
9967
4146
4695
1394
3634
317
9667
1631
1291
139
1309
8509
6848
110
3110
6478
3056
7254
5594
9784
9940
5163
623
2600
7601
9662
7413
2316
3689
7327
9379
5198
473
257
7319
6074
4374
3089
1845
5117
9272
7340
4403
2067
2628
807
3868
3545
8063
4738
2905
5696
3851
4379
4936
4638
8880
8390
4420
8650
8672
2079
2745
2229
8812
7427
999
3841
1543
2247
8888
6821
749
3413
4492
9332
5989
7547
4376
1546
8661
2388
8894
400
9271
3317
757
6293
4410
586
7877
9945
8590
5555
7241
4620
587
2557
449
3217
5007
3629
7650
1603
1039
1663
2620
888
2305
280
1916
5119
9773
863
6363
266
6333
2527
2929
5701
5208
1398
6713
1021
1001
3267
4518
2198
8334
4532
1032
2895
5173
4199
960
879
6857
1844
6657
7494
8556
83
6978
984
6014
1742
2176
777
8485
9860
7794
2024
6451
716
8798
8576
9542
9092
9434
3050
5983
3158
4936
679
5761
989
8677
4322
1842
2925
651
1783
9501
8103
8790
1360
8930
8587
2140
7589
9720
1526
3198
976
5776
6588
3299
3944
96
1442
8348
755
9927
2984
2232
1779
1037
3866
3865
5392
2099
8621
9949
1029
7683
1079
843
3954
9756
4170
592
995
4574
1046
2958
8238
4981
4570
2798
3103
158
2626
6360
8213
3482
7775
8112
7107
1342
5525
1096
3045
5124
8034
8836
8210
12
5823
5371
8562
8364
7718
8048
3172
6430
5827
9630
8805
31
3903
2229
2205
2234
9486
2832
1051
4132
2215
2887
8390
7564
7027
6439
5558
875
3309
2895
9883
123
4743
575
4939
2611
7670
7379
1989
3679
2285
33
8700
6584
8575
8885
9275
4907
7228
3103
1453
1816
2971
9223
3058
5603
9501
1937
1167
708
1983
3891
5542
1548
3079
1690
2162
1755
1681
3809
4434
794
6260
9728
9439
9987
728
7937
9745
71
3893
1244
7094
5110
1453
7669
5948
5735
1375
6664
195
1201
1863
408
6557
1778
1669
4395
7568
4746
3859
449
2133
2791
2598
244
9090
2517
2779
6916
9218
166
7587
67
4968
573
2755
8366
8241
3249
7741
7371
5695
7568
1680
6155
7237
2672
1419
8632
6750
1933
286
9999
6885
5233
7275
7380
3982
5088
2537
1235
2410
8178
7545
9414
7564
637
2894
4866
6820
6744
8221
3373
7270
7477
6616
8251
998
6637
1597
8612
6326
6123
735
3042
2361
9757
1861
139
1467
9364
847
5899
1443
402
4774
2334
5630
5721
925
4786
7683
5367
2511
4426
20
2762
9359
5111
5902
1092
6011
8989
2233
9815
9723
8047
5176
8546
2468
7325
7158
5640
1185
6558
1375
6447
6938
7850
9233
7640
1296
9152
6993
1575
6962
7316
5600
7717
753
1332
5710
7834
2356
8683
7608
4143
2682
3072
8285
7095
9099
5415
5982
1146
61
1221
845
6464
3476
7544
8402
2375
5961
8582
8326
6664
6932
9274
1154
5265
9158
8333
527
8137
5636
880
7670
8229
7033
1293
4817
8681
9056
3449
5600
34
2146
7485
6960
3918
7718
7913
2486
8364
562
1578
1599
1418
8907
4561
385
3555
6611
8182
636
4887
3685
9211
5897
7062
2168
6540
836
2653
9714
8148
4695
1683
6852
3595
5936
2818
4766
8014
1861
973
9956
6234
7964
8227
2207
8942
5252
4899
1604
5303
8190
8749
9934
4335
4028
856
1172
6698
3225
1674
2338
3258
1267
4103
7277
2918
8632
6014
3616
7347
2391
2498
8214
1288
9388
24
8985
8621
5974
5773
7374
3710
1046
932
3412
5652
4825
1223
3575
3067
97
6188
2731
1268
3284
4999
1264
1173
3312
5842
566
9678
3735
9398
5858
603
774
7526
4223
6838
6559
5109
840
3594
643
8726
3216
5767
4837
7762
6420
2069
8676
2711
2295
637
8029
1767
4814
6438
1180
1774
277
7511
9335
7822
8155
4866
7198
289
8505
2801
2037
6005
5376
6445
1355
2724
1277
4317
1638
411
7668
6951
8061
8309
5262
4090
8281
439
4199
7434
7017
3
4713
2087
8132
8086
1290
8173
79
5650
2480
2753
1229
1249
1861
9927
2199
8542
5121
9676
1063
2627
4496
1603
290
3356
6994
3090
3371
7799
3849
2476
1308
3858
4199
3385
87
5728
669
1451
3779
1492
9631
612
5686
2266
6569
1296
2362
3396
5109
6190
9970
6499
3297
7809
2042
8774
1859
5074
5363
3734
5703
7764
9179
6151
1895
5649
4483
2153
3673
9040
7293
7304
1801
96
6275
1231
6045
7401
7378
6759
7198
2473
9003
1044
9679
1404
1873
6028
3649
1741
8401
8885
5386
1849
2100
1303
1026
1859
3331
6759
6899
2100
4264
2059
906
891
9358
8956
522
1263
5717
9705
4648
346
4301
4976
8463
1645
8507
5426
5163
3531
3828
9761
2206
8405
2777
1516
417
5443
2428
7570
630
2447
2973
3575
4454
1424
2321
3176
3917
2736
3255
1087
1847
8662
1326
1167
8158
137
2547
5057
3092
6857
7838
5327
5749
8988
7495
2299
1726
5148
3070
2309
9894
1483
1873
2976
23
8856
1870
4089
421
6787
4982
7547
486
2242
1029
7717
4781
6374
7534
789
1431
2395
9353
1481
3755
1981
5473
9712
4970
4639
1398
1155
7873
8496
1295
1934
3556
4615
1907
525
9620
3505
6057
7324
618
4652
5388
8590
2507
3906
3352
98
9773
9561
8319
1047
5943
1943
7811
3121
4708
7375
7990
5686
8026
7891
1740
2668
5530
6103
1187
9302
8602
864
9045
912
9600
3717
4637
2975
252
5232
5587
5474
3305
6506
8470
3775
1249
4733
3011
2440
6624
24
2738
7173
1967
3664
5585
705
314
2224
8426
3104
912
9192
8388
3177
3148
474
8331
6991
3386
6906
8940
2717
7287
7356
1800
6347
5059
5149
6986
6425
6469
6285
2092
8285
1583
3227
9850
4885
2350
617
6129
2608
1014
1171
8701
8468
9816
7461
1519
5389
6493
3370
2748
3705
2572
6030
6858
2370
1971
2050
285
6081
65
298
9702
9679
4154
3581
4488
7358
3378
425
3355
7121
6410
133
9239
9976
986
4247
4743
3672
3369
6947
2054
8097
85
4129
4918
5148
1333
2182
5340
4017
7125
3238
8533
646
4469
1313
8569
818
6267
3998
4659
8408
9992
6236
1132
1435
875
8079
3395
448
4266
2318
8245
1624
6345
3046
3811
9380
7881
7409
278
5098
9133
2249
5340
7407
1001
9196
1328
5744
6718
3481
8382
2399
9400
284
5686
9897
6534
6001
64
5079
5881
3753
113
7803
6234
7385
2392
4988
3859
4713
2341
8555
5937
5979
2374
1401
6969
6821
6648
1451
7736
1462
8361
4716
5957
5440
8843
5717
3371
1027
6660
2791
2424
8934
9393
3458
9175
3249
5010
3296
729
6198
647
3107
2983
1810
143
2707
3748
6137
283
7805
687
7564
4985
5147
8497
2746
6719
7034
1339
2146
585
1275
3495
2369
4157
1490
5714
8246
2565
2552
3638
3555
14
9078
8550
5866
1240
3857
222
2507
926
2447
9773
7376
6905
5933
4008
2839
1777
828
1513
5379
5798
7909
6203
1983
2655
2581
937
5953
6985
3467
6947
1892
7139
1808
8218
5769
5456
1548
8962
884
1911
4629
4788
2464
9323
7954
4225
4239
2180
6332
7805
9951
4512
1472
6872
5285
542
3489
6590
4215
8453
8145
9762
5906
3356
8245
5931
644
4666
2172
1750
1340
5683
5849
2834
1425
7405
7309
7332
582
7969
4378
1425
6592
7204
7673
2747
9380
878
8752
3422
6851
5414
8387
9345
2647
4646
347
3996
2825
6240
6281
2353
3536
7624
3685
9374
1591
8403
4262
728
5098
1058
6351
4715
296
900
7441
8584
7546
5838
6218
3313
1944
5631
2920
7704
9817
4392
624
6491
1674
8570
4124
8221
3314
7756
1789
2702
3505
2295
3242
5498
4430
9068
1412
7316
6504
8126
3104
56
7127
7762
9813
3738
8023
2359
7402
6059
1938
6151
7659
1388
9766
3838
109
8783
3338
744
8829
1181
1972
5617
3898
235
2044
3195
2037
4470
447
2426
1155
2056
6111
6402
1242
2243
3409
7115
7182
2083
6954
5355
3345
6726
6700
2485
1107
7155
1394
8661
9547
4303
3303
394
4515
7222
9294
3107
9539
7015
3336
6666
3309
4218
4844
6150
5523
6440
2398
7968
1772
9901
2390
9313
122
612
2524
5977
8149
1197
387
5451
9233
6094
9780
7975
5833
2420
5415
7580
7482
8621
9583
3674
9916
9863
1554
3274
982
2302
5259
1246
7615
8376
3662
1034
976
6751
7080
6801
6429
2456
8341
5234
2016
8947
5184
2433
2759
9308
6467
32
8273
3027
3398
2836
6545
8762
4063
9742
9258
1403
9292
4302
844
4534
3007
9877
2204
7210
653
1235
837
1693
1164
9537
1515
8084
4804
1633
7127
2277
1927
1290
4864
9569
2201
7321
167
2664
836
1106
9768
9852
5000
5512
1758
5672
8845
8133
3412
8593
559
1051
8720
1647
1590
8993
5716
8796
7131
4463
3228
471
8095
2348
752
414
4912
267
7448
2537
7170
1383
5242
7650
7161
4276
3112
6
6415
2737
7518
5869
7323
7340
6056
8747
8532
7178
383
7503
7690
3600
6753
3950
1920
6080
2747
6096
1951
2422
9212
3033
1767
8172
4487
9339
6519
1017
6297
4973
6082
9736
5220
9603
8499
1155
1285
8631
2196
9540
9069
5161
7978
4451
319
7519
9942
9999
3730
1683
9716
6208
1508
781
164
4773
6853
7822
2556
7184
7924
9984
8854
874
529
426
2085
5635
7009
8923
6206
1698
4159
3854
993
4505
1770
2433
2112
9026
1603
3371
8864
1654
6258
4395
1306
6361
2236
8833
1788
5248
8769
8137
9805
7014
3530
1806
8642
6647
5521
3692
9301
5623
8591
2969
5707
3979
7580
9165
9681
8252
342
4661
3265
1523
600
3405
963
5521
3846
941
3937
8706
3771
1746
183
1948
4854
40
3639
1081
6046
698
2577
1745
3078
255
5358
4119
1151
4634
2840
9117
9997
7413
1055
2366
5841
9324
27
6710
5435
5547
226
2075
329
7871
829
3054
2912
2554
2347
5149
1969
7972
6723
9613
7178
765
9155
5484
1111
4978
5842
1524
105
6323
4635
6228
2978
111
2804
4561
4067
9650
616
8137
2768
1724
2174
8940
4957
1311
6007
7789
9136
6170
5834
3408
5462
678
574
8600
4721
5548
823
8961
105
6153
4086
1705
9938
8478
4891
8345
118
314
6572
3456
6813
6031
824
4558
6022
6639
7361
1727
2024
8990
6368
7493
1344
712
9067
547
1697
910
7806
7848
6157
7262
9283
1186
3279
8049
834
4739
7274
204
8291
8391
643
9965
4684
9507
4452
8929
7889
716
5864
1048
4368
862
8783
8243
2816
9428
8688
9318
9165
2016
6023
5609
6074
7022
315
4432
6472
2300
7000
347
1946
6026
9374
3621
602
6317
1901
1408
5042
6768
8993
3414
9292
1631
9517
6886
4278
4370
3735
3766
9631
4404
2484
7219
1810
882
9759
2450
1058
2519
6839
777
3507
8765
2274
7368
6722
9397
570
8433
6070
8446
2200
4664
4658
9139
1362
9684
9111
5523
109
3704
1817
890
9928
949
9815
5462
1717
611
6200
3233
2115
3715
9384
4505
8315
9731
7363
560
3207
6127
5899
2572
1504
1531
7400
778
5445
1447
6
1299
5242
2262
695
6462
7754
1256
4910
1712
8761
4934
8625
5217
6992
7626
4726
4936
624
3980
908
736
1397
7277
6487
1466
3259
2729
4039
5176
671
8120
5630
1131
725
84
9119
1807
5911
957
3424
4375
5912
9590
7414
6650
3414
7631
4477
0
7557
9835
9155
2081
1744
3673
5764
6763
101
1716
1747
4538
4790
2942
617
1006
7850
8732
2295
1199
3187
1879
421
922
4068
3497
2300
4825
3872
3390
4025
6201
570
6231
722
4805
6928
3767
8692
8358
5009
104
1755
9536
563
287
6636
2407
4831
8984
553
7375
6153
8035
6935
3673
2111
4791
7074
7206
6932
2927
259
2763
4639
8553
410
7581
171
3310
7909
1640
8945
4253
4239
1659
4066
9064
1326
604
9577
3597
6575
9417
7452
9682
1034
2145
4792
2523
1706
8661
1705
7095
1571
5473
606
1402
4316
8199
8011
8122
5852
4082
4271
6972
670
3628
213
6541
1066
6362
1396
1779
3692
3815
4745
966
6759
5177
7614
3259
2990
5936
7852
6817
7853
1134
6245
1359
1946
7380
7528
2386
929
3120
5810
3047
8696
4510
1700
5590
3735
9764
4820
1955
4828
9999
4535
8872
4119
9865
1949
7246
8373
3186
1103
8615
2206
4813
7315
5925
5166
4959
9114
5883
286
2747
2544
955
7263
3542
9004
6382
5949
6386
3013
8998
8021
3738
1103
7683
7395
1562
1629
3949
2122
1967
7740
7369
1997
2599
2679
7345
958
8179
6471
5695
2569
7975
7622
8385
4259
1840
1440
215
3061
2831
1597
6995
6434
3743
7573
44
2366
4944
4649
9282
1921
8483
4587
2502
8861
7136
9191
4315
5896
1686
3848
4503
5164
9315
6649
2238
1632
7926
6110
163
4691
9489
3123
9251
1111
600
2083
1438
5257
7414
8696
3904
5044
6336
1780
1796
2107
1029
7863
7512
2732
299
8806
585
4190
6592
9394
1402
4746
489
8950
8720
3667
5008
4305
8284
2687
5066
8849
174
2086
163
1147
9396
3884
1013
1
5869
847
8972
1109
5767
5513
2420
9448
2288
36
5128
5318
8446
3023
101
8151
7388
7084
9063
1551
3063
2446
9775
9865
164
7610
5408
785
9316
5951
932
6009
8168
159
1146
9332
951
4465
4914
7191
3556
3534
4034
8048
2388
2065
1971
742
8796
772
5113
8197
4538
8498
4766
5968
5385
7028
6388
3316
3674
6644
3624
7105
502
3863
8764
8801
7563
6640
6525
6760
3928
8075
7915
8138
9760
1533
1481
4301
5642
6536
2116
4506
4579
9600
4721
3010
2646
5336
4601
2435
7226
8184
4027
8374
6460
40
6821
1008
3137
6972
7873
664
3014
4727
7927
8599
5245
4505
5889
2478
8987
3211
8346
7671
2563
9629
4493
8449
4355
3502
8101
2176
5646
6205
14
6506
6280
2748
5809
1612
3368
5518
2512
252
3257
1593
6252
3842
8275
3644
2624
1178
7194
2839
4806
4576
8792
2054
8046
1993
1283
1231
432
90
6590
3169
3041
440
7507
2017
8
5960
8691
4686
3112
4651
2694
2747
568
735
4729
6737
3758
673
4222
8966
9054
3506
8310
991
2280
9427
5974
6965
1697
6834
6928
4951
264
5197
7753
4906
255
801
3229
2006
2510
6302
2199
3764
7868
4781
2468
2217
472
3488
9632
9402
4141
5204
2610
147
8739
2610
2098
3413
4725
3815
7217
7015
716
1864
2992
4449
110
5343
3084
5657
8187
8191
5475
8957
7877
6704
274
2579
2415
988
3047
2401
9674
4574
4111
1113
8074
8421
1687
9256
1662
8311
9991
4414
837
6553
2032
5179
6929
5717
810
641
5030
6612
1825
4139
4106
1393
1671
968
5584
2319
9692
3249
749
6215
8265
7834
3875
2573
5784
4676
152
55
9766
8383
4473
4210
6513
368
9084
2223
938
7082
9802
1174
619
1097
1092
3430
6636
8411
3377
2702
387
5969
1786
1653
5919
2140
4375
5801
2086
8595
1625
2949
1979
6980
7345
330
907
9261
5978
2088
6159
5752
2200
4795
6824
5886
9927
1559
1595
5525
6606
2375
3258
556
7169
6581
2663
8216
2446
441
5596
5903
5772
6112
6811
3381
2581
5426
2519
8133
8034
7759
2198
7012
1038
938
1005
3295
1663
1455
7719
813
6246
3182
4790
4035
594
9146
538
5365
8367
1085
6913
1290
8835
4534
8129
8649
7955
1611
4252
6466
6699
4790
2940
9109
2533
848
8267
1323
6675
8484
4335
2368
9627
4746
4301
1112
1261
6128
3564
8012
4293
1161
9467
7125
9788
1194
1777
6201
4168
1548
1842
8011
7212
2251
4248
2643
307
1845
367
528
3594
2174
1044
8930
7008
2
3945
1817
7681
2299
9449
5699
8082
4645
6759
5567
4157
4939
2820
1807
1042
5681
3856
2489
7536
9554
1200
3335
8156
90
841
6385
2076
1751
8368
1594
6058
6902
8707
8328
5566
8298
2347
7559
1170
8824
3414
1987
1257
9838
7239
4655
3034
526
1696
1125
4957
9623
2561
2026
6222
1229
4349
4159
2802
6130
3279
6579
794
7765
3636
8149
5479
2750
6691
6140
7934
8764
8600
3260
369
6889
1289
7988
4777
384
2360
3880
5019
8490
1839
4674
7581
2516
5619
5093
7475
2860
259
2450
3695
9929
7679
1992
710
5680
9538
3577
7389
5608
2606
4994
2855
1252
6620
8465
8306
8396
2913
4980
1524
173
6229
2358
9955
8985
2213
1929
8823
4715
1946
2901
6356
1277
1552
3778
1103
4043
981
7128
5958
1046
263
7064
5573
7786
5152
9573
7534
2715
6021
1861
2062
7328
7669
5748
2937
1742
4524
6147
7833
8632
5722
2269
2243
8534
7102
2751
6467
4483
6511
6403
4704
2842
3060
5319
6403
5504
9729
2679
1017
339
9944
3461
5251
7827
6254
8926
9061
6915
1308
7965
2044
8474
8184
1717
530
673
6241
304
1459
7812
1887
1661
9334
3776
4256
1580
7016
3120
2407
9802
247
6047
245
218
727
8180
9590
2798
2734
9468
1391
9100
4493
5035
2379
294
9498
1039
3713
393
6230
4531
1029
2755
192
5469
2709
4699
7340
6273
9991
9784
5826
688
853
4074
6391
119
1728
1688
3008
4913
3663
7244
4766
8801
5042
4933
2068
7995
9864
180
6424
9308
2597
4652
3329
88
5640
2266
8329
7531
7437
6588
5763
136
1291
175
3927
9541
412
1214
9103
2072
8145
4355
5182
7185
7651
9391
6868
446
7866
1094
4241
9267
4470
2971
5608
4817
336
2312
4724
3623
7214
4826
8238
9098
8387
7939
6047
6502
8125
5934
2116
4784
2156
1128
7376
9001
896
838
6103
3375
3730
7772
2903
5695
973
7392
2360
1208
4155
5431
9526
6506
5476
8699
543
64
4564
8281
3722
3521
3802
7236
552
1257
8620
6995
8479
8285
9159
6037
7680
2311
9061
1879
6658
4044
122
3770
793
5831
5579
2658
3994
4002
7590
4763
2908
7132
7846
5326
8945
4513
63
1624
322
1951
3286
125
2173
470
8797
6868
8619
6093
2768
1059
8011
2224
4673
2026
9991
8565
395
2061
8707
1920
904
2990
4671
1117
6322
230
261
3086
7041
723
9213
3401
4740
189
2110
685
2617
332
6109
4106
4888
8923
3255
9543
3835
5490
9208
9836
2751
2150
4207
4707
925
2938
8108
9975
6446
122
8951
5308
3019
4043
7947
2688
7166
2831
9548
986
9882
1312
9219
9046
5524
6114
4181
529
6031
7084
5105
3381
1334
1230
3120
2029
6194
3757
4608
1141
1971
8102
5607
5878
3794
682
3595
2970
7578
725
183
356
4591
1520
9950
6918
7613
9249
1894
1114
8899
4849
6222
9013
1489
8052
3567
4951
3411
777
5728
6427
5018
4301
3554
1954
8847
389
8928
5184
5824
9754
9033
4708
1672
6079
9418
1511
9689
3682
2997
4156
3762
4711
8502
4323
7567
5630
1927
1468
1255
3386
435
9893
7770
4825
2670
4859
6873
2502
5828
814
4585
7302
2132
6883
3558
9701
6144
5452
7589
6268
7880
2204
6690
4949
5296
7453
577
1247
8368
9269
2091
1623
6805
1673
776
4515
1093
5608
3019
1477
6349
2949
9375
9490
6546
2178
837
2219
6055
9151
8278
5364
2425
1974
4671
6199
4597
2615
6067
2628
4081
5730
5792
5115
5852
5216
9123
2478
749
2143
7177
6893
4422
6929
1303
3941
4830
1762
1611
1352
2485
3562
1552
2535
6307
2637
2204
9746
1802
7336
7947
1766
4047
6869
3154
6903
3229
4514
1788
1032
1823
9338
157
8975
1383
4169
4316
9782
8859
4790
4899
4407
644
5716
1748
3613
5752
1999
7474
3696
4188
6922
193
2153
8741
6686
6952
6856
6468
9635
2289
3993
5523
8990
4753
2009
1506
9398
7952
2107
3236
1816
4465
6574
3150
3188
9859
8696
2481
8619
5114
9574
9200
2753
9618
3256
2427
7818
6410
2724
3271
2897
2504
9446
6846
7063
2970
6462
9881
7886
6291
4755
9122
3087
7760
930
2789
9631
8647
5558
6474
1394
8976
8493
6161
3996
1391
8808
7628
2591
9969
4613
5983
992
9910
1446
6285
1978
3267
4092
2827
5452
70
5824
5932
3014
1448
7376
1462
947
9242
1773
4264
9976
7651
3919
7330
5886
755
5748
6183
5796
5283
513
1587
2860
9285
2788
885
3557
6079
5606
3014
3991
1798
9389
6872
1229
6941
6461
1240
4646
1134
3651
644
5411
7891
9972
4078
4209
3018
5283
9900
8085
9225
3535
7242
9047
3771
533
8716
9606
2764
5766
6044
8707
5113
1024
3407
470
1039
1090
8835
8781
5587
708
1429
5679
3956
354
7947
8060
7380
123
7137
867
2347
3613
6449
2349
3814
4948
575
1035
4956
9987
3868
7055
3717
7809
8026
4227
3582
2052
8364
9188
7757
2258
6227
8449
1026
6659
2355
7080
4814
6184
7277
8656
9953
6860
1178
4407
3750
567
6581
3982
9677
3270
4137
862
4150
25
4241
7389
5331
6963
5824
7777
2866
2526
134
2789
1790
5597
8129
4219
7422
3648
7963
6714
1027
6215
2511
167
9690
7899
7874
1507
1457
1271
6380
9736
8546
4993
9355
1771
733
6848
146
7005
8971
3831
2041
5758
9861
6232
6262
2977
4607
4200
3389
8942
3771
2502
3404
6831
8870
4480
1088
837
8519
9231
2000
1062
9106
5998
6161
6120
4508
5091
9375
2640
4196
636
4623
279
5297
2750
6864
5692
6901
2734
3247
6165
1131
8898
2515
8733
8597
1056
6650
1656
1057
276
8105
8308
9162
5067
1244
8874
2298
7430
8956
3759
7793
2734
6052
4502
8434
7219
2977
4187
9374
1172
8250
1668
1443
6463
7617
6929
1771
7112
6006
7813
8487
9889
910
1009
3816
5727
7745
2633
6194
1956
4513
9989
6315
4828
8287
7974
2234
8533
6759
7422
984
4647
2900
2901
6085
8617
6647
9612
4130
6397
4392
4553
1139
1432
8511
958
2064
3009
8762
2458
3033
175
777
1495
1914
4185
4312
9933
2698
8999
534
1077
2470
2556
2725
4239
1821
1128
6662
1692
4242
8632
9775
5109
4096
630
7466
1550
204
7914
6719
9279
3337
3184
8182
1762
2340
8512
899
9315
6747
516
1273
7971
5691
3035
1509
6987
5696
420
7648
5221
3507
7805
2204
1350
1649
5556
7917
3963
2897
181
2294
4774
6843
1669
743
7580
2645
2548
7552
6449
7752
2866
585
3168
8108
191
4062
2143
5670
5266
4238
4496
6158
3879
1692
7602
1779
4935
177
2683
2106
9346
7192
2024
5266
9728
940
6285
6244
1477
3089
4127
3829
8186
250
7813
1717
5163
8984
4868
8921
6795
2938
9894
2027
5551
4809
2352
4443
7080
7496
2745
8159
9856
1375
8273
6776
1051
4838
1291
9385
277
4590
2066
6782
3731
6691
828
6879
2298
3128
18
1840
4023
3191
2333
6543
5786
1908
1020
1580
8190
6704
2491
1446
3190
1361
456
3224
7214
6965
6557
1145
4370
7394
4148
7625
1878
8208
2745
9552
4679
9910
3845
36
5554
788
6047
2435
756
8841
8716
521
6817
333
3578
726
5098
9160
5204
1208
2142
5432
1057
6205
8972
626
1183
9356
7358
503
3578
8525
2420
2701
590
1096
639
7221
5813
8036
3666
2481
7478
4401
9401
2792
971
9295
4531
569
544
3776
2121
4050
8136
6545
2509
1675
3674
8657
5548
9458
7714
9892
1611
4197
3128
763
888
3090
2483
34
3691
6258
6272
1742
9202
3130
4651
4335
1946
2416
2492
426
4083
8508
625
5271
9379
4479
9053
1426
8655
55
4553
872
1546
880
1261
2290
3028
9172
4692
2426
5979
9092
5466
3051
5662
7805
6206
339
3772
2544
7403
2635
4550
9136
8493
2796
1008
8473
1676
5540
2296
224
6809
8756
4080
9199
7252
2616
6141
8115
4384
2038
2711
929
3413
813
5048
3443
2239
7393
3468
9828
5148
1096
693
6435
8424
5127
331
6879
2835
2562
8917
2528
504
897
1512
4916
7523
3422
4427
2742
9581
6826
9274
8270
7099
1198
8746
3019
8193
8417
465
8630
4235
4660
3744
2782
8714
6636
7956
8414
7980
8800
8844
8646
2210
8546
7644
2057
5428
7313
2738
517
3317
2044
8086
3107
3205
2355
6024
7974
4528
6398
5699
5399
2862
5212
1114
7963
5437
3466
7050
1112
7785
1479
7524
3189
1805
4723
5012
8438
4011
8873
2751
3544
7472
3020
2008
8459
8106
6122
8510
564
7780
2685
3311
6550
3392
5562
9803
6401
3506
8419
1227
1270
8793
9812
2760
5414
5246
811
420
7363
7719
9134
4024
8569
1700
1735
936
8367
9571
9078
5710
4278
5030
1463
4473
5049
646
2205
9164
2694
2854
8832
1132
676
5534
2218
3005
9219
3502
1028
6648
8694
3453
3876
4001
2510
1738
6417
733
3426
7832
4252
3960
8950
9435
6982
6330
2121
843
1909
9204
550
6722
408
3381
7673
3939
9103
6297
3138
858
7954
2441
551
7808
7033
6954
4160
1100
1945
1532
9726
46
8364
5773
1821
1931
9089
7531
5547
2660
9598
9516
9380
4427
6153
561
1623
9630
9024
3034
8650
437
8703
6347
9315
3249
49
563
2486
9375
508
3908
1613
7538
2872
7721
305
6770
3229
8223
8599
8939
4941
4812
2173
3066
7432
5059
7392
2391
5285
7026
807
3141
8757
117
7918
2993
819
9341
8328
3934
2652
8232
2758
1319
2924
9793
925
1507
7682
1764
5575
9447
1293
7692
387
3051
1210
9703
9155
8939
3170
6141
3133
7657
9192
1477
7550
1656
922
8441
9936
990
3465
846
2318
9335
5646
6034
377
7016
8028
5777
1796
3646
1224
342
1827
863
1754
8820
3820
8445
1648
8900
8262
1509
8387
5185
7664
5252
1153
8141
197
1769
1924
4067
481
925
7380
9437
2762
1946
8212
6621
9139
2398
2048
8366
1702
770
1694
8242
4852
1479
8904
1705
6233
2768
5851
1967
4264
5017
9817
5545
2174
6341
1545
4477
8455
6187
5386
1522
4059
8260
537
4925
2206
4552
2000
4187
8160
347
6493
5304
3968
1072
9571
7787
1727
52
5629
6821
8850
9118
3372
1168
3569
9789
4209
160
8471
5552
4437
5520
417
6758
9086
1758
9392
2059
8531
5355
8457
481
8917
545
3916
4414
264
1020
6834
5289
2893
5184
9471
7116
260
7881
1196
6038
4626
9645
9317
206
2990
3192
9863
494
1828
5221
5642
7626
1069
7298
4494
2606
2856
4305
1226
2862
4048
7641
1045
3717
2884
9527
6912
1035
8137
8144
7570
6794
340
1252
9744
2736
8719
2476
591
4129
4038
9388
8633
2588
8262
7802
3872
8700
2273
7361
7930
2995
3202
6233
8499
1120
3675
1054
1271
7062
3871
5067
4317
7073
4494
6514
7820
2653
8508
902
9916
7336
9354
9834
2594
7982
2438
2536
7773
9581
6727
1995
2605
23
9223
8799
7971
1064
1701
9713
908
1072
8020
6880
3235
5202
296
1227
2639
9164
8462
1119
8077
3100
8713
3636
14
1763
7910
6760
314
1085
5842
1991
2093
8855
52
8635
2879
1484
5172
1417
2443
3109
5884
1400
8000
2820
6555
9928
8789
2873
8367
3660
9965
484
1419
1079
4407
8824
2673
6383
3023
5124
4841
5401
4259
6852
5619
7981
9579
2568
1717
1881
6280
2907
6448
4333
2456
9346
2145
356
4645
2373
9993
8648
5105
6330
6843
9481
308
978
2232
9667
9301
4153
1782
7951
7991
2775
9532
371
771
5048
7977
7260
1087
7131
7914
3737
2326
273
4303
52
9608
9361
7086
4088
4903
789
2715
2129
3278
2502
250
4465
9954
3941
318
7931
3199
5082
4615
5522
2095
1261
4482
2445
2082
9371
463
8318
3503
1642
334
2525
6866
3520
4315
344
6465
2856
4071
1048
2665
3540
5132
9281
432
800
1406
4073
821
9155
5677
9972
3828
8564
9066
2125
7217
146
726
6372
3759
2805
3143
1730
5103
1463
1092
8428
3242
1011
4310
2533
6079
4987
1735
7735
3593
7120
7130
9377
51
4541
1207
908
891
7619
5160
1432
3756
4143
1786
8554
1032
894
5698
9710
6790
8437
3283
3409
1625
8104
6897
6083
9387
843
6895
5803
9697
3069
6876
5576
9404
3245
7207
2346
2847
2403
9031
7000
4462
1265
5939
6162
5144
4645
2098
656
8188
7674
3200
9303
7112
9236
894
8228
5008
5863
8370
1817
881
2130
8394
5911
7355
8671
5067
1711
9428
201
9773
6963
3121
53
4696
2854
3315
5048
8214
5795
8286
8279
2372
8656
5375
8348
963
5943
859
3430
8661
4759
9459
1093
9501
6825
1702
9444
3689
3258
2242
6083
2082
958
7308
8741
8784
4639
179
1932
1044
614
5393
7341
1543
2955
2257
2692
6304
5999
1409
6628
9485
3196
2379
7297
3611
1795
2972
60
8425
4651
308
3954
3486
1830
2854
5254
5381
5411
2242
141
3184
3815
6076
3350
673
516
9949
1773
7240
5609
9385
2696
3479
3583
8471
4151
4208
271
3772
3003
1075
382
48
2740
4344
9456
9384
4447
879
4186
8947
6128
1769
2830
5162
1723
8935
4773
3573
9466
9696
1782
5772
1338
8027
4731
9498
2852
372
5968
9442
4919
5424
63
9761
204
5083
6918
2011
8104
3651
2332
8849
4122
7825
2127
1265
7571
1952
7043
133
4658
4133
1970
5348
9183
9725
566
9101
7905
6780
3045
9107
3852
8936
6718
680
1892
7260
4332
7938
9405
2989
3572
674
6138
9680
6616
4026
166
9037
997
6804
2316
4907
5129
3912
4258
1620
138
5561
4358
941
2691
7390
305
3823
197
389
3896
9732
2256
1562
6754
2931
2279
5026
3027
5731
8236
1342
1243
9773
5430
5399
2423
8143
4477
8287
4284
447
7615
7332
6103
7672
4834
994
4475
5985
2705
2171
1145
6954
1043
3837
2719
6731
2416
2678
6189
5503
4902
7665
1166
1898
1488
9610
9330
3861
1973
3555
9443
448
2282
1979
2046
144
902
6591
5192
7767
7096
5655
6356
6215
1492
2268
4033
8560
8595
9046
4803
1352
6028
175
5524
5136
3731
534
4109
2147
2782
1352
1308
6788
5783
2769
7171
9900
2767
7402
9273
9028
1342
8937
2783
7636
8665
9858
2648
7337
5015
4186
6891
174
9767
2608
4069
8419
8015
2206
4971
393
9103
8810
8390
6607
7642
2078
7006
3012
4863
7673
2168
5014
3007
929
2528
4171
9127
7865
6388
8432
8235
2798
8253
2756
3007
2487
3481
9899
6376
7772
5139
2645
1866
4081
8885
6265
9742
9692
7626
3920
2063
2674
6259
4015
304
9011
9941
9900
5415
4102
1063
6426
8225
2515
8002
7189
4141
64
7369
1410
437
5017
5619
9194
5216
1873
685
8572
9081
7269
1178
7132
746
408
1912
9709
8270
2436
975
7912
1571
1878
3883
5120
1778
83
8559
7158
295
9383
9035
9534
6945
1901
1787
9750
324
2389
319
5549
7779
2172
361
5515
1556
6485
2600
517
5355
9573
9371
718
370
3819
8985
4761
3575
6892
129
1949
101
1036
3177
4536
7762
1024
5740
8566
4337
6854
9535
5673
312
874
1180
9242
8345
954
7015
6845
9602
7253
9408
9841
8858
5279
7435
4815
651
7264
1758
8153
927
1114
9723
5898
7107
2391
6712
5489
8666
281
7008
9397
4569
1726
7424
9611
9229
416
780
13
1405
8656
1444
687
1752
2637
2756
3959
688
7399
3033
716
6110
6731
9990
5080
9848
5120
8949
5965
7929
8713
51
3623
9732
1543
8954
2459
8301
790
3682
564
4575
7133
9151
5976
9102
1592
2636
7325
961
8140
8563
7426
493
6022
2230
7229
7676
4031
4482
2742
8249
3678
6727
4474
8399
722
6179
7517
6681
5197
5200
3780
6983
7912
8446
6782
1397
571
6162
9256
3861
7735
4558
8896
5950
914
7152
6706
2934
3052
6946
6933
13
8794
969
7283
8288
5363
5584
6286
3170
6074
1739
1395
2675
9155
2384
4249
5100
1789
405
6076
4135
1837
5010
8574
2029
1592
4097
2617
3084
6288
4991
5243
6819
4876
6402
1069
6706
7910
8671
1397
9130
6882
6639
6063
6998
901
744
2357
9235
5722
1074
5031
9947
743
7224
5508
8080
2030
393
2226
5177
2479
6110
1685
6527
2059
6345
6834
8844
980
8544
8312
6362
6577
159
7948
1472
5071
436
680
500
