113 90
16525
3656
6395
583
4435
3579
5067
1880
3688
2441
6224
9
432
9064
4151
2415
9124
5279
3303
789
359
766
2977
2218
4110
4911
4144
4064
4470
1536
4456
9645
2069
9182
4046
5324
5362
2376
79
3965
3545
9117
9035
9828
1896
9155
5304
4741
9295
4273
1281
6174
6591
654
4763
8304
696
7955
3700
4386
5616
2419
313
4262
9973
2459
3555
1497
966
1287
5088
9520
1551
125
2491
1237
7590
1895
7380
8103
3251
3598
3858
8870
6515
6645
9059
2712
1356
8894
9874
5242
2933
5925
6594
1685
6176
2147
964
6407
1993
735
7013
5979
8070
4280
55
333
9539
1105
3285
3669
6728
4234
7346
5363
7158
9674
8483
4719
2629
3535
5549
7232
8348
2
2111
253
8977
6015
8389
2956
689
9404
2465
2755
1346
3326
8504
2219
1270
4392
8389
3534
6114
6271
1368
4973
5989
1699
2580
1109
4468
1271
8626
3788
4224
4683
6018
8576
4555
9240
2960
4117
805
5294
6692
5712
4747
8125
5155
5890
5050
3153
4985
4533
1855
7207
8862
9852
272
2942
6123
2354
886
9959
3079
8409
5491
9964
986
8951
1449
4403
7888
1220
2063
6373
162
7163
3991
6938
7877
4879
4643
7044
9531
7187
576
4710
3304
2218
7719
2939
2513
9846
3781
1034
6197
2957
1989
2395
2791
2889
548
5966
9689
5669
8452
9924
7508
8637
7156
8205
608
6612
2554
3980
943
1234
2964
8325
1490
8185
7536
1191
7614
5249
8466
1638
3045
2126
8885
4023
5196
8354
3393
1322
5427
1695
7166
8726
3056
877
198
9471
7841
3052
7260
8431
6773
5627
353
5003
754
2871
5966
6519
8683
1151
1545
8023
296
680
6259
8974
3361
8050
1113
4216
2714
6365
9671
2110
5294
3844
4199
1222
1839
1761
7032
357
2557
8532
1963
3572
4511
5290
6929
3237
8205
2119
277
6610
1346
8979
1221
1340
9377
2842
7194
6855
5234
7873
6164
2140
9641
6711
5356
3054
6480
8663
7821
3512
9703
7331
3837
5797
1188
1756
6904
2214
7297
9170
2567
8463
9488
2978
5151
9004
5026
1102
1296
5028
7221
8950
8349
2960
8441
2338
9458
7498
7887
4219
2607
2671
7603
3092
2670
5317
820
9714
51
4282
9533
2535
7615
9288
4736
8705
9869
869
9019
7653
1616
227
3449
7925
3899
8679
6498
5564
5705
6198
1025
17
346
3634
7051
1628
1979
415
5694
1140
7560
7887
5415
1661
3566
4960
1477
5016
1461
2396
6996
3767
8056
290
4774
8725
4755
9959
15
3208
7362
969
1408
481
4260
3223
5769
2437
4227
9546
6934
9147
2121
5909
2375
2446
2624
469
6350
9133
4753
4536
8761
7167
1812
1521
7064
5344
6067
5723
7653
247
3870
8268
5092
98
773
9287
8406
6997
406
271
8977
1376
6871
3311
2009
2768
408
974
4830
8343
6071
6501
3808
320
4733
1040
5029
2904
7248
1447
6704
1929
8729
1956
4209
3428
6114
7930
9305
3236
7688
8624
1276
9370
1974
551
8369
4188
6598
1806
2942
2
479
1292
1327
6617
1019
4435
6689
8301
9216
865
9687
4426
6091
538
5910
1682
1418
6284
9735
5532
2834
1451
9361
1966
9099
4642
6905
250
4284
4643
7255
2595
9012
8465
4671
4190
2756
6403
2315
2320
6095
442
515
5887
5226
9926
6183
2321
3149
797
7897
243
489
8539
4833
8075
355
2559
5528
947
8917
1332
7648
9143
9738
300
4121
386
7150
1814
9315
3054
9042
1490
1093
8147
7758
7904
1563
2223
5449
5118
3389
180
4890
9841
7080
7733
7652
6126
6309
5486
8296
6660
4547
6559
1166
2873
9651
712
8231
7416
1816
4188
2418
5285
3664
5023
431
9668
1897
7277
9491
4977
3795
7365
8156
4422
8795
1043
8867
7132
1016
2291
8109
8992
7220
6294
4368
6043
2632
944
3443
123
5553
2243
7622
9657
1221
2310
5111
581
2048
26
2419
4367
8101
272
7526
1524
3222
3708
5087
3918
47
9001
9162
9632
7183
8163
5328
5166
9663
548
2585
5968
9569
9339
6488
3460
923
3960
8780
650
1248
7556
2881
5535
6689
2121
5358
2260
6912
8732
9961
3087
7321
6938
1850
7288
7559
2048
9827
2151
1499
8203
7813
6678
7925
4893
651
1044
4092
6963
775
8994
8215
5310
5498
1757
692
9815
9132
680
9729
7481
4812
2263
7092
9407
7219
2547
3723
663
2381
1636
300
6271
6397
3096
756
9457
9424
6075
8979
935
5555
428
3273
6038
1918
93
4353
3944
3151
4420
4845
4155
8000
5626
8841
1690
5904
637
2654
616
717
3108
3446
4629
3496
3470
4275
3643
4679
4949
3525
5769
8226
8887
7293
3615
7002
5868
7132
2608
661
2339
452
5787
3853
83
1738
9994
9188
2485
9113
4757
6826
487
2481
1306
6623
690
9710
903
8732
615
5369
5040
719
5704
6160
9221
7109
953
8185
4827
6205
9651
9109
5006
8204
6332
6356
2500
5180
2602
8406
2591
6966
2544
5878
1842
8409
5053
4362
7518
8166
1519
3543
1540
5617
9625
7367
2395
101
7190
2535
4365
7740
6206
2862
1746
8384
1622
5722
9376
5403
1198
1914
3696
7839
776
9035
5462
3839
7024
6082
5365
8299
8188
6779
4513
5089
4032
6185
9985
9814
8502
5960
1437
45
4793
5365
9831
4936
3169
1500
4467
8207
4832
1566
478
3177
472
4282
605
5786
3418
8794
9157
422
5582
729
5178
6425
2483
8434
9958
1582
4303
2869
2709
4083
75
5283
4859
2666
7507
6105
8076
2586
5764
2600
5414
2686
7943
3641
2163
2239
3985
1439
6437
2862
6277
746
1208
7566
4881
6005
4826
5011
5037
7368
1296
4873
1359
126
3555
649
2191
5055
8012
9896
8128
8037
9341
4808
523
532
9771
779
3117
4564
7583
9913
49
3577
9493
6039
9593
1340
989
145
2168
7722
7825
5320
8123
5185
2714
8403
275
9094
238
1074
7936
6970
5929
2250
1044
6365
3984
2400
2611
966
5804
9076
5990
1192
601
4494
8570
7425
9390
6828
950
4656
1073
3448
1719
9057
7490
9710
1364
5890
2703
3243
1372
9042
8918
930
4417
5650
102
4921
6143
5048
2672
416
1453
4198
2619
698
6698
555
9328
5343
4895
3060
1804
5165
908
889
7578
7090
3321
7278
8094
349
2027
9968
407
6561
5520
888
4348
1279
4792
3463
9828
1677
4813
8421
4548
4777
6271
3103
172
241
8539
4750
5524
3206
1857
8670
1033
4567
2269
2020
22
8692
8131
3245
9804
2532
8548
8742
452
5064
9812
7236
8978
395
8237
1086
134
264
8693
2456
6894
7578
7443
1236
3127
6482
2608
2633
4274
7667
887
4101
1314
7986
2556
5683
7635
6501
426
38
3065
9453
1565
6878
193
7319
6617
9115
1284
4760
1069
2079
7291
2142
8192
8191
8552
5200
1376
1860
1023
2353
108
609
4010
2004
2817
7401
8972
3157
7399
8064
1584
2742
587
1739
3611
1928
4166
3589
174
3743
4089
1510
4761
1933
1157
8217
1122
5749
1016
8739
7835
4393
1895
2151
2130
701
3835
6298
11
4866
1203
7499
6326
1113
2055
4482
7733
7975
6122
814
2668
3344
6904
2540
2770
1979
2208
6373
442
1339
1791
674
6860
5521
3700
9674
6146
8090
700
1879
7017
1026
7367
5487
2350
339
8551
8315
1124
7945
450
201
8315
6521
5015
5800
7617
8814
999
6354
4268
3066
5840
3912
3083
6209
7825
4873
213
8834
7618
5903
9087
2537
9674
3332
1171
6839
7299
6990
2424
297
4435
4676
1407
4111
4093
5232
3961
9409
976
7075
2335
9911
2706
5243
7087
8433
1007
8083
469
2713
8962
6200
8150
743
5699
2033
3515
6623
2929
336
8629
7759
855
3034
2690
2076
7217
5323
6532
535
1077
1615
9128
442
2107
2004
2285
139
4833
4856
5030
1866
3747
3913
4497
6783
8511
3986
3794
3586
1950
3201
9571
1790
9043
6530
2122
1493
9340
1107
2890
9408
4031
7220
7282
8352
2870
4845
2162
3543
850
9382
8462
784
5632
3496
8491
5001
496
6810
3930
3978
1040
9269
5148
9829
3824
581
6113
5797
5588
3692
6196
7504
3589
823
4180
5211
6760
7723
3031
9595
9928
5541
6252
7373
8446
7185
557
1247
9537
6758
6766
9167
1518
5535
6387
810
1050
7534
3052
3539
2964
9205
2438
572
7291
1820
3655
2186
4651
5142
5100
7981
1193
2439
4162
3597
5129
524
2252
5637
4537
8072
4359
8406
9346
4013
8851
704
5889
9427
2248
1159
8641
2610
7678
4801
5407
8239
1519
3853
7592
2154
7586
4363
9267
2284
1640
2071
1558
7899
9669
8727
5426
860
747
3303
656
2792
6468
3157
708
5225
3286
7448
8903
9419
6337
3411
4760
7801
4506
1615
4035
2649
3594
1433
8090
5272
9053
530
8250
3182
7262
5343
5922
7693
3654
7822
692
6035
3232
8846
2727
826
1142
3552
5737
8454
2903
2831
5963
684
4094
1995
1545
2769
3538
7856
7095
5763
9808
9064
4836
4616
7850
4575
8002
828
5547
1043
7637
5687
1501
4421
6359
6290
1064
1268
241
3554
230
9286
5121
2938
974
9399
623
262
6189
1031
2269
5044
2701
2879
3881
5460
6024
1487
4665
3927
2580
5464
1544
1473
3698
800
870
4130
6460
1982
8155
2926
5708
3911
2130
1363
6762
588
6413
7892
389
9863
9567
8567
1278
5070
2592
5046
267
4351
2702
5871
120
4874
7114
7490
5081
4873
8253
1029
5477
2198
8153
7032
616
3173
5144
1393
580
208
8698
7261
7813
9227
9787
7006
5531
5553
5585
3256
6367
1233
1631
1412
9989
6480
9216
7319
9270
5030
8762
595
5483
3543
8023
2406
778
1211
8871
8157
5237
8025
9138
4991
8495
1028
3693
6904
7431
7662
9347
516
5707
8939
5820
3289
8746
9842
4596
6149
4422
8400
1966
3366
7528
8289
2957
6129
375
1964
747
3707
9993
627
2330
6542
9775
383
8606
2791
2638
4316
5012
3327
5267
4713
6834
5639
6643
6874
171
4183
9825
846
5697
6806
1877
5
1085
1358
6423
7048
4764
4266
6084
5256
7514
5155
4588
3907
2865
598
8791
6322
9411
5971
2097
2836
5559
2293
377
139
7502
465
4828
2503
515
837
3542
3971
4120
6267
6004
7873
5936
8510
3967
7033
3037
147
4236
9720
309
5946
9977
4077
2960
6041
3316
1853
1139
8481
1395
4559
21
1822
7150
3945
1826
4019
1218
3993
2238
633
7329
1825
7536
2044
545
7908
5716
5854
4555
1909
4093
8623
6735
8626
1774
9972
2695
5223
3742
7418
4825
1874
1338
5624
9042
8308
5004
128
7288
60
1963
6486
3146
5025
6627
9109
1938
479
3184
5447
9746
8835
99
5340
4349
3366
3845
3681
254
1728
1794
955
5011
2773
9700
8082
1121
3639
1974
1582
8877
1748
7227
7462
4567
5096
8531
4694
7950
2463
4305
2647
9603
4825
766
5272
9024
4054
1807
7463
2667
3363
278
7874
5512
9239
7996
3189
2366
3316
157
8779
2326
989
4894
2209
8300
1163
2356
9663
5896
8402
1523
4483
3992
5712
6792
1753
1707
7093
5701
6620
3911
8090
2431
9409
9105
6667
2052
5484
3528
5625
3525
7990
428
3129
944
2692
5592
5559
5473
4566
4011
6253
7457
8534
5612
3299
2661
2283
9801
2946
206
2536
795
8140
9755
961
2248
43
1276
2815
2014
1415
7078
707
2425
7573
1527
9712
1580
4884
6275
5184
2510
6326
4893
2918
5523
9186
8354
4055
7151
1020
177
1609
1259
4481
7534
7625
8913
2240
776
1872
7009
1979
4070
2588
9540
7142
1903
6321
8708
2
6944
394
8059
1287
5731
9072
9322
9886
403
3953
6824
2020
2342
4608
5013
6819
4845
5891
1224
1247
304
1597
8820
109
6019
8983
6677
4244
269
4415
2249
9460
7920
2597
9303
1687
2041
4501
6500
4473
837
5792
1100
60
837
4551
2894
9124
3495
4710
8817
4645
1484
7006
7824
2868
992
6638
726
9175
2231
6433
5840
1595
668
4529
1335
430
3302
4496
1084
7995
1002
2017
1473
1613
4440
533
1338
8577
4608
9962
2246
3427
3352
6426
7231
521
5319
4760
553
1817
6972
5360
3186
722
442
6915
2939
2776
867
4893
8233
8705
7739
5831
5890
5505
9333
2196
8555
3857
4801
8922
4049
2648
5110
1494
8613
369
9118
9485
3183
2705
4910
258
3589
2654
755
7409
7641
4632
731
365
401
1887
3380
6302
4273
5681
6340
2492
2174
5149
7247
6855
5977
775
7839
1630
845
5684
5233
8344
5911
4726
5571
7970
3653
1944
3379
7827
8179
1498
1826
3373
5649
4332
2345
4955
7471
6735
3694
7683
8835
1371
7846
4896
8994
8633
7262
2328
1164
2944
8595
6858
4192
3121
362
1411
1112
9115
6638
6914
980
9521
2194
9681
7628
3267
1780
247
3837
87
4268
1812
6303
2948
9054
6636
7753
6633
9273
2394
6876
1189
4098
6418
988
1018
3623
1282
3766
8957
7116
344
1688
1671
7286
2838
59
2955
2622
4797
5413
5043
8340
4998
5179
9037
4348
5359
8884
8603
1640
5649
8119
9905
8721
870
7419
3899
1570
1593
2247
7763
5188
3484
5158
8810
5485
7999
9499
3629
9595
3681
3453
6025
830
671
1657
2004
8233
8515
8235
5193
9543
4754
626
72
2168
3756
4876
7894
7830
5193
2786
2267
3954
8628
8225
2440
8761
2568
861
2556
152
6139
5666
2576
4067
2808
6474
4014
704
7714
8102
4942
5561
5683
2969
4181
7937
14
2909
3192
663
9949
1681
1768
8603
2234
1412
8129
7546
2791
9133
1913
3832
5574
1736
9359
5016
5928
1491
3201
1077
9791
9996
4268
9686
9424
2075
688
547
9809
8577
3401
8510
4271
828
6003
7046
454
4457
4856
5855
5459
2129
1971
136
612
565
626
5290
5100
1403
3673
4161
7450
1880
1947
1016
3040
6651
5087
2776
9169
7093
1713
1681
8178
7721
3448
990
9133
9076
3957
6170
5144
501
7911
7886
5751
1976
1279
3903
6997
3736
6568
5790
4146
6462
3580
1591
9674
9291
6073
1193
9350
8417
1973
2368
1172
9920
2376
5927
2748
7906
6357
7318
8025
3261
9181
4158
3471
533
1339
43
7776
8852
3469
5586
9205
7368
3710
5324
7479
9893
1082
6153
8533
4487
7615
8459
7130
7820
8737
77
3765
1094
3628
8299
2529
9490
9499
1528
7656
19
7653
9245
5203
7177
2988
1430
1643
7441
3705
6298
3452
9485
4582
3505
9064
5399
7191
9723
4939
7411
5513
984
3286
2474
2466
2752
5927
1097
8551
4652
1877
666
478
9978
4823
266
9711
4991
5704
4268
7290
7710
2372
865
1481
125
2981
1522
7138
5037
6801
282
4422
1679
4866
5093
9153
1726
3269
2831
1999
8152
3876
9158
2433
5353
8258
4214
2490
3435
1495
9123
6072
2929
2325
726
6486
9442
9254
1380
719
1747
8228
5328
3156
1752
3463
8449
620
908
8446
5035
2534
5966
3848
1388
8485
5890
2143
9005
3386
3243
4351
2492
9544
2727
1948
5827
1978
374
1010
8245
142
3544
5276
9800
3673
9051
2020
1254
627
3395
7599
882
6055
4765
621
8003
5958
6747
4722
6397
8724
863
1000
1316
4022
2522
5948
5759
140
2871
3840
9069
6142
4291
78
3786
6668
6916
6586
6968
6344
4155
5712
3619
2729
536
1015
561
5591
4961
9253
9277
802
7590
635
4511
9239
2369
9582
182
1887
665
4731
5554
2868
9727
2550
7442
1571
5242
1196
4439
1768
1097
1077
379
1459
4761
7717
9845
7711
7740
2305
3362
8953
1917
3841
7446
1748
9732
8650
7120
1344
1281
362
3084
2358
8527
5915
2047
3790
7713
1285
5554
4309
8477
9770
7307
7120
9945
1397
8608
2237
2460
3759
4440
182
8897
6430
1940
1522
6715
2264
191
4137
2206
9873
9027
3470
8478
6708
660
8523
3507
1980
358
967
9012
1174
1674
1618
5147
1367
3296
2500
84
6805
6660
6825
127
2845
7321
2591
65
2849
7554
2925
3012
8269
1666
2949
7539
4776
227
8649
2827
8103
874
8334
9006
751
9115
7305
2157
6627
5097
4187
37
5180
1471
3364
9942
9990
8309
2399
9465
3372
8493
3572
8765
5782
6799
5424
5545
7746
4999
4077
2427
5871
8343
6412
7697
1742
7035
3560
9317
8636
8884
2574
3623
8696
8690
9607
3695
1694
4367
744
942
112
2362
681
8317
9571
1140
5113
2501
2084
7588
3457
1793
3962
450
7560
8964
699
6734
8502
3227
250
8745
6352
4020
9417
962
5804
6061
3187
9704
7018
698
9897
4111
3122
6017
3719
8917
1354
5820
6511
674
4171
6963
2453
4104
6492
1327
7487
6814
6221
7044
1257
7984
8270
4580
3774
1003
3709
4443
7688
3920
4020
5105
2859
8760
2971
5534
3715
5274
4134
9263
1350
9773
2342
4999
3877
5422
5807
716
2512
8710
5076
3885
1136
9120
4494
3295
3220
7124
6576
33
7044
4125
1380
2409
2447
9688
2101
6026
3030
1809
265
5051
7472
3228
8357
1222
4931
9739
7691
464
9497
4983
6630
8954
6293
8357
3542
5563
2514
3235
6398
7812
36
3878
9376
2737
2654
342
62
7681
1006
393
7210
1760
3527
7750
3045
1979
2006
8839
2215
5781
2704
2735
9479
183
7300
9409
6289
8659
6964
3314
1137
5489
666
5954
637
6385
782
7008
6203
1705
2209
5524
2018
5367
4241
114
9802
7404
8420
957
7339
9284
2476
4662
8193
4822
9951
4145
8727
30
714
9700
8556
92
8806
9578
151
3818
4681
8797
3077
332
2601
1972
2391
4785
4888
9930
9695
5888
8892
9075
605
995
6935
1824
6076
2851
5907
1946
7500
1763
164
9272
4091
4146
2311
3189
789
7381
5511
3185
7507
9585
604
961
5618
8042
4051
2402
824
9615
6124
9856
4682
8344
7514
5351
7938
8040
2054
3110
3309
3354
3318
34
213
6726
7676
4444
7777
1295
4976
7718
9521
3742
8802
7397
6875
569
857
2808
4501
9024
8693
9181
2883
7873
1720
6436
85
7945
9442
2682
273
6172
5958
61
8129
2401
3849
7448
4223
9951
3625
2771
8943
8109
6708
931
3689
5206
7749
2017
1829
5581
393
2145
2584
9058
2079
4639
2037
5617
8812
9394
7627
1758
7182
3023
5017
9532
6711
5521
5593
5147
4253
1555
3277
9014
3529
2139
1475
6668
7711
6501
4357
1774
9187
295
7339
6018
9957
2349
340
661
5069
1188
8666
768
3863
5423
5089
7502
3537
3965
2470
3322
8500
5642
9824
3808
5398
3572
5237
2605
9803
2795
7898
1117
7197
9923
7525
4748
4497
4792
282
943
2812
7991
5632
2321
1720
6598
2998
3951
9593
1764
557
2792
5783
3906
1853
869
9850
2526
7861
7018
868
269
4239
3675
1769
2706
1407
4180
922
7258
354
5351
804
3413
2060
9118
1485
5950
429
313
6012
7122
5149
7575
4362
820
8611
2361
9640
4457
7355
2368
3826
6658
9436
9480
1649
6134
2367
9592
5000
3400
3317
3795
7499
3045
428
6795
8261
4011
2275
9041
9151
7452
7717
5269
278
6456
6370
5944
8921
2326
6847
4704
2137
6995
5511
7880
9747
315
3377
1962
279
9705
6197
4448
8282
8927
1747
2869
3872
1381
3223
849
6764
2152
3793
6409
117
948
4616
3065
1542
7253
1816
3007
7049
4678
5993
6483
4191
2874
8061
1382
1914
2727
3698
4798
5462
2315
5970
5024
1748
5961
8406
240
6301
4303
6794
1701
3776
35
7097
6196
8280
7864
5629
3665
1409
5938
5913
3922
4513
7881
5158
879
7308
1854
3085
2300
8282
3681
9874
56
8630
6781
1691
9976
7667
3438
8022
5434
4463
5048
770
8832
9603
6475
1242
2179
321
4308
3506
9853
9937
8621
2999
7063
9943
7600
4833
961
143
2710
5358
465
6274
5701
6745
3841
6637
6598
8366
361
1460
4624
2390
5494
7378
7379
2259
1455
7725
4449
6807
4955
3847
2068
7801
7771
9374
5016
8150
1343
9675
9
4968
7860
2512
1888
7674
2176
6975
8980
6602
8349
6303
5760
1916
1723
5931
1320
1876
101
874
3854
4292
933
2089
2704
897
4426
2938
283
3748
1207
4134
3695
5312
1257
1252
8398
2851
813
1076
524
3860
5904
2131
5524
5284
1325
986
2727
1170
306
9272
7320
5937
514
4671
3166
5979
4150
1285
4118
3842
396
3240
1099
9176
4313
4184
61
6625
6611
6561
391
1919
2470
2630
2108
8221
4654
6257
6304
3576
4432
6792
8006
8754
7450
5765
836
4618
413
5608
1130
6617
7015
874
7708
6170
8093
3541
2836
4843
7449
2446
8658
9383
9367
3737
2715
6900
7560
8558
2145
3175
2244
2324
1901
7428
6516
1999
9548
745
9621
3176
469
1762
188
3377
6518
3790
1066
7634
5512
4856
4998
4680
2910
5504
9790
1289
3968
1760
6918
2692
621
8113
917
834
5067
6445
747
4168
5112
642
54
9039
6879
466
7305
5721
4212
4650
3580
5318
6947
2751
1952
1665
4423
9127
9874
5080
7029
1977
6156
4864
7491
2708
9502
2305
4690
6259
6967
2756
4263
1242
2932
4323
3467
9893
6773
5337
2218
3720
8918
5997
8832
3352
3734
5971
917
6978
7625
2037
5892
8231
1430
967
8789
5345
1687
1087
5258
3299
3022
2413
1243
9068
3056
7937
646
8705
3557
9351
2882
1089
6709
5147
3984
2987
7850
4326
4862
904
8462
8577
149
7169
982
6591
1471
583
6868
8255
4095
3789
7784
4717
8453
1288
3689
7625
4424
7068
880
3519
533
1966
2283
8793
9761
1188
7301
5922
2410
5108
2439
5484
7756
9710
251
8723
7237
4280
8017
2016
4120
1633
8383
939
8562
9139
7211
6153
9170
1122
4694
1588
8714
2208
7319
737
9115
51
6112
1346
8932
1673
9786
5795
8439
9978
9527
1277
1472
8469
3810
2831
3849
7764
5738
2043
2400
26
3405
2359
1029
1271
5798
8704
7415
8968
9196
6391
3362
6585
2095
6408
6243
2277
7077
1386
5818
6364
9060
6158
6013
4776
2035
10000
1869
1852
1791
7627
5543
953
6697
8395
2803
3893
7724
4172
3082
5578
1636
3414
3888
7592
5795
5553
909
2009
6589
1917
3582
8761
2893
8373
203
2709
7885
7838
6833
2307
9510
2511
11
4039
1683
1424
1830
6867
5022
9760
9668
7724
4069
8310
2142
5850
9837
5684
3178
19
5238
355
5485
3034
1622
8151
8780
8604
6723
9504
1284
3509
7356
2915
1517
3758
2073
2984
1047
4044
3273
4160
9280
3447
2267
5359
705
2874
9575
7865
2515
6106
9055
5746
6410
3788
8571
9886
9519
2207
5792
3169
2307
9635
3106
280
6043
2468
4510
6863
6224
6307
1841
7468
6007
5908
7705
4920
6693
7208
6918
5621
4834
5189
7003
2147
5779
2653
6382
428
5586
2857
9740
1378
2582
5302
37
1919
4962
7649
7515
156
1491
7748
1116
4997
3153
3388
5437
662
8351
5074
9271
3875
792
7305
2690
2462
4139
1709
427
5266
4893
7778
7854
3395
387
6634
2445
3129
7161
6369
7016
6042
1049
1192
9749
6228
3237
9286
1750
8506
1224
9730
589
4476
9208
2082
1599
7372
9341
4534
9870
5105
7331
6544
6831
89
6834
4018
8416
607
5208
6344
817
8236
9166
9266
4646
2037
7993
2120
3750
1504
9226
5929
324
4499
6403
9799
9386
869
7599
1736
421
4818
3712
6618
8007
8407
3100
1050
7060
7980
3653
410
2423
1005
5705
2269
2034
1290
2839
2766
4241
9437
6331
1638
1716
6886
5153
320
6345
257
5194
7135
528
674
6827
5051
125
4780
5964
2828
2982
8566
731
8233
1686
4691
8895
4771
869
8722
5176
2746
668
9212
4880
1851
1792
9803
4683
4163
7414
6150
1240
6049
2422
9697
5918
6778
9337
7246
7797
8715
7340
2611
3893
119
5864
4650
1501
5608
6663
4289
8853
7643
2356
7231
1750
4772
311
8341
3433
8669
7701
6943
3213
9771
4890
9247
4972
1855
900
4387
1041
4048
2314
4528
8098
4267
5151
7846
180
6821
3180
4877
2464
6455
8798
8730
7714
104
6349
8996
9059
4592
4193
9871
8659
3858
6683
204
8898
5456
3014
5334
3738
2900
5584
8419
931
5696
6089
6256
3365
1955
7982
8770
2759
532
4129
2259
8078
1822
7242
714
5665
2278
1279
4420
5188
5371
5869
6553
4580
2345
8518
5290
9522
847
1375
5315
5785
7311
5389
7935
3376
3293
1352
6710
1234
9113
7128
1384
6513
7103
8582
6613
9339
4427
5231
1683
1540
4579
1542
262
5359
701
4891
4476
6569
2201
2180
5942
8673
2665
9936
8719
9842
7382
5662
6367
8598
8257
3976
1276
9524
4628
9754
2261
9849
4387
5250
3299
3759
6015
8290
4704
6550
2763
1491
1954
6946
2778
4274
2424
3121
6608
5723
3282
7984
6744
6011
6810
2011
4675
5499
2120
3679
7346
8400
1865
8947
5096
5182
8686
3482
2951
4488
174
9923
6948
3374
4566
21
7128
9429
9343
1872
2933
8919
1317
5858
5400
4052
2331
5085
196
9929
181
6679
1411
8715
4854
4835
142
7986
573
5183
7396
9537
9430
929
5732
4712
5229
765
5775
5970
5442
1350
2257
329
8593
7120
581
6932
8621
6173
6242
137
2265
3524
4481
389
2053
7693
2704
9555
530
8932
96
6625
6625
5298
5008
4314
4643
9742
6275
7718
6397
7199
3082
5406
4184
2725
2079
8352
1061
4553
2115
3639
8493
2050
8481
6902
6748
1388
1078
422
2380
4867
6064
4436
2841
4146
257
3927
2346
4818
9391
7809
7573
7037
3502
7003
7719
1993
4598
7506
1966
1480
7770
884
6763
2922
1304
7226
3622
1767
8681
5767
8785
8723
6284
5441
4387
6104
9317
1646
2894
2225
7387
9347
1264
2173
2257
2618
2128
2605
5403
7379
3338
190
4454
1434
3816
700
6822
2417
2581
1125
4049
5405
184
1833
3243
5901
6199
3484
3435
1266
6918
8262
6794
4751
3931
5894
7678
9921
5366
1251
2201
4743
5819
4840
9595
9494
6940
6186
3168
731
9401
976
3602
9327
5865
68
5401
4805
146
580
687
5693
5595
7588
4587
4703
4488
699
8745
5689
2516
4043
6969
9100
8032
1565
210
9437
8436
9605
2744
2508
5079
2046
586
9397
125
5958
2717
462
6084
5372
7034
5240
3412
4932
7537
905
485
14
4028
9641
2623
8866
417
2033
3
8483
1201
278
4976
5717
5632
3580
7541
1512
4426
4888
3339
3802
2186
9440
6972
7819
3553
390
8169
7856
2856
3322
7461
299
9983
3367
4627
1966
4761
2330
8687
7394
7060
1207
2720
4885
4470
805
1643
5767
5841
2479
9194
6264
5712
6564
990
4328
3679
741
5442
6754
4790
1234
6822
7878
5416
3104
6959
5191
8185
6388
7963
9317
2926
7757
2198
300
9579
4829
3637
417
1728
724
9155
1606
7762
449
3252
3290
8730
6060
6889
380
6319
1122
7962
4876
4259
2491
4123
450
7614
5038
1407
4481
765
8398
6191
7989
1072
7322
7765
7522
3048
1114
8001
922
8775
736
3031
9545
9612
753
7475
7562
3633
4316
1674
8813
5558
5341
6698
2492
7001
1197
2287
2335
8724
9006
6317
2337
2274
2682
1370
1117
9703
1489
6584
9845
5161
8088
2057
1617
7884
9403
9945
9953
9955
4873
2915
1950
3481
7341
281
8893
3509
6040
2505
8778
9004
1805
1980
2272
772
158
5316
1692
124
5385
3538
661
7601
8660
698
5541
7456
2933
357
2044
1708
641
1863
8533
80
6057
9311
5594
8568
6236
6419
1683
1695
249
5893
611
129
6198
804
8950
8926
2690
3573
200
2742
693
4543
8273
4595
7973
846
3922
5122
7727
96
956
1467
1990
6001
8603
4048
537
8083
2617
4772
5846
4078
4711
2645
9330
2553
6279
307
1754
1945
3651
1503
9629
3341
1510
3451
3027
4088
8508
4097
8790
8887
6366
2699
282
5883
6762
4382
4896
5713
7885
5796
1331
5871
289
7648
814
8387
1811
6355
1746
1690
6272
773
5754
3775
5112
531
1240
544
1551
2331
1983
3667
1120
125
718
7796
4509
7211
7348
1687
1951
2981
8554
1150
5899
4910
5700
1348
2896
1509
301
4686
8916
8944
9323
9454
1971
223
3164
9515
1640
3967
6488
2330
791
3512
7723
1122
6350
6147
4186
845
9554
6893
4004
343
156
1238
2824
1414
7804
2566
1401
3353
2506
3141
4374
3676
373
9273
6758
5316
2956
177
5267
1403
4640
7744
3128
8561
5155
9070
7201
2187
6350
7689
4343
7185
2809
6643
9283
2722
6782
6970
7492
662
6330
9234
1506
1145
3351
6778
4621
1104
2514
872
2313
5399
3903
4530
3408
6116
1095
5360
4733
4408
7213
6175
8110
8724
5378
5403
3196
6336
4823
1753
1838
128
9738
1821
6807
1783
3149
2487
1229
7818
162
9170
2641
229
6272
8994
5206
341
5470
371
6150
364
8998
5512
1247
5318
6037
534
944
3016
5079
1837
3405
1339
4917
2539
7390
4148
5699
5739
3995
9706
8582
5217
6759
3207
8650
5850
4278
1099
4116
958
9076
2607
2242
6744
7108
5105
4738
6555
5459
449
5443
4493
5800
1668
2414
6229
4156
2018
1676
989
4974
7090
3285
7902
1729
2394
7156
4930
9318
6034
3998
2714
2160
615
2230
507
3683
2301
2556
3954
7933
6017
258
4879
7270
91
82
6468
3503
3337
2678
3346
5329
5313
5384
2082
5639
1723
7124
1187
893
1629
2149
2733
7842
5268
5167
2555
6371
4432
7874
4723
580
5732
3087
7743
705
5070
4133
1102
1144
7447
5046
1976
1929
8556
8823
6884
7597
7585
340
7458
4215
2152
8433
1317
6816
5429
1999
2056
2446
6802
196
9592
3877
831
6703
8481
6403
6674
8085
1186
2760
1677
1572
2225
7987
8779
375
4639
2207
533
7805
6170
4665
5178
5547
1329
804
1363
7363
9474
9358
8030
9100
8027
4853
3952
330
2078
2063
9987
6580
7567
8878
1991
4262
3499
2415
1254
2417
4711
7865
815
6967
7633
9501
1593
4552
544
2551
4732
7872
1451
9190
42
1460
6523
6029
2950
2410
8643
7266
1698
4330
8771
7223
1280
8809
8617
477
7331
7391
2437
9516
8372
21
7278
6152
2832
3812
3771
8591
5187
6592
1455
1439
8080
8051
9259
3716
7086
598
8929
1762
7985
6115
3123
7606
424
8415
9990
370
608
568
1891
7600
1775
7321
125
6690
3637
7286
83
949
3777
5801
839
4711
7925
6943
204
5251
2541
8999
3281
2706
2156
2311
4919
9803
3406
4436
5145
4932
9056
5589
8649
818
2058
6723
1845
2296
2062
7298
1763
974
8478
6996
8838
3311
8673
6278
2068
6228
2432
932
4400
3604
4246
1658
4425
5671
2197
2977
9498
1643
2893
3390
9787
4424
2710
2539
461
2620
3944
707
7065
9977
4196
8120
1511
659
7200
8090
8003
8794
9565
1700
5634
6423
8658
198
8942
9798
7401
9354
815
9861
3948
6041
5590
1930
3091
5532
1881
3656
3957
2740
6802
1348
8296
3570
5573
345
1988
8948
955
591
908
289
2685
9479
7574
2336
8976
3324
2081
2570
1985
4642
6297
2910
609
638
7782
2910
8841
8806
1793
1451
6705
8449
6772
5250
2851
599
3770
1021
7082
3051
8658
7664
848
1259
3725
7016
6535
2886
8994
3609
8251
156
92
8965
3664
3343
8292
6631
4720
1643
456
3259
5061
3955
846
3222
7530
1529
9355
9313
9568
5864
873
8477
1595
4894
3150
4305
5132
8907
9529
2667
2739
5216
4328
9242
4015
9395
295
2336
787
4852
4553
6356
603
1568
3137
2291
8914
3416
1623
7186
4809
2507
8076
9358
7694
916
5202
9873
7013
5598
297
3630
3695
8803
249
7138
5190
6400
9159
4882
2369
4052
8178
5589
6330
7718
8722
948
8662
3942
8479
8071
700
4720
478
6155
8089
4504
9778
6690
3163
2668
2076
5125
8955
4539
5176
8884
2217
226
1646
8339
8209
9507
7030
7583
3978
917
1309
2429
9081
2672
3896
2704
3876
8029
2457
1164
8554
8239
82
3323
6070
3613
9806
9466
9770
691
9740
777
6101
3297
2512
3230
2164
589
1826
86
6784
9646
5363
890
2070
3808
7925
8476
2471
8983
2552
5897
2742
9346
2637
1175
4192
5716
880
5416
1448
5695
7881
7480
9343
3525
2377
2057
4923
2374
9358
3680
1193
8933
8451
5233
1881
7254
2869
4552
6122
9627
4526
1081
9431
9690
4506
7244
3020
8992
9629
9250
2717
7099
8558
954
3184
8144
4321
6537
584
1812
6962
6250
683
7599
595
808
8946
6497
2636
8460
7675
1325
3541
3894
2513
8544
3297
8594
1251
2771
1774
8161
1888
2621
2333
1528
368
1587
1116
9307
5603
4969
814
9573
4703
2725
7047
9419
4990
724
6151
557
7004
933
1687
727
5475
2586
2698
655
6322
1882
2734
8560
5161
7389
7553
9594
2375
5902
9701
7748
3257
6371
6583
7199
4203
6883
6157
4845
5155
8235
1176
4040
7194
6335
745
7189
5213
3136
4175
6160
9934
7705
3148
6069
3852
5638
3105
1142
9421
7568
1172
5696
5772
6894
4298
3807
8871
1965
1499
4556
4171
4734
3258
7697
8360
6433
9429
8101
5452
8920
5271
6201
2525
4347
6761
8294
8872
7308
3956
5000
3224
7914
1855
8961
6664
7586
9013
4141
7132
5359
6342
7997
4652
6098
4018
385
1058
3921
610
1971
7800
7777
4073
1940
508
5237
8070
3760
9010
1448
2853
5586
4242
1000
6705
4276
101
4134
9087
1310
8914
8239
2586
3831
1568
80
92
6562
2881
9754
9624
4818
8984
3243
1980
2902
7325
9298
7440
8501
943
4515
8618
7392
1667
1907
3135
5885
8137
9635
8957
5724
2880
2802
7358
4405
7774
1841
6959
6279
152
8672
3200
815
850
7973
937
5914
9626
9240
7695
9473
8175
371
617
502
3430
2273
5489
8951
2410
9059
8077
3392
6433
9508
1943
9578
8477
8416
640
6893
5172
910
528
6115
7602
4785
6201
3400
2799
8797
1352
2844
383
4756
8768
5075
1726
6462
2273
617
6921
312
7503
5919
8474
2602
4559
4595
4005
2540
7708
6887
4505
495
2197
1615
1322
8379
3571
3383
9262
7199
5092
9533
8545
3580
6292
9626
7492
921
1686
4477
1841
416
547
2215
9410
4592
7586
4982
9806
535
8040
9284
689
8004
4015
9137
3689
3624
4926
6718
4642
2993
2522
1372
9815
159
2490
2738
4866
2066
6091
6105
5879
9325
2122
5081
86
1770
8624
9946
917
7186
4827
8230
5000
3979
428
9711
7027
7268
7157
7093
6068
220
4181
4943
8171
6924
4445
5833
7788
2863
308
7523
9448
575
2160
1855
6679
1456
3912
2378
8555
857
1807
7943
5742
1046
8340
6353
3250
6226
5999
8262
2168
3946
297
7748
5478
6473
2547
8689
7873
4537
3322
9972
1492
1701
3902
2710
7508
6462
2142
5450
7995
8384
6027
5473
4430
1797
1577
8527
4922
9294
496
2344
4782
3025
2500
4796
1484
1576
7735
1153
9297
4868
1044
8374
9901
8287
6666
8945
6223
6154
8939
483
5162
179
5079
6230
1315
904
8138
4910
1433
2670
1943
1524
8308
4571
7641
2019
2762
1353
7021
378
6681
4364
6317
2400
3858
1617
7549
1925
4148
921
1321
8018
5574
9595
2633
165
3680
5773
2942
7870
5585
9964
6007
3587
2057
9485
6735
7329
6536
621
5201
171
6145
2853
8907
5405
1490
386
9725
322
9642
9415
1535
3336
2628
7386
4609
8355
9250
7592
6137
7279
7006
9421
3369
1911
5138
6928
2195
7851
5145
547
3144
8879
8078
2891
8279
5487
2221
2398
6913
3933
7033
1306
5987
2643
7610
3423
4061
1944
14
8579
3735
3932
3208
3932
8021
7183
2632
7085
1659
4397
3287
5232
9503
444
6075
3589
8056
1666
8887
8392
615
5387
2153
7293
8012
9654
8628
3276
3532
7676
9470
1973
9739
7840
9589
6559
4502
8447
8356
1165
9690
2524
778
6184
1765
8879
7998
2316
1558
4943
6680
8220
3937
7383
9572
1860
2344
6235
4440
8861
7168
2359
7081
9275
4018
3756
1132
2237
6191
7582
7629
4167
9487
4240
9790
1258
2442
6556
7683
229
9033
8297
3145
1904
2235
8214
5357
7753
4472
9003
8925
5030
1366
1167
6581
1297
1668
4592
711
3311
1483
3770
7273
2110
9472
5235
374
4010
116
5919
5994
6747
4890
5628
3714
4111
2473
6244
4318
1504
2985
3787
8313
5748
1367
3810
4910
6062
4710
3532
3551
6768
4849
85
7316
3746
2228
3182
7709
2636
3915
7770
1476
5073
5997
5582
6172
9676
3864
964
0
2377
1697
101
1192
7916
8483
6657
6039
6431
9330
1917
9997
6996
1304
6905
7585
7146
34
499
9322
1682
9045
217
5235
3909
7859
489
6188
2544
4462
3637
1918
1718
8587
6677
4035
309
3515
7849
7149
7999
8640
3068
8277
3031
9178
7438
5581
1399
6567
4993
626
4158
8491
9730
1582
8508
3962
4661
9022
4072
5633
2184
2152
6368
1322
6989
8432
9114
1635
3887
9684
150
8212
2286
8976
4076
4575
491
8605
1097
725
1982
6627
4949
8548
2845
802
2382
6433
1623
580
5783
6522
6299
4927
1424
4503
8197
1092
2388
5794
4109
1062
525
2251
5791
5031
8447
2447
7706
7163
7378
5571
5999
210
8055
6060
8934
7449
69
9852
5821
6365
1078
2350
6801
9797
8541
6892
1145
8317
3893
6724
3448
204
557
187
78
7267
4631
8289
3553
6029
9644
5568
2495
2148
3174
3944
2961
337
7129
2963
1976
6991
768
3357
4581
3989
4866
4178
4192
7055
3737
6763
6906
7534
2698
2846
4272
1625
8523
8139
5340
8713
2787
7633
4436
38
1882
8430
5495
8731
2909
1442
2964
3726
3065
1384
3360
4532
4098
4510
2141
9376
9434
501
2317
2207
4900
747
531
6404
7891
5819
5967
1934
6551
8380
5704
4892
396
7996
7167
6156
2255
3419
6408
4662
824
3291
5222
8895
8200
199
719
4173
1433
4133
3112
9359
7193
6870
1937
5018
676
9521
1170
2206
5113
8584
2162
4545
2341
5492
1442
7642
6564
5659
6378
8542
8780
2012
2318
1576
7388
7723
397
990
3768
8869
1086
8384
9574
59
788
6006
3935
4158
2284
9252
7499
420
8890
7483
3217
1550
7385
4192
2725
7386
630
6459
4599
3794
4104
5816
5670
3247
3626
7255
1701
9231
9806
4653
8594
1621
1360
5786
7654
1778
5179
4293
5462
6816
4650
1779
4224
1816
4125
1073
4185
4749
4434
1865
7827
2662
3926
8060
843
5400
1012
9983
1313
3050
3966
570
9063
8083
6085
7605
6463
6681
9617
58
4547
3801
5717
3395
5676
6309
1921
3998
2647
3596
3975
3331
5414
5955
5199
9018
3434
1440
3437
8547
7149
4235
3859
8979
6813
9077
435
8122
6871
9241
2665
2479
1320
5395
6520
6174
9762
61
5571
1238
8074
8403
185
2840
1720
4319
1406
3668
3285
8322
9938
203
2866
1710
7079
4226
4232
9457
8039
821
5556
7615
6988
7287
609
4251
8998
784
4372
8653
995
8744
4216
1636
4918
3671
212
4478
1626
7435
8500
5455
4295
2858
6764
474
6820
7689
6436
1006
4502
2601
6602
1564
844
651
3794
8244
3246
8545
6510
6502
8658
2262
5851
4396
4770
2519
7299
8172
7773
2768
5442
886
6743
8476
7312
8838
1871
3953
5095
2436
4648
7186
440
3100
2566
3012
7748
3883
9633
3126
582
3045
147
7982
8778
7476
2789
1195
1259
3216
121
8096
4260
5118
3961
2437
388
5656
3856
6341
138
9386
9751
6183
8735
312
3314
3547
368
2899
6683
6088
8405
6560
7120
9124
9819
4124
8474
8339
3312
7972
719
577
6132
8346
4613
4181
8216
332
4465
9679
5283
1657
7531
6320
1199
7364
9848
167
3345
1189
7668
5810
6435
3102
4066
7646
6822
6228
3301
6001
1023
4110
1038
1642
489
2165
3812
2091
1482
8344
986
3055
9741
8749
457
6679
1544
670
1758
5055
2150
8813
2305
4089
8533
2040
3836
8714
3128
8130
2436
8588
4894
9380
1555
1458
555
5099
5884
8612
9991
2949
6306
6006
9278
9848
4684
6991
4296
1015
4237
830
4992
5519
6768
2310
440
3289
9352
4523
4163
8335
8550
97
4536
3778
3878
3398
7813
892
1608
4069
5418
3482
6142
7861
7919
8307
5580
3811
9683
4202
9775
2678
6627
7991
1969
2510
830
2837
834
3245
5316
7807
9707
2409
5264
8910
9680
7866
7532
9162
3742
1148
7907
9823
3517
8393
711
1643
7727
4346
9810
6578
1991
694
72
2600
6980
782
4728
4455
2398
7314
1293
1673
1481
8054
8738
1394
8996
4004
3241
7508
1492
5944
8419
2396
2578
4405
6494
5360
2160
5391
1423
3329
1810
303
4901
2650
1146
6637
2854
753
8228
9609
9534
6462
8661
6386
9555
9459
9165
4163
2260
4932
3284
5849
6379
7706
307
8677
9598
8065
1892
4390
1440
4660
8518
1839
3412
75
4734
1937
7809
6596
2572
38
6791
6685
9721
1880
1423
3579
3125
488
2930
7365
3990
4434
326
32
990
2719
8142
6354
9154
8377
8655
6850
1464
2670
4462
4799
4459
3667
4070
8449
2515
17
5315
5490
2349
9660
3752
3071
2175
8333
1853
426
7699
2095
8970
9735
7272
9550
4035
8221
4328
9507
2033
9490
2838
1665
5161
908
4547
1164
9048
561
6267
4163
8382
5718
3450
4439
9533
5035
2152
1788
3890
1141
7714
9877
130
7717
4633
920
4682
1352
838
580
2416
2714
420
6431
6413
3887
144
1650
2032
7728
9341
1363
3051
2668
1909
3285
222
2643
7256
6446
3218
4515
3789
1179
4566
5428
1384
2850
4039
7601
266
1227
8052
4441
4829
545
7379
4446
2848
7468
2484
817
82
3710
7410
273
7531
6681
861
4086
7284
2165
9511
4192
423
1756
7674
393
1437
1803
1556
4038
6171
8960
4595
6957
2276
6324
8244
7454
4529
548
6211
1246
2437
5859
5039
2157
4864
1932
4953
1924
2099
9248
3465
742
3036
5247
6729
5156
6004
4036
474
3607
1326
9174
2341
9272
6278
5879
2979
4712
2449
708
4719
977
3179
7377
8838
4405
4909
6998
2350
968
4401
5028
6803
9960
9028
7644
9179
6625
4659
9016
7821
4473
4958
6855
3465
4764
8715
9001
3821
2183
5852
5648
1393
5282
7448
7630
4433
4498
5116
6657
310
9342
5250
5576
5032
742
2245
2826
7111
1201
2575
7710
3354
1730
5506
2110
5837
4592
7062
9746
1259
8289
1486
9893
7026
5508
2156
1952
4007
9613
7680
6341
9029
1239
242
5698
9158
5505
8520
4260
7255
1356
4993
9824
8916
1870
625
5696
3679
463
6099
6437
5105
2849
8732
1380
4284
8021
871
4419
8003
1085
5716
6600
5046
1407
8870
6175
9501
2532
7367
8829
3744
1170
9986
6563
3545
3844
4422
5189
1383
7394
8968
604
661
906
5
7642
1535
8024
8938
605
646
5480
1556
338
603
7900
5161
2053
6349
2564
3044
4707
5359
1443
8459
5108
1131
763
2982
6057
747
3711
6113
5282
8728
8902
8644
1325
7967
5738
2822
7589
1665
5227
5039
5581
1525
3785
4271
7116
2072
508
734
9016
1045
4582
6916
9671
1058
8203
6075
1647
8209
1051
1871
5004
2187
205
7201
199
3993
2990
1829
8418
7335
7979
1396
2705
2103
3741
8658
3885
9005
8198
360
5702
1628
3536
7458
7666
5439
364
5452
7663
2086
6072
2354
3042
9415
7880
4679
7151
6379
6622
8093
4880
2191
5552
3370
5506
5736
2988
6379
9147
1564
9925
5535
1065
9812
4570
9489
8017
1232
6679
2080
2162
865
9794
4797
1405
9810
9151
7590
187
2057
4021
1049
5795
1796
6692
7385
9070
3234
1765
1087
131
6898
1378
1847
4819
3994
4492
775
8380
894
7972
609
8324
3205
2729
9271
839
1032
3703
7839
9673
9841
4182
1266
421
5499
2602
4613
4664
45
1914
3740
1101
8707
5178
1338
738
4458
655
1915
7913
9610
7528
437
7209
1345
9759
3149
6356
4531
2619
4838
3850
8711
8349
2140
2287
8142
3119
4380
3145
9026
294
6421
2290
3420
6401
8029
8777
591
6490
6341
4513
7409
31
4645
2234
8757
5249
7696
6176
5541
3910
7216
6086
2290
6606
4372
6424
8358
537
6289
491
437
9842
1281
8198
9553
4286
6859
5712
253
3206
7553
4814
4289
2622
2763
1935
9730
5174
5951
5551
4793
809
1756
6573
8845
6820
2554
3831
8567
4080
8096
561
9185
4034
3306
9299
5581
5002
281
676
7646
856
7411
9716
9567
6608
1835
2733
4251
3286
2078
5705
9574
7951
8283
1678
4047
168
288
7015
6685
7135
2301
1277
2046
9667
312
7566
9303
1645
1668
8983
4378
1741
611
3325
5286
218
9823
7874
9717
9415
313
3833
2658
4129
2009
4599
8208
3903
597
9979
4415
5546
624
2268
8739
6838
2950
947
6773
7007
6369
7239
2232
2536
1916
4016
44
1382
1137
1251
9870
1170
3250
1400
7853
599
5660
6412
1813
3058
5514
9936
7251
9320
2937
1694
8092
668
231
8893
2305
5274
8951
8228
7631
9398
4449
8901
3465
2188
7702
1880
1387
9473
789
1369
5511
5542
2879
551
4458
5976
959
3897
6179
2629
2151
3893
1866
645
1236
5116
4004
5859
430
8799
6107
91
8640
1062
663
4420
2358
3893
5592
1320
1191
9914
1483
8541
2056
5570
5909
1548
2926
9315
3209
2103
2099
30
3706
8509
5114
9308
995
9570
1040
9211
8897
2927
3277
616
6075
6788
7165
8250
1206
8724
20
236
8175
4396
796
7907
575
4741
7475
5141
9672
8536
299
1917
4656
2074
2137
7126
3431
4146
7464
9313
6346
3997
9985
8121
6863
4931
8924
2088
1600
2537
1203
8749
718
2077
4858
6352
272
8299
9025
7363
6859
2410
4544
957
7640
6938
9887
1263
9721
7020
1125
6840
1738
5467
452
1163
3981
8653
2593
6604
4783
4159
1499
6130
3565
1949
277
4818
1455
3810
2067
2408
2619
5614
782
6438
5753
300
1535
384
2063
5313
4375
1881
1939
49
4734
8838
4936
7450
641
6411
3405
2770
3265
9029
3897
2365
6773
9572
5223
5114
6688
971
8588
5254
6941
2764
6732
4381
329
9125
917
7551
4303
2410
5043
3768
2950
7911
9963
510
6458
5710
286
6390
3396
8363
977
313
516
4763
2843
416
5808
9722
9131
2599
163
3935
5718
1942
638
9154
528
1949
8925
3225
5492
5958
8055
478
3086
1187
938
6586
5658
819
5444
8257
1271
2473
9657
9662
227
7415
5179
2355
7932
322
6810
123
2496
4588
4135
8110
3402
6416
996
5302
5136
3733
1364
3549
2119
6998
5903
715
6093
5171
1970
2631
3325
2453
8796
3129
2397
2643
6151
5780
4168
3548
9687
36
1491
1704
8093
2371
8599
260
2490
3680
465
285
8732
6691
370
679
2386
7659
3868
1868
2190
319
1181
3555
1748
4673
76
8714
7376
8404
8042
9864
8055
1323
4536
3220
9850
7053
7907
5248
6302
6809
905
9350
9904
9917
7700
9135
6166
4860
3135
1114
2625
8247
2670
3245
1545
6158
3100
3252
8636
7372
6309
2721
5916
8459
867
7910
5107
4300
9668
73
68
9966
2230
739
9166
4741
2228
7901
1175
9354
5453
1953
9865
5487
1115
8682
4903
1802
1473
9962
9778
4096
1219
801
8197
3800
1601
2322
2399
6701
483
4829
643
9075
384
6519
1927
9708
3100
3265
8861
3292
4259
1211
8857
907
9160
8420
3282
3708
9845
325
717
430
3281
6942
7330
2063
8024
793
7564
3877
744
4830
1330
2418
1481
3119
8141
1039
7718
150
1585
9480
5923
9024
151
2114
4942
9006
1829
9100
4737
4669
2498
791
5087
3678
3905
5844
6061
9261
7565
8655
9099
6791
9119
3394
751
1992
1646
7523
38
408
1987
4779
5928
8837
8835
2688
7621
87
435
7552
8377
1096
3467
7273
9194
4942
3256
7331
6283
8680
2199
5364
5219
9885
8507
7758
6356
663
823
2854
2277
1111
5334
2232
9930
1879
1118
7708
7384
4831
9913
997
9335
8260
7566
6235
1945
9890
9935
9360
3899
3314
5803
5366
2569
1916
4914
9148
2806
1672
5181
6056
7675
5202
7164
4471
5458
8219
8816
3756
8203
6743
3052
4782
3590
3649
1571
5540
6241
6309
2174
4359
4292
6272
6604
7699
2867
5916
5741
6322
7548
6403
8764
3830
7729
845
6702
3716
2982
5704
5510
8918
2310
79
1861
1076
56
2537
5093
1786
7710
7212
190
5403
7484
2910
2895
1199
1624
9075
7600
393
5434
6782
3979
9910
7728
371
2388
5604
4843
5495
1442
1719
2964
498
7563
9935
3997
742
3338
312
8534
7009
3413
2393
8140
7425
3042
5144
7080
8278
3556
4829
428
8049
8833
1233
6747
5801
1879
5361
5263
2063
8628
484
4445
7818
2297
1002
3606
159
4344
7955
6388
2569
7724
8645
5566
1796
3768
1372
9556
1809
3126
3746
2197
5987
1397
1775
6593
3320
9279
3329
8634
7660
2972
6743
4821
4317
8484
7339
8960
462
6220
7525
8268
2159
5451
4297
9239
6844
1868
6637
2102
7648
567
3616
1222
6927
5344
8713
8390
6041
672
7741
9518
612
450
3529
7657
6438
6693
1592
302
166
5433
3334
6662
975
906
7375
7747
8401
9732
7486
7090
6227
3827
6030
1982
3274
7176
727
8755
9537
8597
9179
8823
5323
1575
8141
3068
3077
2244
1531
9756
39
8523
1199
2316
2198
7616
1020
5382
5615
2583
6439
6854
9381
63
2168
2537
7982
699
3532
860
8013
9274
7816
397
8446
6281
1085
9433
1770
4139
7279
6848
5216
7623
5670
2535
2117
26
6264
2778
3708
2949
4755
282
8636
5654
3860
8353
4546
6378
517
607
8131
6432
5
9963
5475
3510
4371
3384
2508
6127
9606
8514
322
7701
35
2877
2242
2857
956
3511
1210
11
723
2816
6919
658
8056
7832
2540
6449
9341
451
6249
7490
6161
6177
2452
6099
1510
8113
2208
5640
8875
3563
4349
3791
6322
9928
8245
1751
3601
3028
8908
4729
311
2627
5143
5412
1294
5723
6555
8745
1924
3870
2887
6312
7344
4045
1492
1418
4749
2301
7485
6562
3332
978
1307
2058
821
1293
8258
8800
7819
4185
1952
9185
6518
8910
2853
2875
8000
9713
2783
2227
6166
5367
2727
8747
6971
1508
6963
735
5073
1185
3583
285
814
4384
5752
3202
3034
8373
9047
837
6823
7245
7751
0
3843
4648
9292
9051
7715
9362
2437
7633
8699
4939
147
7090
3577
8387
7602
4322
4969
8261
973
3595
2571
2045
1079
6286
9491
5291
9833
5624
1707
1581
2547
4926
9995
9379
625
858
2337
4404
36
6821
7658
1900
1982
2852
819
1902
7162
1875
2896
2519
4287
3549
3912
9633
5701
3205
9931
8259
6769
1189
1453
2268
5898
4543
9713
9840
9953
1670
1648
6450
8945
4488
9915
1060
3698
6763
7473
9451
2707
4862
4345
5032
7850
891
3562
224
4104
1454
8360
6214
5699
8192
4631
3492
9611
2267
944
7616
60
6838
550
4514
4774
8161
1080
1019
3223
5998
4667
4775
1849
5880
5248
9602
7386
51
9836
6010
6852
8593
1991
1885
1102
326
4930
9613
9864
8815
3139
7021
7906
928
770
2254
9215
5434
8265
5867
2646
6950
1416
7318
5508
2062
5806
3820
1078
2968
1695
4880
9525
2250
7835
1789
5444
2213
1158
6861
5085
6031
11
3394
131
7722
213
6266
29
2264
7317
6252
3751
7991
9089
5636
3444
4435
485
3537
6802
5266
2165
1072
1011
3948
576
2406
9824
4920
2776
1645
5309
5829
8487
8627
4785
4686
3609
6722
2764
1914
5587
3842
2482
8414
1408
1217
4906
8563
4196
8393
8301
1785
446
4524
6278
2511
7467
7830
5034
7022
6065
2246
2822
5720
9753
105
7898
1269
809
9502
6276
1535
9163
8567
11
2256
5514
1902
3512
8371
8879
9050
72
1049
5333
4285
836
4065
6195
9356
1562
2488
2428
1587
8750
3280
972
9005
1371
6132
9547
5121
2729
53
102
8615
609
7242
5365
8465
7896
620
2445
4429
2482
1859
7970
6814
743
1395
5955
4829
6822
8327
3918
8294
4763
4452
810
4759
2331
1623
9911
3210
2075
286
4735
1492
9304
8604
46
6320
7238
7669
1547
7
3883
5639
7389
3205
5367
9058
7441
3121
2391
6936
2175
7337
5846
2477
9433
591
9300
4834
9875
1865
3099
6826
886
199
2517
6964
6524
5523
2322
6409
9867
3989
8499
6855
4975
1966
7387
9974
86
4128
9540
8225
6728
1093
4761
8964
5741
747
492
3779
7001
10000
2372
5391
9594
5997
838
456
6882
3540
6186
7629
1527
1133
5773
8126
2765
1769
26
2659
2059
6003
938
5785
6690
2113
3112
5584
4612
4968
6585
3979
6739
4990
9774
7296
3393
6697
78
6431
32
5239
7941
9419
2156
9987
9315
6819
9618
404
9822
8465
3031
689
9
5192
1827
2056
7521
9610
5189
5079
4119
4644
2418
3327
8494
1160
9092
8373
1916
3154
3830
7367
10
8232
4410
9062
2426
6749
5042
3063
1089
3277
4175
8390
512
2938
4260
8285
3446
1144
2583
101
4861
8667
1432
8910
9506
3967
9464
8120
8784
3642
4660
1310
8128
5057
1391
8954
9808
8182
8138
5110
2514
2408
9872
3093
4198
5794
1227
4506
6895
5889
8944
1145
7505
6450
116
5803
2620
2763
8789
4059
1747
7358
7851
4158
3042
7543
465
5751
1381
598
5888
1022
6743
7411
8768
2580
9744
8682
9558
4601
8890
6850
6858
4810
4909
2082
6102
4422
8196
4667
4553
5335
6036
214
2790
9348
7110
2346
502
9333
5705
5459
395
8213
6315
6495
8247
4594
9988
8508
2260
7091
4824
8159
415
8721
9624
8868
432
3648
1607
688
6804
2114
2101
2873
9518
7718
7701
13
3579
5070
6559
676
6117
5969
3262
5174
7196
8963
1936
4155
3637
666
2341
1248
739
4292
8364
3795
9275
5943
9834
9139
501
8354
7325
6913
425
7520
1026
3927
1567
7655
1885
7848
2630
987
1218
4560
473
1006
5051
5429
1406
5898
2397
3152
2159
1197
300
4128
5616
9472
4870
8397
3166
741
7719
5893
5791
7171
5551
2005
1255
4506
1027
6077
162
4605
6070
5830
9970
7072
8488
6879
8404
7995
7550
6500
7742
132
6005
2521
3096
1506
7554
5207
2764
8044
1758
2588
5481
4202
1341
6059
7518
9599
8549
2627
2997
5563
5309
8526
5252
7293
7270
2269
4293
9575
9849
3989
4820
2818
5741
6374
472
6731
6501
9144
1524
8998
370
6224
4481
3552
9012
5201
7381
2399
5942
2270
8838
4484
4207
2256
5684
2826
7174
3521
2148
3424
2942
3916
6699
7531
6702
5066
1624
2762
874
2614
414
1653
3121
5240
1192
329
6957
4145
430
1695
3334
3464
4973
7687
8584
9465
6603
325
2610
5594
4637
1444
5501
7407
8187
2506
5772
6131
7253
799
8678
8095
9142
2322
2031
7292
5312
1518
9649
434
6695
1767
1605
3879
6577
5075
330
952
2083
2995
4919
1603
2307
8471
5032
8424
2828
5305
1235
7379
1476
508
2931
9188
1676
2811
522
6485
9947
8747
2102
7211
3236
5154
1973
403
1179
9487
1889
4829
462
2301
7896
9410
8064
8450
4060
3758
5670
1741
6600
4776
764
7902
2729
4034
2432
7009
7236
8905
3328
3811
2646
4919
3085
8185
1938
6376
4194
1166
6246
4797
3291
731
6737
5029
7168
2735
6716
8568
495
1420
4005
1795
3944
1926
478
1902
2856
8768
2215
4323
3275
5917
152
5131
777
975
6577
7113
624
2238
9695
160
6383
4564
1858
7518
5526
2854
9379
2544
7060
9443
8050
69
489
7878
6365
2128
5896
1259
2431
7254
8255
615
4040
9488
4055
1903
4480
1616
3357
2228
1844
3053
4288
8336
2314
1320
1403
4970
7273
9276
2152
7461
261
1502
6703
9519
6651
4116
7707
387
7310
3134
3561
1922
5333
9695
3221
367
2874
871
3166
8071
5612
5678
296
4841
6850
1159
2651
7129
6163
6885
5766
2621
6330
6155
6767
9719
8145
8398
5945
1369
444
2146
7902
7437
4543
5823
3491
6793
8680
5075
411
8578
1697
5834
9199
3429
3901
7145
537
7542
2364
9094
2163
5861
4403
8832
2751
3229
966
2805
9772
7684
9591
8156
9574
460
1020
776
2643
9863
5742
875
7811
2731
4109
6921
1757
4475
6072
6900
5918
6303
5500
7986
1577
9139
4029
790
6315
500
3015
771
7081
8305
2194
7008
1993
6167
7427
288
8898
4812
2075
1370
1493
1389
2932
2403
3001
1078
8422
4495
4771
3672
5741
5713
5746
8204
4446
9737
7001
1094
3796
8562
7272
1522
8164
1001
931
7142
6971
164
4741
2373
8146
1640
7182
8347
8798
1344
6699
8428
4642
3216
5426
7318
2096
4495
7905
4299
4590
5356
9471
9214
2302
5272
8480
8360
3273
1647
5574
7842
3405
7333
1397
9830
5823
3213
5715
6512
2883
5640
9823
1670
3651
2802
9629
1257
5828
4914
4500
2455
4790
1020
742
1997
1894
5596
2046
9153
8522
2436
9167
5665
3794
499
1592
9961
2196
6833
286
6195
6911
19
9144
8043
8528
2204
419
7969
7038
7620
1773
5963
602
7611
2954
8463
950
4298
1877
6972
1834
5018
5604
4352
8514
5024
1258
9333
2991
5224
1976
5118
8680
2042
4640
4741
6516
9590
9783
3518
9140
1624
6409
4667
3450
4164
6124
2267
3925
7267
2317
4204
8066
8549
3900
6111
8484
8040
3361
5538
9153
2029
4218
5640
9298
4868
556
8282
7316
9576
996
2431
561
3244
2122
3906
2744
1698
9866
4474
287
2164
6451
5965
3470
1400
5423
6733
7936
574
9603
4426
7499
2874
1093
7528
4890
4488
1579
3442
2027
8760
3521
5587
5808
7155
3071
5571
2060
3208
1673
789
1112
7783
1628
1160
2286
2866
6662
4944
1648
8192
4892
8402
5598
2598
747
7956
422
9728
4958
3254
6973
4660
3638
4030
8225
8103
446
4284
9136
5377
1396
7089
5256
8509
6702
5249
1862
6985
9226
4111
472
4818
3935
2598
9651
8022
7500
3209
1407
2241
5619
7308
7110
5069
8281
684
642
6432
6940
1219
1402
6868
9535
1126
2121
3268
965
9183
292
4242
9839
2244
3045
7213
1879
1466
2789
6883
2498
2508
3901
9286
8285
685
9852
5935
1206
4175
7498
2551
8451
1341
453
2791
3412
5297
4420
2114
6276
2173
7075
4342
7586
7523
4073
4968
5377
4953
602
8904
2009
6952
36
5417
885
9494
6777
5187
2350
6709
1009
8001
5145
2343
343
7477
1002
2165
8177
5168
2167
7224
5868
3438
9433
7240
6049
508
8108
6792
75
252
2948
7808
6964
9084
2853
6391
1919
2731
181
3427
2234
6091
395
8471
9288
1701
2633
8939
2723
8149
5205
3885
24
6900
4699
8859
7538
9092
6961
1742
655
4611
1819
8223
670
3275
2356
9532
7951
9398
7638
4115
1717
4024
138
2230
9667
5457
8222
7467
7943
6841
7927
4444
5356
9309
591
7248
4887
1573
4800
57
5951
1049
249
8748
459
9341
1831
8095
2763
760
3426
5962
4374
9074
2455
2680
9082
718
3866
4240
4258
5394
7137
4970
9071
1700
1140
9154
3285
4404
4282
8543
6497
3383
4981
7342
644
8698
4157
7812
8411
8842
5196
800
134
8578
3520
4375
3769
5908
2486
5919
8173
5261
81
5327
2541
9852
9320
8731
2935
1340
1271
5028
9761
4642
7879
1075
1619
8361
2008
9908
1114
2117
4657
2338
7770
5473
4419
2891
2424
3134
9360
3807
3968
9019
6570
868
2364
7699
6634
7535
2881
1736
371
5604
5664
7074
3161
5483
4321
8180
4031
9398
2316
1040
9697
9986
8303
1058
3272
4831
668
2015
410
1083
9238
1021
6853
3503
3768
6685
8001
4534
7185
540
451
148
2765
6609
8460
9684
8529
834
2082
6790
9326
2514
9501
6734
7127
3936
6933
583
5523
325
6686
3864
7651
5041
2683
635
9970
1938
6224
7803
1510
8303
9118
6798
2078
1158
2704
5730
9036
4604
575
1912
7443
2660
9430
4039
9121
5541
995
1563
9232
3348
8819
7377
656
1097
4551
3457
2819
570
8167
8357
1010
108
7183
4714
1546
7849
8235
318
3947
597
1605
85
599
1282
1672
9707
3534
5670
9787
1914
8203
52
5329
7019
5780
8628
9977
6948
1097
610
6871
9084
5208
2170
2494
6846
8806
7493
2513
4785
4679
7230
1532
7656
7952
8460
9065
1710
1867
4189
1905
626
3006
5858
7091
66
8328
8847
4160
1583
6041
362
2203
3044
1405
771
1632
1638
127
8410
2591
7874
3194
6807
982
1992
52
9663
4035
5433
1696
6559
9155
6657
6672
3693
2862
6730
6918
8564
2097
4391
3048
3522
1914
2412
4687
7790
7153
6854
4239
4313
6169
203
293
6174
3792
7017
4384
5106
6893
8132
6673
8311
7604
2749
3625
1878
6521
6333
3478
5716
1991
5130
7215
4059
6111
2296
8979
701
3112
218
2326
1954
535
5331
9031
535
2531
2147
886
4220
3070
1707
8231
573
2062
5438
753
1773
8769
8369
3245
14
6312
2876
2267
4099
2784
9681
5984
1521
7833
4307
4210
3477
8102
8689
1300
696
9569
2294
8135
120
350
3760
5583
70
3308
6750
6341
7362
6488
4209
4770
5062
6265
4964
2685
3277
2276
8958
722
3391
2847
8896
2167
8532
9162
349
9542
2000
2185
7218
2689
668
1638
8237
2313
832
1917
5267
3892
2905
3385
5395
1617
1764
9032
6988
8819
4915
2819
1924
4283
5050
1186
312
9875
457
6364
559
6740
915
223
6641
9747
7408
4960
6491
1493
8013
6146
7830
8315
9112
8287
5346
6194
3860
6056
8332
3473
8782
2231
9492
2776
9776
7386
1438
6232
1805
7477
1439
9193
6743
6732
6842
6958
3865
3457
7285
7798
6837
8514
2301
1442
378
667
416
1449
6215
7522
6638
6385
9394
6215
8270
1149
9208
1952
5121
1536
7110
5388
2518
9271
8855
6264
9592
3377
7253
5395
9547
918
2595
5807
7570
7565
5845
6827
3307
3648
5468
9584
6101
4215
2188
5594
1215
9368
584
2424
3525
3014
1823
868
7965
4362
2217
2106
451
514
6760
4154
1322
2152
6177
8022
783
9610
5571
3715
9657
6834
2151
2665
6412
7793
4580
3546
9752
6237
1209
6782
7074
350
8909
8752
9356
696
4631
9051
1535
4041
8030
5473
8059
2284
6832
6655
8408
2959
7129
7872
9743
1123
4097
5924
1049
7638
5967
1133
6121
1107
1221
7275
4450
7392
2248
2813
8438
9517
6728
624
4921
2090
1446
207
2614
938
8352
7470
9637
2691
6244
6485
5722
2713
4739
7258
1750
3961
9430
1772
8262
6641
1886
7651
3656
2149
472
889
3304
910
4740
6327
2006
1426
2789
4336
5249
6577
8417
6672
4690
8045
6152
9098
2685
7285
339
533
1276
8377
7264
3998
8760
516
3476
7633
2658
2327
3129
8701
4986
5506
7730
9927
2446
1273
873
8953
866
7153
6482
264
340
2423
3774
4843
4837
4887
2762
9416
6179
7718
983
1467
4836
2016
2923
1208
5975
5324
4512
7086
9154
4482
4829
6690
6922
546
5435
3038
9014
2221
5895
4694
1618
1688
5247
3502
9317
6119
1170
8014
4032
4689
1314
190
8360
5440
7224
5576
1915
2699
5365
2005
8886
9561
3529
5094
4372
6796
2663
2398
3874
9120
4539
3435
1814
5866
8687
9978
9610
6594
8623
1935
668
2745
5434
6827
1365
1163
681
2196
4281
178
5647
7303
6371
1304
1392
646
3053
2795
724
6252
2572
8497
4192
8702
8010
4673
365
8761
4903
763
9949
1058
5711
1211
2499
4861
5002
2871
1488
4036
664
1472
1768
882
9501
5294
8813
2061
1187
8245
9766
642
8578
1545
8405
5917
8305
1992
9596
4992
3498
864
1105
5700
4275
9106
2588
8426
3355
2030
9612
7266
6916
6162
2116
6827
2512
418
4547
9558
3551
4244
8090
2265
8296
5536
1855
296
1828
8633
3842
3401
3862
7971
882
8741
796
669
6053
4010
5151
8949
8910
5089
5438
6286
6002
8808
5343
4409
4653
4852
8709
1586
1509
166
7
5517
2052
4738
5967
7862
9789
6605
1874
8175
8140
737
2439
3247
8637
458
991
6184
544
1154
4129
8048
245
5619
4278
10
3553
8402
717
758
9523
5750
4931
2616
6575
1931
1895
1581
6098
9571
9757
3642
4567
9282
155
7702
3592
24
8887
5135
8511
1668
1912
106
8115
1170
8540
3282
5738
2164
7426
9174
3608
1067
7868
8506
8600
3306
9047
9682
7881
5153
5433
7086
2982
697
1451
5234
622
9029
7016
3276
5165
515
4263
2521
3802
1729
1990
6357
1293
1305
4939
8410
1692
7760
2083
5401
4134
733
643
684
2231
8561
1470
1764
742
4520
6564
562
5882
1671
2672
334
2932
5849
9386
5045
9006
1445
368
9147
3138
785
5918
6974
919
2590
9955
1597
2018
8648
3698
41
4396
7356
2311
2542
3564
79
9518
1510
4737
2802
6084
4875
9835
7323
4804
4357
9113
6826
9586
2113
7027
6011
8517
5829
4884
202
1266
403
9458
1922
5187
8427
2664
9753
2568
1004
10000
9914
8125
1124
1772
4098
9355
6010
1197
562
3536
9596
8723
2258
193
7321
1543
6651
1912
7339
6393
4833
443
6735
957
9701
6933
5149
3478
3551
5967
3107
8668
5296
5694
6613
787
5119
9231
6163
6239
5463
9623
5769
1650
4488
7385
1851
870
3879
9072
3557
236
1366
9319
3286
3857
4332
7961
1974
2496
4439
1935
2585
3786
1770
2086
4878
9266
544
2631
8302
5948
652
893
3105
3693
5379
6524
566
2023
2076
3987
3470
2122
7042
7129
534
6623
727
2141
4830
120
457
9009
9253
7932
3613
5420
9752
2199
2938
5583
8707
5209
7970
3439
8766
8802
9150
2088
2698
2084
9889
1670
5754
5271
8688
7755
562
2259
8710
547
9341
4912
7532
369
5173
988
3841
4842
9227
2740
1688
2583
4201
6206
6284
7138
6834
1201
7903
1490
9731
9267
7467
2633
485
3821
6549
6953
7702
2133
5136
6333
2526
5703
1176
4896
6778
5669
1442
518
990
1546
4069
8942
4923
6724
436
125
2797
3274
8860
4018
6459
3551
930
6700
197
6657
456
6179
5129
3209
1126
5383
9397
2247
4793
5051
2754
3052
9671
877
9659
7432
8003
5674
1553
4612
9536
1564
7363
4911
1599
6368
6517
1579
5139
6430
1587
3582
5364
473
6561
6990
8247
2900
3592
3515
6899
8999
627
1516
3284
898
4011
9488
5472
5668
3615
8851
5896
4403
5403
9689
816
9876
1321
1765
9218
931
1046
1913
1342
575
6265
8870
2328
6816
5687
7689
1133
4014
1231
570
245
1057
8049
7723
4638
1984
2881
190
6101
9852
5951
7635
6327
520
67
3650
8263
338
1892
7120
820
1867
4581
1547
7939
1616
8707
2168
3490
4778
7656
9789
2786
1146
1643
1362
486
2326
2730
6040
5470
142
501
754
3068
4452
795
9609
8876
3046
8843
2181
9637
8842
9632
3316
1150
45
9846
3568
5081
8909
4592
6049
1874
8160
9888
8847
359
743
8794
5580
5295
8532
4711
270
1094
2460
9321
9316
6391
1233
1837
6528
4929
8929
2850
2540
4004
5873
458
2189
4904
7605
4515
7357
9980
1172
4803
7832
7778
5279
8306
9122
3899
2064
8399
1091
2814
7213
303
3576
4883
9814
4981
511
7246
1434
8980
5946
2810
3890
7124
3074
1547
7768
8738
4550
5543
285
2575
2421
318
2031
6283
9806
5577
6047
6607
2867
8523
4315
653
498
2692
8546
9305
4755
2256
8600
6074
3089
2615
9915
5055
7720
1480
939
8061
8535
8510
8329
6319
1466
3449
5562
8288
8078
597
4040
3012
6173
8104
8480
1650
6551
4131
4389
3
8041
7987
6249
2734
833
4437
3551
4686
1304
6295
537
419
3049
7562
4684
8840
9209
517
9547
5959
2743
730
6164
6514
9089
2090
4596
1296
1034
2248
6385
4732
3894
7579
8673
8106
7166
798
2663
5086
990
2700
7387
472
2959
5645
2524
9873
2929
1696
7831
1479
8208
4777
791
4646
619
3369
2190
4729
556
1597
6305
8071
2292
3768
6508
7410
141
8485
609
7783
5916
6999
9720
10
7670
6150
7750
6082
827
3339
6136
7580
6179
1981
90
164
8983
9950
8197
2101
83
2700
9711
3235
2424
5465
3327
3650
651
4727
5598
1230
1673
6138
408
5842
2180
2265
2816
8294
7557
3094
355
3063
9492
5854
8954
7222
4375
9427
1427
1345
180
5878
5951
4194
9934
5643
4578
5903
5181
6552
3032
812
4773
9423
2496
2557
9856
3148
3966
7028
9747
7553
5497
1753
2755
8642
1593
2432
6212
2812
863
4767
4245
9128
2633
783
9676
7923
5884
3795
284
1428
7640
8841
2000
1276
8140
3585
1363
1166
173
2498
6010
4602
2263
1841
9998
1330
7718
1041
7591
706
7366
6921
213
7481
8391
5298
5721
5518
1975
7494
8114
6621
9638
1791
1061
8478
9666
2901
2966
1247
4200
6316
3113
5542
475
8239
1494
3642
6352
3519
825
1596
1961
8439
2678
4702
113
6962
1358
2287
7756
3246
3653
7075
3033
1361
8878
5688
1276
7793
6528
5997
8125
5315
8097
1264
119
230
4174
9566
6485
7262
209
791
3088
496
770
532
1247
1925
3559
4447
2772
5078
7485
7528
2859
5119
1585
9926
111
6091
3976
2287
1228
2200
8925
6074
7535
4881
5037
6296
3661
3830
6487
4250
5530
4817
1983
6211
730
503
6805
567
9503
3092
3023
8693
5171
8618
7301
6093
5188
3409
2840
1256
2108
426
2773
5571
285
2563
8384
827
7212
8949
6852
8582
2535
1963
1113
7245
6821
2705
6497
4338
1247
7935
986
7254
7047
8811
7826
1444
7399
9732
3479
4487
3152
9319
6035
1534
6756
4200
9643
5064
9200
3565
479
1690
934
7516
1319
2351
4976
994
7255
96
5300
801
5985
9691
6590
9580
1412
8356
3336
1762
1850
592
6711
7895
4317
2567
1031
1257
4309
6238
1004
24
2992
4893
6024
3128
1358
1746
5500
944
2910
6244
9772
8962
9930
163
7400
4500
3823
1559
5942
576
8449
4158
7220
396
2442
688
1838
4043
714
9259
2264
7602
1995
4629
9449
1001
4523
7148
1428
1639
9277
7356
5708
7464
4803
9861
5154
1309
1738
903
8327
7796
428
4036
4607
4168
1683
1977
2543
7880
2784
6066
877
8027
3250
9689
258
9413
8002
1777
2348
802
5850
4836
8798
7436
946
5945
5501
203
1057
9653
1009
7291
9480
2286
9827
72
2528
5923
8392
1401
4513
4575
5768
4432
2789
1219
7674
1653
6282
2063
7814
317
1344
7972
4901
7785
7067
2610
637
2778
9656
2366
6384
71
2890
5234
4855
9310
4681
1610
7563
2082
1022
1434
2408
9642
334
8253
2793
7092
6688
8701
2224
7292
6453
1168
6225
3491
876
1727
3786
320
6333
7018
9782
3864
3547
7944
5457
3836
4293
6005
7350
2414
9208
7562
1771
640
4819
4939
6885
1172
4902
1120
5476
232
2790
8425
675
2850
9513
7731
6430
1046
159
3935
115
3534
4402
1451
2893
7002
6734
8427
745
962
7092
2611
5849
2405
1630
7783
3095
4354
3914
257
2957
7338
2242
4384
8038
1936
1883
2729
3839
2866
8366
8565
7528
6196
1242
3824
4976
9090
6588
3317
4324
4075
5528
9445
423
249
2602
8411
1975
3172
5073
3019
6612
970
2090
6048
2736
132
8024
8631
2307
5087
158
1475
8510
2275
8217
6336
543
72
4887
236
361
4173
969
7954
2302
240
7082
6330
8720
4709
2561
7812
2171
5952
7121
5536
6604
136
5275
549
3624
9475
1195
2822
4192
8275
9543
4530
1161
1323
7412
6629
247
4227
4408
4006
3785
9843
2569
640
5928
2119
629
4545
8096
1265
8575
87
6113
7954
6573
5102
6131
4724
4646
3412
5879
8476
2267
9919
7716
9439
860
6764
8303
516
7960
7732
6493
3449
1310
8326
3605
9109
1890
9104
9401
2823
1374
2060
7909
137
451
406
1959
926
9069
1934
2278
3236
1804
5518
2115
2410
1146
8324
730
2629
9342
2471
7536
7913
2001
1487
6399
4393
3495
1634
2123
702
7956
6170
7748
6550
8278
552
3205
3400
7767
8377
6742
3461
5337
3081
1762
5164
6166
5818
8370
703
805
3065
5053
8717
2553
7350
835
1063
9252
5495
562
200
8908
2247
4321
4835
1486
3898
1281
8857
3259
1666
1732
599
9474
5862
5084
7842
3027
7169
9472
2656
2969
8624
8206
6572
4563
2723
9138
1694
7506
1074
2804
8015
2329
5246
8199
1477
9876
4773
1390
3705
7280
323
5412
2176
2593
3089
9828
6460
2525
4359
6924
8008
2045
4225
9944
3582
9902
5070
7113
5996
9437
4730
2428
7772
7241
5237
4590
743
543
9009
8701
1280
8014
2457
7822
6264
8673
1019
6465
2254
7435
2785
6552
1298
7079
3689
1473
1549
3066
4206
3505
401
1820
1562
2333
2788
7407
178
8878
2973
1718
1172
462
1846
7329
9591
3642
8714
7289
9120
9263
626
6981
197
7765
376
4421
2333
5031
1965
1594
2302
7228
2947
9797
8169
913
549
277
7615
8319
6289
1695
7337
6655
2596
7370
71
7726
1453
848
5593
741
6669
9604
9468
8436
9168
1547
4214
6636
7722
8412
2177
3543
2217
275
2652
7586
992
2518
213
343
2124
6074
9543
3812
414
5672
131
1274
2486
7357
2908
9978
4109
2958
3057
2784
9377
6002
4892
7805
4169
6721
3477
648
7339
9593
3555
2790
5458
2774
8523
4258
2457
1577
1335
3961
821
7281
3888
6716
4833
4887
2274
1542
7427
3915
4073
7968
6020
8162
8661
6606
819
645
9261
8617
753
323
4748
757
4977
6141
5447
9539
871
7766
526
8449
86
3689
7813
7298
7588
1580
868
1030
6972
3030
747
253
4660
4001
5790
9368
4114
6286
2176
4929
8212
1704
5013
1210
7510
4164
1777
4774
438
7029
8135
1350
7588
2844
731
9205
392
9470
137
3353
5550
5605
898
8847
9701
9563
3577
3444
188
6197
4463
7236
6008
7506
166
3192
710
370
5126
1490
3068
9060
6680
7765
3452
1905
6590
8791
6198
5126
264
3389
2896
623
7464
2063
559
6486
2530
7210
2104
2145
7303
9537
986
2629
4758
8475
3630
1969
6523
5854
3982
7446
185
2110
3678
4482
7217
8757
1266
719
169
2568
2910
9053
6797
1154
2732
9245
7422
64
7088
2348
407
1529
3299
9277
2077
2617
7779
8154
6584
8672
6184
310
8647
1533
6720
8932
6798
1976
2406
4014
7510
3346
1947
8310
6546
9249
9493
671
6235
2433
2059
4241
2434
2026
9176
5248
9680
4969
1595
7328
3812
2629
5986
4140
9090
6971
7961
4529
4637
4257
9738
2845
8679
6436
7763
2260
537
4117
2958
5376
6745
2999
8101
0
3335
7245
2624
3941
2798
375
4916
1585
9064
3347
8542
8254
8984
381
2478
5295
5158
4991
1159
3410
7103
3576
570
3985
2188
3701
3026
4624
7173
9763
1517
2725
9241
6337
3730
1586
1992
230
2800
7762
1081
8322
8492
4803
2829
7515
3982
1700
5139
6504
3412
9207
3886
3058
1981
1312
33
7818
137
6982
5
3454
4484
4729
5871
2039
7595
1717
5498
1428
4472
9143
5430
2456
4847
6008
1098
6848
1405
5137
2007
8530
1018
2098
2693
8667
6065
5753
7730
3692
3577
1087
6467
5831
7164
7541
1300
2787
8161
6230
8585
7412
552
2702
1090
8062
4398
2450
3002
3413
609
35
14
9914
1809
4013
7632
5211
1055
2503
1287
5955
7645
1173
6518
5198
8352
4669
4254
1659
2679
5382
9729
7120
9651
7392
2162
6560
1718
309
2017
8796
8856
6218
6828
5200
9693
5245
4310
1291
7643
1507
1836
1112
2713
2599
1620
5361
9303
6073
3046
844
655
3970
4437
6046
6246
4143
6806
5072
218
7539
4828
1779
8626
8251
4174
5282
828
623
2605
3762
2387
1921
3920
1372
9706
2501
9211
3909
2667
5397
3875
8234
5961
5153
1425
5176
37
4809
6595
2598
1094
1512
5150
5998
1037
9916
7194
1224
2979
8871
5601
507
2601
6588
3377
9762
2852
1904
3755
9458
9089
1031
5294
8065
253
4923
909
9288
7657
8752
986
7250
8851
8615
2670
5048
9664
8681
616
1497
4458
3247
647
5960
1467
7565
9462
7771
9697
3608
2928
8882
5073
5049
974
7510
201
9338
4610
4177
9897
3489
735
2837
1301
6354
3050
1846
2244
3991
9824
1977
1353
8140
3832
4519
4624
1655
1017
8767
5561
4304
3141
2844
9590
4270
9711
8384
6848
5585
5746
6671
1712
4049
8304
7814
2337
5075
8982
4802
1740
4510
7018
4886
5834
5241
9979
2668
7405
3816
7534
7995
4609
7987
7836
5796
5768
6436
5412
7144
3484
5388
746
1848
518
9145
7449
9746
5336
716
6364
3350
6980
2586
7819
8151
611
4604
2650
9620
6539
9281
860
6399
6021
7013
3663
2154
1961
4029
7111
4888
2243
8836
305
1348
3422
6705
9813
9134
810
3759
8128
3478
9253
5310
1905
1570
4475
3583
9674
1137
1217
8673
2433
8508
7818
3807
8776
1182
2393
3222
6192
119
5804
8846
6622
2299
6166
1106
7685
1119
8758
5807
7646
6667
9540
3461
5134
5117
1227
7898
2085
4011
4793
126
1572
7314
3035
3627
62
2110
6508
2164
1927
1514
1862
3937
5098
2855
9713
1473
182
9959
3549
4065
2560
8187
218
9797
7425
7877
3515
6099
5187
7762
4780
988
1013
9392
3551
7328
8680
3484
678
2690
5940
4095
2483
9930
5406
7725
6425
7851
7071
8370
1802
274
4776
8804
6129
758
2107
9102
1764
9571
255
3989
3919
2294
2022
9782
1786
8598
6225
6582
9913
1382
7740
8584
4746
1005
8719
4345
8360
5025
7705
2656
3450
7304
9409
8601
6271
4772
4869
2691
9711
2530
5595
7025
6348
1526
2043
7108
711
1190
6860
9234
9971
1270
3661
2050
6280
4180
9417
9471
4500
8708
2088
2055
27
5325
3073
390
9340
9475
986
9946
4401
2025
2721
7755
5895
915
875
5694
1076
9991
2420
7528
9716
1835
3452
31
3551
2066
8912
5352
758
2116
7050
447
2558
5637
1125
6302
8192
6190
3620
6812
3429
704
1882
2557
7792
9140
671
1739
7999
4417
9012
1342
8765
9009
9216
1645
8045
1815
1822
5262
2741
2154
2834
9119
3669
6842
3183
1198
5378
3751
3814
6639
464
6810
7599
4366
5255
1327
1470
6087
8852
5020
4240
1581
2602
701
5408
8945
7318
4470
7036
6264
216
9414
9273
1230
1004
3139
2075
9257
7613
9148
4970
4654
9721
3126
359
1608
7369
4590
5665
9750
4317
2413
7213
1873
9172
6805
1608
5861
9479
8377
2175
6443
9882
4757
8554
117
1048
1561
4896
7385
4069
1348
5605
9022
428
3562
2155
6499
8444
9722
767
2851
1150
7283
7483
700
3344
5366
5276
6495
8705
7479
3601
2145
8127
4440
3513
8225
8068
1973
7477
6282
2552
1302
3829
7017
3424
4859
9247
5043
6951
9497
9410
1217
3892
8674
4395
6505
6921
4706
3462
9591
6960
1317
6411
7976
5507
4992
9345
3699
2402
9839
1621
430
8857
6410
1165
3320
90
3829
5568
8739
5527
375
6577
4257
3155
8465
505
1519
8629
1303
1104
8533
2280
6738
7203
620
2268
1098
3592
6563
9410
685
6164
2577
7408
518
5961
2785
6825
5644
7618
2874
2029
9093
7907
2608
100
1367
2635
1766
6890
9143
1021
1346
7720
8945
1315
3968
5587
4954
1688
5952
3288
8408
3148
9256
5094
6694
9980
2140
4396
2779
2335
996
2950
5009
5858
4961
6433
2161
812
8762
1522
367
92
6229
5173
5979
5585
1223
6801
9675
1416
9466
8781
4202
8884
2493
196
9982
9042
5522
3058
6073
929
5969
4
4995
6306
4002
9934
3988
4864
573
2041
7396
4142
3256
9844
8711
2822
6617
2471
355
8446
1053
1176
389
2887
8106
3459
6345
9620
1707
4671
6431
6107
7857
777
7902
9185
3234
3400
2822
2291
6296
417
798
3054
2670
1952
846
106
2636
2264
1308
802
2066
1841
3833
1707
5698
2551
6496
6069
6879
8876
3121
3785
1574
3604
733
609
1862
4001
4706
3159
7751
7254
3130
7362
3831
561
1686
486
30
9364
527
6099
4031
2685
2520
628
3135
9307
357
2334
4626
8625
2715
4147
1996
2690
5242
752
967
8390
1279
5210
6080
8380
1687
4422
9029
2512
7838
1277
6100
2820
3520
8130
349
635
1742
8146
9306
2487
8778
4718
7652
7415
7383
8878
3321
7465
2394
5967
9036
2061
9780
452
3447
1020
9158
5009
2435
3487
7032
239
9172
1379
3946
7511
1828
4225
5152
9782
1355
3314
110
2932
4358
2055
4888
2868
2471
8754
6840
3901
9196
1055
4748
7926
4748
9332
8506
2247
8390
1420
9834
7693
3062
6245
213
9981
6683
2531
9238
4269
2986
4406
9162
3517
2258
5428
3066
5280
8458
9842
7977
8382
9219
1958
9086
1584
6960
9925
6379
1619
3109
3087
1346
1635
5382
4488
9942
6395
5004
5178
7788
7371
3392
837
1657
896
6274
5435
879
6772
7487
5413
8886
60
7046
196
1293
7944
9789
810
5876
3726
7454
8573
565
7097
7528
3933
4439
5497
9818
2335
8484
8060
1087
9086
8068
4613
5967
6052
6296
3978
7850
2608
1862
3002
2494
8979
7176
9489
3966
5224
2075
4287
2453
2976
6554
7843
6390
1039
6992
8381
497
7485
3545
9572
1784
5318
8081
6564
3833
4563
6709
2269
3333
2732
1185
5334
5554
6528
8133
1913
6776
2266
9271
6909
3778
3006
1207
3613
2649
9193
4571
8498
9355
7417
789
1117
6045
2632
597
6532
8721
8803
1281
1281
1511
1254
2051
5831
8091
8203
1161
710
3762
6266
5441
2019
1742
384
3725
8414
774
1472
1660
7183
575
2234
6396
6174
7160
6581
5438
6655
9644
7149
307
9391
8217
1628
4402
8388
9376
6084
6095
4576
8727
8474
545
6228
4065
144
9963
2222
727
651
3661
890
1281
2584
1083
1425
2207
1355
7170
4187
3025
4053
8617
8177
307
3182
7395
2018
6087
9388
2831
6476
2026
1544
3758
203
3105
3396
313
9284
6260
3667
5191
5665
7708
6896
9460
587
6527
834
2339
1504
9929
4517
4931
6254
8429
7696
3872
5326
6781
4051
2395
2582
6746
3352
7939
2498
8633
9029
5241
7049
2148
1618
82
963
3495
5203
7909
7818
2009
1359
2884
6104
8825
4085
5276
8208
1486
1117
8657
7566
183
3144
7589
569
2525
3171
692
2316
5054
2008
1861
7238
4192
828
4148
305
9689
2557
9472
9837
6042
667
6547
7834
7295
1614
1274
2890
2174
1850
3021
343
6897
1992
2337
7908
2792
9970
542
2918
1420
2315
3539
306
9214
3488
6886
3388
9215
7319
6195
8277
9799
6190
3693
4429
1387
6506
4617
2360
8680
2463
7454
7623
460
9229
8930
4215
6468
6877
3525
981
6952
4303
3056
977
2296
2541
7010
3969
7931
1159
6786
7332
2714
2287
2202
8745
7967
4237
2592
5710
8509
9686
1657
1249
3524
2328
8664
4438
6264
9482
9359
5537
5512
1809
7737
1651
2310
6801
5211
9220
809
1827
7251
4403
5247
7482
6400
456
5129
831
8086
2473
9134
9944
9022
8192
6146
1015
2259
6727
384
7537
1450
5206
74
278
498
4525
6387
303
5869
3135
2992
9321
3668
5628
7172
2754
7066
5425
4552
5624
6816
9216
108
9355
442
5004
8554
3858
9443
5207
6354
4957
713
2022
2080
169
4331
531
974
5718
5343
362
4264
5243
475
1413
5465
485
6957
6331
848
2964
1804
1239
6481
8198
7740
1657
7322
9969
3834
8269
9954
8116
8986
7613
9316
782
3348
9343
9721
936
3675
7902
1814
8980
7709
8135
9188
8277
5280
3743
509
8808
9966
9820
1559
3684
4713
4947
7491
1768
9122
5807
2461
7551
2846
8720
4210
9200
8968
6602
8357
5251
8421
7873
4711
3227
9942
907
2890
2364
7696
581
195
6892
9985
7732
5205
5481
1610
9553
449
4991
1826
3685
1707
726
2561
4443
4893
3047
5440
9455
8111
409
5287
7515
2191
3991
5642
1877
2153
1442
1841
7653
8446
4263
4441
2020
2772
1887
7895
2508
7757
386
8535
9272
3780
7566
7612
4531
8605
6028
2613
9312
3994
2324
4730
6421
8136
5060
578
867
6341
1134
1805
5352
3968
8516
5983
2936
8935
899
9483
1496
2847
7546
9729
8671
1323
6626
9459
1085
7228
5155
8698
3559
2048
3837
3653
2071
1065
9061
588
263
5843
8461
3656
7491
7350
551
4558
2232
8332
5733
7032
1026
4858
9369
4895
6724
6944
8923
3248
3036
2818
7989
6442
5552
3804
4716
8176
1532
6907
3637
8167
2894
6545
5666
4383
1937
6583
1822
1245
5928
4920
8240
2121
9021
6508
3772
181
9774
8098
2398
6107
8253
9304
9869
4192
8444
112
4423
866
8052
6230
5274
2049
5852
884
9157
5720
2741
7065
2617
9954
484
914
7198
1077
7462
3450
278
9036
5667
9440
1925
1611
8668
788
2211
1421
3065
4555
9349
6277
3406
7009
5473
7632
2203
9558
9504
5851
5247
6071
5479
4659
9397
9556
3844
1144
1746
5981
662
7738
5455
4944
9303
2553
4097
6014
2506
9378
7279
7266
7283
2641
8319
1861
7339
376
9284
4285
6971
2175
977
1049
1788
2174
4895
2341
3580
4312
6860
1803
8303
5404
7223
9608
493
8175
2241
8365
3263
3197
447
9402
8472
2939
7569
809
6230
3050
396
578
1516
8544
8281
6850
708
4906
7948
4560
1497
1785
8440
496
8828
9510
5027
6688
6684
9699
4860
5868
3065
2558
5144
7615
2856
1071
9354
8519
9107
9544
351
2204
7260
8019
8918
7440
243
859
8260
2523
1326
8455
8945
1809
2239
7599
1661
7701
7695
4795
2658
6721
1040
8266
5442
5113
1774
8449
8692
7059
5185
3819
2691
3955
2485
5647
1476
6953
6176
872
7037
3565
7544
8427
1485
134
8024
7284
1420
714
3038
7589
3166
996
2392
8425
2446
6123
6258
1870
1252
379
2519
5433
2462
1648
700
156
9664
6931
2074
321
1460
6045
500
7785
1525
7269
4509
7304
102
2058
1920
6945
9030
6176
7345
9507
2175
371
7032
1177
5062
5361
2472
1248
685
2123
4045
2259
7835
3558
5871
1239
5739
9347
237
9066
2415
4123
6096
936
9478
1848
7712
2653
5255
7145
7721
8048
8737
4134
3456
7131
3262
765
1427
2016
5410
6010
9883
6349
7171
4895
2225
197
4527
8348
2019
1256
4327
4543
2206
5352
52
2932
6239
9245
7494
667
7600
6182
8390
1947
5641
6943
4118
7230
7370
3030
5128
9432
6976
1567
2265
1936
2928
2130
2274
7243
6981
2556
849
7015
2802
2256
9366
238
1963
2174
3752
9207
9900
6114
9951
9373
6802
9803
8246
8326
3303
5178
2600
2299
1014
7975
4539
4790
2023
2037
1107
5723
1477
5913
5160
7432
2220
1720
5397
1427
1804
4404
4393
6045
5317
8408
2681
229
8143
4118
1383
9504
5540
2181
2088
8315
146
3140
6062
6502
6866
518
2951
30
3264
2426
5556
800
1516
3883
3161
7947
2375
2582
7663
2929
3393
3696
2874
419
9500
4745
9917
3619
6469
8889
6591
3907
6685
2792
8490
1990
3649
1006
5703
6375
9791
5180
8219
5062
8882
4478
3641
2267
4452
7043
1397
3482
1447
5445
5558
281
5932
2989
4294
933
6261
9158
2313
7591
7103
2930
1368
817
819
6999
8759
5812
8197
1999
1683
2798
9231
2075
9325
650
207
8394
6847
3205
4582
5482
8972
2235
6664
4904
1139
6350
8395
3502
5260
608
336
4946
6595
9953
8429
359
7489
9362
9788
4395
6842
8470
4610
838
8671
2085
2570
5399
9321
3298
9502
173
5617
9727
2316
7461
1139
6650
9665
2504
4639
7991
6715
505
6715
1004
1543
5782
8768
4599
2796
7567
2469
9472
6555
2238
4404
2116
7571
8803
308
8546
7932
9778
9501
1693
1498
2376
8394
1549
7405
1284
1163
3028
1794
2195
8337
8521
1306
8028
8203
121
5150
1455
2460
2310
970
8869
5224
74
6463
5799
2595
2195
7668
9091
3365
864
8689
5052
6592
2640
5030
1619
7046
5566
9763
4583
4246
3391
2172
223
5672
22
1703
5218
5829
899
3246
630
4096
787
7430
8327
7909
1079
4291
4037
5925
991
3589
2872
4543
6158
968
2590
7710
942
7266
5919
4054
9447
6375
2796
7022
7712
8708
1697
1178
2089
381
5784
7191
5634
2816
2010
2037
7729
2220
5077
7399
6849
2828
9669
6175
8507
5254
578
8371
1048
5115
1965
5255
9628
2224
4536
6839
9331
4876
5716
7764
6312
7151
2658
7713
8726
4662
6161
1417
6553
891
6565
2268
1472
4435
8490
3301
7970
2938
1389
4691
7742
6577
6641
465
9810
5812
7066
8445
4807
1376
8547
4426
2463
4409
2415
4837
722
1932
7596
2078
9367
8582
7394
8226
4449
1659
1596
89
3000
2381
4308
6596
7726
6318
8606
1888
7747
9306
2076
2195
624
2482
677
658
5789
789
1814
3714
3313
7760
9586
694
9861
1347
4816
7229
862
3621
4938
297
3927
5255
802
5515
435
8699
5738
5143
8599
8182
2385
8886
5995
3220
1812
5542
1703
8238
3212
6522
9209
4968
6322
3533
1898
5792
6156
7208
2347
192
1972
3861
8488
6543
1353
6084
9094
5006
6837
2673
2165
8465
2584
3580
6683
13
8103
3280
264
2007
9034
1413
9378
3307
9504
4744
6748
7360
7097
7594
505
7116
4314
2011
1823
1772
330
7208
2416
3456
973
7571
8419
3958
8392
2844
3949
3451
4918
8722
1700
667
1771
2513
8580
2224
7280
834
7556
9275
625
9323
1785
2589
1084
2159
3719
9783
6642
9290
8440
9195
2610
2520
3680
7307
1123
1980
8371
6577
6843
778
8115
562
7811
976
9833
2563
1488
3427
2109
5307
8094
2063
5364
4505
2329
8541
8600
7195
7561
5943
692
4293
3722
851
2731
8937
6635
9498
491
9367
7674
1775
6254
6882
2543
6698
7177
7624
5944
2033
1130
5303
918
8696
1443
2155
70
3275
8298
9468
5955
7812
6494
517
2731
9958
3941
5350
4670
939
171
3193
7662
6392
271
9829
784
11
1207
7638
3677
5750
4454
9656
8880
4659
6780
1758
5549
6367
9286
2610
4761
1512
1420
1033
4511
6174
1377
828
2279
582
8297
4650
6269
4427
1726
5682
6359
3815
8015
4233
4168
1560
2087
9302
9061
3070
858
7521
9217
4644
8209
407
9749
9633
2074
6992
5915
7132
3749
5730
9346
1443
8482
1733
2176
8034
9583
1268
6980
1448
1947
1497
8880
1569
3148
1255
6907
1315
2481
3990
7980
8352
3588
2724
2284
4559
1609
5414
7482
6640
8877
8195
1346
2510
6423
2129
512
4486
1918
2252
432
7753
6671
444
192
2997
5219
310
5167
1043
417
9228
2427
4556
1350
2733
3803
6353
3146
3014
1730
5335
4752
5201
9361
9802
548
454
5622
1706
9747
3786
1802
1836
1347
1782
7999
2658
9467
101
7717
7114
1047
7169
3423
975
9301
1390
4102
4874
1887
1730
7630
8970
9540
8745
1767
5311
3073
5487
3829
1677
5956
5393
66
6014
3396
2088
5873
776
9992
3750
5735
3122
2421
1436
9988
4916
8178
5724
3047
5954
5764
9368
3364
3948
7750
9663
5309
7001
7238
1228
5144
7031
3607
1610
1508
9634
9557
8693
3843
1638
5538
1513
8764
9695
202
8116
3120
4336
599
547
3334
1395
2027
8956
9098
6264
2357
1041
6795
9868
4540
7550
8792
1046
7639
3052
8006
2485
9297
322
6681
181
6726
8663
6410
667
7256
4688
271
9545
3823
2277
6024
4506
7892
4920
5916
4264
7157
3103
1399
2114
5798
9546
3212
8303
7630
8114
1505
4155
8637
9870
79
9225
7110
1016
1116
1375
1292
5565
3636
444
8044
6815
2245
5621
2656
4148
9647
9713
7171
2792
4362
3446
1792
9237
6061
9553
3329
1266
9552
4672
1857
2684
4474
1176
9358
7705
923
8658
7223
377
9095
7584
7037
1670
427
5521
1112
453
2570
1194
1006
1423
3756
7834
9860
44
4208
5142
1894
290
5286
1095
4264
1043
3988
3567
6309
1166
9466
8090
9278
1866
6213
3867
3045
2133
5660
6488
9078
9047
653
5182
2970
2561
3252
2458
8359
611
8210
534
9593
7985
1918
6459
2185
8624
7490
1810
8209
9917
7685
1219
2709
6283
2066
85
187
6802
4802
5069
627
7600
133
501
6480
8613
6589
8764
3907
979
3367
3551
99
8751
1020
2533
2972
1560
2001
909
4413
4723
2117
6625
8267
2988
7417
6616
1693
7589
3079
1022
6390
711
5408
6627
2360
5292
5868
4169
2442
883
1429
5423
2790
2007
8703
2587
7767
2915
4819
6516
9981
7957
7662
6095
486
9328
2238
1723
6495
6951
1311
1133
5253
4377
86
9861
6079
3335
491
358
7100
4223
7834
1444
7857
484
4967
8633
3204
2679
1398
3874
3551
2535
6523
5681
457
1281
5724
8789
2634
653
7622
5398
7130
2583
9760
4385
6038
2312
991
2226
335
7354
2762
7558
3957
5753
4355
4179
9708
2243
4701
6109
2229
6394
6500
4645
2000
7289
3513
3550
1091
5012
1263
5313
2956
7948
9232
2270
9751
9580
5203
1694
1156
8031
80
4825
8863
1633
9768
4238
8725
983
8610
1467
9468
6306
990
9279
2722
9951
3229
6864
9193
2414
6025
3877
1927
18
6996
7940
2138
5801
3791
3895
3007
3703
8399
3898
7750
787
6942
4266
5493
6911
8990
5021
1655
2356
3460
1848
8491
1561
3412
7473
9964
266
9588
5590
2554
799
3522
8172
5527
481
5786
8227
9709
1511
4486
3312
3200
6424
4444
2279
7979
7730
8154
783
7058
5176
2972
6119
4493
1345
2880
3706
2778
4813
1406
5397
3318
6459
8497
4863
4121
2614
3050
2824
9516
2760
5383
2253
2439
2295
3677
3972
6230
8074
3160
4067
1345
413
8658
4596
8643
5452
5840
1780
5477
5610
2063
800
9249
93
5291
561
5060
2795
4748
1795
2
5683
9051
1202
7333
8231
1637
2069
261
2267
9224
3594
2067
849
774
5754
2643
4199
6773
3030
6717
4465
7739
6984
9166
1729
9257
1875
4594
2167
1170
6278
9770
8207
2668
6819
7152
9077
8158
800
9405
8801
9069
7680
2471
3224
1354
5101
9224
7592
1081
3910
3619
7557
9149
8926
7386
1083
7725
4353
9147
2419
9915
620
5671
2420
5392
5352
1339
1282
3136
2069
8487
3090
9103
9758
9390
4174
9087
1351
9371
5333
618
464
5184
6078
8139
2046
9245
2038
6184
2076
7016
8552
6937
669
8356
107
64
934
5687
6315
2069
3108
6123
246
4951
3909
5354
9827
4431
7489
623
1286
7511
2150
2286
4533
6622
1565
6636
8167
393
8072
9438
6110
1027
3775
3962
9979
1508
56
1685
1716
6051
1591
1951
2308
1453
1044
4772
5147
8978
2465
8782
6246
9277
2487
3209
7974
2109
376
9711
9975
7037
2187
6758
3948
8280
3262
7949
4908
8232
1559
9937
5576
9008
6694
3870
2714
2665
9954
9460
2880
1619
6738
7906
7931
8179
8408
1935
289
2177
3937
4114
2125
2012
9395
9496
7000
3149
3954
8505
228
6253
2171
1215
6527
4934
3566
3567
2888
9090
4549
3107
4615
5138
2264
5840
3757
2930
9199
499
387
7239
8147
2044
8981
3195
9781
44
2447
8454
4941
7607
2672
2508
3738
8172
6515
3422
7151
3753
2889
7684
3862
9578
4190
1328
9740
1458
8068
4225
6502
4933
486
8831
406
9489
1827
2150
1318
971
1844
1549
8523
3784
8663
387
3228
3628
3559
6897
71
5397
2470
145
9279
141
7047
8639
5830
1889
9368
9205
7078
7613
8879
5793
9619
7930
1646
2418
1573
6719
6229
5390
5735
5533
4317
789
7196
2283
3461
6145
4747
3258
1075
1862
68
5178
6412
7291
8706
816
3091
8699
5573
2793
1638
7037
3424
7109
8053
3994
1520
1899
1012
8527
7410
3430
2682
5531
5612
9006
5333
6492
6804
3119
6784
7434
620
768
6056
1401
803
4654
7131
8282
8988
3196
3681
5362
965
8849
1414
8850
3434
3004
9386
5109
2056
784
5437
8413
2507
3306
1598
1626
3369
6256
5663
675
2150
6578
5823
5152
529
9134
3543
9976
9442
7887
2172
5343
7357
2174
5203
9879
5764
6694
9554
6587
2453
7456
2248
9682
5326
6574
2460
831
3075
498
5176
4617
2051
735
8872
28
2264
2715
1311
2256
1409
573
3118
2681
9215
8192
8111
7484
6552
1507
1330
2775
5642
8801
6948
8804
3867
367
6963
3461
522
7467
2484
8742
4542
7717
609
8644
7422
3179
3583
8342
7249
666
5836
5911
7422
3503
8527
5754
8958
3388
5074
6322
1874
3963
7529
4457
283
3651
1932
1702
4581
8745
6142
1744
8960
2169
3580
3678
619
3798
5964
9606
4440
6687
4660
3634
3303
8498
706
5228
1263
8453
8922
9941
5668
5875
1678
1770
1849
7268
7504
6101
7327
7998
9931
1536
2528
6149
9812
3410
3510
1635
988
7699
2814
1796
5528
50
5217
9061
2424
1189
9632
1928
4325
1942
4747
2963
4013
7855
3722
9466
4359
4510
634
1623
1792
2479
7588
6348
176
6186
8186
9247
2589
2425
89
6564
2160
4957
7493
394
1791
9843
9818
6448
1574
6239
6635
209
3311
739
3414
5898
9257
377
4053
5335
3835
8151
6071
1341
6088
5949
6536
8508
7155
5570
807
1731
3291
2689
5962
7666
2146
2136
2695
2051
5974
6807
9294
8089
809
8729
792
4096
9499
2749
4167
7578
7857
4105
7794
2635
9510
9477
895
4023
770
897
2926
9914
4793
4239
7957
890
9280
2705
7023
8952
3378
3220
4955
864
1908
8283
6372
1763
169
738
9059
584
2587
9586
456
3614
8478
9141
7863
9715
5388
8623
6755
5604
2023
2373
4020
7283
7621
5399
6678
6469
1243
5124
1822
6587
8938
606
260
1243
7959
1823
19
375
6448
3049
1348
2305
8811
4619
2773
2235
3713
2646
4961
1762
9179
982
1722
3377
1289
8813
2362
1335
2044
3287
5129
6041
3918
7826
7682
9521
1808
782
5375
3996
2021
2169
5645
6906
2403
9482
2466
2025
9848
1613
8093
2164
8238
4029
4609
3965
1334
2459
958
449
8800
253
3319
6560
271
9576
1746
3752
6734
757
3889
1223
6058
6596
8112
4724
8930
9069
2517
6080
9296
619
6290
6288
19
1069
7727
7629
8499
7836
8938
9824
604
5223
6335
9269
6639
9178
682
205
3828
2193
1361
3912
528
9669
6924
8771
4140
2616
7238
1357
2782
1211
343
1016
7596
8967
9330
8444
451
120
2361
5642
2629
9170
93
784
3065
6401
9547
5321
1963
9428
2324
6653
8801
1173
7088
1166
4332
1131
2444
9666
7960
4148
3395
9580
5640
2943
7467
4273
6262
2005
7940
1494
2297
4195
307
1514
6518
5762
4040
2944
558
1333
7286
7819
1174
8410
1490
8676
9112
2277
7157
7247
6645
2172
945
8145
6612
6584
3397
6770
7458
4335
4737
5611
5870
2466
3132
126
6427
2698
516
1561
5108
2384
1018
9578
405
6830
8138
996
1396
5494
195
7955
4818
1708
9140
283
6276
8015
2646
3083
5258
5464
2468
8100
156
8986
6225
9073
6383
7389
6624
1536
1653
9886
4270
9587
7882
6631
157
6941
9121
4110
3583
2844
3683
1164
951
8682
947
956
1178
6911
2281
7435
4909
2006
8039
4353
8744
1834
1376
6467
3424
3405
2309
6741
9287
9294
217
4463
266
2726
1824
3229
850
2289
