-83 6
17343
4855
7653
5237
6673
3645
6513
5592
5228
5490
9306
3692
1987
8860
5027
4667
3286
2521
8957
7071
6035
3367
3286
5525
454
5508
3924
2255
3386
7405
4256
4821
4332
4884
4263
5828
392
9964
7888
3005
1206
4644
472
3962
5350
4476
1923
5062
1883
6568
1882
8082
1046
7106
8515
5796
8838
448
5313
7407
7591
2334
455
9407
1299
981
7832
43
7622
3907
4281
5086
598
654
1900
2014
2855
2437
874
3727
2373
9296
8024
2716
1956
6250
6755
645
3940
3452
1913
4904
6340
1646
3928
4314
8102
9655
4270
6637
6877
6411
3846
35
1466
5404
7844
6687
8941
3149
7151
3040
280
3389
9232
8090
2846
8867
8584
355
3111
1722
5831
3859
7725
3732
459
387
4868
5291
1365
9379
6742
9912
8527
216
2150
8656
5492
4601
879
224
4281
7841
4812
4943
9229
157
9569
6230
7310
7664
147
4820
6577
3931
8196
5719
6854
3691
2648
1872
9840
5350
1401
50
8525
447
4672
2530
9443
1216
8775
4307
9585
9894
1626
1350
7444
2657
9106
3883
28
3943
5300
7425
5538
852
1509
9004
5412
6163
4475
1259
6763
7709
2340
3973
594
6950
272
1501
3404
2539
2798
2013
8638
2364
5596
6182
2412
2635
8508
573
7626
5790
5267
6570
9804
902
9785
2657
7754
489
9829
3203
4907
7392
7701
328
1457
8401
1110
694
1255
2358
7014
5932
8043
874
6341
2598
2846
4920
419
2082
9246
1197
1491
7176
43
907
5205
1079
8228
2464
7405
7041
6155
1413
1869
9264
2680
4874
2383
2056
7047
7770
4494
8447
954
5210
1634
6114
6565
3181
322
2927
2290
5088
9105
6514
9866
8238
8321
3581
499
8631
7880
9994
2559
1802
8654
4137
8562
1670
4683
8186
1177
4714
2203
9622
3256
379
3995
130
4325
1632
6528
832
716
2078
2450
9743
281
1869
6981
2037
8202
1402
85
8876
5287
2193
6400
5335
1658
2721
6108
1270
6981
6911
9939
9316
4621
4497
7923
8695
1526
2269
179
556
3977
9240
2323
1609
1417
266
4636
5997
9813
8416
5893
1146
3968
1237
6288
9218
3843
4418
2913
6912
2431
5860
4800
595
1276
6427
6070
7152
2679
3164
8022
61
8074
6753
7028
274
9099
731
331
4809
1012
8707
2565
3857
1817
897
5092
884
2488
7314
1628
7537
146
1902
2251
8029
2178
904
5837
4260
758
5697
4099
4344
1743
8310
259
5197
2732
6643
3181
3791
6799
3767
2107
7475
2219
1974
7952
4168
5985
4420
2468
690
7385
3160
7821
7688
70
649
6603
3896
5088
9034
6349
4372
5801
711
5988
2010
191
3632
7897
4235
3192
6489
5742
6524
5964
286
4545
9937
3751
147
6569
1804
1573
3832
5403
4378
8723
9785
8669
2294
2396
1174
11
9850
3793
5979
6339
8706
8464
8933
4787
1701
1709
4987
1142
6178
1248
4964
2909
9497
1756
8601
5340
1428
4786
5896
8957
1645
8456
6594
4312
8040
4055
5141
395
9221
291
3062
947
5628
1937
4799
1464
483
418
3244
2429
3967
8149
8446
6683
8425
5937
8046
1112
2467
968
170
5277
4536
9558
1817
5030
369
7136
27
1171
2427
6420
7841
369
5477
6884
2320
6668
3616
5648
5997
5707
5305
4142
3717
6804
3797
1545
1973
962
180
4240
2492
6753
4069
1633
3127
8766
8110
9527
5476
8843
916
8796
7591
7142
1600
2505
371
3675
5632
4752
1083
3526
7960
1353
2605
2576
8666
4860
2505
119
7711
6125
2006
8610
5529
2546
2357
5446
7970
7582
4436
5510
4871
7826
2048
5778
9704
7118
8371
9656
9804
6105
4333
7657
2053
2072
6422
3369
4815
417
1460
4090
6087
7261
3934
6138
174
3950
8268
5915
9017
9534
3172
577
3211
2178
639
1716
7843
4739
1812
3552
5374
6342
5736
9081
8360
471
849
6915
1064
1012
7584
9302
5927
8455
4043
2990
766
226
2080
1294
2668
2725
8493
9048
829
4306
4193
2371
1961
2968
6738
5436
8621
1417
9448
5230
4474
8125
9353
8248
9440
5994
2076
1393
5733
686
8648
5655
8799
7841
6413
8095
3759
2964
7751
4282
9649
7688
3229
4376
356
5104
5262
972
9025
7249
9315
2755
1408
4014
5939
8003
703
2972
7542
7989
3597
1281
136
685
7273
3225
3578
336
3948
5172
4376
9714
7566
4062
5194
6340
6444
6324
1753
369
336
1839
6113
283
6999
9000
7932
5174
7121
576
745
393
8260
3267
5913
2998
688
2126
5580
5726
2778
6145
2344
8843
1214
8955
7231
5032
1526
6445
4947
4958
2278
387
7548
7364
2494
1346
3194
6060
5222
8466
6438
4658
8054
1547
2224
2048
3988
1316
5822
3949
2146
5617
6178
3529
8730
6153
7879
4728
6493
2692
8599
8906
8839
5709
1014
8290
442
9490
8435
9792
7512
7317
8008
4992
1957
136
5861
3947
1912
7534
166
3907
1835
7963
3707
5705
4219
3228
8137
6155
119
2460
7007
914
7214
7818
5312
3805
5095
3743
5375
6628
2466
8837
5769
5876
1306
1516
4160
3815
7938
2363
5872
5422
1218
2197
6078
2896
1585
6016
5930
6489
6301
9493
3312
9112
8866
3281
1691
1104
2002
1826
9049
1363
63
5751
2495
2712
7025
7279
7771
3430
5984
2883
5423
5825
3079
1979
4976
8228
9647
1373
3348
2124
1285
3232
8435
7866
6760
9689
8337
2127
4598
3333
565
4393
77
1811
5122
2883
688
894
650
9106
9767
1668
9937
3368
7029
5607
5403
2126
9781
2711
9411
1432
6444
2233
3841
8203
7069
5658
4828
6967
6964
798
8815
7238
4430
9031
7514
221
8989
4297
7305
2755
8973
609
5751
1049
7800
7081
2903
619
3808
3403
5591
942
1027
5222
7075
5686
231
8062
5969
3228
9
5864
5998
3193
371
3205
463
5010
5446
240
2782
1890
2028
9859
604
8314
769
1217
9099
858
581
1675
4766
219
3880
5568
6223
7009
5424
328
7963
4967
2525
3110
7625
9444
2826
3925
4458
9512
9756
9942
975
6852
1625
5060
1928
8295
8145
4065
3390
9005
4924
184
9504
4223
1729
1277
2684
3400
3323
8615
9469
2686
1188
6228
2519
7716
6518
3508
4146
5204
8440
966
8027
8053
898
1178
1318
8871
2777
5253
8491
7876
399
1966
2063
2656
6422
533
1168
9983
3345
5631
7781
6108
9501
9080
7285
8095
9376
6355
3871
16
3142
6581
1681
1499
13
1435
2826
4368
2640
112
423
4828
2069
1729
3340
7202
2158
7862
1402
6414
877
5114
5417
1400
4377
171
7363
6267
833
4065
2137
1090
3387
6397
4705
1564
7873
4550
1903
8329
5299
321
8524
8346
6500
9025
2216
464
1026
3490
1951
717
2809
1820
1821
6716
2322
5412
3215
2454
9059
3087
7146
9257
1057
199
8701
4391
4883
5790
9225
7983
6199
492
2670
1448
3463
6139
8974
4261
4700
2289
1927
983
296
8768
7838
6653
2198
5353
1376
3536
6488
2600
4024
86
3151
7943
3054
2780
4655
4216
1331
5302
5909
7117
525
1050
2530
1906
820
5157
5505
1005
6519
3664
467
9999
4004
7794
9042
2424
1693
5400
6000
41
4826
8371
4554
5930
7696
6836
5069
1617
2757
8709
7349
9620
1353
5839
946
3426
1894
3399
8121
3790
5929
2516
9187
3343
549
7639
6423
1990
4557
592
269
4930
8538
2581
6975
6164
8632
3964
5505
3570
9429
313
8561
3775
6674
8394
2992
8817
8792
5689
2345
2203
3673
9656
1057
7655
4632
8434
4090
4056
905
3431
7944
6752
1070
409
5539
9759
5180
8231
8554
2206
4205
9734
8234
8292
2374
8595
4446
7222
9506
3469
7570
9680
2104
7270
7714
7282
7574
8875
4145
504
4987
2126
3641
1544
5266
8759
2193
5235
1672
5472
3833
2386
2401
7508
9121
3756
1062
1923
7061
6046
8959
1868
3830
2591
1360
3140
1232
5893
390
4108
1047
626
4362
2191
3484
3606
3657
3747
2301
1286
4050
2653
6937
5523
5203
3390
7384
925
2484
6691
1328
2010
4531
7998
6285
9186
9359
7885
7956
9882
8260
4025
7137
3879
9900
9209
625
1022
2941
711
815
8482
500
1275
2194
4054
7311
1879
1543
9668
8636
4041
9239
1800
5003
9887
2446
2353
5619
7716
2966
9436
6054
2202
4346
8838
251
2649
3131
139
6745
8671
5043
2030
3585
9499
8202
5913
3766
5631
9709
2787
4821
718
1522
1421
1610
3074
2180
2390
1917
6150
2844
1291
8336
8667
5256
4243
2908
6526
4393
1091
8386
4154
175
4550
5350
7256
3998
2820
362
7572
3402
7733
5189
3532
3173
5136
9755
6786
3240
6998
1631
5065
2910
4917
1070
2661
2037
6245
7613
3212
8245
2270
8111
1847
6523
8828
6682
2843
8418
3049
4293
6023
3737
1059
1666
4890
2395
5468
8999
9462
8495
5755
3157
1939
7221
3570
9915
935
4744
2870
8478
5151
24
3094
3095
1180
9517
6764
1779
151
6269
7605
6913
2343
6945
7794
1198
2797
8893
8729
1364
5992
3170
8414
964
8787
1333
4296
216
2868
8552
2316
9104
379
6569
6768
4679
8034
4177
3194
2620
7614
1096
1279
2035
519
4378
6540
7863
5327
3874
2252
8567
6013
376
6598
7305
1513
4016
2398
1489
877
990
1891
7459
9772
689
4757
3893
7504
8939
2065
7259
7551
2417
2653
403
7574
2508
8840
7990
6150
7282
4398
8191
2843
5578
4873
6035
6094
3829
1441
174
5534
4706
1841
3764
4265
6698
9550
1462
1134
6296
4732
4296
9591
2309
5802
4157
8689
7397
877
8456
6240
562
1785
5807
6255
9358
6912
499
5806
2543
4306
5172
4922
234
7052
9847
8694
410
4659
9512
5217
4921
2718
5642
1719
4998
1355
659
3788
1283
713
4978
462
8370
7586
1151
7999
4656
1030
8411
2290
3430
6605
1249
5279
4933
7052
7017
6897
9142
7386
2621
4199
313
2191
988
6466
37
5437
5909
6482
467
2107
1053
986
5153
7700
5356
6277
2294
1246
9735
5547
8499
4972
3927
351
2337
3245
3725
6607
651
526
2302
7270
326
1193
1633
247
4656
722
1124
2362
9135
2402
6255
49
5804
7348
7544
1268
980
7924
509
117
1258
5362
7360
7575
45
2738
7903
8388
5260
3430
1461
5602
8992
7940
8360
6786
5881
8149
1689
6234
6590
4644
7938
1013
2248
7244
5470
6842
3482
1596
2853
8906
3958
6458
5396
831
9069
6219
6326
7345
965
939
5467
8521
4401
2520
3556
2635
1180
9675
7151
3823
18
986
9531
4546
9616
9125
9346
8843
5980
4677
6663
4880
4819
7966
8811
1514
7243
2839
9079
5237
32
7217
6613
5629
2530
7963
157
2712
5057
2755
9515
8366
3437
9286
9481
2442
4540
8517
8020
9567
9777
2512
2379
9376
1855
8911
2544
9173
288
865
1263
5598
8992
6388
1358
4683
4477
3641
8881
2001
746
9692
2183
9548
4272
8217
601
8269
7922
1971
1090
527
5761
2327
6523
3791
7997
8285
6758
8100
1809
3203
9586
323
347
1898
8619
8185
9220
4629
2045
8320
1930
7222
1019
7976
9540
7683
5198
6719
3867
4298
1262
2451
2709
5987
6158
5127
1500
1628
247
6275
2236
2931
5768
6908
2576
5452
8709
2320
2564
5114
1460
2317
7615
4166
6047
4531
1377
3936
4412
8087
3517
1329
9226
9751
4516
2764
1657
448
8298
8277
1502
6422
8178
7768
4844
2910
8421
9776
1637
788
964
6688
536
3006
1719
367
6984
1015
7042
634
5463
2731
8452
5453
4305
4347
7430
9338
6709
2418
1354
3054
1470
2185
302
7310
7924
1490
9361
5856
7105
2676
3231
8351
3234
9468
724
5636
4947
5681
8909
1605
7820
8315
7285
9020
3813
9084
56
4261
13
6535
6843
1811
9732
4720
2693
4088
3896
5875
8377
1234
6211
7346
6056
3742
4058
847
6023
4627
9042
1525
4472
2555
9793
9159
4602
6465
932
6018
7177
9026
1879
3891
7967
9718
1090
3334
727
2512
7727
7654
1659
6181
2513
5080
8489
3910
8057
4657
4335
4728
1475
758
6349
6595
238
1355
9256
7718
1301
1952
2105
1471
7629
5649
1137
9142
1747
2083
1493
8868
2163
5717
5195
3047
3734
8143
4695
4542
6358
4005
59
7113
5209
3749
9507
1478
8558
2125
3304
3730
7489
1845
7099
5134
8661
8568
9797
4534
4835
4238
6136
5139
3262
85
8174
6917
4522
5245
1197
5969
633
6536
7387
1216
9074
8376
1270
2365
2995
5992
310
9244
8990
5400
8475
2667
9685
2239
7832
8607
5942
9517
3687
2425
5921
5315
5764
3895
1984
7081
9640
1456
3099
1024
8192
261
9886
1728
5143
1820
4042
5841
868
4495
2228
1535
3198
6891
427
9089
6158
9564
4818
1326
2767
1994
4525
9857
161
3878
4628
5264
2310
7852
2050
9076
4141
5729
331
1822
3158
4286
1034
4627
3246
6274
3322
8383
3357
2503
4984
4373
1665
4929
8146
3346
8178
1463
592
3932
2299
7785
7887
8919
1092
469
3561
9598
2874
2889
8322
1414
6292
1612
6616
3664
5514
9628
2553
4998
3390
1610
6938
1713
9980
484
9533
7411
6012
6913
2364
8892
1849
7557
9653
851
219
969
7015
2628
769
5274
8693
2476
2347
5819
8448
8808
8946
629
7130
7943
93
3723
1474
4795
3760
4743
2281
4573
5781
3537
2452
1681
1690
3396
9218
323
1812
3949
7874
5506
8471
2963
7681
7904
4246
8037
3032
9805
6317
6376
1189
7468
911
5758
8800
4610
6106
1064
1091
627
9347
3936
1246
1024
4497
6531
5565
1336
5874
5882
9379
6697
9830
8773
6746
5334
2794
9570
7416
937
1907
4985
1328
270
5642
6510
5193
8807
4385
2772
3121
2290
927
8115
2452
5062
6151
4737
7372
8817
2000
646
8083
6441
198
9301
5979
1620
1152
6362
9192
7619
1497
8369
5540
561
3676
2178
242
4039
4702
2510
2458
3787
5393
5192
7551
945
6803
1291
7480
2432
4903
6764
3848
1634
9199
7705
7934
7302
364
1763
9265
9800
1310
3928
8747
7940
5050
6371
4086
857
4663
2885
7351
7500
7199
9986
4103
9718
9808
7724
2892
8303
7181
162
7084
947
9659
9868
2086
4897
8303
1001
1848
1320
130
2856
8329
9515
4922
7335
170
2641
610
8589
8510
554
3159
6427
213
9726
5554
7653
8601
8998
3786
1411
1509
4177
8671
8228
4846
6140
3484
2240
8939
560
4419
7368
3066
8845
8040
7961
6957
7309
4862
7040
8039
6528
3498
8617
2827
2146
402
1892
2702
6301
2026
1249
1391
3954
2066
3481
9548
3685
2313
5520
1372
4264
7671
703
1430
8707
9799
8545
7280
6673
3998
4978
4975
8212
8032
2534
8378
9287
9451
3341
1278
3979
2622
9530
7070
209
7181
113
3690
462
783
2756
7766
9241
2116
7126
4352
8325
2422
6788
8988
2611
3339
1870
3575
7614
6168
1564
7666
7992
9297
394
1814
9482
354
6274
6667
1239
1788
8107
7232
319
6
8803
46
662
8724
1923
8630
6140
4309
5034
476
4306
9707
3739
6731
3189
725
6497
6511
701
5278
2466
1482
9475
7890
8913
1616
937
8993
3991
1527
3557
6217
387
688
3770
4433
1406
6285
9806
7921
270
8981
2066
3129
2100
7028
2611
6878
5529
4040
8221
4233
10000
1623
2601
8543
3987
9426
3262
4042
2562
3156
5221
764
1647
5477
3872
3215
7382
6268
3428
3602
6886
3987
9034
666
5022
6743
5533
9391
8736
2695
1422
8973
7224
8798
1193
5218
973
5384
5009
7514
6870
93
4039
7357
1358
6271
168
5016
3738
1693
3093
2347
3916
9353
8418
2587
1598
2317
2525
3677
832
8227
1245
6574
6628
8201
2326
3175
1226
5328
5802
425
9284
4482
723
349
5705
9948
868
5750
7093
5367
8572
6445
7799
1186
6261
6191
3651
9887
6143
7506
9470
6929
9756
86
1723
4722
1232
5557
9035
3932
3631
5300
4904
3685
2432
6452
8277
2222
837
1130
5089
7024
1615
9895
2379
4436
6968
1984
2322
9748
916
3763
4176
8411
3560
4061
9812
177
3415
3392
2270
888
3787
6158
5384
9228
5543
9202
4539
3828
2244
1783
9157
7799
3188
5223
616
1832
5012
4741
9776
1891
7831
458
6357
59
390
1787
3689
6077
5303
7299
4508
4730
9924
5760
5105
4037
115
8311
130
7103
91
3659
1751
6812
7944
1138
1168
6649
7697
5206
906
3238
1553
7952
3116
869
5282
8056
9941
8095
5300
249
3960
1769
8526
5603
533
6261
6485
3084
2564
6637
2211
3154
3586
1818
5276
5938
1804
1003
5161
2864
2692
4870
1497
4490
7907
2084
1631
3629
8938
8832
5500
1395
717
1630
3385
5921
863
5447
7613
5181
3997
5859
4802
8163
9165
267
5504
5802
7702
4793
8671
4228
2074
327
761
674
4353
1024
5671
3536
9314
3347
9973
1182
5043
4483
2182
1213
9080
6364
9499
4144
2284
1509
4126
2554
4013
6535
3688
3739
1442
1223
1262
9021
8079
4550
7189
2224
720
8321
3698
1545
7959
8101
4771
708
9076
6574
4372
1955
9190
9651
6301
1870
1630
2581
2047
9993
9152
4690
4104
8933
251
6815
4339
8466
9695
7701
2308
9982
8209
5151
374
7394
8319
9243
6867
1716
7889
1928
3301
7355
6224
1168
6920
908
3645
2435
4964
4587
4920
2967
1951
7394
5994
5867
426
2523
5231
5810
1334
9904
1602
8767
4897
5088
2096
7088
5212
7248
2904
649
9621
8125
3473
3708
3943
628
108
9450
8700
1946
7151
9292
7171
252
707
8753
1063
2658
8490
2897
9756
305
8620
1437
357
4606
9256
4410
738
3757
8482
6148
9576
9244
782
1457
1935
1052
4679
8079
5319
1945
2702
2988
6155
6522
5541
9160
1677
6304
9828
1614
1216
150
4387
4271
9915
7427
3548
8144
5299
5582
3618
4091
2247
3367
3490
3828
1914
9026
8420
7792
6308
7669
9455
1369
7276
337
4578
8554
529
7928
2329
2601
4106
5226
8672
6158
4031
6534
2513
2156
5491
3887
1954
7275
9550
8480
722
8864
6877
7575
7037
2428
2164
6467
9079
4853
9827
2656
6545
4478
419
2439
8400
9603
500
1971
3116
2063
7059
879
9187
7238
1597
7722
1773
5222
8991
7475
9867
9834
741
3783
6406
2550
7275
4426
4267
4607
5080
616
2046
2255
803
1778
5937
1586
7217
9177
9536
4735
7891
920
390
3876
1410
1251
1527
4587
8150
280
4861
1404
4933
8152
1516
8620
6095
6373
3209
435
9055
8181
9089
8814
5676
6625
6627
9977
1997
7990
7153
2994
1017
5850
1208
6720
5349
998
1547
1512
203
8326
2376
698
1801
8003
291
5054
3148
5867
646
1832
5922
4431
5855
568
4629
862
416
2067
4560
7442
7063
6209
2054
9128
510
7347
9636
4136
2334
981
3924
9011
8400
3476
8437
1309
2533
3407
4086
7973
6814
5224
4601
9098
2400
2776
87
8174
3804
7612
3842
1683
5008
4294
8391
7420
957
9794
5885
7425
3500
1286
5387
1240
4412
3483
5619
5637
5449
246
9096
9256
1266
3963
460
8739
658
6767
7309
2683
6020
6054
7992
9985
2426
3237
5781
8898
702
9494
453
9980
359
8502
1797
9889
2920
3097
3340
6431
8122
5455
6729
9489
6287
3859
8085
7793
1029
6124
9913
2782
2845
1002
1611
1204
1575
9577
5574
3230
6160
1574
8917
4331
4572
2012
4896
6863
217
7158
807
7025
2572
9456
8370
8241
713
6592
1270
1350
7495
8798
8823
5598
1087
2994
5751
2088
5944
7626
1952
1591
5826
8093
7767
7070
7971
4515
316
4513
3622
1900
9211
7574
2696
5987
1000
2758
8877
1828
7504
5797
6971
2230
557
9762
8577
2260
3441
7265
2601
543
9166
1126
8161
8032
3774
963
9794
4780
5466
2220
8714
8785
657
1649
9798
4860
8904
85
1662
3399
1777
6460
8253
5463
4471
9876
5872
429
6928
3717
4320
2031
9829
4952
944
4539
1861
78
1154
3831
4408
8102
2091
667
2001
6882
7055
903
7493
3238
5450
6535
4475
5495
7540
5323
8280
4809
8382
4351
4907
8018
215
3574
1091
8749
1920
5986
8935
7421
6104
4295
215
6250
4145
7335
3781
7083
7820
7787
9481
1204
406
1687
9023
173
1204
1945
4236
9404
1477
2277
2525
155
7873
5495
6763
3106
3681
2140
1112
7295
5041
6581
2617
5020
3525
8267
8516
120
2849
9724
3181
2
3253
705
6999
2889
1964
8777
5720
2
4321
2150
4144
9706
5693
3134
5187
8414
1548
6935
3729
182
4064
4408
8646
5978
2669
9869
7939
44
2011
5945
2502
8862
678
7900
1963
3919
8240
7045
8947
8921
2626
8842
8870
1365
542
672
7544
8267
9102
9526
8570
3391
5618
2043
2636
7720
9509
5478
234
4964
8111
51
8659
1273
5919
8977
6691
3129
7562
9584
4667
5506
2073
1387
3964
2186
8399
2837
609
3291
9240
464
3869
4877
5085
7062
5581
4813
8530
5359
37
3637
8595
661
6754
3940
3241
2102
406
8273
7632
8713
289
5078
423
1279
4199
2633
2646
2135
9524
7324
7592
1
5372
9421
2487
3116
3011
565
2476
6703
3963
9942
21
4173
3666
3359
695
9605
1550
2218
793
8355
7760
8929
935
6940
8033
4466
6842
4385
1196
5699
9105
2544
4214
2453
2490
8873
6053
9783
7883
3630
5074
4579
4650
1352
7401
9236
9064
740
7778
192
6798
2982
4624
2616
7887
5422
3135
8390
3653
7011
1962
5256
8689
4963
1805
7290
7165
9077
5904
8775
6776
9955
5652
4432
6614
5221
6031
10
8447
1695
3194
2540
7272
7611
1258
7671
3819
1770
3631
1934
3153
4157
4400
8806
3339
5524
7712
1305
457
9018
4885
9824
4973
889
4425
442
1928
4873
462
2865
4439
1113
3885
255
1248
7804
3637
2656
590
2426
8386
2216
8353
7104
4978
3425
5544
2187
9010
5289
9252
58
2624
3947
4843
6869
4870
9731
2304
9950
2728
4773
9188
9036
9623
5627
5166
2432
7804
9341
22
757
9954
5301
8608
9384
5762
2163
8817
2607
6458
2383
6780
4112
4344
9198
8723
6962
1380
712
273
638
6635
7624
7571
2432
2155
2654
2870
9212
8161
8231
6022
9829
4571
8546
3447
7838
594
9574
7694
8600
7269
852
4735
869
8100
4066
8262
5461
333
746
2360
8731
4351
5866
3783
7968
2451
3864
2849
8107
9182
1337
5224
6866
8753
2721
2569
5384
2736
8943
499
8910
3399
1314
8399
8864
4782
1313
3374
8055
4554
5724
8673
5506
6409
4394
7516
9233
5160
7965
5467
5157
8172
7700
8052
1551
9931
5426
2021
8252
1693
5062
8289
1976
488
2271
5983
1642
876
7966
2231
129
8847
3244
6727
1081
640
5130
2246
6747
9680
488
1257
9714
5270
1270
8718
7735
1988
7671
3550
4919
3628
1459
4201
7636
6160
1815
3108
1594
2937
1492
2321
1229
1704
2198
1440
1653
479
3206
6949
724
6325
380
5397
1673
8975
8565
4165
3426
789
56
8014
1003
2005
398
6866
3712
8955
1451
4508
8890
5881
3628
1099
6126
6362
2132
672
2903
2188
8021
2679
2776
159
6179
3235
7010
5091
2069
654
6331
1412
5539
3677
8839
5891
2882
3177
3900
4923
9513
5086
9775
1927
7613
2573
8222
9741
7708
3095
7645
2101
4944
457
4207
5459
6008
6465
9476
547
7479
5469
3845
8151
486
8979
5133
4413
4180
6578
4350
1039
9448
7151
1039
1658
2654
4538
614
5212
8706
8613
8183
440
3613
5093
8781
7421
1408
2481
3370
4050
282
8624
4765
6219
2565
1464
1608
7831
2766
6007
906
1784
5357
4889
7258
8489
2230
284
6092
892
1734
712
1189
1970
2401
7951
8893
8751
6275
557
1833
958
9181
6685
3109
1105
1148
1618
6063
940
4149
4193
8048
2560
930
2660
1841
3136
260
9658
1610
1349
2344
8582
2822
1520
127
3120
9398
313
4091
4607
5787
8406
4371
9
1531
6455
1375
1802
4077
6901
7043
7653
8241
5220
7741
9461
5984
211
5989
2466
1048
2068
7382
3283
847
577
932
1250
2078
3245
1757
5949
9463
4655
7557
1683
7906
7892
93
9018
69
8940
1666
5631
5349
9126
6953
6169
4190
1625
811
6131
747
1576
4341
7759
809
2401
9402
1244
117
6840
230
544
7636
799
3647
4109
8742
256
974
438
6242
1408
2501
9457
7402
4560
380
3830
7041
2125
8681
2509
5680
1027
5839
648
4330
8617
8860
5796
7448
5133
6649
4527
8397
8001
7347
7950
5772
366
47
5115
8104
436
7240
425
4884
3786
9425
897
2896
9288
9525
5541
6042
4611
6843
4177
8046
913
4130
5859
8344
8614
4975
5906
378
253
6571
2128
2126
3198
1222
9503
8950
6041
5075
9147
5210
5517
3372
7702
663
9055
6478
7424
3429
1911
207
9034
198
2109
1538
645
5064
4220
4291
7332
1056
2679
5203
6591
628
4002
766
7465
912
5546
9467
1729
2722
446
6632
1979
5326
7433
5236
8616
9129
21
1141
2253
1282
6797
6149
1449
6800
3635
1562
1624
2919
2173
6926
5071
3796
8948
8359
7505
6669
1869
4316
8067
398
186
5964
6107
2411
3265
9172
599
4121
9719
7208
1043
3397
3457
1762
4001
4139
6699
8877
6250
4536
9524
8629
2328
5544
654
4977
2769
9446
765
6089
6313
4731
6627
3248
2634
3523
8225
5926
8646
787
994
6618
7254
6422
642
916
8881
125
3522
672
3311
2251
2818
5938
1380
2245
2019
7774
6574
3012
3583
6160
1176
5318
7045
8251
8751
2517
2346
4641
9048
6729
5824
7175
139
8019
6972
414
2158
1970
2376
981
2320
5725
5746
8746
1797
1673
1327
730
4113
7216
1740
8468
94
4216
3466
326
759
7620
2971
3196
6360
5417
2629
4565
6361
4687
6663
270
930
3811
6273
2777
4664
3454
4828
154
3115
4057
8845
5709
7987
2447
2252
156
9822
3173
2657
9479
663
2072
5800
8208
8924
8311
3519
9595
4457
6241
9528
4761
553
2241
1913
7564
1901
1718
9416
294
6954
9320
9581
9693
2670
2409
4967
7111
9844
5337
4015
2538
9577
9661
6602
5029
576
8269
5347
9895
372
4744
8215
9668
5700
5257
3505
3026
5764
1814
7226
8036
426
3253
2233
4786
8342
8586
2565
9478
8963
6314
2737
6982
6020
3014
6744
514
4472
7841
1416
9274
4692
6628
5437
3978
1010
7781
647
9201
1562
9407
510
2689
1669
2403
9184
5445
1524
1301
3325
615
1477
5872
2177
5408
1451
2541
7661
3022
9261
3742
4246
1133
937
3344
2273
946
3203
7191
3216
2951
3074
5177
2652
6130
2609
9183
323
1248
1679
8661
5593
910
2708
3473
2142
2769
910
9197
9151
4117
1850
2379
40
8462
6214
9653
7103
9802
8967
2268
2005
7320
425
5884
7099
671
3430
8464
9228
2420
7378
2080
3312
9488
1766
9979
9946
9138
2371
2776
1076
9631
8467
9853
2513
7663
6091
860
6667
6800
4305
1484
7025
2172
6676
3299
130
133
5342
4810
5924
483
7364
755
3259
5917
8786
1472
6587
6940
1216
8091
8902
6896
831
896
3534
4730
2484
1113
542
1408
716
5770
264
5262
9530
804
3628
2598
3342
6950
5184
5902
5021
8256
7809
2326
6629
5436
6752
6486
7468
3263
5392
1982
8924
8234
9719
775
247
9575
1136
1830
6254
1922
2929
9458
5798
6792
2302
2122
7922
7775
2701
8733
1142
7632
9401
8522
3008
1810
2635
3207
5791
5254
7206
4169
9278
3219
4129
4798
6109
8719
3689
535
4464
1966
9910
9986
7998
5734
3697
4266
8891
2635
8911
8619
3922
8015
6076
6872
2834
9169
117
4889
2727
6044
8302
9766
6685
9667
1811
8148
4205
7094
6274
8730
2681
4849
2547
9956
7756
2646
8190
7795
6025
3808
700
5855
671
4608
5940
7423
3102
1307
1530
7201
517
3687
2710
3818
6963
5554
1496
1767
6077
3795
2561
6358
9265
3686
2455
2067
6870
5857
1754
1269
1182
4970
1409
3090
4400
397
8229
4487
6300
3422
3947
5402
515
4017
2820
110
9717
5786
1127
12
2379
5699
9055
2101
834
1283
6641
6904
1777
4237
433
6461
6185
2256
823
857
1699
1679
6713
6643
3176
5932
2600
2635
1483
8947
6622
1162
44
4961
7867
9593
9467
8523
5090
3378
559
4611
6855
2935
797
9974
8632
6641
4939
8729
9007
9279
392
5297
3529
5678
3796
652
2996
9930
9585
931
2170
8233
6835
4607
853
9575
2804
5763
72
4638
4344
333
1299
8218
5180
8558
822
1052
6845
1613
8647
6363
9120
6933
3644
7647
8193
799
1559
5138
2865
8505
4825
4082
2766
3178
147
1376
5266
4228
4531
8009
4640
4806
153
5930
8055
3267
1544
8738
6796
7831
9942
5235
2220
7284
4858
1807
8477
341
6698
6763
9538
7979
6602
2969
6007
528
556
7068
7130
6803
6301
8178
7694
5784
50
7134
7191
6217
6466
6413
1769
3991
2303
1377
5912
3126
7804
4455
9494
1879
501
8426
9693
6213
4054
7896
1284
4500
6100
1072
6082
8622
8815
7513
2476
716
1306
8010
7765
7304
8559
7829
1473
5344
6068
5391
3819
9015
8712
7854
9876
4943
9809
3337
6358
6143
9336
5067
6051
1566
1719
168
8919
9190
8335
8177
4514
3979
8982
1566
5126
6972
9154
2707
9404
5120
1842
2995
6972
5581
6645
3004
2042
8757
5140
5360
1672
4012
4666
484
9844
663
4336
1782
5374
264
3960
2775
358
9642
7355
6987
3732
4503
6889
5037
78
5189
5626
561
8276
6766
734
5176
3910
9471
6233
7943
5180
3850
3390
3359
4930
2120
5616
7404
9823
2442
3148
3710
4819
3173
1622
7518
8214
1432
1526
4779
9043
9876
3692
5753
809
7057
5709
5610
7183
7400
4803
2421
3832
2991
3394
4403
7366
8729
8146
7462
8515
4101
7899
6590
3728
8028
1726
9819
7844
3665
7367
630
97
4905
471
2414
2291
8723
1894
4284
4587
5317
6255
2485
1988
7615
6455
3065
1464
7441
6492
3684
7873
9696
1335
5762
9474
768
6824
7373
6535
9357
9841
5557
3600
1222
5136
6744
2318
2873
2449
2678
2639
159
5205
9708
5880
3384
6123
296
5329
2138
8908
1210
8963
1459
6651
9840
4406
5940
6993
4316
5609
2738
4443
5731
2636
1175
3311
7294
657
1162
3366
3773
586
5791
1015
8018
9151
333
7077
8549
853
1926
8388
4773
7487
467
9871
643
2961
9491
2585
9900
3789
8588
2268
4356
2373
4038
2601
7739
4481
3026
702
6525
6993
3005
1204
6465
2845
3514
4060
3483
2656
9013
1615
6985
9325
47
2616
9791
5068
7059
9345
202
4445
7759
1713
7844
7945
8776
1532
4104
2839
9507
6117
4152
8681
2287
800
9215
5417
1286
182
5027
4680
829
18
5582
9463
2364
9346
6575
1678
3977
523
7482
2821
1649
2302
6871
1039
4050
3372
5832
2190
1130
9627
3084
733
5522
5750
2789
4432
8087
3088
1844
3592
7264
3178
7887
5825
2897
7347
89
7534
4213
3060
8055
9863
6676
3627
853
1600
7156
7843
6424
6394
30
5791
4015
2021
2581
9512
4362
391
6134
4317
1336
8145
4076
953
4637
5449
7670
9504
2631
2871
9720
8639
8887
94
3622
5348
5179
6130
3372
1112
2795
3957
8887
292
9144
2440
9208
934
7929
5672
955
9944
5170
4291
2246
1355
633
1071
3250
6006
766
4480
1085
7096
9301
6513
8290
8252
9502
6619
3852
4098
8687
787
922
8886
3872
144
834
1907
8134
58
8626
4408
987
66
4155
7144
4087
9011
9519
5405
7032
7408
1354
8547
6500
8456
9791
428
2212
6088
7734
8635
8487
4675
2673
154
7873
7076
8119
5237
1978
740
4060
4981
2399
1764
7404
4761
5564
8523
6901
1849
2704
7728
502
1258
7281
2670
7784
5567
439
1341
5552
8538
8941
811
1221
1046
2318
3437
352
7420
1582
2315
7189
1766
7286
1174
8229
8160
7987
9033
1899
9557
6088
2536
7138
8247
9088
8838
8002
185
47
7445
2009
4072
1912
7326
4192
282
4354
5983
3754
5222
1419
5726
1253
7701
5027
6638
5325
6684
9397
3550
1560
5574
8699
9953
618
8974
8954
2987
3959
3639
8405
488
7028
250
1620
8696
820
3240
9863
6963
9766
805
6615
7618
8336
8554
978
4757
1549
9952
2953
6313
3477
2550
785
1885
8941
2120
9035
4086
5247
876
1615
3115
1930
3003
2931
6804
9823
2600
8992
9653
8464
9368
9116
9277
5
5692
1993
8687
9453
5737
9704
2378
5790
433
6866
5739
7026
50
9367
2974
2000
9683
7286
3461
4966
241
304
6468
1524
6641
5099
1112
9617
8734
1520
1099
2200
6080
3665
4310
8514
2088
3045
5267
5477
5832
196
2705
2255
2638
5108
664
4901
7907
8994
7924
6843
6327
3315
1619
4030
943
1337
3899
2686
7003
1546
1950
8641
1220
323
1300
2376
2445
8734
4850
7299
4360
2
4999
3407
677
1006
47
707
1764
4586
9452
2432
7602
6661
6360
8756
2216
8538
2653
4063
5959
3736
1509
3590
6508
564
3120
4375
521
7643
3929
6563
5524
9780
5861
1718
6945
9693
8654
3957
300
7879
2019
8006
4091
2922
6666
7664
7236
7327
9215
1537
6604
8811
688
4627
4641
6192
4255
7540
951
1295
7188
4650
6136
8992
2318
2590
664
8920
6952
5264
9865
1427
5095
7820
7803
1505
5925
8791
5612
1538
7505
884
9152
1550
1215
2638
1148
3275
1919
9061
7585
804
9479
723
5838
8608
1365
5585
277
8792
7283
3023
7933
4818
4699
4766
9959
7994
4926
720
2549
6511
4176
3751
7504
7387
520
9055
9924
6623
8177
295
6252
9637
2000
2786
5400
1096
7608
2726
3437
64
3869
4471
2049
843
5113
1430
5467
2033
9103
9816
3324
9081
5201
4240
3068
6870
3439
5857
4928
9780
2289
2293
6466
9145
7184
3859
130
4902
2850
2964
4250
318
1102
4623
2591
1036
1640
2854
1213
1154
1292
8518
1571
2059
6512
6148
8177
2904
3918
3864
2953
7792
74
1323
2488
8565
8277
3036
3700
2731
5452
9412
8802
5018
3545
6278
5533
1192
609
2714
3302
3533
8977
5341
8233
5288
6130
4670
4375
3514
3311
1674
6392
1678
3902
3999
9498
6723
1461
9960
2612
501
2032
4875
9628
7511
2105
3837
6917
317
2139
7146
7049
4173
4276
3818
2608
6289
7566
4696
7955
9078
3145
5671
466
3959
6106
448
4656
329
327
344
6203
8396
8528
6325
2950
737
3396
9485
8383
9978
1839
6446
8694
3199
6720
3555
9600
5141
2591
3571
3360
623
6819
3840
467
1423
1104
2196
9868
5684
3108
4924
6642
8099
8074
3190
2498
8284
373
3185
7168
3887
1874
3370
1983
4146
6006
4705
5879
2369
2297
4511
2548
8770
7908
9183
50
4064
3279
9406
2427
2502
2673
6036
1693
4502
5891
3532
5690
7799
8932
6510
7814
1085
7140
9310
4350
1847
8182
3497
7541
2764
7739
1484
8397
2018
9095
8014
5701
3379
9097
2988
7143
4557
6540
8271
9193
9532
2692
3400
6390
5874
9605
3279
5986
8293
4612
875
2444
78
2229
1175
9689
9854
2052
1562
1290
8462
3235
2721
3973
2366
4986
5257
8034
1801
2390
2292
2572
8317
5746
7479
446
395
4804
8920
7421
2021
6765
1608
2128
3911
4536
7825
1317
5902
1106
9805
2535
9605
592
3476
7019
5528
9462
2686
41
8251
9790
7606
8095
256
2284
143
155
5431
9880
1110
5158
9230
1561
919
5716
4595
602
1311
5961
1910
1791
2670
5420
1015
8835
3758
2587
7806
1000
4209
5617
8567
8469
5969
4859
3486
4386
5464
7028
9105
9289
1898
8892
3905
9053
1733
265
204
8867
5578
1044
3148
317
9074
6916
1672
1976
3123
5731
6706
4635
157
896
2530
7273
5213
322
4877
4097
1673
1792
2957
426
53
7325
6011
9253
5613
991
6700
6874
2346
8532
856
8388
9333
1504
146
9734
6144
2629
7409
9186
6087
5702
2279
7984
6481
9250
40
14
3934
1625
883
7037
1481
3055
7008
1493
8283
7853
2395
2346
2180
8749
5013
3201
3452
1823
2892
3701
3469
4001
2128
8966
6185
7365
2305
7024
1462
1999
6086
8997
7100
2919
6367
8562
7102
8746
7098
600
7924
24
6254
407
7893
2089
9863
1274
1135
8020
1482
2875
1821
4454
4582
2079
7099
9668
513
2691
5155
9000
8863
1688
2954
1281
3543
3558
8382
9892
5216
7954
6882
3129
4064
824
3905
4546
2856
7382
3481
1161
7082
899
175
3137
8927
4888
9638
7311
8869
3457
5872
1805
2956
4231
7443
1534
8899
3514
98
2059
9037
7664
9961
2007
2262
2477
2418
4941
5714
4559
1283
4296
8740
8819
1877
7562
6354
308
7069
2507
9988
2432
9702
2039
7219
2082
8970
4951
4042
6270
5871
4704
502
3158
3363
714
6878
2710
8943
4933
1657
2393
7791
9687
621
2321
2522
5304
9554
6750
4059
1155
1602
7371
8813
8628
3709
3431
4573
2020
5701
2599
4332
9056
289
3358
2984
6989
4585
7979
9536
1774
9877
5968
7656
6046
4779
1738
3782
2306
1660
3647
2204
1130
3803
667
8682
4388
1519
3019
9280
9679
5722
681
4663
7471
2285
975
8883
3317
1651
6617
3565
5554
5540
1388
9689
4067
91
4806
640
1810
2842
6987
8321
3997
1798
416
2568
6677
184
3846
3983
9610
5541
7810
4883
2375
7405
6979
3576
5868
4992
9893
3710
6425
3608
4080
691
8130
6084
9431
8625
5424
4766
5488
5095
3296
5916
5531
7040
1212
9033
9938
331
1652
10
1447
793
6260
5303
6128
3744
2793
5582
952
3196
141
2249
6668
568
1825
7401
9868
6574
7585
2306
7183
3201
9023
1602
625
4743
3781
7837
9106
309
5921
804
3698
1506
5510
8841
1439
2995
8693
576
347
8559
817
8371
6623
2741
3494
5514
6071
3874
2799
1841
2838
1948
383
9426
7720
8869
8532
638
1894
2187
682
7484
4073
2210
1048
677
2485
4632
7381
6721
8802
6877
4341
3145
1382
972
9629
8073
9874
455
1170
4015
2537
337
3037
2307
5180
7623
9682
2977
3693
1808
8953
7493
9492
343
6632
3912
8802
3353
1890
5877
3385
8545
3257
953
2173
2539
1469
9551
4983
7854
5637
2679
1856
7061
150
1053
9840
3582
4278
9133
7094
8531
194
5100
5980
2185
7141
8678
4771
6320
8937
2263
4103
7264
7414
3207
9540
5060
2233
2308
809
4327
7497
5951
4633
7743
7520
6060
2112
1575
4970
9356
1240
350
321
755
2506
91
1998
8314
1977
7616
2745
5220
8369
7284
3962
7290
1224
6906
3297
1057
344
5269
2587
7923
4022
2168
3977
8371
879
5272
7235
5399
9065
2189
9995
6201
2674
4197
1750
426
6854
5493
2933
7497
9941
6162
6710
6559
9821
608
3544
5632
2279
1087
5108
9715
8672
2582
2041
8623
5839
6120
6622
517
1759
1428
792
6595
4735
2419
7015
8595
3029
658
2156
3143
1044
2006
1238
4167
5120
7339
5544
984
9949
2738
2092
127
8255
7096
5153
8098
7918
1647
9805
6702
8775
6846
6275
2214
1576
1516
8475
3427
3456
2455
3991
9619
251
6230
4256
945
6232
9014
3846
2716
5797
7250
8933
521
3469
7342
7024
7671
4392
4393
5230
4682
3351
6914
9217
160
3494
8791
5175
5978
2106
8211
5701
6740
6306
796
9775
7521
6055
3424
6686
489
7972
2201
5563
2702
1565
8052
2289
6100
2707
5741
8005
9455
2516
2562
8843
3716
5427
2091
1761
1566
8448
1125
4820
9442
2591
3742
168
7727
7454
816
7043
1849
965
5712
279
2738
9758
6420
7564
1732
2187
382
7771
6455
8794
591
3593
220
2483
2578
4650
4249
1267
2385
4277
5016
2664
3650
7878
6901
5375
1131
8818
7757
4973
1981
1443
2674
4580
2095
5913
3567
5090
792
2533
8156
8494
3022
1123
7665
1647
1958
9680
2349
9317
1809
7275
1400
6428
9651
3708
1881
258
2941
7891
467
6536
8517
1310
8818
825
597
6850
189
22
2754
4836
5763
6188
8806
8304
6394
7312
776
1697
4632
663
1675
7934
3360
2249
1417
3000
8244
3570
45
2122
8416
5130
5078
8381
3451
7074
8199
4636
3601
8526
2598
3879
9220
3000
1054
5690
4637
8509
1831
2207
6896
4402
8425
2358
3544
2080
4701
4990
300
7798
401
5824
6861
2109
5796
573
3122
7401
4274
7215
7099
9549
2730
3401
7208
5548
9811
8584
212
1678
3995
1722
3675
7884
5428
334
5250
806
8564
6213
1101
9220
8900
4225
1710
9001
7051
346
7589
2436
3422
1748
156
8387
6103
2738
9911
1474
7574
3204
1590
7902
4981
4648
5477
3956
8511
6397
5835
721
9847
6041
5197
9608
120
2832
5699
9203
6829
5758
871
1068
9936
4610
4606
8800
8978
6825
6248
7739
1008
6049
4062
5665
4754
8220
7075
312
2137
1527
3308
3230
1467
9441
8642
7286
44
837
2209
761
8133
460
8496
443
9504
8628
9101
896
5399
7896
3876
8503
8176
9003
3571
861
2120
9744
1978
9084
5989
393
794
2672
1360
6977
696
8840
7111
8351
2508
4653
7277
5411
6429
1498
4745
5841
8475
4955
5484
6551
1956
8
2360
8699
3944
8499
900
9359
6908
7247
3915
2410
6541
8030
1830
6518
418
1876
3920
8525
4688
971
3884
2693
434
8957
736
270
4387
5897
2664
8988
8383
3995
3776
981
3067
6515
6521
2798
8376
7273
3926
3440
1148
162
4668
4294
4542
5028
5532
9901
4724
9977
890
4459
2247
5803
6719
9623
3616
3283
8151
8704
2554
5989
4034
914
2243
4731
2190
1397
6105
7128
6492
8562
7572
7336
502
9369
9601
7953
8405
5764
6479
3807
4540
2928
2342
514
8860
818
3588
9613
9228
4798
7077
9775
7204
4479
7891
5898
8897
1025
1319
6863
6244
3774
2182
5220
6042
872
8096
1328
8691
5854
3401
4775
8860
1447
2692
3653
256
5524
1322
3730
3729
4729
4351
2926
8754
5167
491
6355
9234
4212
6744
9254
4743
8116
2643
6894
243
9064
1269
6859
6705
1886
4062
9829
1186
7902
1245
8510
933
796
8954
4651
33
3258
9989
1279
9376
2919
2234
901
8048
8022
8314
8106
478
3251
8329
7311
905
5974
9100
4508
5218
2028
7681
7799
2169
1303
215
2162
7844
6732
3739
8798
5357
747
1098
4453
1158
1365
1073
3451
9024
2355
1756
3773
1633
1119
7143
1597
9138
292
3066
3557
1168
8133
3065
446
5766
7968
552
9951
398
1582
8054
7236
9172
3153
765
7567
5886
3347
6674
2560
3628
5473
3245
2106
552
7346
402
6756
1064
2479
6150
3251
8420
6797
1381
1415
6482
2573
1946
1000
9409
8346
6630
8433
9787
3736
6340
5053
9504
9217
9993
9720
2169
5704
3219
2745
2040
4003
1782
9959
1651
4124
70
9390
7766
1068
4440
8986
2130
9864
2820
5464
2611
937
4845
9974
6059
4119
3908
4076
7651
4718
8168
2766
2733
6975
853
3588
9533
7912
2837
255
9176
6885
2519
1562
9691
445
6410
1610
3839
183
337
4515
202
785
7671
5139
154
1522
8297
1119
2895
5867
2397
5240
1192
3280
4063
9086
8927
6813
7480
1339
4164
5249
2689
2084
6081
6406
6578
6856
7751
3942
5927
7589
1013
3003
5194
9089
2021
7705
5830
2630
4734
6838
4528
9791
5018
4212
5026
9185
5811
424
9212
2602
1514
2070
4040
5359
6809
6879
3820
7988
1610
2679
9754
7908
1860
9153
5388
8860
3212
1081
8808
4373
2355
6549
4290
9241
3938
7725
9131
4854
9936
448
4948
9783
1141
4738
6003
2985
4850
9006
429
7383
948
2470
5193
6953
8195
2775
3053
4424
7533
9077
3795
3138
3582
369
5477
8289
2047
3546
3266
853
5218
2269
1194
3262
3504
4533
3984
1411
3933
6382
5520
2061
4603
7753
2648
9995
5162
6631
9166
7630
4862
3006
3330
3973
6991
2881
8057
1803
163
5297
8589
2964
8031
7722
9575
1887
667
7278
7653
9817
6421
1814
1622
1977
1960
3035
8498
564
4834
7162
1526
4967
8391
4255
1452
186
7025
7885
1590
3766
6240
6663
2225
2464
8912
623
6834
2556
6949
9919
8183
5638
1605
7329
2562
6199
2950
1185
3385
5978
1741
2790
3058
334
1856
7038
937
4403
7822
5627
5228
6626
479
4165
7278
2713
5325
9534
7601
6163
5504
3941
2719
8395
1234
6927
3872
1198
3579
5140
1162
1815
9050
1156
1802
562
2305
8405
6065
9215
3213
2809
1532
3644
1926
7158
1114
1505
7194
5639
3329
7185
4506
1958
9909
7573
3985
2770
9619
3621
3164
668
7182
205
9615
3583
6448
3301
4567
1003
9851
6530
6722
3639
5424
6554
1877
589
5366
7014
311
5930
1651
7505
968
6651
4372
9210
7169
56
42
1988
1569
1902
1065
3244
8755
8904
2512
7432
5073
311
4047
6516
505
7716
4174
3429
8762
9481
2112
1845
1220
23
1494
1940
5216
6297
4994
7604
6085
6610
4978
2226
3673
4747
5639
2346
3181
1342
628
5416
5275
4643
1909
364
9181
4915
176
5286
496
4446
7696
5162
5102
575
730
4423
9824
9243
9399
840
7431
531
9378
2140
8726
4529
762
2714
2068
5398
2081
8183
9933
5142
2663
292
7055
6031
943
7777
1075
1698
7196
2677
6825
8398
5762
6289
1737
9432
3946
8031
7595
3605
3313
2469
991
8349
6738
9515
456
9256
7745
242
4353
8551
7039
6775
9836
3838
9106
8433
7801
7521
4431
5601
5426
6282
4699
9047
152
3641
6498
3779
4368
9596
1976
5831
5282
1669
3662
9998
6904
312
6377
9041
9918
1678
31
6840
5688
7562
2416
4957
8522
3791
250
3400
2397
3471
6948
551
3108
1478
890
9243
761
423
2912
9483
5249
19
2078
4145
5839
9655
6326
6666
8554
6935
2609
3008
4177
5642
979
6929
7164
2456
416
4862
3395
1185
2562
7123
9188
915
2458
6604
3951
1048
1552
854
2326
4529
6792
8488
1381
3111
9353
9847
2736
2324
1712
4359
88
5734
2786
6862
5431
3825
8782
8738
1005
9863
6719
8665
7518
7228
8041
3538
5274
7351
8447
2017
8492
1921
4113
7821
4581
5728
1280
5484
1012
3155
1311
5461
9609
1943
946
6384
1107
8275
1346
5860
7505
861
6945
779
540
8521
3213
4276
5764
8898
3735
6918
4564
8992
9089
5194
6178
3468
4110
2355
2480
3098
8588
1909
3084
356
8160
4527
6988
1779
3910
9794
6570
3047
5890
947
1241
1265
2288
1305
6146
2762
971
2439
3615
8129
9973
2977
1079
9809
1138
1113
4013
1421
4985
5851
6089
3507
5009
7732
4712
7617
3770
654
7101
6210
4086
4057
5915
4763
8315
8140
8543
9707
5004
1813
3084
1793
2049
6271
3883
9144
4605
877
8565
4697
7923
4928
8358
382
7200
9844
9228
191
8670
4055
9395
4881
1658
4105
6935
5618
5846
2080
7536
6943
2391
3971
9899
805
2107
3963
3352
5083
809
4350
5161
5092
9085
573
3788
9185
5553
3819
499
6741
3381
2159
677
7278
6612
3555
1689
4329
933
8687
1870
9190
8222
6956
2590
3288
7377
5965
705
8749
3938
7169
5081
373
3365
2475
5972
92
3247
1081
7334
4571
1417
2627
634
835
2074
8455
3640
3166
5604
1778
9986
6561
997
1744
238
8495
2119
5978
5797
6651
6058
9612
3974
1140
2686
4112
5429
6975
1344
3873
9081
1053
2259
9672
347
4966
3527
7786
2328
8292
3385
1729
4482
9441
4340
5666
9703
2978
9334
431
6469
45
8829
1070
6975
8061
4946
9988
9608
8442
3260
132
2873
7455
9658
2998
592
5533
1571
7936
9544
406
6541
7172
4890
6373
4225
1745
1150
8891
7991
7840
6431
4933
1792
2166
3588
161
6776
2862
2885
1259
7533
2445
4682
9577
6099
8869
1838
4850
4692
1640
8683
1338
6075
4996
3197
6173
1750
2121
3594
1216
1327
6681
4616
2705
6849
1572
5572
3777
3546
9288
2096
2471
7816
797
1027
1586
42
6272
5954
4446
963
102
920
218
18
1412
5556
3047
364
9106
8295
7773
1319
4750
6886
2263
3778
6428
757
6366
4896
1308
9943
7274
120
1528
6208
4951
1448
6282
7264
5065
9111
3632
747
1775
4084
2595
9516
1479
4168
4117
8119
4740
5914
8103
501
8959
7483
5750
3052
2689
9198
286
4352
8374
1106
9438
599
2268
4546
2700
4258
6666
7448
7187
3194
9100
1014
4036
614
4106
4086
7045
950
2834
7325
1054
5180
4593
2454
3196
1381
5874
799
3080
178
9399
1492
8439
5122
3436
6769
354
2352
8423
9409
3125
6607
9822
7818
9487
3023
8310
4456
8594
747
3901
6502
1708
7569
183
1068
2594
743
3582
2783
7570
1970
5956
943
9853
4007
6716
9820
7859
9425
3196
6311
3979
2639
9931
9184
958
606
687
3679
7934
9251
2618
370
6426
8476
1491
820
9651
9449
133
8030
5426
143
2868
3181
2405
4798
436
1372
4853
4746
8589
1826
1393
3492
1016
6829
4251
6922
1522
6331
3346
9803
967
7354
888
5641
2435
1559
4711
6353
1621
7096
6578
3102
1408
7050
3934
5582
5759
3368
2000
4521
3126
7514
7183
7443
1972
3975
6187
2456
5843
3815
3284
5237
9290
144
7976
9261
8911
3785
8295
859
2501
7573
1977
6179
9300
2041
7979
4993
2209
954
986
4644
2844
1753
567
5018
50
7051
4614
6329
6831
5419
5314
2755
3527
7407
2652
927
8797
4822
5560
8445
2826
255
3601
6106
1774
2
9954
4976
6615
6312
8994
703
4696
6342
9882
1115
5340
9516
8404
8413
7945
5548
9937
1808
6923
6542
8141
4696
6419
2643
6309
2368
9953
5738
7217
9307
9458
2369
7152
3552
4163
7593
2520
6923
7619
2665
3628
8415
759
800
1919
7212
3563
8201
2293
7927
8317
3687
3157
6018
5322
2047
513
1963
2363
5056
4081
9134
480
1229
9802
6522
112
8922
3561
5511
6997
9993
483
4610
2060
6312
1612
8163
45
8021
9405
2713
4914
2013
5738
35
2733
6775
4492
7110
3080
3512
4775
8634
2193
3786
6
2997
2553
1454
7898
76
194
7185
998
1766
7830
5719
3894
9158
198
4774
8460
5554
1220
2369
9412
1588
624
9100
265
8234
9018
2380
2603
5015
2863
6836
4513
2637
7939
2318
6808
8392
8265
6517
7603
1435
9485
195
4497
9486
3283
5051
1291
9144
7340
5396
8733
2441
4656
7473
4494
1837
1625
9969
4665
5180
8271
5058
240
1174
2787
4616
886
3452
7002
7086
5661
2304
6805
9651
1881
8133
3301
1619
4372
6724
6209
7713
2042
5760
2465
7171
2952
2202
7954
2259
9079
195
2348
8251
5980
4889
6453
1242
8987
6886
357
3110
2413
9781
9639
4439
1062
3776
7944
1310
1582
4848
3596
7437
8708
7166
8141
6884
7113
2451
650
7799
4988
8055
6542
8570
699
604
1122
5538
2693
2780
5322
9460
9744
3643
7902
237
8078
9255
4114
1600
4208
3377
3636
8658
3588
6445
4986
2127
2033
5195
5194
5575
5327
1974
5980
6051
2473
5694
7342
2344
5672
4914
1512
589
2469
5921
2637
404
9991
1574
7932
2323
8176
2723
525
6969
8099
5841
5520
6300
4000
176
9896
1606
8523
8277
5007
3088
5082
6369
2964
768
9850
5701
8820
3314
4522
248
9427
9797
9357
2961
1966
1196
1290
9368
5768
2229
4677
1762
5947
5157
116
2156
8667
2357
6790
4034
9947
9959
8649
6620
4202
3127
9881
12
820
622
7238
5277
4978
304
5287
7042
8002
5527
1526
4813
4758
1976
1254
2014
9981
5102
5953
6442
2719
4084
3369
7719
8046
3763
6234
987
7337
8769
2504
2414
306
4037
2125
5734
6069
4260
5151
4369
9805
506
4266
9400
193
9073
2317
9627
9492
2128
3425
1649
1627
6254
2523
1966
1293
5020
11
84
1481
7481
2717
1633
6520
4022
7039
6891
2306
1029
2870
7955
4824
9210
6767
1249
370
4058
609
4555
3857
7348
4622
2471
565
9835
9541
1871
894
3833
7855
5072
1349
6085
8249
562
683
5105
5535
7331
8898
417
2332
2209
2491
1538
6459
4561
6415
4506
9901
8156
3378
6995
1801
1381
4773
4531
7968
6690
1740
8194
3983
7655
13
7377
6141
1784
467
5223
5811
6184
1118
4793
2274
8473
5920
8043
2648
1312
2289
1196
7747
1477
335
2419
3570
6930
2323
1549
7904
5373
7935
1211
5554
5614
2321
8416
4465
343
9997
1906
5175
3124
2603
6967
5865
540
2971
1627
2046
2322
4785
6411
7201
8028
8987
93
1469
2681
1357
834
4943
1032
5564
2821
8835
4512
4247
2233
6785
2681
5371
7804
1108
9432
4294
1251
3887
6374
7956
316
6007
662
6295
9463
7867
9947
1749
1608
4448
1042
6673
3833
5705
3712
4399
9136
265
3223
4599
600
3216
2165
1910
683
1261
3109
8257
695
7090
859
6106
7253
8821
1007
2040
106
7611
1832
4076
908
7802
7728
9313
5196
3361
5912
8957
3095
3692
9460
5015
4024
9372
9096
8616
3432
5163
2057
1095
9852
8
8581
2925
700
1124
5814
79
9603
2553
2447
4050
7061
5290
3473
6973
6611
9342
1528
4671
2756
4836
422
2733
41
7416
6228
6472
1294
4217
8135
7780
4774
969
5518
7606
1277
3726
8086
4065
3473
8138
3012
2790
4248
4257
7849
4656
8499
572
6920
1725
6827
9591
4915
2294
2165
7772
7715
5676
159
0
335
8874
7487
3792
107
260
7486
4838
9664
4954
451
9771
6146
6808
7305
510
8211
2962
7253
532
7077
3984
3604
5728
5055
6602
4347
9123
7406
111
5510
4260
5433
5010
1517
8849
7718
4039
182
7319
7410
2065
9065
9411
6923
2887
2360
3442
7988
2556
770
3723
2210
7296
3739
1186
5210
1389
5867
6706
6076
5642
7947
7854
5218
9655
9133
2007
7879
7483
8108
5899
1491
315
2756
2807
9056
5972
4487
907
1155
2469
5685
5671
9464
3956
8535
3022
4115
5227
6447
1252
1430
7346
3189
1812
3086
1870
1332
8453
9812
6645
6830
1011
920
1924
7527
3968
4241
5747
5582
1581
9472
1796
2896
7398
141
8241
1644
3986
2761
2278
4546
45
865
6752
4844
6277
215
3553
6152
571
9670
8497
8092
9438
6958
7474
5352
5159
2812
1113
2664
8133
6297
5234
6512
9243
9711
5349
1844
3182
977
4014
5655
3100
412
4604
3339
7091
1092
2196
2065
8361
7767
1990
7700
5364
9707
378
1414
2435
321
1894
7869
1282
9
7543
4905
7038
8864
7987
7500
2645
9137
3029
5706
2512
6855
861
2519
9208
751
2596
9051
9020
6877
8058
4873
5912
9813
4121
3457
2877
8196
8184
1217
217
9534
9085
5188
7642
6925
9782
388
6289
5397
9222
4900
344
2846
1933
5818
7754
299
7913
8590
6300
3935
1316
5655
7317
1236
7783
4137
4588
5843
5470
2320
8768
5399
5816
444
1699
1207
6341
1881
8199
6754
854
7704
5212
3496
3444
4553
9732
8629
4135
6428
7741
41
2834
3976
3219
8483
6039
8671
3929
4075
6750
8675
7109
386
3762
789
5352
2126
2487
5700
1571
5221
3491
9027
9518
843
234
2396
9549
7940
88
8754
6378
1518
1188
4412
4665
6600
871
5484
1052
6159
8707
128
1117
3350
1781
9546
4057
853
9494
6218
9774
4415
3823
809
8395
1091
6357
5376
1784
3742
195
6024
6269
6088
347
5602
7343
9481
8154
1739
7133
3996
2765
9948
1309
6459
7094
1536
6005
7189
5083
162
3580
205
5845
964
6296
7370
2318
168
7367
4860
6179
196
791
8399
7319
6833
4348
3267
5530
6101
1603
1947
1275
9925
2847
2424
4223
325
5934
630
4489
6616
8406
66
1913
8908
402
8032
601
3040
2923
7897
8128
1965
521
29
7266
2510
652
2940
1775
8735
7687
6829
5798
797
2765
35
8820
3739
6847
7602
8334
2543
4308
3725
1688
27
9978
65
1849
8142
6957
5529
1725
8000
884
2249
4568
2162
1397
9560
5730
5778
9631
1327
5407
2896
8271
3095
8308
5579
2768
1455
7516
7268
5986
2511
3192
6740
1486
7386
2504
1978
2614
3748
2723
9232
7270
6024
8347
2138
9133
3670
9067
7638
7176
588
4564
1667
3979
1485
6768
1147
1510
5238
3855
5228
1072
8
4516
4674
6241
9131
8875
1703
447
6325
6944
2568
4384
951
8648
7734
5518
184
1823
689
2145
2213
5244
2147
9143
1161
2820
8954
3617
8923
8384
5985
3549
4167
2110
957
2752
5838
304
5768
1178
338
8569
1947
2429
4615
7493
5539
2386
1800
1338
48
3564
2438
5869
5553
4896
328
679
7305
4478
1117
6882
6983
335
2428
2496
1454
1615
2207
4295
4330
9113
1712
7378
8985
2632
471
8888
2792
1739
1758
3313
7860
2538
9958
1312
4396
2539
1565
161
4951
6685
1183
3283
2490
2987
6601
5028
6298
8921
8162
5857
8844
9787
5854
454
2327
7
7198
4990
4619
4693
3847
3517
6714
2905
7630
8428
7367
784
9701
1146
435
9382
7114
9031
7428
4943
743
1889
8828
4546
5023
921
1411
2318
9778
479
4888
593
7633
1000
201
9769
3458
3317
699
7819
8005
7754
9980
215
5636
9116
2746
5500
6596
2020
1831
2571
4994
865
3885
3863
1042
4635
6490
1525
3805
5731
24
1450
4312
4743
7668
127
8236
4148
939
3164
7798
9045
5635
8825
6353
2379
2375
6233
1481
1066
859
8594
2799
5336
3342
1563
6927
9654
6422
1339
3280
7320
5360
2373
3932
4317
6441
4634
1899
5807
1763
4144
6180
6799
2852
9247
1082
2084
4078
1030
3312
5258
6495
4192
8150
5984
6752
2301
4784
1259
8669
3096
9616
6425
7255
8000
119
4272
2122
2968
8716
8160
6238
5925
6487
6436
2505
4286
658
7737
8583
5898
563
4605
4133
4133
8351
1857
694
5581
6413
538
7517
5540
304
2588
806
169
6192
78
1609
3277
9025
6667
1696
5758
3453
5355
6117
8624
6465
3381
5356
2333
4162
8333
1527
8885
1250
2069
3255
870
3306
1203
666
2055
5089
2652
5378
5571
2396
4716
3506
53
948
4095
1443
6387
2566
171
2035
1583
7664
4192
8131
2860
909
4881
8782
5261
774
1331
5726
8661
8356
6
8172
3432
5317
1824
3543
856
3143
7615
4950
3492
8686
7103
287
1581
9652
1183
6492
8188
6730
2644
6611
9319
2826
1905
1122
8541
5863
2717
3664
8762
4147
6324
2444
5103
2883
909
4903
3701
5302
9126
9256
2899
4214
9649
1774
3368
4052
3437
839
4279
2211
2340
9241
6280
8863
3511
4424
4822
4297
8310
8603
6479
2957
2574
1011
7144
4697
8013
9505
3865
7139
9874
6563
4986
5588
5763
947
3094
981
5661
4314
4164
3203
1421
8727
9339
2133
8549
1386
1431
4404
9613
9102
5376
3992
2093
9288
2561
2038
6841
4424
8308
6615
8641
4896
1106
1408
7835
1593
4835
5344
8567
2977
1260
6582
6392
986
7877
2679
1260
5357
9280
2293
2668
1402
2805
622
200
5040
7951
2910
6695
5478
3305
1381
1715
162
21
820
3854
6232
6454
4503
9313
6304
1922
829
9351
8968
2302
3001
1689
6512
2212
5677
9117
7071
2670
380
3132
1158
8367
5213
6944
4451
3394
492
3545
626
662
1810
9112
6120
9604
4457
1511
593
6088
3913
2467
1590
1280
9761
9745
8437
5951
4521
3431
2586
8845
1551
4638
118
5217
3570
2557
4633
6901
8223
6087
4141
1071
1852
7261
4018
1433
9190
752
2797
2159
8172
7979
3746
7267
1021
1134
4310
9154
7629
2915
1458
4515
2760
2150
577
2840
1445
1334
3579
7645
243
4980
1973
6699
5553
2022
4188
2876
5790
1840
2217
414
957
2014
125
3739
68
4198
5194
4062
1588
472
5937
8365
7856
2317
8017
7454
8379
6673
2052
3233
6394
5083
2215
400
7007
2717
6864
5895
2100
3268
513
245
2937
2474
328
5201
7113
309
1739
4147
6297
4604
7005
5631
3143
1002
272
2683
8925
2038
2317
5064
1733
466
842
5202
1913
8732
6545
6236
7359
5506
9993
2273
851
8390
2048
1649
1003
9003
5249
3696
7725
8347
9915
9810
795
3283
5830
9556
3715
3729
8140
2792
5483
7181
1717
477
3754
7815
940
5142
4972
5475
2554
5170
6455
1620
2361
9634
1338
1788
9377
5464
9628
5868
359
2654
976
691
5528
979
3926
9171
9260
4334
1031
9436
1053
5773
9320
549
2026
4881
798
2076
2449
6078
346
1333
6433
6729
822
2158
133
1316
9070
4164
3832
9710
9717
3968
5327
7268
4045
7562
2447
1392
1457
8947
7422
3569
3183
4819
512
7038
4865
7897
109
1246
904
5054
9875
1532
145
1759
4179
524
6424
3068
9029
7542
1034
308
3542
6140
1870
9229
4916
9461
6770
3881
4512
9929
1520
2401
5848
396
4124
7504
7262
2628
2580
5909
4266
5373
1397
2515
2232
7002
2613
2478
6151
3743
3113
8887
6369
2720
217
7331
910
9526
3904
1621
6662
6616
2763
4082
1750
1354
5222
1912
9047
2992
7611
7090
986
4425
3597
4503
3958
2069
9104
7891
4134
4164
5533
5327
2363
4011
9035
7858
646
6362
9490
3235
2272
7272
1413
69
2376
746
1734
1355
194
3574
7070
1857
1856
4830
5454
8075
313
7218
6203
399
3417
1207
333
4470
7962
4422
2228
6870
3080
5770
1554
1770
5919
2942
817
2342
1682
8721
1398
8046
554
4720
4285
7364
8493
9281
5374
1739
5672
284
1998
1166
3178
6
6480
368
9191
5768
840
8790
1430
4572
3350
2254
6241
6551
1041
4010
6829
9220
1645
2349
3391
9714
4187
2535
189
5966
3160
3218
3996
2044
2359
6951
1328
5015
9870
763
9963
7269
8163
870
2126
7852
6761
7871
8055
1193
2051
2717
9246
1675
6836
4909
3264
8184
9489
7425
3275
2392
8308
4980
9898
5147
4760
109
49
6176
561
8141
9309
7259
6328
433
8627
4479
8895
2078
7472
7371
3301
3
803
9311
8257
7289
8147
5462
3448
2153
2811
6030
7241
5943
4812
5180
1692
302
1962
4462
3835
1434
1379
4241
8016
7636
365
7115
5491
2018
9550
7460
318
1943
8702
843
1359
3030
5602
3226
8166
9675
5364
9199
3312
5947
827
6842
1721
5552
2251
7394
843
3264
2679
6892
920
3757
2745
1147
4751
8521
637
1245
4707
212
2284
4309
6819
4890
6606
8854
755
1304
705
1416
9569
5103
2382
2236
1195
3948
1012
7992
7960
3762
4834
2997
9872
4620
967
8521
4567
7160
501
387
3087
7611
3459
6001
1177
6549
3432
6071
1643
5663
5642
8757
3218
1682
1802
874
5300
1944
905
295
5719
1213
7354
516
3657
7171
5146
2201
6993
9959
1261
5013
920
1477
105
7709
1730
1958
7297
1538
7332
6965
2948
3844
1163
1461
8238
9675
4242
3294
5029
2135
4353
4178
9336
2049
962
2895
720
3414
5485
5390
155
6065
8683
1984
8840
7774
8879
3227
3476
9325
4867
5026
6904
9271
4471
8377
4251
1901
4298
117
3516
6837
1019
6607
7763
2071
9961
4406
3573
7175
1485
6675
9545
7424
5692
430
2249
2798
1008
4444
5131
9844
1842
2491
7760
9710
3899
3871
1998
2048
5060
7363
2471
9808
1511
9963
4740
7995
4900
4384
8323
9521
7833
5187
1375
3140
1810
8183
2721
3172
7906
1677
3306
6447
6398
9313
33
9799
4370
5838
1515
8194
6662
7286
6736
3654
5137
2155
4723
9111
3341
8343
6621
1985
4298
9810
1011
3611
211
3911
316
308
9050
7446
8636
9892
8277
9330
1450
3494
3264
3094
5196
1350
9789
6030
2653
303
1545
7548
7291
2111
6153
157
3326
5420
7578
5879
7876
2171
9086
7413
4895
1115
848
5189
9640
2810
6710
3689
2295
3014
9362
4728
552
1642
8430
4281
2538
2705
1137
2479
2667
1101
1987
1008
4799
6169
4063
2414
7570
9560
5464
1317
9524
9056
3872
1385
9957
5243
9770
3603
5005
1595
1133
749
215
4895
2655
1084
8504
2066
184
6978
2375
9293
8334
4905
6137
1601
7072
415
2520
2864
9687
5559
1534
3085
1150
5140
5580
1873
1601
4176
7338
739
9511
383
9174
3282
7550
5554
339
622
178
285
9644
5599
7702
9752
6703
111
4086
2862
3037
4872
9876
1195
1470
1477
7109
5833
386
7551
8604
2285
4732
8497
1291
2070
3060
1912
7036
2400
2102
1628
9541
9154
9000
5283
5910
2461
1834
3881
2281
6420
4552
248
7465
9356
9667
8002
1399
9292
7846
9008
6016
5938
2424
8414
8498
6230
4337
5005
56
1934
2115
9366
5327
2961
2851
6542
7615
3836
2841
3350
2997
4204
2085
8299
9962
1236
4139
4685
9542
2267
2072
7613
2385
3206
1620
7827
7315
1438
6114
9718
9922
1767
1908
1902
5344
4123
4258
2213
2493
1985
825
2749
29
4076
1306
8502
9892
9159
2699
109
5040
9021
4009
4908
4045
7761
6734
5095
6387
9312
6620
2317
6665
639
4515
2802
503
3214
3104
9779
6296
6141
4573
1801
4103
344
239
2208
8618
2750
9130
1115
37
4730
776
9843
633
3341
9212
6836
2990
6854
908
4774
1922
1826
1705
4949
9706
5550
7158
8594
5317
77
2662
9550
4578
8242
2027
945
8053
4469
3188
2801
4662
2087
3554
7712
7869
2046
2001
3457
9626
5817
214
5404
644
9734
2280
1187
3247
2900
2070
3717
6401
5929
9644
5001
8800
3274
2169
5350
7888
5135
8896
9586
2144
4702
4174
9511
9248
6046
1258
9154
189
7168
9830
9929
2796
8834
2719
3682
1119
6247
3086
9318
2464
5897
6042
6480
2749
4631
6813
8994
3891
5639
1777
5850
3706
5399
6819
877
8814
341
4639
8087
8276
8321
5697
7006
9947
9197
9298
93
242
258
3330
4207
6972
3313
6648
570
4863
5191
1695
7327
5140
2466
565
5296
4730
6221
793
6561
2216
5533
1304
9264
4404
3144
6114
1642
5917
8197
1497
7398
1698
7112
8285
7368
3932
3280
7754
7648
509
2573
4909
3205
1258
9407
8259
2647
7529
1187
521
4247
4590
5050
1913
1658
8786
7484
25
1779
3369
4332
3069
2539
9028
7143
8551
2422
3430
7558
6094
3576
9218
8087
7959
4125
5181
4141
6592
2594
8577
769
2781
3497
2675
5159
335
796
269
6400
440
7234
5512
6173
3735
1775
9935
8194
2612
401
568
6915
966
779
211
7782
9178
7755
7625
8890
6040
7438
6807
9124
2234
6810
994
7720
7471
3230
5689
5877
1012
7996
6098
5118
7484
6863
6288
9029
8547
1446
2051
8777
9344
7170
9642
8630
2014
3640
8145
4234
1340
6681
5316
5151
8665
264
143
1899
7426
3766
3278
2170
3282
5931
4956
8168
1510
3345
2412
3156
5076
1400
9604
7872
7997
4454
7823
2349
569
5968
1314
824
7677
6379
6895
1438
4207
8409
8501
7989
1341
1004
962
9693
8380
310
9697
2387
44
554
6798
7772
515
5217
8259
8998
4139
5358
7529
4342
8533
6330
3310
4909
7263
6375
5731
5317
3354
2132
7756
3582
797
9038
8067
4836
2553
7813
1241
440
7755
551
390
2047
8299
8023
9125
8076
2015
3633
5695
1990
7477
6491
2561
8331
1048
9244
8472
5040
1245
8031
2907
4639
1643
1276
9139
3208
9939
9759
6587
7823
1873
4716
6
1608
2508
6819
1091
8334
9077
6822
3421
9127
8568
91
3572
7474
8724
6876
8690
837
5378
6280
2265
9949
6759
3859
125
9632
4257
9345
7744
5630
4545
9924
3214
8530
1286
6015
9125
8597
2572
5191
7030
8799
851
5412
4159
5379
1476
6659
4126
4922
2835
2755
1921
5604
3937
9483
9431
5379
2647
2702
5567
5023
474
6837
3452
9632
6191
7426
5972
3284
4664
5566
4243
3270
1261
8144
8212
6858
3705
9767
4974
427
6883
7976
4043
1590
3531
1862
4093
938
3542
606
1454
5526
4812
7142
9380
2652
3898
7507
454
6888
2839
8559
6945
8488
6320
1379
1872
5088
6839
5634
2830
5229
2078
4336
4107
9667
6339
7447
9138
6013
4318
2942
4587
1201
9736
785
1055
78
7910
7357
1940
6728
2263
275
2242
7910
432
2856
124
8841
1042
247
8982
891
6396
4401
8138
2718
188
7530
8224
6757
6411
5297
218
3
633
1501
997
8079
2376
1008
344
1255
5133
610
1407
3150
362
7716
8496
6959
9692
2326
1644
3720
162
2613
9939
6464
1645
606
4704
1301
1908
2369
9682
4426
9925
1284
3120
4805
9333
6079
8891
692
9617
7718
7109
568
753
5743
5825
1115
5954
7138
5963
945
8828
3588
9390
6691
7718
4492
1625
8703
5249
9028
9324
8087
7706
3151
3797
2092
4873
8650
6879
6388
5386
3541
4
5736
3077
8598
4262
8581
3443
978
4011
1774
2956
3813
2446
7546
7975
5256
3431
5522
8759
9254
8802
1909
9399
9439
3566
9286
8508
1148
1390
2526
8085
1047
6619
7914
7748
3642
3739
2225
2803
1166
319
7395
2706
7188
81
481
2427
2762
2553
2010
1587
2730
3849
5180
5340
9683
2655
3885
2100
8940
2818
3357
7623
1461
8703
1103
3710
4584
262
2220
7886
513
8051
2680
1648
7777
2106
5313
5355
2364
4529
7630
6298
8252
745
4485
5663
2736
2696
5374
2634
6501
2099
1493
2646
9799
2167
7467
6087
5304
382
7100
6808
8387
64
8954
2943
8763
3349
4685
9774
441
5646
1061
5046
2017
6317
7542
9235
8478
537
7977
2212
4009
3483
6851
541
9332
9855
2201
2357
7088
1199
5466
6427
2411
1675
2285
2105
3494
7480
1314
200
5457
8062
7434
5103
4870
698
9367
5367
2281
1666
1310
2526
5223
7293
472
192
4359
1532
3132
9590
3097
5886
4283
2333
6765
9599
5194
5300
9964
5947
3511
4361
308
6392
3856
4392
587
4572
7813
5935
1599
9555
8031
5919
2368
1633
7940
3694
5731
9428
1122
5501
9432
8162
7820
6093
5591
239
3882
1047
805
6276
7952
7011
2740
4946
1122
4896
6529
7461
1857
6017
8326
6310
8950
9852
1251
5156
5962
2936
9794
1637
2429
7399
5771
2293
8704
9067
5117
6937
2064
7454
8825
1009
3083
8880
463
9431
9245
2010
8520
1136
7781
6667
1961
965
6860
1375
6146
2588
1313
250
1151
7008
3581
3239
3027
8621
9634
3057
4299
9952
8846
3280
5937
4292
1245
9434
3270
8012
2976
3488
8734
3451
1934
5969
1974
5016
3766
8191
7672
1966
3604
5003
3726
3024
9264
3332
5693
2502
1669
4137
8646
3713
6370
2403
9761
5290
7611
2405
919
252
7993
9434
2279
1091
4558
7980
1622
1353
8127
4822
3854
9109
5277
2528
6936
4094
1672
7580
8434
898
410
7112
1926
7871
4938
1054
4259
2003
1889
264
2487
939
1950
5073
6141
3000
431
5493
5186
8090
7615
9211
2890
3145
7134
4136
1220
4323
3921
6532
6084
5790
2580
2762
1698
708
6828
7822
3569
4689
4921
5923
5308
3493
1717
3516
1946
6958
2696
5568
733
1976
9116
8884
7620
9280
48
931
5281
7507
1106
5858
2592
2466
503
8900
1012
204
3536
1941
6468
5206
3141
7621
2211
3793
615
2992
4257
1292
4562
8475
4594
2216
5969
6491
5523
7733
2194
1697
9900
8841
7539
817
2077
2290
8276
6543
6709
6793
5771
2239
1902
3196
7522
8508
5347
4645
8416
8555
6749
2110
2071
1510
4119
4945
3490
9800
5957
7567
8405
7777
295
3214
1215
7318
3298
4410
3884
976
6653
2307
5165
5426
697
1609
164
1532
5119
5784
6870
1438
502
1598
9629
2418
4921
7697
3449
1699
3977
8388
8049
5429
9299
5208
7640
8094
2422
4046
8152
694
2497
2746
3622
7801
5556
3945
3238
2849
195
8345
6942
4170
6769
8013
1707
5971
1928
3227
4063
7431
991
348
563
6235
9706
6332
3239
2057
4727
4202
9202
3986
4153
2093
1202
9080
7645
2541
1744
5647
266
1447
6050
8223
3147
4631
5611
8446
36
5689
5529
2886
1338
6914
2045
6692
8101
9496
891
9417
3957
3955
3520
9584
9793
2967
5478
5800
8948
9222
9048
3553
1575
82
8059
1893
2938
803
4243
6559
3458
1696
1732
3547
1235
2092
7597
5857
2091
64
981
6558
203
164
7662
485
4139
7680
2174
2386
9916
180
3048
9996
5859
7229
8817
3068
4083
9192
3340
4061
4664
6495
1300
14
4307
5969
3448
3229
310
7569
7580
6693
8198
8531
6543
5663
7413
5472
1762
5616
109
6629
5542
6076
8644
4497
3384
8580
3634
7475
1468
674
7150
3319
6547
773
1583
3645
1427
2577
2413
3997
8446
3681
8373
9768
5148
1117
3620
2511
6693
2918
6499
8619
2859
2694
951
5957
507
6552
1581
7700
7266
3152
2672
6801
1765
1133
3205
1828
7901
6403
9081
5500
6080
974
7510
3434
1294
3295
7794
1895
337
8544
3458
8452
9697
9490
356
9843
8151
5761
9791
1401
494
5926
9537
5736
4935
2584
2251
5005
3126
5948
4781
9628
9435
9908
2560
4100
5632
5673
5989
3648
5283
159
2
35
3580
9305
8221
1314
9020
101
7533
1720
8220
3222
8784
4143
6015
676
9205
5445
1901
3955
6712
1918
6677
4170
7881
5180
7173
7700
5284
252
8861
9493
7026
5059
2104
9253
8638
2462
9507
8587
1486
6812
3107
2477
3532
4676
1415
4370
3662
1490
7383
9139
4154
6542
2424
8100
6942
7867
4997
7562
1018
2825
2087
1683
1120
5758
3993
7945
9488
598
9690
9823
2972
3672
652
5393
6868
2444
9524
9457
8156
327
5563
7247
6355
7366
3274
97
8913
9430
8254
475
2318
4942
2431
4227
7993
3206
2506
9968
2441
8906
9921
295
7952
7079
1949
2408
1195
9487
5180
2372
1563
5863
5267
4467
1878
7945
2274
1974
2076
4920
4451
9338
9336
4340
2102
6973
7989
3496
9267
8643
192
257
5943
7144
2556
7886
924
2699
1648
2006
6911
1908
1230
1900
8150
1256
4782
6002
6158
7899
2121
2698
6699
6840
3244
1215
4235
7656
1627
8794
8730
1561
928
2752
1009
8801
9267
1961
8808
1413
2677
5898
748
9213
8083
8970
1467
2337
2914
8951
9168
7158
2141
7201
2641
1646
714
9929
9470
6365
1302
1811
8184
5048
6626
3119
7589
2642
9027
4016
7956
731
6994
6751
3650
6081
8748
9204
2540
2875
7910
5604
9232
1392
7109
646
1053
1158
498
9002
6606
1073
2345
8573
514
1402
5816
550
6303
104
1894
9305
793
8806
2802
1550
7314
3899
1731
2514
7055
5066
1370
2763
7965
7366
4930
8563
774
4278
1312
6651
1949
6580
6434
5648
5911
4425
9759
2866
8051
3275
2568
6393
5343
2525
7627
6979
1597
9172
7413
4893
7998
7081
2509
3097
7253
2486
2625
9789
6245
8647
5662
8022
2730
1095
945
2916
2925
9419
3501
5879
1887
6593
3152
1628
9696
7517
4484
9409
9395
6290
1873
2874
6718
8589
2209
1733
4377
8226
7384
3710
4735
642
2608
715
3685
7953
9607
3569
8469
421
5882
9562
7139
9619
5922
4670
7537
6437
7417
6613
8991
9232
307
3540
4635
5234
1731
3493
4124
9469
1038
3021
3584
8142
3937
8204
7708
4544
1842
4106
1229
212
1232
2522
1291
4267
5031
4015
8153
2388
4255
1585
3418
2626
2550
4517
8764
9692
6774
4595
7735
689
7297
3731
1258
528
758
1946
2435
4440
662
6047
1022
303
436
4121
1043
5866
6509
3178
8133
2736
3852
5955
4922
3456
5842
2272
8952
5078
5113
951
2896
7011
5569
2389
7998
390
9672
4799
1958
801
304
2514
7728
9241
9874
2353
602
1041
2084
1750
5190
6351
557
3809
9434
1061
359
1055
644
4309
25
8169
6515
382
1611
6096
7934
7347
5537
6551
9580
1908
8591
8881
2356
482
2477
2141
9571
2594
2600
7102
1580
5309
5272
6161
4864
9899
2629
5659
6591
739
8572
6015
4709
6167
1350
8024
5266
4226
2534
9443
5053
8395
6278
4892
4924
5577
6675
863
7821
2918
3540
2679
682
8718
9923
956
1104
2308
6579
6955
666
1993
6073
3952
48
6552
8121
1893
7027
887
7572
7119
2877
1545
3234
9780
4872
8224
7446
7301
8913
6761
3322
2476
8712
1659
1928
299
6202
5753
9078
6359
4051
4431
8876
2842
7083
1609
7132
1968
3081
7633
6875
2914
8473
2234
2264
4377
3412
4679
8031
2689
91
2282
2242
1030
9184
7950
5264
8757
5714
4519
3337
5832
6284
5914
7113
8767
4047
3766
3766
3062
8893
4560
6635
9858
9237
6455
816
68
119
7175
7163
9666
3347
8942
2474
4485
3977
144
2161
2290
8881
6306
8272
646
4210
278
1944
9211
3921
8862
2516
1591
2754
2209
5128
9613
9020
848
8211
3251
7402
1149
5660
3322
9885
5137
9127
5706
7804
594
8643
9322
9690
1170
9144
2150
5802
5624
7255
1346
605
6798
3577
6222
265
5389
6120
1828
887
6120
3944
1929
499
1837
7068
2916
4594
3330
1948
4694
972
3798
8989
2436
284
1520
4150
6709
6332
8790
1782
9280
2745
5360
6254
1699
917
408
1641
4789
9883
6384
2150
9122
250
7680
5958
4633
1581
9396
9803
935
8331
2347
5738
1146
315
7651
6129
9526
3909
9822
1459
1276
5436
217
7260
3313
4266
2314
3036
9238
4737
5348
8842
6688
7561
1386
3454
7117
9697
3268
7251
5523
1382
3743
7985
1893
3122
9446
9797
821
7766
5797
4307
826
224
9395
713
2426
7175
9361
1615
78
6159
7368
2967
1504
8934
6110
6174
7644
3182
8296
7969
93
3405
5286
315
812
4020
7438
38
2423
4441
2529
3836
7290
634
6034
2609
8187
4866
9597
773
4675
8546
6388
5352
9289
940
7560
1760
8714
2081
183
3037
1301
8804
7483
6637
965
2014
4514
9149
1172
539
4572
1818
8012
3878
5635
1879
3051
8161
1517
3869
9026
1035
1475
4226
3537
1279
1894
7173
4226
6303
6988
3707
7406
2050
2342
3583
2343
8086
5919
8531
4457
6557
2447
6580
8973
1912
4345
3801
2785
7947
3410
6343
4349
3691
6813
2462
3823
2187
9535
6573
7772
1555
7417
342
1683
7687
6139
1579
6337
2434
4777
9762
1270
7531
3711
1940
8612
7612
5137
9355
6469
7948
1243
3602
499
4082
1705
341
4737
7029
6874
6203
9871
8943
4238
3479
6249
4143
5592
2073
2322
8943
9336
4588
93
6858
9126
1036
2294
8600
1632
1395
960
7482
779
3135
5319
699
3341
2782
2472
3704
4574
7802
7972
4309
9162
1058
999
1626
7217
4771
5546
3474
195
1103
6540
5239
957
9737
9551
8947
7043
4655
1960
8701
3756
5162
5282
1249
8499
9347
5476
4009
6504
6896
6451
2718
2431
132
6379
1470
732
5934
9242
1107
311
3103
5712
4502
2971
7696
9605
9174
7993
9567
183
6589
7880
925
9322
8183
9075
9769
3797
7039
3563
34
9378
151
5995
691
8905
2310
7366
80
2513
6136
6055
728
8786
6543
437
2830
8607
9020
5169
146
2421
8964
7891
8221
5005
4871
2088
2892
5270
4725
9860
9264
4986
2865
334
7366
5641
3908
7077
2755
5215
6539
7854
2587
248
3325
9066
2372
6872
200
2671
6111
8776
2004
4501
3103
652
9431
5204
3264
8272
1829
6531
3180
8437
5271
2109
6662
9729
3332
1327
4995
307
9511
9553
8104
663
7941
4363
6286
7173
883
4189
9052
9896
6430
4395
9889
451
898
2914
4542
4492
4240
5160
1407
4584
3763
332
8023
6558
3245
318
9922
5971
6990
1820
2404
2846
8017
7812
5558
6447
5686
8531
7969
4209
6848
1288
3915
8285
291
359
5024
1694
2387
4360
9061
5211
6713
3610
7240
3125
9144
222
619
82
1837
8740
8020
1215
2310
9628
7728
8558
5676
9627
6502
1750
9643
2103
9839
489
3372
9505
5946
2659
2295
1481
575
6265
3413
8429
5804
6973
2120
7008
9494
6387
1655
1217
3830
5207
6882
1528
5831
1534
9431
9288
5699
7571
5090
8031
2281
2041
6821
2965
4889
1773
8352
9847
5880
3384
667
9162
4317
6190
574
7086
1677
9380
4970
811
7180
3098
8916
1206
9455
1391
3683
8918
1248
30
3531
8998
2417
3136
6536
1241
5137
5672
9483
7045
3163
9138
3432
2536
789
6645
6794
8369
4386
2191
5052
8669
1759
945
7374
619
917
7249
9912
7804
714
801
2614
903
2446
8132
7631
8891
9085
7071
8506
3872
9932
3019
4176
4870
6165
5813
4841
273
4802
7646
1619
3820
8668
881
7871
462
4619
6214
6045
7587
128
7632
3875
3914
61
8318
4431
6652
6532
4755
2777
8158
3655
1455
1817
3128
4972
8949
2671
950
6659
5496
6374
416
6408
7292
563
166
2161
9559
9225
559
6338
519
6157
6932
5038
9146
481
4852
7451
5296
8016
3702
6654
563
8961
2163
4674
9089
2775
7289
1951
2420
9171
4963
3656
1694
8439
7902
9992
9952
3045
5836
4656
3833
1132
7599
9883
5758
3009
3411
926
8573
2773
5808
8446
622
187
884
2904
5345
6009
446
9226
2030
138
9084
8199
5095
5610
575
7290
5285
3081
417
6746
1429
6073
2290
5359
5759
6752
8424
6214
7776
8432
5749
5104
6079
6534
1617
3644
2906
6060
4786
9760
4860
330
2288
5230
7341
3497
2123
1490
7616
8591
6424
4437
1532
1081
8887
8787
5384
7367
47
9974
3878
6444
9069
9254
6600
3776
1806
1047
4740
2214
6172
1383
1141
5541
3676
114
1586
9115
4161
2115
5927
811
3859
6968
1854
9097
1238
1271
3328
9730
9089
744
3926
9390
4514
3486
3249
8616
2955
2202
4361
1058
4737
185
8032
9722
230
92
3243
2310
867
8650
3366
199
9552
8219
7242
5887
2995
3886
2448
7928
5943
4471
1042
4384
631
2475
6788
9731
5514
5014
1360
7545
6586
6045
6854
7098
4054
7048
4851
3000
4095
7131
8305
893
980
6711
2029
5584
2716
9785
5295
8030
4419
4503
602
9674
6409
858
2138
2249
3989
8620
3108
9455
6560
9863
5857
2816
9604
5798
8442
2227
5496
4622
510
1776
743
8371
6625
2388
1525
7617
8583
9790
5153
8833
9585
3569
5100
2592
6679
518
774
5738
5816
7406
8237
5271
5749
1238
9222
7510
4884
1103
9930
3680
3916
5420
1028
3767
7514
7801
3750
9821
1484
2176
3900
94
9985
7215
8699
2659
1955
861
8912
7552
3477
2081
2228
748
8637
8706
4840
6284
5595
8041
6518
6179
4912
843
4672
877
8960
7217
5222
1562
4570
3374
7062
1093
2639
4590
7932
6002
909
523
5502
8828
629
8056
9586
1975
6321
8010
9040
864
5299
2581
7597
6723
9583
4576
4101
5081
8542
3334
511
2858
869
783
7867
6510
3400
8034
5031
5181
4472
4259
1063
7269
5122
8916
5629
6714
7529
8394
6756
7401
6506
4334
2528
6471
2644
4068
2390
871
7144
4449
157
3687
4808
1016
194
5668
6960
7189
964
9953
4970
7744
2935
5219
879
2136
7180
8220
682
1077
5278
1153
7799
1271
3886
7605
4038
5985
9442
5679
6201
1687
7264
7819
509
7139
275
825
5792
7296
2671
6628
1663
1397
1873
9663
2373
5262
7031
8009
5600
969
9783
7555
1069
5901
1271
7800
5102
6207
5805
1573
7691
9012
7079
44
1784
1431
2227
589
5682
6428
4125
2543
3499
3796
8223
7757
9090
1434
9480
1386
4561
7723
7797
2209
5995
1861
7496
1286
6868
2595
4385
2503
2432
3213
178
8947
9377
2622
6992
9266
8489
1020
5268
6058
3593
6556
7448
5769
4886
1098
7557
210
4007
1908
1970
2597
1090
90
6871
3317
60
3929
5971
5352
6262
6685
4819
8600
5426
8659
8925
273
8325
4812
4782
3789
1986
6681
7367
2904
5870
5826
5798
9068
70
1610
2835
839
9886
2657
5213
1876
6805
3735
940
8879
1089
4648
9050
9635
4531
2229
9207
7203
3670
7139
2850
8910
1178
8688
9215
243
6990
4493
4710
6335
5816
8596
3281
6465
9225
8931
4307
9795
1681
4755
7558
3721
2136
5161
1362
936
983
4179
2431
5519
8023
169
8393
7320
5069
8014
5518
743
975
4335
1831
1412
8469
8317
5784
3643
4789
3878
207
4337
670
648
6441
3451
9641
9112
7283
9655
4945
100
20
860
5426
1671
6302
4240
7249
4838
7750
5827
1103
2658
2377
1958
2184
973
9001
6714
7279
2534
7705
382
7741
9824
6092
3519
5446
2986
8308
9490
93
4798
4041
740
8765
2241
1265
383
8238
5794
1442
500
2253
2366
4127
4950
3574
3213
2883
1894
702
1063
4797
11
2728
9900
132
9546
6411
3339
4671
2400
444
9528
8918
80
8703
9783
5651
7489
5485
3962
11
9941
8793
6428
8064
95
3414
3664
3562
44
7910
165
2043
4618
5163
2185
1774
6262
8236
5087
8108
8607
769
9231
8663
1206
6451
6090
1621
1082
3366
1638
4760
9494
6695
6178
1145
890
9410
1875
6758
4959
1237
8904
4915
3861
4269
9967
2112
8572
8871
449
1857
2116
7236
6358
705
1087
2061
258
4547
478
5951
336
6577
855
2477
250
124
9089
6191
4905
544
9544
7393
1938
8682
8419
8962
214
127
1550
636
8
7893
724
176
4281
2061
1333
7836
4220
1300
4957
1473
782
7003
1421
439
8411
4964
2999
5322
7968
883
4112
862
1234
4584
9995
9556
177
1625
3855
8106
7179
4162
7722
2379
1116
4868
3724
446
8266
254
3118
5093
2918
4403
462
3722
7723
4360
6424
8054
3787
1616
9148
3916
4351
8130
8553
6059
9728
3060
5372
1927
2678
113
7424
3565
8666
9147
4683
8819
7226
5757
7346
1667
371
7791
4657
480
852
8515
9720
7041
8773
3412
1482
426
9978
5269
609
8174
6247
8770
9572
8824
1117
9465
698
4848
7946
1743
9744
5186
9822
6421
2759
2976
1514
1301
9797
7711
530
6363
5972
157
8550
355
6413
6519
5811
8983
939
4234
6333
7155
2858
534
4407
9137
6672
2569
9189
5683
141
623
9316
4067
8262
4968
5640
8657
7372
7427
615
1108
4819
9443
7956
588
2817
7159
6206
991
9813
3328
268
26
3515
2111
7294
321
2731
7231
1842
814
8988
3987
94
312
9312
3281
6786
1465
749
479
2269
6400
9689
8335
8282
5667
8040
7859
52
1749
9584
7647
3082
8789
9996
7444
7357
179
7287
734
4567
2108
1271
4680
1084
4451
1333
483
5440
9220
5175
8271
2251
8444
9504
5493
5563
2268
3009
1910
4607
7686
2567
7369
720
5493
2628
5440
534
7376
2536
205
9713
9654
4916
5414
7868
5576
1833
6072
1305
1001
1592
2742
7389
8360
4210
3741
3988
3894
4350
4211
9955
5024
402
4072
3877
1780
9151
1080
72
2075
1702
6931
1604
8659
9724
2213
2271
8749
3811
6470
3301
1011
4530
6387
5636
9831
7542
67
5259
7460
569
4676
6252
7669
2982
9029
6931
7179
4704
9896
340
3183
9033
6362
6552
2216
136
1645
5544
2241
8527
7796
1264
8573
4215
7770
9486
9746
4258
6681
4760
6705
2046
6528
2015
6552
5696
436
3476
802
9073
7959
246
5573
7033
9174
1782
5773
3532
9123
3470
6885
6560
7564
5310
3653
2754
6003
9794
3730
7377
1660
7091
6021
4862
3540
8595
1345
3252
7894
1849
2417
3919
7421
9829
8388
9232
4673
6503
7132
3637
9539
7435
3956
8452
8515
6470
284
9656
3510
245
1679
938
8309
8834
4915
1446
8321
1877
457
5853
8987
1311
4143
6603
976
6425
9507
2948
1861
9139
9215
7112
2161
8890
6230
6828
2021
4995
5911
6309
3259
7363
9457
5538
6855
7489
9723
7163
5734
7175
3798
4723
2698
334
454
3597
4632
5737
5546
6524
2197
7327
2827
5260
8508
414
7986
7045
1912
347
330
9803
1529
499
1665
4501
1692
5302
191
6490
5011
6040
4485
7643
9412
2139
3709
6018
2175
3534
1858
3796
3010
2391
1130
1260
1700
1889
9475
8246
6184
8444
2934
806
5147
7369
9940
7706
6908
969
8424
6837
4872
9448
2666
7885
262
8100
1386
2386
3470
8419
5301
7919
2379
400
5169
1229
2644
8796
5214
3365
8052
9942
6523
2928
4247
226
3591
3288
752
2402
8879
7495
5640
7382
7229
9748
9490
7100
554
4158
1689
7355
4229
4777
7020
3873
5577
394
2788
9445
8459
827
3838
9186
3490
4416
2276
2452
4493
3175
3933
3962
1131
5159
5420
3719
3031
1316
9320
4473
1695
6373
7789
7375
208
6809
3338
9014
8110
4153
6893
2215
8435
85
615
4205
8584
3687
463
7494
7725
4786
5793
1990
9880
1166
5628
2401
9199
6173
613
2006
2116
9773
8798
8345
1835
4710
1905
4006
9171
2545
264
9382
5873
2673
6856
3306
7199
5511
1640
1634
4340
4860
895
6514
7704
1494
991
7441
8064
9981
9456
7934
4244
6971
2292
2960
912
202
2985
9016
4753
253
9816
4988
5767
1795
5196
2948
4324
352
8127
6752
2423
2865
7969
9540
6774
5057
4017
3976
8990
5602
3327
2470
1153
5229
9160
9518
3512
1559
9301
7890
5969
9366
9180
1442
9085
1031
727
1571
2828
5027
6613
7558
3266
4822
2669
2290
7147
7117
3288
1685
7314
5220
2169
5047
8276
1974
8069
1910
7205
4256
9442
929
9053
9376
6358
3985
3
1166
2709
9597
7938
4813
6038
1596
5192
2246
347
9672
1230
5871
3464
8606
7111
2039
1790
1542
7867
9278
6527
1332
2771
1378
7222
5945
8119
4417
7137
6219
8024
2298
7327
8363
2762
8574
1421
9245
9731
3209
7751
8573
2084
1392
1454
8376
3953
4761
1516
7053
1125
1087
9824
7344
2493
5979
619
1664
4110
505
610
3520
4794
21
3222
3956
2766
5341
6617
6477
2680
6801
4085
5094
6828
3927
3009
1933
2156
1402
6543
3124
546
1522
9325
9569
5683
4898
68
3270
1382
6587
3656
7922
4526
956
7673
6148
8533
7085
4970
9336
3047
4847
5486
1790
8759
5596
7191
8583
298
2712
8995
3283
9273
9342
1410
3232
9334
5999
1873
3450
3880
3486
1988
5995
4638
1036
413
9455
5767
9356
1428
2225
9630
1250
2250
427
7999
5928
8076
457
4636
462
6217
4739
8333
7948
1302
9155
230
934
3091
5817
3435
9437
1871
2673
6815
3401
873
2075
2525
3406
8722
6854
1674
9885
1604
1990
9793
1856
1346
9761
6753
8507
4190
9449
8345
912
4768
8224
8370
6854
9412
3195
1465
7308
7349
194
5948
3267
9879
8664
1986
2365
2891
3292
9927
6701
3232
3911
29
2193
7703
4291
5910
7900
4118
289
7811
6451
886
1398
5248
4690
6218
390
40
4617
1302
1920
3963
1351
7949
8614
7977
4002
6052
1676
9398
382
982
73
4192
5921
3917
213
5635
9016
5837
4882
4823
1889
6517
761
6629
6406
3057
5893
3584
1811
8871
1283
5990
2154
2533
5009
1147
6259
5336
508
1073
3402
2866
1870
2881
3897
7313
5463
957
7722
1641
7297
8123
7489
1827
1229
1482
4983
1935
2940
8875
2926
9556
1784
1427
1202
8008
2910
2801
8953
3952
8355
4676
9256
9351
8851
1816
9917
5753
1867
2878
6438
755
822
6040
917
5830
2257
3048
7194
6256
5688
573
457
7880
2519
8411
2282
5677
1063
3827
2073
8418
3853
4194
9697
5070
5308
4604
6888
416
4087
3902
5845
9330
2430
320
8957
2550
4427
534
2541
1878
5802
2935
6015
1676
3711
3811
203
9304
7433
3001
4721
5797
4000
9588
3034
8820
1986
4437
5121
1319
1322
5270
4882
7679
1072
4005
8558
9326
1154
4654
9846
1594
3105
6389
1380
9324
4595
475
3563
1285
4724
1453
1698
6466
1393
2321
5835
4618
3315
9631
2338
7966
6662
2489
9041
8576
7681
6313
4077
9570
8685
4856
3420
2356
2162
2662
4682
2508
1059
1042
9220
6477
9330
961
1389
1344
401
7064
2926
7884
3998
9148
898
4230
500
1510
9308
8958
6873
8817
1750
1710
3334
2090
1368
5281
6756
4131
5277
1761
3531
8597
7818
3894
4092
131
3407
1899
4815
1047
158
961
6895
8777
3333
6237
8830
5314
3224
9924
2481
9918
7982
3018
2545
8812
2819
6709
4353
8290
3342
7098
802
7724
5499
5015
1069
8215
8185
5674
198
9182
2699
3126
4081
4954
8523
8953
7710
5620
1060
7797
318
4191
8290
1306
5535
678
7921
7142
7167
519
4753
2904
4495
7276
7722
2713
7064
1290
1853
3520
478
641
2917
8873
2374
6473
1046
7887
4325
119
5168
7532
4353
3041
3892
4938
8174
7619
5086
1246
8328
258
28
5817
6300
9312
5438
6792
9799
1615
2423
4072
2414
8872
8031
8569
9517
7246
124
1863
402
3535
7866
9311
1592
5755
5118
8350
874
8297
6512
3383
5715
3126
1563
1313
3505
158
7860
2277
8978
8272
5309
9275
2833
7756
5218
5038
7991
3536
1326
4721
8792
3797
788
1943
7200
3973
6939
992
9645
2877
5421
4839
3654
4331
9158
5417
1761
7645
753
2828
752
5460
568
1619
9690
8212
8217
795
6734
9498
8685
1901
9650
337
1067
6703
8320
9989
7264
8397
6089
7501
531
3830
2925
4200
18
4698
8494
41
908
1798
492
5268
5664
5201
2711
4364
1782
2523
8365
4399
5346
9396
1492
8560
6857
1787
8544
150
5874
2165
9119
2570
9879
5502
6284
5418
8761
9036
5016
5416
7843
2231
5547
2134
2701
837
8283
133
8936
1065
250
7100
1861
8209
140
3665
2863
2324
682
4225
4433
1684
1533
1699
6991
4691
175
1314
1874
1621
5478
5043
3159
1338
4183
2855
3956
6482
4563
7118
6481
9722
6206
7110
6190
952
9777
8533
9290
370
9523
7097
7536
9649
7908
5532
9188
7634
3022
2047
3255
6190
8568
4463
3954
6022
2181
4875
8051
2337
835
6714
9484
5959
9262
6293
8167
5253
7415
5837
7361
2144
3540
475
4420
9300
3943
684
2045
5790
5227
1187
4207
9791
6862
5191
5582
7346
3475
5227
2074
7449
9219
3522
4034
6935
6134
8868
7797
2048
5670
1459
2091
9088
3187
2248
3437
9956
5409
9746
2166
2016
5349
6366
674
7252
244
3007
9952
3306
2272
8832
6697
3110
1899
3648
2775
6737
1048
6937
6964
1116
1692
2786
2286
8513
2605
1600
1402
5948
6437
5099
7176
3334
9457
1391
8771
5005
6958
6900
7232
4354
8175
5725
5526
7754
3895
1932
1078
3614
3622
7722
7721
7253
9291
5937
6712
5716
677
1130
5948
3218
8462
6809
1251
4752
68
9665
961
1737
9787
123
5850
2341
1055
5536
2338
6531
8586
249
8106
2745
6511
800
6764
5797
4044
1300
3454
7398
9974
8553
3172
2718
5751
4734
1301
9914
3389
4176
2643
7739
2638
1904
8021
1575
4474
5777
4495
8965
9422
5384
6807
4531
526
869
5429
3695
9898
2472
4389
9946
2278
1177
1052
1480
3699
4706
788
2153
3132
1327
3857
2784
5022
1266
9750
7764
8441
1844
5057
6828
2683
9450
1153
5243
1225
7745
2460
143
3627
79
4121
1150
8592
4195
9438
4315
5004
8528
1433
8972
1167
9877
4813
3787
982
2146
2534
9072
2180
1488
1725
3499
7484
4999
616
3608
5085
6362
1241
5944
372
2426
3807
4023
9129
680
8354
4874
7962
2271
8745
323
4110
5409
2070
9910
2927
5512
4428
5064
4133
2051
4080
139
4066
6089
1215
812
3328
6775
9801
1385
7044
3144
99
2975
554
535
5228
4591
933
7978
962
3096
7788
9685
5122
861
8862
6598
6213
526
1954
4288
1870
5689
4444
8280
4467
3912
6390
1395
6332
3892
4446
3542
1735
4873
1514
4310
9367
5444
646
4722
8408
2809
1716
1291
8105
720
4094
3845
7988
8881
2514
5779
9489
693
1759
3100
1204
7949
8394
7751
3676
373
6217
9196
1882
7987
4339
4909
7483
5487
3892
2021
6898
5732
4627
9466
2559
287
7825
7200
5347
6004
9134
4753
5967
7951
1986
6350
2226
9364
2678
1255
6549
9345
530
7182
1326
273
575
356
930
6086
3063
6424
508
1242
2758
268
1905
7498
8263
2576
439
4703
1584
1794
4981
1864
3933
9797
416
1527
4560
2441
9836
4338
9453
7785
8049
9389
6512
3795
3998
3621
3382
449
2632
6704
4975
410
6968
7010
273
5688
8143
1948
4380
9841
3140
1852
3708
6713
1384
7502
3041
5904
300
7724
2355
8323
2115
4383
9361
3489
7324
3314
139
5357
6629
3641
3184
4485
5977
614
6026
2690
2651
4404
5724
2480
6168
645
1314
1871
4530
4513
1871
7943
407
4128
6970
2082
3558
9532
8314
57
1714
933
9756
3906
5174
4982
7446
1149
4571
2355
7758
8475
3656
5661
265
126
4428
7047
4057
6020
278
2246
8483
3391
6202
2541
5567
1090
7256
7744
9011
4764
5385
25
3186
7594
9205
1638
5329
2470
263
9588
1595
7731
4636
9004
167
6606
3984
409
4840
1404
2841
1783
9524
3260
3901
6975
4308
1639
2521
4385
6310
2939
1190
8512
9751
2183
679
393
2562
107
7976
5740
2678
5591
7327
6352
2980
2569
4484
7866
3867
9011
1927
3900
8092
8151
2659
4748
3896
3228
6282
1750
7047
6088
3864
1029
1600
3881
9819
3251
2380
9133
33
7553
5563
8687
4493
7611
3767
6555
1274
5386
5238
1325
1029
9066
2032
3783
5212
3728
8923
2390
2663
6298
1742
2540
1074
1061
6485
8689
3393
9145
1704
5916
641
4019
6584
5153
5448
1320
6804
2216
8816
6726
351
9573
1904
9149
108
996
2759
620
2990
6098
2346
4180
7371
5748
5130
927
9457
5817
3671
5641
6671
237
9704
1264
7669
4629
5002
8479
52
1094
4502
1714
678
948
2860
5709
3065
2987
85
1618
9120
1122
9799
1241
8413
2575
218
5201
3930
5978
9473
8296
2631
7000
705
2137
9112
2722
8988
4248
689
1554
2077
5195
1578
2444
464
2766
3624
3597
438
49
2108
7442
4984
1958
270
1182
5167
4528
8918
8621
2346
4061
4153
3459
69
1092
8507
1016
4263
6247
7874
2610
3749
3620
184
1496
9543
2972
5431
6260
3415
4259
2350
3770
1654
8799
326
8672
4505
2869
735
1931
3161
6820
2251
1991
8862
5893
9047
3652
4238
729
4447
5630
5307
8456
4760
4277
8710
4202
6875
9531
8783
371
8603
5856
7349
2861
9649
679
9108
1964
1294
1126
1043
144
4394
4562
2784
2084
2285
2451
2289
6406
5232
7103
5478
4480
3633
3990
7606
2965
2796
9846
948
3352
6923
2651
2338
7705
1284
4546
22
5156
5341
1867
3380
4540
28
9315
7717
5759
4318
735
6639
8916
1502
1401
7629
2545
730
2576
4129
8230
1718
3231
1727
8714
1733
4613
6210
1048
261
8911
173
5278
8749
4081
1345
4673
582
1219
1410
1846
2364
8861
2711
826
6509
2488
9770
4050
46
2418
9966
8655
2441
6365
4813
5277
289
934
6812
7544
2528
5825
5419
6767
6398
6432
4374
7667
8402
7601
6260
297
947
386
5248
1635
4426
2210
7315
8175
3938
5697
7827
4299
6392
2748
6830
9646
7148
9546
249
4298
8779
4165
3495
4603
2590
6321
5688
2043
7816
6432
4832
7133
2954
4848
13
530
4172
4769
3087
175
2065
564
8682
4916
8034
2061
3520
1734
7992
5407
6419
7052
3389
6224
6782
1552
639
5415
9536
6022
9602
8041
4334
1688
4101
4340
8269
8100
3881
9485
1784
8618
5216
6675
7290
7185
9987
5279
3556
296
1340
1160
3474
6769
2719
1115
5060
9219
4983
5827
8420
7509
6516
5109
3849
3843
175
5871
5061
4625
5370
3563
8277
2614
1478
6890
6668
7479
9618
9558
1963
1867
248
2004
6122
5812
9579
8606
5523
6985
5656
2226
8637
5814
7769
969
8163
4023
2561
9009
1993
79
2439
6565
6546
1821
4541
3866
858
3571
741
1639
9463
8000
4428
3583
1799
6238
5989
8050
7236
4784
10000
4199
4740
2703
1782
1309
5641
8731
5476
3767
631
1365
2571
3169
6273
1974
8161
706
456
8455
858
7860
5889
4613
5364
3042
7263
9795
3191
9452
9437
8622
949
3890
2306
6869
665
8638
7588
2247
8732
1658
1861
2314
761
409
6253
9353
7218
7541
1550
3761
7746
731
1249
2648
5671
9028
4762
9630
8874
9640
6006
5051
7040
6655
702
1170
4036
1647
2711
4931
2212
1228
7592
5390
2923
441
2685
8015
1135
474
1253
3574
4569
9592
7427
3586
8029
8926
7570
8584
9940
8858
8230
6699
9638
9347
318
8158
2433
5853
4363
7687
1395
8701
2460
6574
6950
6066
9178
863
459
1584
7705
8911
2004
8900
9239
517
7952
1620
2749
1956
2510
6940
6505
8445
177
4794
9803
1781
8376
7418
5005
1963
7360
93
424
2188
1658
6912
3977
1345
5808
9978
2827
7713
1648
995
7852
8782
9314
1971
8387
3680
9155
8836
6930
9538
5692
2856
6063
3976
832
2097
5567
2521
8484
7401
3699
2070
8902
3256
9975
686
7863
736
6809
2088
9844
7812
7368
2559
529
9104
8062
143
4422
1855
1952
1479
8812
6600
5327
5315
7988
3530
556
197
1511
8585
2760
6398
3160
4966
7466
8957
8437
7677
856
6600
2144
1929
3763
1048
1140
8114
1908
1902
9313
3954
2480
4610
4997
593
6551
6062
7241
474
7422
843
3252
8642
7400
6101
6424
2556
1387
1239
3878
8884
9968
7213
2264
8283
5955
2285
3521
2838
1085
9203
1276
5442
245
7052
7015
906
5243
3408
2442
8513
1015
6387
1643
5775
4612
3509
9898
3369
9614
4225
1663
5649
4635
9584
6955
4164
9203
2089
7347
4141
5010
1985
2508
8986
2675
3003
1523
2347
5173
4239
2184
2173
5301
2066
3631
2454
6237
7879
8472
8160
3599
4089
6572
3530
1904
1824
1124
4746
1704
5117
3422
567
4122
8823
594
2370
1840
4442
9717
5696
1133
6839
453
4512
7180
6432
5583
7121
6846
5396
9017
4508
3266
1377
1745
6825
9844
7921
1658
7559
3533
8281
2620
3222
2652
748
8926
8501
4454
2187
8390
8764
1704
1950
4275
295
2664
3048
8405
9721
4798
1937
2089
643
2117
4417
3158
8564
2017
9844
1896
8016
4934
95
8645
6418
324
1252
6281
8166
1870
9311
2696
2569
8197
4478
1592
2820
701
7087
5835
1697
6711
312
5753
4385
2122
9318
9618
517
3012
960
4389
1120
8031
6856
5267
438
3414
2457
6187
1743
5613
7722
2332
2397
4005
9021
6803
1560
2116
8734
9975
3235
5757
253
3465
4200
1596
8262
7234
1487
9500
1571
3671
2524
9585
2641
153
2602
6461
6180
5856
262
9085
5407
882
9508
8018
7106
6281
2818
5142
1486
227
488
7837
2896
1722
8148
9028
6745
6010
5188
2584
4432
724
7472
9295
5898
2741
6196
5023
1165
7242
4342
3092
2605
6471
3893
7381
4423
8381
6306
9884
4918
4361
3881
8171
7361
2409
2170
309
3570
484
658
8221
3695
7453
6323
8738
1796
3595
3246
5686
8618
3223
9717
3086
8394
5583
2581
3031
6356
2380
5799
9387
6384
5737
2570
4707
1402
4924
4565
446
2561
6326
147
5092
3210
8798
89
1366
2639
3348
44
8822
8373
4184
7246
4686
2396
7540
5805
9693
5216
9535
1250
8572
9313
2259
1688
7479
9705
2347
8748
7381
9145
6506
1876
5669
3752
2330
9373
3568
2982
8230
6093
298
2725
8669
5670
2625
7548
1727
5302
7585
3009
314
6674
7001
4915
2955
633
3718
2174
9740
6021
3694
996
9591
8330
6212
3026
8658
7127
3608
691
1776
7921
9772
898
2727
6084
4572
7330
5895
1543
714
373
1641
6731
1641
3243
6924
4776
2739
116
3085
4509
6612
7402
9748
731
5713
8429
6544
4194
7160
2474
1410
5269
686
9045
3331
1939
70
5768
7861
3740
6879
8701
2416
1205
9633
6599
8858
6518
9352
8998
8640
8518
763
5425
1209
1809
2477
5991
9498
2061
4533
7288
1861
9377
1981
7479
2199
4571
3308
2965
8273
8134
6604
2485
5226
2232
4462
1654
3521
8703
2155
9511
815
6412
9893
2674
1041
259
3075
2496
1949
3514
3450
2931
7926
2987
6385
8972
4733
433
1406
2332
6144
8644
6968
1445
1872
4304
5317
4570
4038
8443
5240
979
8770
7206
6207
2837
4674
3518
2331
598
3071
7516
6270
511
2762
7580
7649
461
1079
8335
7836
2301
554
8986
8840
9463
8903
5326
3260
3108
3601
1587
2019
7953
5345
2267
5496
7380
4838
8817
8861
2642
1253
2619
2759
8922
5128
6138
547
3047
2306
2205
9001
138
653
8847
8581
2877
3782
7263
1233
2817
8235
5484
1396
9141
5364
850
9252
3845
5392
8300
2303
3431
