-467 26
7328
359
1080
4849
880
3051
8697
1091
3184
896
6714
3888
6343
9427
5959
2731
5112
5315
9564
3458
535
4653
99
9034
5311
320
4733
3908
557
9169
1843
5940
1790
338
2278
6935
5473
5431
8044
9162
1604
5700
3551
9568
535
3777
1331
9464
5415
7241
9278
3098
3155
2587
2804
9074
9979
8205
2385
6319
8074
5749
8810
6863
2602
4915
5974
4353
9405
7600
3529
2938
9061
6221
7104
9017
3358
3054
5010
4785
1772
6836
7430
729
3997
6911
7652
7288
374
9443
5176
2184
2034
5996
6427
4293
862
6222
2256
2269
1549
3901
8612
2356
8819
4678
3382
5169
8034
8545
1324
9434
9514
7360
4142
5887
6061
9577
3561
3407
2086
6526
8295
2419
6173
9663
9158
2384
5074
4173
1278
2879
9036
2839
4905
5885
493
9363
3990
1397
6043
5700
3815
971
3081
5380
5131
5136
607
1172
8664
3987
2576
784
6999
1149
8014
3428
9625
4876
3913
1994
1559
7118
5547
2616
1533
3697
9396
6352
7839
870
2656
2430
5242
4848
4325
778
6184
3779
8214
1980
4780
3469
1185
5802
2143
6765
5044
901
2427
6157
2401
8986
1683
1892
262
8357
8539
29
4424
7793
4963
4437
1405
807
9283
1628
2500
9511
8685
5855
2188
4738
5707
6943
189
9529
7417
9161
9601
5385
4145
2972
1262
9462
5833
2844
6149
2117
711
7002
2937
3618
2702
5506
9606
9833
9890
1470
4267
9783
9616
1377
6862
818
1695
793
975
2171
6573
4200
3984
1578
5046
9951
331
3816
8259
2648
4431
118
6524
9089
1411
9834
6758
693
2837
5435
6407
7945
8165
4171
3259
7388
5885
4053
4972
348
7868
7242
1731
9252
4283
9405
7375
8546
9614
8516
8809
7189
124
1037
6432
1412
959
2992
5664
2587
7700
6003
1216
4212
7372
7505
5029
4138
8402
5200
8689
7764
4301
7097
605
7655
3141
185
4298
3625
992
5045
2928
6613
6502
477
4574
8688
5632
2956
5258
8044
7348
1321
9330
8552
769
688
7638
6146
9050
1946
738
310
1118
9106
2686
9781
5930
2172
9257
9646
6521
962
6131
4279
626
2680
9835
748
5829
134
2504
5421
4902
870
8795
1599
820
7936
2164
1135
4550
3379
995
382
2096
3953
4117
6442
4576
3307
6612
6185
2895
4373
9528
7809
7819
2636
4782
2544
4881
1011
4435
9047
8330
5527
5814
1875
2922
4007
6988
6630
4356
9336
4724
8257
7361
1158
8349
8251
2028
1227
7176
704
1451
6693
4297
6327
7190
1207
1203
6915
766
4324
915
4752
2797
4156
1337
5781
7116
6974
8850
591
1704
9994
230
3800
9973
5262
8897
9023
3967
4967
6506
255
8169
5414
9981
4933
6109
1711
97
3521
3334
3177
7409
9873
2790
7022
7235
6545
846
5454
7327
8017
861
6283
1209
7528
2103
1348
404
1313
8154
3254
3842
9774
9196
278
3423
225
2968
4395
4444
8203
8140
5693
9444
2182
3820
5788
5650
8047
6203
1374
4826
4344
7113
533
4395
6782
1627
6105
7584
1944
7846
1745
407
9313
5324
2634
5359
7540
9951
3669
5380
861
4316
6070
913
4785
6888
103
4119
3752
9914
9975
6588
2042
4005
2001
9150
9553
2764
1239
7978
3709
7324
5791
3875
4049
1986
4376
5535
950
4731
3638
4313
2047
6699
6286
3015
5694
9554
1017
7685
7780
6115
4273
685
2320
1639
9638
5106
8950
7142
9003
9201
3667
1891
4903
1130
1510
6491
2413
350
8798
4305
8098
6340
1900
2001
4395
5305
9956
7632
9273
7844
6599
3583
6130
8025
7885
5610
3789
5586
7673
2086
487
9992
2087
642
5523
2748
4346
1848
5261
747
2628
1160
2244
241
3974
1577
6234
175
1355
5198
4244
2539
9036
8503
5186
638
1888
5299
29
3125
9071
5744
4565
3626
739
8164
3786
6809
323
179
9217
8791
5494
6046
964
9545
5882
1421
6477
84
5178
5647
6060
6169
1802
4463
1629
2333
43
8349
8094
6711
6081
4724
3421
7275
8425
2832
9990
2317
2332
1013
1121
8323
7474
6263
8842
6988
1417
3230
7581
5852
9916
5102
3483
7872
1197
4165
4486
5279
5741
6192
9114
7307
2292
4750
9786
2645
1622
4047
4124
255
8378
1284
1128
9840
9093
7371
4621
6234
5670
2281
2549
8369
1093
709
2203
3237
6937
6012
7801
4
2167
1281
2212
2331
8118
1715
2462
9809
6607
4998
3110
820
1588
9802
5467
1141
2376
5954
6739
8455
9904
9555
459
1355
2973
8936
368
1543
5558
7517
1690
7110
5716
7096
2380
8414
4619
3389
5273
8901
5628
7133
793
7898
4679
2785
909
96
852
9622
5034
5741
4978
2375
935
4131
3024
8975
7527
4045
1485
3601
6822
4498
4284
2609
2593
5873
5212
4949
6409
5658
9669
7393
5188
7350
3780
6622
9250
2935
2315
9771
7331
2163
9634
3771
6912
8848
2981
1046
5682
3978
4261
6591
7171
1196
4505
6112
4465
2534
1199
1741
784
1414
8452
4804
9525
1490
1849
2342
3880
8721
2236
527
4556
1010
9436
8646
9106
489
8849
4688
8238
5499
5785
3455
21
6304
7279
1391
2065
9909
705
5462
446
2039
3201
1120
2908
7378
2489
87
5980
9349
8650
8100
8393
4783
3365
1013
7072
6874
7070
9401
8291
7509
5837
5804
3208
7278
9478
3254
860
3195
8036
740
9695
62
6642
1886
9664
2991
6132
2936
35
9548
31
1429
9155
9669
2757
6121
5384
1415
1122
1239
1396
5359
6555
5417
5109
6118
3945
300
1543
5100
1555
2379
6139
9785
237
903
1045
8290
6619
8607
3845
6879
1889
3242
6851
3834
1301
30
218
3127
7690
7285
1742
8087
5195
5952
7411
3183
558
2152
3438
2015
278
8763
6231
3869
1424
8529
2469
6919
148
9461
2989
7266
173
7290
1181
1897
7806
1742
4
5558
489
8405
5975
2238
4133
5710
7880
7196
2401
3925
1093
6784
2808
6739
8673
576
1902
611
9048
30
2511
5265
9122
1171
629
5584
481
455
6201
7661
2011
3386
6444
8196
4905
5282
864
5923
2060
1416
9589
7290
453
1463
1163
9506
1004
8238
9347
4027
7290
9701
143
427
7209
182
2213
9454
1073
2556
1062
6069
1290
4123
9507
6810
1799
9428
5238
9706
8810
7467
5443
2175
9926
2856
6952
429
4081
778
2932
4968
1691
9985
1836
6763
7231
5958
2614
7427
3444
7698
8265
2655
6202
8110
1311
5421
8561
5045
4989
2044
7529
7040
4788
2298
6545
1450
1371
285
6536
2193
3339
6826
2618
1385
1502
728
776
5750
6556
2881
9478
4593
2624
513
3947
2994
8817
6229
2311
5539
206
8099
3695
2953
1187
6871
5339
1420
9034
1723
314
2074
9981
7842
5659
860
5408
3422
7214
6883
1967
1923
752
3935
5782
144
1215
312
3893
2456
4341
9710
8864
435
3332
2561
5232
1660
7202
1682
1375
330
3435
5611
1009
3455
566
107
7704
3347
6455
2274
8283
1681
4067
103
1736
1163
1828
6143
975
54
2866
1097
8524
6262
3010
8819
5194
3453
1015
370
6011
8040
8937
8062
550
3955
1254
7279
7659
6415
4491
7679
3669
5842
2093
2219
660
3351
6331
7688
2172
2589
264
9698
1868
7426
2608
3041
6375
4536
7062
9305
1852
9722
5931
279
9760
9594
4099
4209
4135
3177
2327
4445
7799
816
2723
7564
1261
6666
6873
9454
6627
8060
4140
7482
4995
417
2553
3848
2816
978
9785
2281
8460
2122
9605
3188
5764
7178
2399
4713
9405
1591
5340
6756
9080
2337
2481
3688
1188
171
8916
8779
2218
3785
3493
107
8062
1900
9345
8222
57
2644
8851
9552
3277
4923
161
6074
4430
4538
857
1823
9803
1492
8391
6097
7422
1629
5883
6304
4916
344
5701
4131
5563
871
1489
2450
1871
410
31
3209
9615
7652
5327
578
3338
1389
3881
8288
3125
4998
6631
2255
2312
122
5182
5081
8708
3708
6076
5863
4802
1062
3779
1279
4778
391
6515
1362
6823
4657
9443
8695
1736
2380
9972
4040
798
6015
354
2017
7954
1201
1042
234
1800
4894
9963
9154
320
1846
8664
2036
8326
3611
250
6061
3956
5499
8356
147
3960
5227
4009
2920
3705
9764
471
7833
8459
4113
6952
7809
6522
8520
635
907
9962
2330
3057
1063
1147
342
3417
5413
2556
1155
1052
8205
8688
2079
6491
1324
9447
111
2418
1435
3248
8229
5914
3535
5948
9461
9885
3515
2408
8880
5059
1400
1900
4657
9806
4686
8812
7282
7033
4092
2443
7026
4375
1979
8833
5335
4564
1097
3508
4710
2194
913
5120
2755
3370
4707
3543
2183
381
5349
692
2465
1949
2525
6785
7681
1624
1200
6909
1775
5902
9859
826
9200
7250
12
4693
5962
8675
416
5313
9063
8645
9802
51
3819
1315
6888
1111
5342
5744
6826
722
486
3107
7074
9961
2910
6003
7383
3301
1192
3342
3712
2896
7529
16
5003
3601
2917
6323
3914
854
5085
385
441
271
8448
2382
6538
3638
3873
3824
2591
5053
705
7260
9819
832
965
5451
2843
4587
3925
4071
3103
8963
4801
798
5247
8865
1709
7464
8206
8480
395
4874
5240
1219
9165
1666
2097
9525
121
1308
7356
4976
848
64
6450
2222
8166
5787
5551
6105
9391
793
7462
8928
2915
1026
9106
8054
6108
6220
6357
9953
1722
1820
2202
893
9517
5659
3986
1231
1071
4375
5899
1579
725
4104
7407
9303
1649
1668
782
1926
796
2084
2668
3341
6707
8211
6070
1949
904
3640
3410
1093
7673
7007
3872
4973
2367
8840
3545
9104
3880
804
1362
863
112
1658
6810
6839
2551
2770
9408
392
2370
1739
1053
5108
124
4876
169
5598
4681
7700
5332
1139
5318
9532
9450
6165
7782
8794
9625
8606
7580
1689
6956
1391
867
6404
762
244
54
4843
5133
3050
1071
7720
9694
5017
7287
2385
1029
2782
4277
6071
2833
8917
5311
1797
9909
386
673
1091
9232
3086
5846
371
1486
7699
341
2
1818
7288
1813
1418
4494
5716
8708
4912
9348
6211
4188
9887
9402
8790
4794
587
5838
1135
1241
3993
7350
585
8685
2704
4115
8248
2523
4567
6594
289
1382
7225
1744
8092
7354
4869
2392
2939
1520
5135
7228
1424
2525
2600
579
2111
5117
5539
7956
9625
8577
2380
3943
5682
480
293
5243
2149
3335
7003
9517
1175
1684
825
8758
3427
3610
5348
8265
774
3365
7134
5291
6806
4811
765
5451
5508
689
3853
2014
5805
2954
1002
7453
567
1281
217
29
7969
4175
956
2028
1101
6141
7725
5823
6422
9395
3552
2676
5718
8062
2109
9177
854
2025
8989
7738
3241
4153
3678
2818
8981
4652
2744
2949
9933
9037
7467
5108
6768
2812
8543
2562
7844
6200
9005
6823
9793
923
9023
9025
9592
452
9901
978
8901
9788
4129
9524
8310
5761
7324
1623
3575
5827
1034
9395
3377
8248
5017
3558
1962
7189
9659
4090
9624
7099
8206
7621
4140
4587
3549
775
9131
4700
2802
296
2449
66
6358
195
2448
203
1267
6136
1896
1570
1554
286
5830
4441
1717
443
2090
7122
7513
5178
8928
9569
268
530
713
1412
3293
4227
8101
4930
35
2122
2595
530
9154
7503
602
9783
4441
6042
3076
3320
9886
7489
2661
1403
7166
4510
805
2601
5858
9994
4215
8128
2588
2610
7590
1544
6665
4040
1771
7353
7754
4489
2790
3488
2075
9263
3039
1234
9943
7478
6899
980
5565
164
742
9474
4067
6485
9649
2727
1758
4
975
8321
6729
9075
726
8058
8155
2178
8619
907
6271
818
4369
362
2457
6125
2177
3379
7795
3030
5499
803
2500
1372
5685
8955
346
3544
4220
6773
8355
5041
5144
3949
1176
2647
8439
8675
2793
1732
1385
5556
8361
2042
1021
1039
8185
4337
5760
3297
7718
30
6134
6447
5146
5942
4598
2234
858
4847
6299
4181
3801
533
9684
8135
4115
6973
6925
5754
1691
331
1551
7815
958
2778
7085
6225
5980
5744
6443
9092
828
9496
1179
1738
5736
9831
6096
7193
7387
3235
17
6271
2332
9213
3532
1198
7890
441
4738
9063
6503
3968
2097
2460
5164
9624
960
2323
7583
9495
9446
4359
6230
1658
894
9620
9816
1828
1999
2736
5876
6296
6336
6240
1487
2172
4364
8308
4539
655
8315
245
3899
4229
1978
2527
7300
96
4459
382
3574
3097
3191
4781
8896
434
2366
5966
9006
8029
1160
1558
1967
9774
2391
7455
6592
3339
6884
4596
3031
6141
3683
6647
4922
2773
8887
7603
2323
9225
1749
8856
9550
6897
4843
6003
6257
16
3327
8532
2709
8417
8403
1846
993
9684
9382
3455
1808
6708
3477
1751
6496
7404
7521
9193
5628
4088
7542
5
7648
5721
2118
5307
9946
4067
3065
2987
2674
9989
3867
2475
3638
7516
7289
1106
6920
200
1918
4126
6318
1870
6322
2484
521
9692
6091
4511
2620
8263
5877
4135
7617
7515
7207
237
4216
7854
8024
3427
9435
7441
1959
363
7817
5447
2883
9576
8936
3007
4203
2290
8140
4016
3571
528
2096
3647
3547
8341
1343
5450
3323
1593
734
1747
3778
6026
3418
9862
8621
4335
4754
3153
5166
3874
4578
7929
1748
1278
393
3473
5556
8175
3075
5638
4879
7879
7900
2949
6394
3828
2256
6934
813
8829
5202
4778
6476
2456
3626
4528
9733
5452
6543
2647
1701
384
3802
747
3660
6792
7105
650
3183
8356
236
356
3107
7553
4305
9433
6255
7054
4659
8534
2490
5018
3382
6652
2301
9484
6991
6362
501
5836
1342
6836
6601
6386
5915
8053
5422
6660
748
3869
3880
5109
9283
1857
912
9121
1850
6915
2640
447
2868
4432
2291
363
2858
2155
3374
643
676
8231
1571
41
6451
2438
8317
5774
4654
4059
9810
742
991
611
5091
2586
5946
3897
1397
2118
764
5661
4649
6609
41
8880
4597
6093
7087
9765
6934
706
3457
306
1264
3645
5030
8798
4890
9853
9831
5817
8338
4396
6136
343
1084
2347
6506
1359
1927
930
2676
7917
2029
5543
9882
4489
818
2747
4745
9933
2573
785
1882
1123
5993
6014
9940
2767
9482
4565
6273
5974
6787
2294
2469
1743
2310
7827
7789
898
1372
9906
4437
2378
1354
9134
3870
3941
5577
8074
8672
6798
5007
2166
5817
2048
4317
4772
6494
7651
370
498
7651
7243
4145
1839
2149
9940
510
5397
7165
5829
1808
9945
1533
6957
2610
9434
9569
5514
4992
9132
1402
9247
9599
5249
2904
7281
7360
1334
1408
5967
958
8410
2648
702
6432
1459
9792
2043
3608
540
845
4000
2345
209
7437
6014
2610
374
7846
4789
2217
6775
6869
9848
8534
6129
2394
1088
6686
2609
1089
3920
6998
931
1555
7497
2873
8899
9706
1613
6351
8913
2824
1627
826
884
1490
5891
8816
8822
7353
8475
5319
1817
4227
385
1884
18
3021
6101
891
2057
6108
5224
4893
869
2444
1602
4199
1868
7599
5895
1370
809
403
2226
5542
3179
8257
3850
1042
7990
2817
3347
7689
9923
4030
4625
2079
2299
5128
7782
1779
4165
9493
1749
636
139
8402
2596
2640
7396
1634
9643
6417
1167
8668
440
7339
2091
3702
7429
4226
4027
2275
1781
3160
3956
3760
16
4957
229
2366
1659
8187
8912
8437
2873
5343
829
6885
2885
1929
8005
1378
8532
4362
5096
1541
8217
7509
3641
9010
2317
5656
4961
1546
3452
7071
8862
3357
460
419
8473
637
8864
2154
2831
7060
8897
5243
5200
7603
474
9007
2770
8852
2982
431
6815
3496
3099
1612
6580
1236
6189
508
8989
9758
9166
3494
5082
4161
131
6252
9100
216
3353
7228
715
9176
4865
1690
1855
1870
672
2314
3499
3004
4335
4970
3481
6783
8230
1179
1743
2659
5932
6311
6183
9351
7027
770
1317
7203
8597
888
8824
3628
7453
8454
8382
9998
6742
1154
5102
3252
7150
7325
4080
6951
8677
3442
4127
2494
9583
4771
2692
5249
7647
5713
4025
6075
3507
447
5586
442
7400
6824
1763
2235
5257
9616
2670
7195
8004
5226
8360
4155
6410
2720
8366
732
8541
1961
2428
6738
435
1393
9547
6847
3888
2011
165
6228
7908
1104
8635
1534
2832
9966
3913
5186
7521
468
1444
2601
5809
5088
2453
294
7789
3154
6764
6850
5679
7936
2229
4462
5193
4318
679
6044
6423
9802
8604
9416
6833
1762
5000
2294
2106
5814
1440
4937
2299
565
3592
509
1005
5333
2848
9639
3456
311
704
9200
5529
4954
2018
8397
8328
1082
2729
7302
3468
2618
6273
3026
5252
1240
3008
1468
4411
514
7917
18
4951
4373
9028
9374
4712
147
712
4525
1176
4613
9879
1375
8270
8959
4924
4583
9911
6905
6118
7540
5224
825
7515
6054
6494
8800
9244
4728
5390
7040
6028
3981
7494
8915
1448
9048
6205
6069
8030
5074
8785
2455
7764
3897
534
8247
1480
2371
77
9561
5058
606
8338
9903
5782
6978
5662
7968
1313
7442
2662
9014
8629
9213
6481
7192
52
1843
3975
286
2486
9185
9714
1732
8864
4211
5404
6234
4100
1658
1801
7271
2022
41
5908
450
7462
8648
1751
6538
5086
1903
7537
2411
8747
5884
1299
5410
5057
2531
4023
6813
6408
832
2990
1843
5940
6696
7939
1458
8130
8418
9178
2522
4977
785
5778
3721
820
8930
1060
2749
2981
4572
3299
5563
5756
239
2463
2335
5999
4514
7741
5842
3999
7305
4949
922
5542
5420
6888
4809
8030
3637
8080
6539
3970
234
9477
5023
1528
1766
5485
9104
8445
4363
2450
214
1965
3541
2260
1649
2381
889
6794
8860
2399
6433
283
3079
2480
8618
2977
591
8430
7146
1033
2046
1781
7185
4983
317
7135
6115
2518
6843
7650
8827
1179
2171
4327
1420
9635
6829
3024
1681
3769
3533
623
9360
9285
6687
2587
1449
6149
7171
8603
6555
9578
4977
4977
2890
2256
3446
887
2539
6957
1474
3325
3501
4888
7888
4433
8997
5305
87
5006
6608
468
4354
9565
5009
6785
6091
5486
6005
30
796
2462
5549
1904
1061
1149
2769
470
5079
2383
9382
1960
1712
4752
2557
6488
6172
1283
227
1114
9612
900
2315
673
6463
3052
1146
1505
2670
1821
9597
229
8366
4092
8360
745
3707
6149
4696
5251
6533
8625
5534
6283
540
1175
9860
4282
954
5753
2382
8977
5088
2601
6850
7381
4590
9557
3317
6707
8246
7735
2642
4333
838
9454
7000
9959
8883
9614
5181
1435
4247
6784
5962
3220
4146
8396
6201
1318
4046
4419
512
3638
7708
256
3478
1744
8585
9425
3140
4012
8904
5919
6310
849
5352
1916
5088
5178
2999
9442
5954
314
1482
8676
3410
2724
8516
3235
4833
2624
6851
7441
2978
5440
4633
2279
9632
7954
8947
407
7255
641
9471
7328
7639
266
3104
6722
1257
8692
3969
86
147
2394
7681
757
6703
988
77
3542
7640
6914
1420
676
1451
7560
4528
866
4141
8359
3000
432
1137
1118
6271
6703
1653
2287
8707
4818
4689
4563
3973
1491
585
157
9109
4127
2443
6396
9527
5422
1728
9349
3866
9098
3680
8769
4794
6476
3823
7285
8719
6534
812
5564
4369
4279
2013
3066
6361
3495
3402
744
5634
7394
7018
9777
7152
7288
8838
6336
6294
1535
76
9838
9246
7848
2427
2380
7098
3355
6894
8277
3665
8684
2847
9697
4801
9612
2071
734
5387
216
5963
2494
1370
7020
6127
6635
1079
6151
818
9325
8551
35
9177
1975
6673
6711
3767
8362
9082
6775
2969
1326
6051
8733
9889
2067
5634
2218
2109
7113
226
9853
8719
667
9574
1684
4285
864
2518
1268
3215
1184
8731
101
8628
5804
5914
111
2615
1219
4356
7499
2415
2876
3680
3168
9598
1296
907
937
4865
5998
3204
6385
4093
6187
4607
9898
2030
750
8211
7833
7578
8862
2478
7465
483
8879
3559
2647
8902
8293
801
5611
8704
4116
2237
8655
1239
7128
7868
5629
1711
7641
6235
9495
5054
5574
2335
2254
4062
2088
21
8444
7065
9372
6939
585
3730
9672
2377
791
5868
8047
562
6688
3294
2683
9764
3727
6332
3847
6324
1649
6480
4268
1881
5212
7881
944
5656
4846
303
1594
4934
3108
2613
7033
3523
4479
4279
5874
1961
5658
2831
723
3465
96
9043
9902
9422
4333
5233
1337
6527
8143
9929
9032
6770
2501
9400
7251
5144
4783
2077
729
5050
3709
1237
55
6853
7948
501
4389
4261
1297
9656
3218
1892
697
5738
9075
9491
6586
1612
605
229
5276
6980
2589
6466
4970
2510
6745
8406
2969
396
7405
4829
2299
494
6718
5812
9761
6636
1336
4640
8109
3984
6967
5908
9904
5621
2721
6134
5713
4153
4436
7921
7006
5014
9286
598
865
5130
5574
1783
8566
3207
3217
3846
5575
5728
2601
8025
768
2144
2049
8049
2190
2302
9000
5371
7388
2336
9811
2342
4349
383
6738
7124
20
2811
9915
6680
313
6782
4421
359
4522
2613
7273
6799
2107
1115
1649
7087
80
3418
5550
1794
5987
8874
1947
6113
6613
9219
8527
4519
5299
8372
4253
3036
3086
1607
7253
7342
9140
9239
2332
714
9281
416
6834
6268
3405
8621
3404
3624
2301
3774
5602
1070
7646
1277
5743
9938
9300
3767
6270
8658
3243
3972
3791
654
7705
1274
524
334
2280
5879
8421
8169
7842
8109
9437
7188
2853
3515
7473
8709
8590
697
2420
8951
1660
7633
1447
149
8192
8705
9653
5870
270
4641
7762
946
9162
2434
934
8530
6550
5098
7400
4014
3460
1346
8010
4086
8477
7147
6298
3204
8363
1360
2670
8102
8224
4904
7422
7087
7059
5386
1740
2390
5874
88
4169
852
1003
1579
3374
7153
7230
1367
9578
3808
417
9951
2988
4900
8473
5881
684
8421
2060
7104
2233
3544
3877
5069
393
1529
3457
7626
2049
2333
1425
8863
8322
7108
3331
4895
4712
6549
3179
9703
2566
4613
6782
6198
4026
7160
2917
2156
5973
2698
3913
1723
3438
3712
8099
3417
9919
8524
439
634
4837
9407
5702
7294
3890
1364
1739
8261
8270
2182
8964
5667
2340
3930
8882
6530
1694
3514
9288
4488
1399
7585
9174
3179
3361
3865
2242
8550
2860
9089
375
4849
5286
2436
7651
7788
142
595
2845
4482
6583
7402
5491
897
471
1824
1306
9847
8548
1731
2473
3644
3500
8894
5826
6361
2764
7146
7832
5140
7205
5744
2834
2103
3319
897
8097
532
886
2220
9822
529
8639
5145
9372
342
306
6038
2430
3680
9117
7464
1999
1995
4409
1178
3936
3084
8857
1819
5505
118
8246
5279
4999
1157
5314
1089
2507
1789
3818
2393
1333
3067
5401
6236
3564
3967
4610
1344
4418
786
1621
3188
2038
9695
3566
490
6299
4859
3595
1266
8834
4779
2400
451
1251
3233
1330
2727
6520
1132
3940
1538
2601
8451
4288
6617
6727
7813
688
1253
7695
2556
6259
4797
4164
205
4300
6092
2263
4595
2622
1224
6033
5437
625
7230
8058
948
1703
6821
7648
3149
9088
6048
8809
1670
1929
1820
3864
3994
5916
5250
3708
8366
9678
7772
7359
303
7244
1510
6675
422
793
2552
4428
8951
2240
4141
1847
6616
9394
6088
3577
1271
5455
9349
7224
2940
1408
8027
5683
2408
8791
7082
2164
3461
4976
2713
2483
1778
5863
4539
927
4636
9415
1225
9812
8256
2161
158
5605
9475
7639
1777
3870
2239
6543
5309
3373
9401
7786
3774
9236
734
5118
6472
6559
1076
7233
8106
564
791
6456
3417
4680
930
4539
1103
8793
6832
9844
5753
6102
5693
6124
4080
5493
5043
1449
2064
1041
9592
9808
2716
1747
1019
1826
7408
4178
315
741
2026
40
8519
6448
646
8610
8221
5903
2873
9210
1470
1398
2901
5606
8368
8221
7251
2823
5811
397
3722
5038
1747
8203
3629
612
327
386
7088
7798
8268
716
432
5695
6683
5038
233
1658
6822
2458
3399
2485
2273
1946
2313
2937
289
2046
3424
4875
7392
2619
4185
3962
9323
147
7643
2339
740
3393
9738
3988
3423
2646
4404
8012
317
5317
4921
9317
9508
2372
3606
211
9890
3264
3438
9645
1175
6636
2622
5307
7002
1241
2272
4671
8878
4799
1006
841
1472
744
2793
7574
1198
2940
7375
9350
532
4915
658
2571
447
7498
5067
4153
2747
1668
9994
6597
2143
8537
7221
7947
9643
2220
2124
7811
2195
7765
617
2967
3990
7939
5192
9935
6704
4458
662
6714
8982
5351
3194
8965
9039
7197
8948
7950
880
9070
6136
2920
6766
5216
1949
5736
8094
8817
32
2284
752
1102
7436
9149
5837
6069
137
7946
9214
2040
7939
40
7866
9921
1480
8764
541
1752
9824
2649
9341
214
3057
3237
5548
3357
9425
4550
1212
5418
380
8024
7423
3320
5834
8285
2334
6297
4041
2270
460
2504
5232
5616
9933
3046
5974
4323
973
662
6334
8410
6488
976
682
4251
5921
4385
4614
2143
6694
3715
5227
8745
2010
435
2539
2852
2119
5382
7580
1829
809
827
1984
2660
1238
1980
8633
7961
9454
8170
7766
3857
3994
9000
440
2632
9478
3414
372
3674
1721
996
8133
3660
9539
2152
9399
3799
5428
2916
170
2099
5849
2257
1695
2272
6681
4047
7387
1312
324
9438
1289
3960
9608
294
6970
8839
272
2005
9144
1709
2318
147
4162
1299
3670
9093
7849
1180
9224
1324
4434
1284
5332
2966
8516
2955
6175
2165
1667
8743
7623
1610
903
3863
3326
6466
9173
2645
3757
938
6784
7927
7820
6887
7116
157
7755
2155
2739
9695
4836
8629
5555
4144
5938
1102
1717
620
179
2086
9646
6700
6782
8280
1251
585
6754
1951
4688
1028
7839
5734
3213
6939
8105
4236
5061
814
4840
3160
5747
1447
1377
5685
6394
6460
1275
8504
158
5819
7995
5162
990
1598
164
5021
6570
4081
9277
8495
2659
3048
1827
2837
8997
8002
3599
6345
6507
9341
2134
5904
6432
5950
8507
649
6846
2274
4646
8985
3349
3745
3938
2809
6876
3640
2592
3856
1743
653
824
1728
8201
3258
252
670
2586
7776
805
7428
6997
67
3775
3402
2238
118
1956
8338
2774
9418
751
8341
3153
6999
3930
2043
4446
2344
3048
3261
4011
5070
2933
1824
7929
7235
9045
6872
6494
2035
6770
4535
807
1116
3594
2353
7435
2748
5241
2574
1547
3978
9515
3288
6554
5585
6144
2712
9586
4432
7445
3688
201
2915
6626
81
2725
7110
1060
2765
9410
9489
6322
314
955
7160
2348
8671
9707
38
5187
8308
2034
3069
2255
5288
124
1386
7593
7497
9677
1470
8624
9279
3323
1004
1766
9573
3917
4979
8851
1654
6848
722
3128
3009
6429
72
7728
3015
6325
5597
7459
3323
3547
7595
7226
9487
6616
6459
5837
4675
3607
2228
9118
8916
7681
9737
1527
26
9863
7785
9131
8823
4975
9259
1405
5401
481
9341
1580
9731
9684
7671
7209
8236
7959
9478
2368
245
76
4730
6216
2593
8999
7556
2859
5169
989
2445
6865
8476
7654
9671
1070
474
9544
2200
3148
1401
7872
1649
5452
2376
7295
9151
3960
6493
7584
3376
5319
6671
732
304
2911
5195
2211
1034
6240
2588
3321
4340
4808
2021
7593
4100
5243
7559
1428
2352
6429
516
6562
239
578
8198
1790
332
5015
7143
1770
8792
2349
6025
5635
1923
647
2022
5580
8328
5341
9409
2634
3568
2933
6124
9780
5556
1912
4710
2151
7163
2628
4026
1548
2138
9597
1949
920
8918
5458
2063
308
2427
7716
3079
9720
206
1934
9918
1232
2298
4883
3080
943
4623
2127
1844
7518
6785
8270
8544
62
5952
909
9870
1034
9870
4834
9307
4792
7250
6450
436
19
3070
4311
3527
275
8711
5355
4088
1739
2364
2038
8563
9210
2167
1059
4782
2852
1555
1200
2122
4157
981
9277
521
4725
6980
1077
689
4160
2316
5224
2571
3697
2236
7483
568
5244
103
36
2574
3940
7260
3677
3442
2453
1039
1
4425
4855
1895
1753
7727
3024
855
7983
6820
3826
6333
1747
7439
3840
5741
4035
1609
8401
7994
3981
5562
2152
9988
3950
6246
645
156
8066
1108
6344
7950
8714
4804
279
9150
7907
4088
3133
7116
1655
2435
1047
758
5488
8405
4826
2089
1207
760
4399
3907
5777
4611
885
314
4552
8810
8933
1836
3164
7578
8906
1488
1326
1072
1202
7394
4565
4680
6075
5947
7168
1106
2305
9642
9576
594
7702
7799
8381
8832
8992
92
3473
3032
1976
1499
901
6802
1850
3048
3862
6377
516
5944
6985
2926
1852
4493
9092
1132
8562
8174
7474
2170
7783
621
3745
8522
2640
8421
2208
7463
2685
2162
2899
9828
1076
7542
5372
5121
1186
8328
7505
244
2206
1954
8146
3950
1779
2100
7485
2587
6893
2026
6070
7794
6400
661
4661
7625
3230
7973
3714
8362
4724
2280
1281
5982
7900
5375
2587
3207
8525
3236
7308
2844
1826
3091
576
2268
979
7362
962
4634
781
377
5294
5744
8579
3919
5914
847
5414
6819
6175
1599
4147
871
2772
1692
1103
9341
1538
1624
359
4358
4475
5345
643
2040
591
4366
949
3979
2146
6548
4003
6273
9737
6621
712
9406
788
9294
4724
5493
6176
2841
439
9384
6751
842
6167
2891
707
3770
218
2065
1607
2605
9517
7186
579
9565
1923
1146
6110
2351
3746
9102
61
3854
3463
3327
1204
1572
105
9173
6379
2295
1819
287
8463
9295
926
2414
5708
345
5898
4991
8235
3166
1656
3261
708
7250
1165
1848
9331
9750
6788
3955
3009
945
699
3975
4302
7218
4567
439
2757
1292
3539
1549
5613
2129
6634
3411
1642
3178
5633
25
6346
5843
3687
5170
1696
2406
6386
91
7976
8429
557
5038
5867
9755
3321
7901
4151
505
4527
6519
3534
8471
6823
5985
8363
3639
8598
7082
9686
4164
1928
614
9327
374
6296
2456
5863
8381
9558
908
7908
1760
9306
9489
936
2213
8201
7149
8986
6633
5997
9276
1303
3591
1630
840
5508
9040
8309
8211
7093
5267
8791
5697
256
182
817
4837
545
5824
8629
7590
9151
625
7935
3560
2125
8612
8182
3081
3966
1070
5636
747
3676
6487
9427
8216
5538
1052
1314
7281
8895
6813
8960
764
9144
8964
3706
1139
863
8217
5813
2743
8658
1297
936
3672
3888
6547
5906
9792
3947
1918
6929
2083
4337
4291
7645
170
6636
8853
1049
6654
672
9197
8389
4039
2925
8571
3770
363
6304
4640
2060
6179
3075
320
3451
890
5694
1975
1692
7925
711
3077
4008
131
4753
8030
7988
8085
3911
5300
4360
6096
6845
1172
2822
5827
5465
5601
4940
8914
5843
9773
7061
2552
5979
5163
2974
920
8618
8158
5656
6387
206
1075
3363
8089
2467
3267
8130
8834
6638
5235
9392
7252
9613
1565
3981
9163
321
3102
9027
5073
2823
1122
9238
6486
5106
5272
9355
6873
8751
9482
1119
7872
5306
2716
6602
9325
2802
3930
10
315
3784
2710
4934
4701
4488
9269
6790
868
7980
572
4669
4529
78
3504
8519
9154
5123
9311
7563
9267
8261
402
5671
3331
4108
5721
451
1845
2686
6778
4310
9746
8480
5467
7665
4899
4763
1534
5972
6028
7560
9490
6684
378
4810
2859
803
5520
5920
2389
452
496
9860
2679
109
4742
3342
9794
3994
3834
5770
1402
4912
1541
6313
8756
3850
8945
5335
8452
2221
3511
8934
5018
3947
7590
9234
5195
9022
3278
3254
6073
5997
362
9572
4727
2261
5106
9435
1087
1431
5346
5604
2993
2734
4966
7037
8745
7641
5341
3354
2939
9443
5979
7844
7064
5987
4072
6115
9352
9314
6674
8107
3903
8995
1601
6730
6735
8693
1212
5738
7737
7613
1079
2459
4043
1901
6485
4566
821
5541
10000
7574
748
1332
8821
5253
9222
4682
9610
7057
9770
9318
977
2858
8637
7657
7770
8450
7254
6412
8109
2531
1558
4215
5905
977
5407
6334
7409
8039
9586
1942
707
9000
466
4798
3978
3524
4301
7034
5862
1445
954
5412
9721
5110
6719
2552
3649
686
7669
4987
9104
2555
6353
3563
6569
8053
773
394
6251
2463
1617
822
8187
7478
3510
1012
4418
4714
7089
7927
191
1975
8540
5476
218
3863
9337
3836
3138
1648
2194
7196
4058
7183
2367
4807
9988
9418
9426
2714
6371
833
4417
4046
2272
3401
2424
4356
1368
570
3296
9071
3542
1888
9933
8891
5287
2282
8599
5080
4775
3911
646
4553
1091
242
1832
3274
4956
8588
717
5132
8328
7543
2997
1361
206
471
1527
3476
2605
4241
3376
5588
5322
7738
3667
8244
9820
8756
1358
9444
4504
2303
2905
72
9348
2495
661
8356
438
7916
4071
9279
4765
6678
3288
2105
9402
173
6265
1285
5876
8568
6997
2193
1287
2149
1110
3157
5912
3068
919
2444
8440
7730
4452
5507
8996
1628
3983
7323
4513
4775
33
9999
3819
6490
3201
737
9146
2830
2150
8377
3770
8848
4750
8721
7367
2770
6462
6457
4979
1935
9801
244
9045
7169
3597
4113
1227
9491
8909
8099
956
9847
1984
869
7417
4921
9863
6833
605
9312
294
2373
8845
6249
7499
120
6894
3317
3989
8003
9459
7293
4206
8600
4483
9852
1487
7881
8258
7628
6232
5431
9895
2653
7845
9736
212
6844
4085
618
3411
5504
4641
5165
210
2691
1498
9230
7843
822
9087
861
46
4182
5085
1148
2030
9380
4864
7541
562
4511
1492
1951
1623
2203
9425
415
1710
4057
1423
6381
777
6135
1967
9085
5237
5965
513
1241
66
2861
4452
6836
5699
1161
9837
3884
1896
8839
3302
2557
7934
8307
1150
2645
6609
4640
5838
993
1377
2524
1120
1819
8854
2005
1880
730
5081
6316
1994
935
3587
320
5617
7528
4692
7130
9546
683
640
5689
6444
9429
7366
1341
3646
3149
1665
8360
1795
9997
2471
3431
1633
6991
5665
3404
6823
5441
9160
920
8136
6508
3070
1869
3707
2213
791
4501
2807
5016
520
2401
2296
2329
698
110
9400
8689
9310
7832
7608
8513
9273
6599
3400
1538
9409
4991
364
52
5151
1116
2053
2979
3351
5015
5450
4438
6028
8795
9135
996
143
1997
8932
7998
2504
6326
2516
9609
1165
5308
8122
5307
9850
1539
3306
8522
7395
9205
5081
7377
46
700
6079
8784
8377
5047
7637
2013
8981
3518
24
5097
6581
6336
7256
846
1139
3103
3553
1373
6269
9116
4841
6179
531
223
4691
589
2633
9031
2973
4490
6338
397
7286
9181
2266
566
2660
5957
6490
3576
3420
3379
485
2294
6538
2322
3224
3248
573
7332
3822
893
1044
2896
5905
3257
105
2745
7246
766
5048
7209
7536
9568
6436
7313
1014
3483
213
8792
3656
802
9249
8083
2682
8352
3347
9844
1930
3731
9800
7657
2141
2824
1134
1496
9877
3702
1319
7877
7994
6783
8969
4553
8177
2791
741
1445
788
6254
6646
4538
4897
6725
1119
2742
4168
5244
2618
7860
3158
1216
2198
8702
2479
403
6820
1222
6316
1549
6550
6755
1814
1703
1410
5342
1057
1578
2156
2194
5160
1882
7319
5957
7359
9798
1857
4308
7816
9777
9353
8498
2128
9295
5184
8115
5200
4140
935
8352
8413
954
8760
6978
3046
4522
8467
8837
1056
8839
6324
826
9580
2209
1482
4545
9214
2639
6270
2084
1138
2070
1385
6448
6789
8486
2625
2487
3602
8917
855
9601
4850
8528
1831
9557
5142
6483
5241
1329
7487
2702
8099
2671
4137
6862
2926
3301
7950
327
5612
3259
9058
5554
4911
4075
7173
6239
3132
9706
98
1865
5078
1484
3628
2283
4395
5092
4491
7671
728
7850
4511
5464
1554
6469
9096
3242
9332
1196
1022
2100
354
1846
6664
1438
6196
3543
512
9695
9001
1072
4506
6192
9409
3725
2714
2687
5999
6540
9359
5952
1227
3869
9020
818
7212
6079
9359
7598
153
1467
5204
1364
4654
2507
5397
4246
4335
222
6122
4628
8980
7477
9580
8417
775
7547
6627
1609
936
7504
2650
5269
8634
186
1693
7681
336
4953
4470
6719
1503
6090
2760
6743
176
5026
5161
4573
4025
984
1576
7568
3795
459
7184
2839
7885
2909
3675
3374
7187
1179
7445
108
440
2513
7000
6366
4353
1661
1382
7944
8502
5776
2511
2733
6744
1537
9442
3562
26
1440
7179
908
3389
3915
3827
5362
6096
1277
7661
9237
239
1410
1460
2740
1444
3592
4903
9647
192
5423
4452
4683
160
7210
8773
1817
1687
9299
4662
137
5466
1464
8082
9508
1389
1328
6188
1378
5307
2849
6176
1847
972
1630
7059
7036
4805
4903
1919
1695
2472
2281
7150
5368
2796
4106
6883
7877
3260
7921
4650
2064
770
6906
9401
2380
6168
4067
5585
7884
1016
6563
5070
6319
7776
7628
1242
9123
6512
2191
7294
1905
5025
8932
5880
7268
3849
3390
1497
4487
7222
427
2347
4888
4730
9586
41
8240
9783
1385
744
9657
1552
2857
6748
7455
8254
8604
1183
3966
5391
8883
9592
5541
898
1655
1690
8196
8067
6250
4474
9386
4726
1141
3629
7463
8968
1120
5462
5489
3506
7656
2271
4784
841
907
6343
8691
932
587
8698
7076
5862
963
2870
5852
2355
7386
268
6515
3025
2613
2516
4
9966
559
6250
1957
5174
804
3851
1166
591
1311
936
4665
5643
1393
1070
5924
6315
7489
240
4511
2416
4859
7743
7488
874
5410
4710
3897
1902
1144
2294
3466
2521
1536
5368
8319
3402
7730
7186
298
5212
2493
2158
1244
5549
8199
5348
4743
9653
8340
4145
8405
2374
1267
314
4791
1617
4604
9987
5323
704
6480
7031
5531
2252
3751
785
5335
3773
4196
1230
3779
9052
7109
5992
9779
2984
5006
5674
2133
4349
4525
4447
5904
8658
2384
481
3504
8964
7261
1239
3558
1039
286
971
7180
7170
3060
9710
2341
2005
4002
10
491
4712
2772
7136
6068
5972
5940
6808
4777
8557
5317
1525
3000
9782
3613
6397
7355
2037
2494
1018
206
4580
205
6623
6320
7269
2148
1223
3687
1121
5215
5809
7950
9543
1160
460
1990
2600
9392
1767
1812
9640
5103
8697
6228
4333
7391
5
5941
3645
70
983
4651
1361
2614
278
2261
7286
8816
112
5329
8033
9112
228
8895
4578
1833
5477
7202
6558
2488
1827
8245
5883
5099
1155
2669
3729
9361
4271
4084
5813
9345
2967
6825
5960
8157
6493
4004
114
1514
7508
1001
4192
5702
7600
1934
66
2235
6337
4673
4366
6627
350
4306
3084
2698
4266
2715
7750
6668
421
767
7013
320
8973
2733
4076
7920
842
3008
627
5521
1948
4989
9415
4795
8809
6427
8236
6635
1835
683
5376
878
659
7154
723
2119
2504
68
713
724
3471
1903
7701
9827
7349
1694
4244
2786
5459
9366
1209
6761
4907
414
3580
3877
7470
368
2237
2717
936
4821
7305
9643
2633
875
7497
2700
517
8979
3595
8914
6693
333
2015
8108
2146
805
5066
6846
7967
8392
6869
3513
1441
2650
4935
7466
9280
8681
2729
4989
1718
4459
2404
2231
1643
955
1315
1662
7597
7003
6379
7358
7150
5826
8841
4995
3764
475
3506
8457
4251
6801
124
6415
7838
8678
6260
6051
2666
5980
4055
8609
722
3044
6822
516
2381
866
6541
1348
3199
2248
2940
915
163
7843
745
5442
8301
4424
1068
9184
6750
8237
5476
6748
1199
3257
4231
4388
2609
6574
7012
1088
2545
4567
8475
4050
5031
9951
9515
3690
8665
6131
4459
1476
4843
9
2281
6755
965
9683
5910
387
8924
1563
8341
5387
4331
1693
2825
442
6819
6170
4373
5060
5777
6333
9176
2180
802
8
264
1268
2734
611
474
1373
8558
5646
1682
9657
4376
1061
5200
1107
9730
1516
6119
1089
4681
8135
1617
9211
5090
169
8129
8274
2589
8955
5273
224
9164
5297
795
6254
3263
3727
596
4440
9702
4998
9164
6162
1319
2212
9999
177
4676
5286
2660
2205
1569
8979
249
8893
7179
6429
6719
836
5326
828
7008
9475
8900
5943
9566
1465
9338
4061
7268
1543
456
2477
4155
7232
931
4569
1434
9642
7533
2524
3795
7730
4493
9465
9494
1961
2161
8679
2270
738
974
6424
9160
5491
4291
7297
7013
3785
8096
743
8526
6757
1262
2186
9774
7887
8048
109
3466
3044
5856
1515
9037
9017
4821
8141
1892
4093
4609
8631
7181
1089
6688
757
2105
2568
7879
8871
7258
9035
7905
3448
5244
5656
3585
7922
1112
1031
9380
6888
2889
8197
2698
2999
9882
2535
6860
1337
3881
760
2881
6636
2007
1824
1502
9392
9055
3738
8756
9872
6405
7099
3481
7926
3890
9789
2677
2114
5248
219
6282
3505
4857
3353
4900
1883
7038
7112
1264
8696
9200
645
9125
1029
6521
6292
9091
6730
1579
3536
4273
3667
4240
8511
6946
3238
1003
4969
2052
7948
177
299
278
1871
9066
6563
324
1
4903
6694
4389
5933
9947
1166
5453
3252
5238
2959
533
2190
1319
5234
43
3322
8063
627
592
6227
3188
8513
3482
1708
5875
5066
4771
4443
6335
6321
3389
1643
2615
5875
1699
3781
8292
1243
8826
5498
6358
7121
9849
8504
2748
839
996
8827
3325
6987
1354
7045
940
944
5291
2141
1532
5135
569
4224
7554
8150
8478
9737
3002
6074
3303
4579
9237
1297
8934
5828
7299
4719
4635
4473
404
1100
4790
1571
224
5187
5279
1920
2062
7055
4064
3215
5557
6245
3121
291
9209
3547
6526
5193
8104
6596
2246
2914
3381
489
6490
291
4690
6816
8192
9452
9957
8263
107
932
5411
3472
4113
2099
4421
7607
173
2001
39
9252
8047
5034
617
2746
2257
4796
9176
4629
6211
4983
1390
3949
5998
808
1615
6827
2931
571
4376
6077
2186
7686
4747
2443
1479
7666
4247
393
9487
3559
1815
2898
79
5857
8405
249
5892
549
3924
4186
1997
9232
5060
1075
219
7284
370
525
1435
3803
4994
4265
4522
4007
3311
587
2879
9252
603
3654
1661
4348
8644
8279
6888
1771
3084
3763
1437
8622
4800
2696
6572
2944
720
7239
8469
1022
7996
7095
3694
2902
3213
6816
1633
56
9868
5978
6748
5268
2621
2655
7376
3283
5790
1609
5251
1273
2471
8028
6689
2110
7940
4410
7074
6720
303
2075
2790
7493
6926
7017
8808
4933
3266
925
6300
4632
7925
4576
3399
2967
558
5874
8334
7915
2206
8696
7650
2760
9982
990
2172
3803
3165
6995
9756
8936
6865
1196
1784
4622
9867
9716
1578
268
4983
820
5088
1752
4677
223
7787
147
6448
8818
7264
3780
530
8757
149
8584
9098
4865
498
655
7808
4942
8275
1281
2469
4476
2305
7265
445
8676
390
2596
1029
1172
5590
4069
9300
825
7802
9625
8976
201
682
2287
3673
600
4512
2705
8900
602
1473
3784
2884
627
9224
1520
8606
2234
2237
7202
9800
8030
2092
617
6901
6448
3656
6693
4650
463
7681
5817
8605
3006
7835
2829
9941
8158
1613
5156
1301
2360
9756
2292
1392
8782
2779
2433
8534
4586
6013
381
4457
1502
2645
4640
926
7086
1689
8898
1098
5577
1833
925
6925
8952
4520
6200
5142
474
8031
8224
6576
4094
2731
1153
4483
4783
7582
2877
1111
4853
796
2442
8456
3466
2654
2751
7033
6733
352
2416
7171
9427
7604
462
5591
2964
328
119
8777
1719
1157
3033
9539
5731
8811
563
6350
3602
8621
7783
3559
626
7542
5952
5048
648
2890
820
1979
1595
3039
378
3370
8690
3153
484
1859
9767
3104
9238
2322
1179
2383
1256
6128
3170
191
2118
2103
8093
1055
9863
3165
5466
990
407
1173
2131
1536
6322
2593
2795
754
5608
2183
2397
7875
3124
285
53
6192
7897
942
3260
1150
7877
9590
6578
96
7105
543
7934
7451
9611
50
4436
4142
2232
2983
4881
3118
4512
6829
4015
8938
622
2543
9171
7507
8297
9321
7727
2249
4604
7311
1960
5365
5656
4292
2091
8
6504
7976
8983
2249
1891
9934
1337
3787
4780
8612
5453
7864
8427
7179
2141
2348
6572
7073
1043
7961
