168 48
17580
6591
8741
5813
586
1601
69
5011
2991
7203
4679
4600
9288
3987
4940
343
2059
1372
6840
2189
3064
5670
6475
8237
1806
2940
7923
7572
5795
1014
9352
3686
9073
591
847
8499
8509
1696
3175
9104
5732
92
2427
2164
3138
5468
1064
651
5441
1287
5824
3142
3968
9662
8315
9735
863
2998
291
6726
5112
911
7477
710
5850
2031
119
6769
1861
3434
9676
6749
9795
9682
9803
1033
1874
8651
2350
9137
8002
4460
1174
1697
7488
598
9829
1747
829
2322
6771
7830
2330
2035
9902
889
8418
3758
9619
2390
766
3579
6411
4551
9729
505
5856
1184
8231
4173
9549
2151
6531
5308
1654
1464
2687
1181
7278
914
3389
5107
8493
1850
8271
109
2121
1458
1549
3465
9336
9110
5995
6300
3537
7478
1588
8126
2098
4571
1119
5607
133
5054
3786
977
5718
800
987
2577
4706
7768
6199
1043
9051
3437
6112
1027
174
9724
5990
6048
3425
1597
7910
5938
4515
6093
7400
9127
4201
1307
3513
8403
5947
4331
8501
5170
8749
1745
4458
6773
7763
139
8420
845
1729
4753
4151
2558
649
3059
6753
2954
5736
6501
1992
5946
6121
1031
690
3880
7533
4542
6269
5415
3848
2066
3672
4315
3058
2790
7520
4216
1582
1462
5181
1779
3975
6114
1333
2644
1737
2728
2059
9420
9808
2448
1608
5476
5674
5758
6490
8255
1622
54
891
6907
9537
7647
3803
4162
7888
7171
9719
4469
2906
8002
8647
3842
166
2580
667
1102
8350
7301
1629
6175
580
1753
5243
7265
1041
2100
3034
1905
2929
6660
184
7782
964
6057
6600
1482
2169
9044
186
1736
6254
8854
1422
3585
1607
136
8572
5158
7007
2646
2216
7742
5451
3180
8206
2512
6164
6425
5593
5513
3133
1330
8656
4819
451
7879
6803
3014
3471
7310
1469
5921
2224
1476
5909
5818
9297
7803
3822
6676
302
1294
3783
2425
5980
3002
9222
8768
2764
6226
8172
3546
2549
5782
2111
4971
5336
997
9595
3107
7347
7321
2940
510
6430
7870
4953
1902
5630
4462
4784
458
315
310
2261
1266
656
8414
6605
984
1405
1827
7984
5967
8422
5419
4240
5359
3499
7190
9954
545
749
878
4620
1927
6090
1157
5664
5932
8227
4801
3235
4890
3498
9593
616
1854
4899
5824
9319
9819
4903
3624
6509
6527
450
4858
6618
9454
8902
2772
6066
8963
325
9000
6120
1234
673
7296
6656
5787
6105
8898
546
6819
4081
4639
550
5569
6582
3623
386
6742
440
7608
9493
2
2500
696
3171
894
8813
9656
383
4720
6886
4682
7699
4138
4020
6783
2514
5903
7977
1574
3204
9442
6843
9308
9738
9286
2215
1119
9010
8929
4689
2603
3125
2193
5364
5982
5715
3494
5516
5351
5803
5205
932
4606
9209
6514
9458
6770
6562
3444
9481
4104
52
8893
7106
4760
7354
902
3529
7898
3982
8194
5926
265
628
7157
9529
213
5650
175
2904
7438
7782
1591
7132
4670
8382
6116
9151
8948
6387
2127
420
6975
583
413
1798
4991
1311
4870
6421
1699
6449
992
207
5086
1192
2741
9643
4867
9499
6799
9885
1854
2216
6079
9845
5517
2543
5339
5815
7840
5552
1164
3056
2654
3879
2187
7336
9593
1027
1135
8185
9478
5442
8424
6902
2679
2750
581
7284
7872
4434
8336
1437
1846
9276
9126
3122
5943
9667
6748
8236
9097
1886
9087
1047
4532
6905
7034
1739
3754
7417
667
4100
5699
2346
1755
1453
7673
7498
5044
6489
3606
7216
7163
3093
9019
5097
4977
2416
9493
79
7550
219
5673
3658
7154
3276
7975
8984
6887
809
5498
4605
990
8085
218
9199
4134
1556
1347
838
7048
2691
8430
6962
5830
926
5044
84
8904
5637
8923
9229
9595
4410
3353
1702
3178
7260
332
4554
6617
3659
150
982
2356
6511
5930
4857
6111
6511
2288
7974
1299
1018
5149
6200
8762
9850
7196
7852
1672
4856
675
4917
2137
1233
6287
7293
468
206
2637
5942
2970
2709
4162
6444
1572
9917
8357
8833
2880
3399
1912
1782
5236
3527
8555
4286
555
9796
5577
9043
3363
9075
3176
2831
6309
4427
8692
440
8886
1783
5140
2297
5628
930
1289
6853
3704
3001
6058
222
9807
5376
7237
2174
2850
9201
4354
5694
2155
4005
5889
273
9557
4223
6827
1012
6178
3802
7615
8190
3783
292
67
6183
620
4602
6416
6813
369
8453
2985
6010
4130
617
8109
560
1918
3951
5768
5549
5734
1796
1136
6897
6851
8687
186
5386
7689
4187
2939
3556
7073
9257
571
2519
6912
547
1725
5193
5918
4829
3364
8300
7735
8899
9974
8798
187
620
6935
8563
4283
266
5451
3004
5639
9490
9324
1466
1426
9252
2910
5528
8921
3598
74
5813
5345
8905
2238
6835
8486
378
2341
1547
2673
2251
5580
5770
7482
1741
3974
4569
3731
2589
267
9719
1803
8873
3992
5420
5383
444
5839
124
519
7933
4627
1222
4167
3120
8570
845
2764
8577
7043
8097
5642
1544
8805
1866
9126
1246
2220
1285
176
9720
5383
1367
547
480
8691
2999
4958
2526
104
3807
1319
3805
6082
6260
1798
9950
6932
6778
6173
8763
8281
2642
7977
958
824
7918
4227
1056
692
6019
6064
8689
7899
8253
2567
7648
6074
7844
191
6334
5216
5600
7326
9687
8922
3556
240
1168
3608
3977
9922
2738
1611
2235
8422
9692
1181
7316
155
6194
5922
3961
6776
7072
6040
474
9584
638
3542
5947
5764
4954
7983
9440
36
978
7900
864
5489
7390
476
7764
1771
1995
6278
4578
7597
5780
6721
1129
5306
9674
2593
5422
2334
2991
2573
4101
1578
9411
472
1185
3764
5844
812
1823
7505
8
1457
8289
1593
9775
2248
9430
9451
2190
3500
6960
1821
5043
5412
4696
1857
5903
137
3068
4640
3410
1392
8413
7847
2554
7166
7029
3685
1477
8946
9692
511
8799
4483
3820
1070
2792
938
4533
4
5909
951
4554
998
9373
2530
7619
252
1752
4433
7450
5764
306
9221
9717
419
9414
8668
7592
9664
7640
455
4250
1922
3534
1083
7804
8309
1459
5218
133
1501
2663
2755
4891
7968
1210
8949
9944
1956
5488
576
1471
5182
6205
88
3060
7876
2434
941
6582
7711
660
1777
5445
1802
94
108
5704
9580
1338
8297
6500
270
8895
2247
3384
2974
3542
8371
1512
9458
7835
2878
5922
4249
5236
6385
2226
4291
2053
4699
5590
6776
5711
6650
4720
7828
8521
1329
8104
4085
4068
3452
5402
898
738
276
5037
8139
5427
7333
2610
9033
917
2100
8415
1724
6545
3335
6973
295
104
9864
8561
7684
212
1644
9495
2112
8548
3733
708
141
1831
7854
5641
1762
4021
314
5501
225
3709
736
552
5218
9317
5452
9979
3774
2588
8995
1320
4777
8113
47
90
8665
3192
4459
8689
8851
6840
8284
4339
1766
123
445
3696
7791
439
6111
20
1698
8541
783
5864
810
1777
2126
1231
8444
1899
7017
794
7647
1770
840
8833
2592
1458
7332
2723
7734
4223
2399
2174
6559
2218
6825
5842
1114
2443
5098
1720
8603
3386
5274
6100
7924
6739
3292
675
3945
5261
8358
4127
7077
9225
1518
6857
6980
2366
859
5230
2239
3982
2709
5276
7818
7469
4366
1563
1475
1114
6689
3318
7156
7784
7605
2023
1400
6802
1043
9168
3134
7827
5103
4317
7791
23
8867
1351
9514
6580
1240
2397
4106
3566
5062
4295
7956
5772
8806
7373
5815
9994
3982
3709
6512
3524
1243
5898
9874
4261
9450
2683
6274
9767
6639
5864
2773
641
7826
3565
9755
8075
1972
2565
8861
4586
8989
534
2319
3098
8710
7464
7630
1255
9292
3083
9407
1238
2487
1492
2998
5576
9035
5085
2738
4562
714
3713
3267
5541
8084
3689
7437
6903
4919
2162
287
3876
6000
7648
2604
3203
5481
8590
1438
2298
9676
2282
7040
7634
5998
1308
4220
9662
2299
7057
7601
9004
5147
5367
4303
2289
5776
8743
1405
5366
2008
2533
8727
6906
9590
1646
8970
3151
6116
710
5550
211
348
28
4196
1667
3737
6588
9713
4068
8196
2699
5048
3194
587
8774
1936
912
6255
8096
6205
7372
8005
2051
7246
1600
4169
9190
7924
3315
447
2526
1001
7956
4034
7402
4123
1138
8797
73
7734
4334
4891
5702
9440
5015
6046
617
6012
3892
1320
1770
5494
4610
8797
7827
2703
2814
8896
996
3380
4618
1138
4235
914
3712
7142
2306
6418
7155
1570
3244
6506
7394
7003
4873
4243
8428
7839
7378
9104
5111
7520
2141
7571
9315
4811
2944
8509
9566
6612
3967
9423
8526
920
7540
5609
2591
5296
1588
847
5842
5286
3554
3568
1585
8364
6907
1393
7934
644
5980
337
5377
9556
6706
906
2560
2075
283
803
566
2140
4588
9248
5346
887
114
254
6632
3337
6158
1819
4930
1530
8250
4721
5993
4786
852
3644
1350
9207
4847
9866
5195
6876
5312
5847
438
4976
7637
9516
8691
9519
4468
8990
401
2201
3899
9985
2037
2553
4805
1148
4402
1961
2258
4022
5575
3003
8111
9448
7038
3869
3907
8862
1996
8141
2931
5676
2352
2439
5360
1128
9272
6471
7570
6655
5091
4386
4044
9250
7467
8981
1442
2528
5844
1069
4773
9320
4980
7258
7969
1899
6668
7809
1824
9526
7374
1229
2415
2787
6543
7283
4248
4854
1803
2698
8505
7662
4124
4269
2727
5232
214
6808
5101
2583
5859
8941
2018
9484
1315
2713
4835
1500
5224
4268
8764
9551
5382
4938
1737
9748
3505
9629
4895
3692
9948
7120
8709
2065
7228
7040
5337
7195
2798
7737
7167
9821
7127
8494
7896
1645
323
3749
5470
5098
8234
7617
8101
5947
4237
2811
5698
999
5336
9664
5572
4433
9822
2339
269
7329
5732
7956
1527
1603
1897
7151
6910
4619
2870
5483
3341
9488
2967
2251
4518
8007
1771
6766
3003
1221
6317
370
5272
8391
9154
8705
4346
2124
4470
5706
7626
8323
8750
7872
9690
7004
3885
2417
5954
295
9628
8493
8024
2189
1609
5501
6216
4651
751
1750
9850
8903
9226
1293
5499
1177
5381
8136
2492
74
8338
5487
338
9029
5937
7712
4186
203
6534
1821
1044
4809
4477
4470
352
9953
1071
8285
5448
4099
2341
9910
989
6309
9199
6770
2063
3255
3286
9410
2786
908
8327
7463
3087
6363
265
6759
6413
738
74
1158
6810
758
577
4900
4708
6767
7572
9079
6688
8354
5311
6945
1333
1784
4931
1672
3007
8693
7151
5103
2272
9983
8268
1096
5670
1885
8012
4367
972
2991
1665
9910
4704
2622
8866
2397
5266
7648
9788
8335
2296
8529
3449
1390
704
1928
9280
89
7020
668
1803
5100
1201
6441
8921
9537
242
1795
8768
5488
1204
4076
2626
6771
6829
5045
3591
9642
6648
3103
7796
2959
6985
5910
6618
9084
8725
4366
4795
5325
6854
9770
3678
2113
1326
450
2443
3444
6841
9701
2668
5139
7480
9365
1209
9654
3173
82
2312
4912
4973
5726
4129
9071
3352
896
7991
4224
984
7748
957
9898
5907
6753
4224
7222
5901
438
8979
4398
7859
1083
395
3935
6142
783
8122
2919
547
7195
369
3788
7866
5308
8250
6474
3586
2351
8523
9374
1814
7276
1407
2776
5464
4251
8202
1568
4154
4152
4543
1487
8044
1599
5942
8092
9506
1281
5470
2909
3649
2189
7473
5744
1686
3723
3784
2483
3288
2719
2480
1632
9811
8117
2247
2145
6399
5069
917
1897
2342
2063
372
9193
5556
1544
6612
3889
1389
9304
5055
9651
2294
6573
55
4791
7061
5576
1284
8099
2120
4618
2968
3698
6776
7522
976
5404
7470
1124
3754
5018
9933
8439
4633
2268
2619
5855
3019
441
2642
2611
8369
5150
4183
965
3389
539
2296
4790
3765
770
392
8070
5345
3867
6018
8235
4786
6403
7025
34
8640
3338
5128
5799
6888
6390
2102
9640
3557
5224
4556
8934
8304
630
6605
1688
1586
8194
1021
8018
5634
7164
3536
504
3806
6030
7872
1260
561
969
1295
2999
810
2098
398
455
9159
1977
1996
9885
2698
5783
9925
8078
207
997
4735
8645
8248
5794
1781
8464
8232
3159
2101
1228
3097
4149
353
6920
2116
8621
7164
6917
3288
2136
6950
2509
4866
3136
2646
8217
8223
9730
3042
2585
830
3140
3339
4672
1341
1448
5681
7594
8119
9382
6228
6953
8508
2251
1274
8266
1899
3614
5572
567
7932
7123
1963
4790
5419
422
9517
9199
2929
3038
2473
1549
2143
3159
592
16
8324
1625
4268
660
7726
1848
3940
1796
8636
5494
1652
2137
344
1132
8111
2897
1617
8032
9648
2209
5329
1902
3190
3739
1218
7282
4456
9557
7514
3609
8737
6799
1021
5626
591
5648
4707
4083
1145
4521
5394
6335
4010
6401
9286
1098
1490
1967
62
6964
4657
6881
9861
3795
2137
5684
2511
1333
5027
7749
7242
6256
6188
4548
9041
57
1969
5387
3643
8828
3343
8526
1238
5594
5133
9942
250
7125
4775
6008
3999
8853
8676
2999
148
9834
8885
3521
2302
6902
8962
5526
4083
9320
8188
7433
9770
5416
1688
9908
514
2509
1151
4621
9173
1397
2252
5438
1692
4801
2150
656
5766
5936
9363
3020
2548
1902
4905
379
3866
9587
4240
546
9426
5762
5099
9795
6673
3972
1775
8559
6525
767
5837
1019
1038
2995
2394
1061
8998
6167
2921
664
2715
1575
3110
421
7580
9400
5731
6793
2083
3997
5874
7023
2648
6702
5168
5086
9288
9124
5758
8951
1510
1225
8257
7812
3695
6942
5793
1535
1710
2480
4273
6479
5514
6440
3345
1412
9928
5405
7543
7938
1321
1396
7614
7428
8997
3532
8996
9695
9408
7100
8665
9713
530
7954
1621
5261
77
2624
4183
4315
9073
6976
222
7665
8138
9557
3936
9814
6732
4982
8879
3634
4789
4825
6417
2492
8941
5802
2302
1885
425
4202
8734
503
7280
1473
7029
1035
6432
556
8040
8938
16
1045
5431
1188
5106
7260
3018
1115
9298
9642
627
1104
1768
1211
3507
9500
7112
5040
8692
96
3520
2323
3999
2001
673
1523
3457
9150
4019
3026
9336
4904
7640
6355
2444
8660
7018
7007
7464
1186
8624
7346
4330
7744
9324
2026
4374
8465
5071
7520
1359
9110
413
8958
170
5910
3791
7055
9478
9320
2942
8978
6019
1034
1965
5491
7871
9096
2251
3562
5646
7568
9871
5271
8352
60
2300
2629
4953
1483
4072
4906
1384
9409
1668
1666
5521
2193
6641
9000
8780
5905
6613
1893
303
4409
9950
3021
1731
1683
5258
7285
1913
5408
5128
2576
4470
4733
7150
7389
8207
618
9534
1902
2200
6120
5630
843
6000
132
3395
9211
2936
2372
3460
8090
5904
366
1000
9961
6402
1956
8275
1367
4877
9827
6179
4868
1291
315
5339
7333
3073
7250
6565
8604
2360
3480
8423
2481
7356
8973
682
4285
5877
7895
753
5007
6981
5268
400
3777
9377
1150
9611
4599
6358
2491
1735
1440
831
5534
4408
789
9992
8251
4440
2615
1065
1428
5013
5402
5776
4513
2061
7271
9416
7988
9074
4628
4722
4795
6946
9449
507
2376
5358
5840
7975
3331
7436
1858
6405
3757
2447
8921
5372
4284
2127
7990
1580
6250
3675
4029
1717
6344
2487
7666
2188
1104
1251
7294
9056
1828
9774
105
7527
623
447
2309
9022
3300
3084
8317
268
2994
5325
1250
9895
4273
5521
2468
579
7165
7704
2850
9903
9545
2139
6948
6247
340
1723
6182
5881
4095
6009
861
524
1051
4827
5766
8589
7140
939
3283
4269
1425
3281
4606
2972
928
7445
8537
7095
5272
6467
1954
8262
224
9831
3046
3235
667
5473
63
8129
9289
6939
6045
7474
8990
7285
4626
8976
7850
7428
5676
9843
6341
6040
1412
2758
748
4887
2364
9747
1839
2641
1494
3461
1041
6833
337
2678
9992
8028
5017
1936
1656
779
9198
5938
6116
4391
6312
3983
9455
5902
864
6312
5207
2170
2457
3377
198
7292
2100
571
13
2218
2754
6437
7385
4109
7947
3691
2568
5462
5480
4945
6469
2676
311
1363
7045
6025
4905
1678
4240
6641
665
3645
126
8017
299
8750
7826
1032
2347
1192
7581
8968
8789
6858
6728
1257
5916
8805
8352
9926
1487
3532
7255
4701
8597
1553
1031
2613
6260
570
3806
9621
8880
8639
3376
1533
6922
3238
7671
1117
6920
5591
5265
9972
3780
3133
3743
3099
6271
4609
9175
1350
7616
8342
1333
8620
2475
4959
9207
655
7359
6203
5249
6214
5754
5972
6343
158
3316
2710
7564
540
6084
1158
5666
8386
273
2407
7950
1382
248
1107
1510
8508
9566
3225
1516
361
6821
9622
5639
4436
8014
2852
1160
5779
3519
2678
585
171
1598
7296
3595
6460
2084
6584
3259
5148
9823
3329
8834
6490
5540
660
6473
5183
5871
3536
2700
2785
5722
5937
3508
4313
8109
3535
8978
782
8089
6443
2306
3928
6721
335
5643
7433
3619
9502
2693
4507
637
3281
2432
4028
9049
5215
8113
1241
5134
1658
4215
1205
5247
4949
8929
1188
356
4
576
4441
4591
1772
2345
6034
935
9435
1843
7240
8599
4367
8786
4023
996
8387
3044
6530
9658
7370
6829
9856
1554
4891
3005
2337
5150
59
4363
6514
8601
2749
2675
8604
137
3825
1715
2700
389
8174
8594
1058
1385
7995
2703
1800
6481
9032
8755
692
7174
2077
8720
9216
2165
5858
8744
9823
7165
9786
740
5049
8456
3763
4727
4816
8287
113
6072
7921
8531
4396
1607
3761
2789
608
8547
2020
3799
8812
8675
141
8911
2174
8995
1882
9595
7626
9362
9762
3946
5002
2571
7631
2192
6538
2736
1549
9049
503
2945
8997
8875
1921
2094
7147
1132
9261
5060
3878
6963
5591
7409
961
338
87
271
9902
6541
4763
2110
2418
8423
1702
65
2875
1093
540
5436
4205
4413
5513
7275
1015
6067
8832
2287
9944
5657
6121
5627
8179
1111
3203
6114
7869
4437
3362
5337
4161
8535
3339
4204
2221
4445
6528
9783
9946
3095
6739
3644
5110
55
8011
4166
7899
2053
6419
8207
7808
4821
6776
8276
7973
5920
9749
4208
8040
7872
194
3327
8857
2234
5398
4942
6055
2311
183
3980
4081
673
7603
8143
6289
3631
458
606
1354
7143
7479
8604
3325
9060
8104
1200
7921
2194
2066
4896
8342
6523
8370
9078
8734
6069
7249
9116
7733
7067
6784
6795
1065
7431
1573
9031
3924
4776
3201
987
1927
8948
1835
4313
8773
9732
3164
4477
4932
5275
202
9644
9807
5487
8028
9300
9082
9599
1173
9778
2468
207
2801
4238
2758
8744
1360
1902
3896
1279
7233
7107
9652
3442
6991
1663
591
5705
4606
8351
7522
7163
1234
938
4865
6308
9958
8112
5734
7977
3720
6533
5166
6912
7062
5259
3271
6645
2880
3378
6246
1207
371
9873
8928
2198
7481
8006
4917
6766
197
2177
1986
8864
3740
2294
6701
5277
7302
1511
6133
899
1879
7245
5954
9872
6275
682
1086
7706
6316
9392
708
781
8323
3133
1942
1326
9342
8953
2046
213
2825
1015
2404
5279
6743
1011
1600
6842
8325
2897
7205
9187
5204
801
8066
9932
9508
8739
9701
4096
587
5847
1183
968
9143
8139
8658
829
4581
6669
1970
8736
7734
3505
7223
8611
3532
9888
1073
2956
3644
8610
7483
3727
925
7117
5485
2681
3707
9537
3157
6345
8882
2431
4026
9183
1539
5254
645
2481
1182
1577
1609
8060
8048
9516
4374
9424
1660
8269
3559
9264
8998
1331
3279
1007
6067
4359
8066
163
5414
6119
1576
9523
2062
8156
9757
2057
8281
2248
4491
4715
6921
2361
2044
9304
2014
9735
634
5586
4658
3765
1658
618
771
6683
4218
7581
8101
20
885
9163
9052
642
1151
7062
3556
9227
5824
2673
1076
9828
91
502
17
7023
6819
1097
234
7787
3323
6093
2024
5009
7666
1094
9412
9398
3235
5601
1526
1553
417
1855
4163
8198
328
7990
9997
3935
3839
6091
170
7812
655
8410
5724
763
3634
5754
8428
7467
3072
4478
4760
8891
8041
1212
8781
7144
3809
2817
6816
5730
8363
692
5410
2989
6395
1405
6754
6068
636
1059
7511
658
2700
9840
9735
6396
4360
7567
4671
1680
1057
8167
899
1620
1698
6239
5092
9466
2734
7045
3180
4818
2285
9046
7047
9392
7182
9237
3465
434
1685
1069
6344
2998
3290
1789
4775
1170
3321
4515
451
7977
1766
9123
8919
9373
8954
9596
9682
549
7345
8935
4096
7638
7742
5031
6738
6420
3832
1777
8504
8397
2145
533
7800
6869
36
1324
5072
7183
1772
6559
1319
9604
2997
4907
1560
4874
9815
2216
3474
4755
8291
4734
9013
8503
1684
450
8976
496
800
6622
3452
1283
2403
8609
3656
6183
6624
1110
5297
6496
5129
2870
3473
6158
330
8679
304
7406
1218
1482
807
1078
9530
3523
8881
2751
7995
6322
6135
9923
7556
6963
6924
5269
5945
902
2519
2262
4519
9408
9917
489
5739
6310
5465
4642
2655
6430
5367
3450
9794
8462
2846
398
2801
9981
622
2277
7484
2875
5713
3165
2408
1590
6269
6495
7013
9473
3640
8301
4029
1780
3840
6037
5641
4482
3734
4993
466
6983
5704
4336
3569
6202
1404
9290
8687
8850
2664
4464
3418
2323
322
574
6980
2126
4810
4890
5716
5592
8628
3197
7714
4920
1773
3801
1035
1442
4306
3496
982
1996
7299
4121
5795
6967
7883
5146
5546
7711
462
489
3230
5035
2170
5431
670
263
7371
1406
4622
9749
1444
2196
2500
2821
6099
5471
3349
2164
3858
2139
5789
8723
3816
653
8356
9468
1568
6593
5051
2502
7152
2550
5748
4415
6873
129
6195
3290
3044
3550
8758
4410
3937
3478
4805
5076
1762
989
9877
1899
8657
6488
1489
4486
8715
38
5594
1633
6870
1366
2185
6470
2898
1104
7791
9264
6874
4472
9577
6855
1362
1558
9017
2966
306
4333
2647
6874
4151
1329
367
6816
87
578
3528
2204
1428
4937
1546
3372
547
9079
9712
3982
6604
7635
4809
356
5268
8431
148
8383
1656
9456
1517
783
2640
4992
1828
707
154
4011
4269
5066
185
7554
2364
396
124
738
6117
5514
4481
2279
6469
3950
5911
176
1948
5983
4737
8324
5026
1954
933
2289
6539
7977
8142
4793
4225
196
928
2055
2425
1249
7810
5204
4533
7647
4475
2149
2727
3630
8437
5393
4608
3644
7195
9494
1280
7056
5847
8937
7400
3424
1529
1662
1292
48
842
6013
6732
9030
836
9502
900
6417
2470
4250
9882
2608
2888
2137
5140
9747
1769
252
6824
5933
8336
5670
7336
7528
1520
1400
3772
2539
689
6377
5445
14
8187
38
7846
960
8508
4180
4397
3598
501
7292
6035
7826
2509
6398
7868
2335
1717
6095
6358
988
5949
1517
3280
9508
5328
7019
5660
3582
2694
2846
60
101
9973
1193
1081
8109
8546
2181
72
5041
7181
8807
9464
382
1985
5475
4058
1852
641
6801
9763
7345
5390
6403
1970
9849
4900
1735
6186
1966
557
4685
3135
8991
5591
150
500
2658
9820
618
2014
9441
6316
3442
1648
2959
8700
2644
2082
5201
488
891
4137
6369
6277
716
1486
1854
1283
6137
6255
7640
8797
4827
2355
6281
607
6044
4532
2394
7171
3157
8472
1943
5131
3251
150
3834
1539
2201
6179
8501
9387
1528
5419
9496
4203
341
3013
5279
640
979
4551
4446
7904
4464
2337
4611
1886
1592
8329
695
6942
6195
7388
6911
5966
4930
3074
4118
2598
2232
5810
4321
6759
2046
4564
6522
733
7716
5724
9092
5962
1663
1364
764
9869
3046
4624
2010
6940
5216
8649
5483
4215
2680
869
3450
3518
9816
4600
2225
6531
9084
130
4446
5442
419
8601
4548
4464
6302
2953
4241
886
2696
9238
571
2657
6579
7688
1255
3928
4445
2794
1331
5571
1058
3482
1586
4839
6649
6691
461
2905
124
6931
2642
7863
9266
2342
1802
2728
5056
4966
8127
6937
4291
2316
6209
4028
6560
6930
4335
5075
9749
1379
4590
3565
6327
3953
562
393
6053
4618
8437
1084
6512
6457
6359
4331
8607
9441
6578
3301
2251
8953
1833
9697
8536
6999
83
2185
1042
4677
9691
3249
7938
34
9971
5019
4506
7939
1600
1941
1581
6966
8591
3642
7663
8650
2262
278
343
8562
4474
6521
6128
9036
3956
8162
2158
4053
4671
4068
808
2953
2210
3677
8765
8761
5017
2725
7113
8025
5138
187
5903
2861
8965
179
6785
2082
8996
6255
2076
4451
4982
3167
4242
6264
4008
6450
9296
3735
809
3650
8722
7944
6001
2233
6621
7044
2871
8217
2215
6488
2531
7133
4620
7511
428
3508
2575
551
1655
9636
2222
5163
2128
1051
5176
1377
721
5503
8725
7904
2169
873
7612
5526
9913
8853
3304
5977
9508
53
6142
7005
9885
953
2449
1134
6689
7940
3055
2017
1787
3974
429
2060
1070
8428
3005
2048
7569
9677
6628
6201
2489
7185
6863
5742
3716
9648
2487
4432
8204
6
3482
8476
2513
9418
4276
29
7046
9291
6206
1369
153
9649
2695
8762
4266
3345
5593
7346
6183
2916
3830
8813
1105
7238
9647
8327
9164
4794
8019
4593
599
8583
5375
8433
2187
2650
9630
6567
871
2110
2093
423
6728
4923
2418
6018
9771
4299
4593
1559
8468
4286
1329
4766
2952
2717
1863
9945
1689
5113
2854
1954
6697
555
1220
2396
4359
1421
2678
899
3132
6924
3514
689
702
3180
5939
4065
1239
6812
9917
7617
4483
737
9231
8105
3029
1279
5969
1421
4241
9313
8418
9793
1037
9435
1443
8993
1990
3329
7764
6492
1628
1286
9818
7842
484
157
3175
1983
9629
2381
9736
6430
9037
8808
5051
1713
1936
2085
5441
6042
7919
2925
6949
7458
9287
4705
7491
7598
1731
9385
8339
4588
6993
5961
8611
7246
929
6712
2512
9396
9787
1240
6009
7547
618
5685
9238
726
341
264
2018
8491
1335
9367
9154
7612
1651
114
1836
8988
6680
7424
790
8038
8221
5977
5762
8432
3343
1583
5919
9238
8336
7892
4486
7442
2464
8150
1355
4649
7272
745
1227
8673
6787
9940
2087
3463
6701
5386
5208
5338
1914
3167
3384
4707
8846
2335
926
623
3779
340
3828
2224
260
41
6409
7813
1495
863
5606
8004
1826
3369
9618
2363
3019
8298
8502
6000
1364
4507
4892
9574
1728
2983
1793
5774
763
4776
314
9971
9209
7491
5784
7912
1672
2431
6810
8992
3848
8078
9129
5857
8698
536
1999
3325
761
7688
7498
7816
9875
4676
3667
7728
1336
7303
3563
5725
1467
69
99
6791
8584
6076
5973
3637
4927
5771
1744
1004
2109
7460
940
2116
2650
7859
4205
6721
9955
7534
8349
3757
6535
7354
8101
1054
6227
7205
1945
2359
1283
958
3010
3854
71
2550
8755
49
4567
6745
5526
6333
3610
6266
1934
5707
6808
9681
3093
4639
6991
8555
496
273
9538
2742
5783
7735
45
6123
6534
1254
7841
628
5563
8099
3819
8487
360
1106
4141
6306
9024
6095
6604
1342
5938
4391
1598
1851
2073
1628
4713
7651
2498
6067
1613
2541
5329
114
8415
8140
7096
4067
9897
354
2532
3388
8130
7815
4434
1312
8328
6905
8599
3864
4085
5713
1422
3717
5812
4486
7287
869
708
1308
312
1444
3858
7190
3614
7468
8940
4162
5276
2998
3508
797
4189
516
8816
9584
4785
2954
1873
4204
4403
143
2737
9230
5969
2538
1071
8143
1426
766
3485
8372
7309
1730
197
336
1301
1527
146
2984
8419
6323
3099
708
120
9968
5375
7959
4337
2686
5119
893
4846
9600
1223
6860
5626
3023
1832
3174
5446
3887
3532
5568
4261
1087
1861
5422
76
8188
8068
8516
7450
98
3157
6513
8175
3629
2050
9463
6186
9416
1242
2872
4892
9358
1889
8694
23
7884
2618
378
1322
6964
550
7509
6584
8697
1206
1863
9887
7508
9661
9789
6233
928
3771
8909
4457
1370
1240
1268
8068
2596
6250
308
2233
7940
1829
2704
8962
379
3550
4820
4820
9185
3459
2865
1570
9813
3423
5046
1700
9241
3858
8189
6036
4256
623
4562
8864
8935
89
4607
2359
6050
1749
2104
1118
3562
4584
6455
2412
9843
5876
3062
7200
3903
7627
9255
9449
236
1002
1860
5807
65
6048
2985
7241
542
3939
7171
2313
1755
7719
9653
1610
321
6649
3134
6815
4134
7384
8157
2225
8920
9853
407
6274
1398
4873
5586
2322
1845
7565
6226
9694
6356
3594
8569
5928
6323
5067
877
3983
489
4174
7877
245
326
984
2541
5619
1729
2200
5613
7656
5272
2393
5368
8116
1646
8995
6950
9703
7063
4033
9744
167
5885
7547
6155
1762
1441
954
9620
6840
4429
1477
4164
97
8760
4859
969
9320
5349
4692
4510
9835
5400
4951
3483
9821
6020
3007
2496
2979
6092
9694
1041
7824
1645
938
370
2873
6292
3087
5013
4875
9793
3634
5753
403
6098
1211
9506
6258
920
2496
2889
2830
3586
4573
9033
9510
3877
3609
2023
3708
5212
1132
4723
5986
8034
6014
963
6501
1811
4078
1234
338
8022
2802
2239
9515
1658
5810
6267
5801
6833
2468
3911
9822
2953
6673
5032
6327
449
9479
3216
857
4014
3302
2422
1767
3604
8705
4509
4529
5014
6608
2902
6503
6429
1417
8335
1481
8070
21
875
5574
106
2381
5855
4160
1641
3963
3234
439
658
8512
581
8031
2633
6749
6216
8837
4903
6922
8228
9011
692
6190
8904
3196
310
5598
9403
2230
210
810
3392
6990
2986
4754
2122
3838
1098
7523
4129
3040
4650
2287
9278
7950
1751
9326
5212
822
4343
5027
1698
3877
6955
6700
1332
2975
9132
5149
4866
2331
4566
9681
6442
6957
9113
1321
3995
4253
8853
2966
2472
9109
1202
7130
4052
9032
8127
1715
1725
6207
9562
2126
2380
5994
7979
6552
4843
4949
985
4620
326
4229
8165
9260
325
8938
1824
3030
9584
5446
2972
2564
6229
6356
8788
5814
300
1572
3532
8493
9575
667
2356
5483
7326
8576
5728
5287
9004
6487
4722
5011
5446
8836
5821
5011
2378
4653
1382
1751
4881
2097
9312
364
395
1809
2806
4800
5776
7746
4111
6009
9609
1966
5928
9867
1469
5006
8239
5280
3177
8748
5058
3772
3299
643
8419
5231
5904
6847
4981
4099
6529
6296
2562
1538
3172
7993
5588
2528
582
5425
5494
8975
354
596
4227
970
7633
1606
8565
8971
2701
1148
1934
3098
6553
4318
157
8281
8477
2053
6740
5904
761
4770
7964
1326
7032
3981
9154
2183
9947
8830
2152
4934
135
3603
4308
9233
5459
5515
1365
1635
1649
4129
6688
6105
5757
4695
250
886
8110
5065
472
6679
3399
4421
8535
7802
415
4346
9690
2341
4213
5117
9102
4264
481
3525
1213
1538
5243
5099
3550
6909
5597
1920
353
7888
1051
5721
2281
9843
5380
1697
6922
7921
6444
1260
3370
1870
6031
7447
308
9088
4376
554
7435
5704
4426
9457
8620
8463
9634
7840
6399
5733
8857
4245
3653
2758
5990
1514
2086
7539
8541
8791
5463
7573
5957
4237
4876
2800
9796
9901
6582
4959
8254
1582
494
2531
9269
8749
2662
8086
6399
3093
679
172
7
146
1477
8711
8186
837
6046
6433
2879
4210
6224
5562
1412
4176
3240
9928
4657
4880
5480
1704
8787
4811
8759
1916
2751
9779
6402
2177
1190
3153
1527
9600
8071
1396
2877
8487
5903
7089
4911
7348
2416
6844
5203
5497
9113
6543
4724
2657
6771
1050
902
4762
9561
432
9428
35
2412
1945
7068
6190
6488
2189
801
6216
9101
789
2127
1278
2524
1079
8920
1171
7148
6603
3619
205
3240
6976
6137
1518
3793
8103
1969
7076
989
9870
1307
5254
6232
5674
1576
320
8181
4541
259
586
5123
3205
2137
2725
6552
1020
4386
1625
1335
4424
4091
7257
8630
2988
4831
1581
414
2279
906
2514
6900
8130
983
2181
1989
2412
6542
3984
1751
3661
1147
6109
2430
721
8273
7686
8843
2535
6463
793
5213
2266
8931
5142
4175
2266
7003
9044
6235
2554
692
4157
7943
386
3882
9316
5138
1866
9975
278
7801
5939
785
719
521
1970
63
230
2607
7590
2556
5298
515
3114
143
1567
2184
7136
1098
167
6183
7219
8468
7068
5421
9226
7683
2462
930
3061
6815
4282
4813
9640
2567
1775
5930
9375
2262
3645
4473
3852
8911
5653
482
974
8368
8984
1789
9037
7167
4052
2864
7293
7
2757
223
4633
1667
8550
7826
4989
7224
7524
865
433
2142
2878
5628
847
2727
7669
5124
869
9553
6911
7087
8115
2230
762
2774
7873
277
5391
8680
350
9075
9188
1126
5713
135
9049
8549
3190
2762
747
1915
5870
9527
1521
6387
857
67
1252
5896
8355
4584
2486
5512
3355
1755
9491
38
7130
4338
1710
3711
7757
8067
3535
2024
4500
6228
3788
4564
7000
9155
1147
6278
9197
9754
795
8185
9369
1524
2563
3243
2374
4654
1391
736
1009
6661
2499
839
5995
5506
607
597
836
4602
4959
1930
4908
8100
5434
3305
8478
7349
662
2916
10
8404
8331
2501
132
4036
6219
5974
7454
3720
7177
945
9182
8064
805
4787
2769
4312
5274
9659
238
464
9066
6686
1022
9983
2246
9240
1768
9690
2153
382
5314
7131
116
9553
7924
4231
6052
783
4472
3523
7286
5829
6998
9540
4642
2143
5920
3536
7265
1009
395
8835
7913
8307
6040
9420
9790
4512
8218
5452
457
2351
2279
900
4978
1058
1306
138
7875
3953
4474
1876
3697
6575
1845
1590
3454
9992
5797
4800
5438
736
5707
5352
5539
5637
6092
4497
1990
6592
4018
3601
9631
4848
2721
2460
4573
7475
1576
5007
8421
9652
3148
9908
9521
346
4898
1647
375
8833
5681
269
1484
901
2656
8114
9666
8169
6424
3852
5608
7865
8091
34
178
7315
3097
631
8919
7995
6578
723
1932
7166
3590
9289
5165
5808
8356
4071
6049
5989
7967
7128
8222
593
455
1087
9997
2219
7980
2191
234
508
382
340
9055
488
4505
4782
2574
3313
7950
1630
3574
901
771
2235
9406
359
2676
7384
9272
2198
2456
6928
241
9348
7634
696
2685
7519
5288
4772
1059
2676
1862
8740
725
4049
5448
4827
1223
96
55
1762
3252
4857
2598
4278
8318
8436
2105
2566
6350
2261
3592
6240
6027
6494
2687
5823
5866
3390
8577
7395
575
8493
2819
7444
5046
4502
1837
6755
7853
2045
6579
1024
1797
6441
6091
4255
9104
9381
1913
1999
7279
1624
1516
2178
1364
1805
3428
1219
4120
1507
2714
6407
9639
1878
740
4531
2145
706
4225
7101
6579
6064
9464
73
4781
9890
8439
4317
6272
7867
2867
3284
1265
3618
7190
698
7639
2086
8695
2388
8484
4196
1682
9762
1934
4431
5198
8834
3076
2172
568
182
6054
561
6147
966
1464
7323
8710
4394
9926
6244
2282
2657
6732
1165
7276
2773
1829
7348
52
7938
9204
6136
2400
4897
6749
7547
1257
2286
868
763
7938
9156
3293
2683
618
7157
8614
5979
6141
492
3001
1128
1268
8814
5789
2307
3075
8214
986
4634
3917
4464
8511
7125
3659
857
3436
5829
5007
2047
2238
698
9105
4958
909
3840
658
86
8391
5454
7378
9165
4033
3402
895
4609
8054
203
532
1849
4993
4196
1138
2725
2318
6554
4427
1704
1415
8144
6326
4969
1411
4080
5952
4603
8819
5889
4010
2596
463
5989
5412
7510
1623
7158
7083
2597
4065
5901
2999
7347
2091
7787
177
4879
5755
7224
8308
3102
4001
6571
3350
6535
3534
894
532
5651
8064
478
3266
4456
8186
4653
1699
8701
2736
7986
2951
2254
6342
32
5702
6158
5066
1425
3932
1071
8697
8764
787
5733
9044
7453
8007
7456
5733
5190
9543
3441
4226
5233
982
5128
9659
9164
4045
6458
1639
2981
938
7225
3853
1118
4040
3042
3355
1573
148
7316
9173
1450
7519
825
7226
1398
7715
9836
8820
4428
4318
2155
1249
3748
6270
5471
6666
6828
3188
7811
962
5211
4505
843
7549
2797
818
8837
5407
4490
9302
7614
9958
5150
6033
1211
360
6697
6449
5476
5586
1189
838
988
1440
3885
6498
1570
7443
2837
8982
4806
639
9243
5372
6139
9297
1062
7953
9393
6325
9642
5655
1836
3041
380
6798
9211
325
1432
9206
3104
804
4880
5253
3509
8877
2245
58
907
2204
266
1447
3860
4493
3913
3521
304
8477
9792
296
6638
2989
7996
4494
7843
4099
7246
2157
8749
6303
2426
6478
1141
165
8319
5587
6
1530
1398
1899
658
380
9018
5251
3642
888
8499
8248
1930
5389
2451
1813
8577
3404
9258
2133
2124
3551
972
3566
1529
1366
2472
5311
2173
1342
6682
38
5137
4677
948
6931
4925
5087
9641
2463
8895
3784
2074
1582
360
5079
394
2169
5462
5643
4633
3141
6397
5503
4670
3711
5337
3128
335
8244
2947
3988
4732
8681
8578
1951
6471
2148
1976
4185
5040
9796
7672
2740
4157
2104
805
6275
2857
4612
9157
3376
1303
8643
1007
3276
3803
6095
8496
7563
7345
7135
2669
1438
7884
8994
6079
4295
6749
39
5302
9219
3240
1366
5810
4616
1295
3889
937
9689
5901
853
2063
3107
3477
2490
1529
2169
6190
9923
7116
712
2503
3806
239
6248
1139
5866
3935
1009
3125
1353
7025
3714
148
3172
7984
166
3244
7567
2589
2479
9001
6189
1606
1408
8574
7856
2168
5640
300
6275
6145
6982
1848
2164
3190
183
2918
8824
1755
1463
4624
3391
8962
4884
8500
1379
3885
1917
6792
2025
7289
8257
1220
4380
6812
3211
5512
6172
2351
184
6956
873
1077
843
4623
6079
1512
1462
5696
2036
9693
626
7297
1712
9858
1917
4441
9561
2046
6286
1933
4411
725
2613
3982
5535
1723
6283
1951
4362
2905
452
6570
2376
2425
9604
4340
1504
2126
3049
5365
9846
1208
1827
5935
5666
916
457
945
398
6017
6996
2930
8426
1047
353
2117
9932
9226
8458
7049
8670
9880
3077
2969
3026
5068
6163
3245
4359
8879
8827
4642
5704
314
7405
1301
96
1974
888
4399
6752
8186
600
16
3263
567
7204
4521
2491
7218
403
1467
833
2428
1139
6805
6291
6139
3494
2324
2643
9781
1893
6893
5999
4330
9119
8425
3636
8091
1754
777
8881
8721
2016
4928
4673
2995
9165
3500
2776
2440
3912
6309
3614
3223
2464
6615
9227
8844
2928
4064
4324
8066
2857
7838
6231
6652
3267
8309
8705
2959
6341
5649
1688
3869
3463
8137
6663
2793
392
954
3283
9416
5318
5238
6328
804
271
8818
9055
9703
5868
2453
6685
2838
7718
8316
7603
5690
1746
3455
453
5497
7149
756
4722
7657
5523
1618
8734
7529
7024
3899
92
5975
9315
5129
1019
3403
816
6660
408
5779
9310
1922
2505
1187
9984
1522
4895
5935
9285
7871
8881
8783
367
1906
4930
185
1611
6085
2470
9993
7175
7237
515
496
663
8825
6286
8948
1276
9566
5323
4684
7557
6701
1116
8839
6849
4066
8595
5182
3443
8769
8419
2825
4163
5553
1142
2104
5209
3750
9424
9902
2647
5459
2680
199
2491
6203
1750
2291
5279
8254
2182
102
6037
6987
7346
6737
252
3851
1060
1777
7382
3157
5584
1795
8683
3269
7888
1841
8162
34
461
1138
1693
6471
7650
4553
754
345
2528
2453
1196
9625
601
6266
3011
1718
7043
4466
290
4960
2059
4610
7090
8491
7918
2322
2229
8986
3277
2196
9618
157
1945
4511
74
2238
6660
1867
5949
1368
290
5379
3851
7400
1012
7953
4044
1334
2612
4062
4565
8300
6001
8646
1392
3721
5690
7964
615
1748
1121
2688
7088
7013
6792
524
1709
2610
56
3763
2462
2593
7731
9473
1751
3188
6782
3250
3061
5011
4717
4494
7132
5429
4700
6632
1947
4835
5723
3677
3340
2961
7109
9975
913
6058
645
9375
8023
851
8359
6879
7515
6082
5801
7302
5385
6482
1449
3557
6824
660
9514
1656
5732
7493
1847
154
3242
8261
8630
6876
4644
4676
1570
7433
4272
3192
5706
9890
1364
1521
3960
9456
2865
3688
3713
5599
4455
3598
7665
818
2159
7699
2478
8373
2848
3523
1306
3052
8131
4693
516
1903
6927
5769
5007
5573
3171
5817
5196
6124
8825
2593
9428
1988
1399
4947
10000
3552
7881
4267
5486
290
7020
4278
1815
4396
7418
435
4345
769
6767
798
1276
7264
96
8533
9796
7161
6451
2834
596
6294
8419
7160
1968
6575
8836
3659
3152
4514
1028
5047
2376
538
6664
52
5049
3641
2060
9205
1345
3765
7667
277
9067
1158
7748
4846
2956
1034
8552
4650
9944
5542
5668
5138
665
330
3725
7892
6517
1531
5719
3141
439
5145
6417
648
7961
2481
6905
6986
5623
1339
6653
34
5828
1479
2687
8946
4443
6580
3979
4878
1236
5943
4250
7096
4775
9211
4688
8919
633
6283
5749
8111
1951
2063
5497
428
1828
4218
239
7760
5137
573
7907
1243
4528
1986
9706
5716
3324
6492
2837
4159
7324
9262
8120
1484
957
1423
5939
2283
2601
1200
4134
1870
5537
1496
7658
3554
1717
3553
7859
6153
6958
1860
8444
5519
6392
9960
7275
9631
1601
6777
3592
6348
1017
1428
9385
3580
516
6780
57
6733
3303
7351
7572
6983
8282
9725
2253
1861
2010
408
9244
6384
3855
8902
876
7040
3670
8547
3086
3050
4861
3988
6483
2326
1684
8065
2133
6544
3866
2873
4162
8049
1883
2727
4743
5604
859
6336
7000
4220
4292
3342
3090
557
477
3182
2356
423
5165
586
6808
3451
9919
5222
8409
654
9714
6192
2434
1420
9888
3373
6496
7984
8511
2252
3541
5005
9639
8704
4149
2707
2228
6133
7310
3129
3348
2260
3926
1793
5175
5850
1794
7903
9936
3655
8037
5220
8226
818
41
1608
3808
9729
2605
7027
4377
6072
8311
344
105
274
9849
9195
2216
1194
3499
6443
1928
9771
6697
1535
9021
6563
615
6887
5482
3004
2400
352
5188
2823
6689
2863
1025
3935
6402
2701
8933
2964
2610
6370
7913
5039
2016
3234
4440
8928
764
2428
4789
1599
1847
6011
3048
822
584
4946
1767
7537
6894
6354
5767
8306
7796
8824
8816
6830
1862
204
8183
1401
6452
5712
6121
302
2463
4174
5639
8369
1897
6432
3439
5239
6155
7552
156
7476
9939
36
6939
4828
4215
3322
7214
4766
762
5483
4624
9794
8561
1768
3625
6784
9060
8889
6904
3913
7538
7332
8045
8245
3375
7859
1262
3196
1991
8289
5973
4005
6127
2468
8254
5765
9896
1797
2272
2160
2201
6718
539
9225
8907
1125
548
1441
1638
6004
2605
9797
7483
1234
2151
1448
9186
9531
6286
4054
1799
8027
9915
4821
1345
2143
377
1781
5061
2117
1947
4609
5178
5998
3290
3126
8140
7981
8029
7395
1844
2284
2974
9658
7077
6972
2236
8857
1469
1090
6707
9708
3619
6370
7954
4028
5943
2376
2616
7620
3674
2297
3795
3161
1973
7438
9778
4519
4333
775
7871
830
3781
839
2403
8513
6697
6074
9136
1690
2645
5598
2598
9831
8321
6129
6024
5422
545
6072
4446
1334
8056
148
6398
8560
1315
4745
8778
5262
3922
2219
1198
4860
770
4369
2689
1924
2317
1572
3648
4685
6049
5702
1441
173
9611
1616
2143
4199
6699
8490
7221
8762
5069
6690
1065
2944
3916
2275
945
4997
7881
8230
4631
5057
2583
8986
1978
4296
9982
5238
8655
1208
1470
6406
8122
9799
4025
1410
9826
5246
2400
5537
2466
1811
2700
7206
1193
3678
9699
1208
5400
3909
8311
1751
8576
5627
6501
2100
2410
2281
4092
3107
7003
1560
6205
596
9404
2782
6463
4534
3606
5911
388
2713
819
5705
3478
191
2902
2288
9511
3376
4842
1028
7379
1707
4462
8761
7958
63
1412
6905
6358
7188
3622
2967
2943
9048
4985
2042
6364
7042
6282
9410
2620
3401
5853
681
6585
3934
6106
1701
8942
2961
4910
395
87
2989
1981
2522
1607
6054
407
8676
9614
992
6171
5111
7412
2119
3678
3808
7057
3722
9967
6943
9209
3338
3014
1346
2977
9932
1740
7301
2797
9269
3117
9367
9802
7520
4612
7432
9609
8369
7168
6947
1233
1237
6097
1841
729
2529
4465
9324
6410
5338
9503
1114
7774
6146
7927
1797
1974
5652
4529
6926
9568
6722
4385
4135
7186
431
4091
3700
2280
423
6867
4380
9716
4438
5873
1168
4289
9173
8204
5909
653
6921
758
4219
2386
7800
5321
4966
2963
5598
4692
4289
2490
4864
3804
5912
8507
3887
8710
5706
4683
3521
9326
4181
865
3081
8995
3562
4875
2239
5925
6960
6086
9471
1683
5478
9100
6633
100
7100
6458
240
3472
8323
5721
5592
5579
1984
2859
492
6725
4754
8328
8551
4530
105
8847
2861
9981
3654
2310
5336
3299
889
7368
8258
4664
5515
2120
1623
7341
2224
7511
1555
1429
2124
8161
5925
4084
7419
7705
2649
1240
1840
1178
4288
4349
9218
659
2033
1610
3005
9045
1655
640
2184
9228
1756
4168
2938
3165
1342
5699
7678
9537
254
9090
5717
2397
3527
5570
3358
5039
436
5324
9364
411
1863
8053
1890
604
3765
450
104
566
5042
2902
1408
9227
2709
2924
4992
401
2244
5061
6871
6018
3022
3533
8822
5760
126
9224
4256
753
6496
5834
4942
7949
289
2319
9047
4109
1022
6858
3135
3285
6165
7976
1374
7760
2598
7449
8612
1211
372
8898
999
1565
6339
5628
5317
6502
862
3345
2348
2510
3911
6180
7595
3868
3702
8470
4917
6672
5507
6683
4442
60
9107
98
6504
3581
1639
6987
426
3898
5187
849
7333
2560
4362
1735
8780
4855
3232
6405
8710
1864
32
2503
3266
2992
5823
9701
4280
9386
4893
6799
6064
8498
2009
6443
8998
2751
1550
7339
8465
9804
2969
4727
8155
2043
1047
9243
6947
3032
9849
1514
6665
4909
8183
7497
3128
9359
8261
4908
752
647
8357
633
6969
2649
9196
8824
1600
9693
2788
8092
5978
2896
652
3454
7358
2064
792
9325
14
4164
153
3660
8383
1629
5950
2115
4216
690
507
9338
7439
2746
6575
4345
3051
7493
1812
933
3136
1657
7311
4329
4850
4654
1994
2891
6614
8562
5026
4179
6814
3365
2528
3534
2104
6549
9663
8333
6028
9457
8881
8404
1813
9745
6199
3409
4370
1040
8891
6635
2973
3205
282
4921
9425
5770
1400
5245
5374
310
3914
7029
4161
490
2181
5406
5560
9789
8853
1916
516
9044
345
2164
6368
6832
5382
1559
678
3935
1816
7196
3788
19
6667
9764
970
623
8399
1186
1933
3386
829
6592
7508
790
3913
2012
3611
7067
86
4126
5505
7586
6990
847
9668
2030
3775
5261
1420
7090
9860
2998
8808
7852
1866
7011
4924
5571
4868
2206
7896
2226
8944
903
1999
9786
5935
2439
3375
6935
1431
2774
4040
6903
487
3792
825
666
9773
5826
204
5107
4644
123
4567
5289
5553
5840
9178
3423
7810
1023
7115
6869
1867
6257
2472
3921
8813
3174
5278
8013
1396
3934
6095
791
3164
509
9498
1955
7737
7295
7569
1801
2915
8235
5381
9278
6135
1982
3020
6202
2108
9471
5053
1887
7481
1677
5163
1619
5469
3646
5819
7280
5524
4701
5807
2267
9700
7919
8655
9654
6297
4733
977
7439
9302
2696
7173
1303
757
9430
8203
2383
9473
8491
7716
2983
2399
1035
1530
518
6710
9626
2047
1787
5329
3196
7008
793
7127
4811
7341
3115
2821
4231
7589
4265
5257
3515
8115
1214
832
4902
7873
2419
2263
7494
1656
8691
4743
8169
4433
4707
2931
2589
8792
4180
6590
8564
7691
2283
366
7390
2379
7289
649
5667
1489
976
5649
5339
5221
7221
978
9968
7634
3216
721
5001
3972
7612
1365
3466
3656
7489
5177
7592
9719
9940
8295
970
5543
1868
6690
9259
3908
9960
152
9942
8166
2719
4934
4691
6049
2071
82
8922
4492
892
9152
4174
5072
3946
7860
5578
8680
8618
6848
919
9045
4611
3700
1609
5181
6657
1255
5904
2609
1742
7673
3452
1089
3855
5455
8268
8707
4112
3003
4324
673
8018
8036
1112
1440
4726
5791
4177
5910
7063
6463
9678
8766
2106
7562
5460
8147
208
8811
5743
2473
3320
2763
9148
9604
3490
9144
169
1842
2816
8866
8048
2569
6377
7446
5496
108
2582
6520
2724
8683
6538
2131
6671
9716
9167
7843
233
150
2533
1986
6307
3570
6506
4769
1002
8272
1651
5816
9141
2949
2196
2
7462
5203
2499
7044
8237
3122
210
1850
2941
7262
8913
5376
9345
7749
9837
6775
2957
2119
5621
1300
2534
3748
412
9011
5720
5822
345
3172
8566
7299
1859
8542
960
4351
8306
2669
3827
4133
3142
5087
336
6076
802
7310
9788
7557
2055
5326
6155
6384
7912
6857
2298
1403
9752
9545
4850
7911
8031
8502
3705
709
7013
7057
7961
1659
5991
4224
9698
4575
8036
3803
3150
4774
5270
1399
1963
1614
8298
3200
8902
9436
4296
1117
7054
3770
9303
9164
7144
4359
2377
4216
8286
2311
2932
9620
1667
6762
1435
2258
5154
9191
3320
1544
1703
1640
4597
1762
2773
8470
6637
4371
5769
224
1644
2721
6723
3100
4972
2165
671
208
274
607
6854
7308
3252
4571
3546
5160
6970
6912
9673
3269
8556
589
1813
7418
276
4870
994
1688
743
3251
5116
1865
3277
1603
4808
7721
9970
4345
1761
1900
5058
3090
2416
1449
1679
3458
8851
344
9671
1738
1842
5412
8896
4725
7556
7011
255
2313
2809
6441
9887
4052
6325
9929
1731
1111
3279
9271
337
4709
530
5570
2047
6667
4333
5504
4750
2097
8328
1672
7532
7116
5954
293
4036
9236
2323
5018
4457
2508
9043
2915
7871
1427
7039
1385
1520
4186
452
7168
7716
2058
2588
8750
243
4227
4894
1842
1833
5038
9279
3727
530
1308
2644
7606
4797
2613
9475
202
6494
2813
7927
7373
2395
9827
8688
132
5318
1648
4814
6908
9343
2872
4573
4195
631
3776
8272
3382
3428
5570
4500
783
623
2169
2720
352
2067
3148
1688
1018
9191
7415
2334
6623
5697
4141
962
2528
3303
9442
2257
4529
2521
6190
2436
6061
6173
8442
6040
822
1804
5719
3341
2983
685
3730
7162
3140
2332
6808
7133
2849
7352
85
2543
8018
1140
6297
105
6328
2109
5863
7789
9385
7391
8732
7626
960
7987
940
7181
8174
359
1777
6174
8460
1104
4083
3295
63
2148
2120
3300
772
2235
779
3475
4989
6626
8659
7856
1742
7581
7093
2114
1371
2452
1480
7085
4140
1936
7403
5320
5520
2559
6010
6102
6743
7657
9204
4146
1292
3666
2526
7643
8497
1546
3509
7457
1512
3949
3390
4210
3150
2016
6140
2286
3695
3507
2453
7074
1596
5864
784
5955
3493
231
2182
5545
7054
9158
189
1853
8603
1870
6794
6933
4958
4971
5704
8690
2107
2205
8627
1247
1855
4162
2187
8295
111
4723
7344
2111
9670
8537
4689
7524
504
2507
7270
7949
2781
5346
489
5963
490
108
4134
3438
3250
1410
4379
1551
4608
3326
8475
1013
8857
7510
1246
4770
449
331
6115
7742
8214
695
2312
339
1041
4115
8043
9487
2533
2408
6969
3426
9824
6264
2492
3214
6165
686
1672
7821
157
4837
1310
9341
6550
6471
4447
8219
2317
165
2992
531
188
2300
1969
2121
5667
5381
4479
5652
789
8512
552
8600
4483
6585
4082
3339
654
7367
4840
1156
3207
7100
1478
5852
2554
204
802
2554
9403
6888
8178
2543
6542
2525
2620
2464
9962
9465
8059
196
7250
1038
48
7719
8431
151
7092
1916
600
5231
6258
9857
3229
3306
357
1192
5889
4317
1683
4627
3171
5995
7842
7922
2383
4230
2821
3900
2814
6826
1762
5130
3014
6586
9388
7189
6168
1642
3972
8075
2343
4512
656
5157
1297
2246
9769
4268
5263
866
6341
7634
1166
5816
5188
775
1458
5020
3479
838
9191
1819
1781
9018
4405
2672
380
2526
8277
3036
3150
9198
855
1893
6179
4639
3504
2778
3034
2242
3553
3891
3619
4941
1475
277
6630
1767
1026
3418
8915
5094
4603
573
4099
5917
9145
1560
7196
4949
7588
7443
4551
3698
3568
6035
2266
1586
2015
9358
507
1598
6092
1112
245
7324
5497
3374
2843
5351
1455
5460
7511
357
5108
5871
5145
3676
1881
7493
6356
2023
1302
8036
4075
6538
7607
2050
1772
1157
2308
9273
5752
4313
2374
2234
5302
7432
2411
227
3245
8705
2804
866
1063
492
73
5033
5613
1165
4194
2869
2266
4250
1639
8061
4652
8175
1493
1503
2670
389
7642
5409
3829
621
6060
6175
8519
5323
239
7733
3221
8331
352
3042
958
6767
2179
8217
4937
5516
7352
360
1690
6771
1361
1886
9658
91
6209
700
2523
6490
4586
720
5776
78
3266
8304
6454
1225
7547
3912
5191
3455
782
136
6465
9563
4649
1172
1284
410
2320
8032
9272
6606
4837
5659
9495
323
4134
9634
6778
4071
5785
993
9659
2202
4275
437
3546
7243
7917
2385
2015
9864
4938
2281
6444
2195
1253
8017
7092
2263
8698
4222
9247
944
5922
2178
541
2399
105
4748
6002
2389
1664
3142
3989
8596
9060
6377
4886
121
6535
1311
3589
4360
3354
7762
405
9860
4604
7402
8003
4041
1302
8190
3735
1619
77
1548
677
8109
359
7231
3117
2575
8727
5852
9837
3589
1757
9134
9624
6780
6373
9974
5776
4775
9028
9609
211
5155
2327
6343
1162
9734
1885
1172
2740
2338
3309
3941
9284
8558
9121
1955
1694
5933
1253
1703
3186
8069
3435
8174
7557
6012
3707
491
5944
4434
6351
7302
2845
8087
8126
7453
5218
1591
829
3626
3093
2511
9406
7891
8948
348
3716
3010
9365
1170
6838
7812
9819
8414
7616
6646
841
6782
5365
2284
2962
3215
3882
2304
7647
537
6248
647
317
8417
3738
9690
5035
659
8229
1999
6527
1106
2226
3699
7173
6110
6385
2423
1486
4791
9222
7973
2278
7168
1480
8667
8908
9255
8165
9762
9072
1798
1489
4205
2583
1743
382
5481
8400
9945
2952
3231
376
2244
5836
6541
8518
1508
6873
3848
1444
1157
2868
971
4261
8183
5503
1958
123
4479
1612
6801
2228
1326
7484
9237
6874
9658
2988
9102
5375
936
4531
8619
4827
3435
6483
7740
9155
2763
297
3233
1683
6966
100
1965
1537
5480
1422
3904
7219
1838
1861
4232
9047
461
118
6922
2314
8504
2417
6806
1562
1609
2761
5262
5710
5377
1972
1009
5487
9915
4731
7320
169
8218
9390
964
6738
6591
3779
8020
8483
7010
7948
377
9344
5180
9648
6800
4002
5651
1987
2358
3859
110
9689
1389
4828
2555
8099
8220
743
4881
8790
153
4661
3650
3372
9959
7616
1983
5952
6184
1999
7759
1363
1714
8054
1631
3051
8481
8536
5023
1945
8739
869
8168
6200
2529
1018
7714
9288
8751
1565
5277
4401
2435
596
1313
2670
7388
7040
8472
3569
342
1825
7340
5000
9465
2469
7843
7207
7172
1252
3272
6702
7083
9731
5976
9259
9811
9087
1857
2426
2900
8658
2305
9570
1113
7683
283
8247
8143
236
5805
6633
806
3519
7270
4208
8537
527
2011
5712
5381
6227
3603
361
8801
992
75
8078
7195
9814
5307
3034
5714
8900
5629
4548
9790
2655
9603
4581
1858
315
1140
4629
716
1375
8382
8500
1345
9759
1445
1008
9512
1796
4717
6720
3459
324
2710
3477
4238
8246
1115
7381
3158
3234
4025
1199
9370
7163
3159
2023
6327
9977
745
5886
518
5663
4239
7081
5701
2811
9156
1611
501
9512
4631
972
896
2986
5231
1290
3333
8166
6123
373
1470
3252
913
6397
9123
8182
7571
6144
9612
2567
1060
4804
9018
916
2196
557
9684
4689
7263
3815
419
7951
4094
773
6345
2120
3635
665
4173
2096
8193
1081
9519
8428
7119
8624
2853
365
480
1149
7935
1028
5931
8040
619
3172
627
7521
2298
3808
2531
1699
3105
6135
407
7939
5311
8756
6854
9588
342
4058
8979
3794
9207
5063
3636
8612
8261
5399
6083
9231
2263
8946
1078
1087
7032
1674
1697
2432
4527
2648
1894
945
9055
118
6366
8450
1454
3510
2929
1060
2732
6812
8392
4204
3359
7341
574
3169
346
938
4069
5687
2776
6733
2396
2751
8325
9934
3066
2212
6568
4334
9694
2253
3305
7457
1318
3507
3183
2121
7312
1396
2298
9090
1839
458
4019
7331
976
5181
6946
3380
5152
9333
3342
5452
4891
2382
4637
196
6181
707
2303
7113
9382
2396
9254
3383
110
8480
8117
5446
5622
219
1124
6655
9575
9341
2441
6692
6999
2546
1488
6148
6600
2084
7042
8519
2033
4348
4467
3449
3515
8694
363
1585
4581
5930
365
8456
6901
131
4799
2224
5356
464
1362
1242
6288
5619
9097
4967
967
2005
3005
346
8409
8321
8936
7236
8111
7387
3620
2178
1326
3875
296
3471
6323
6251
5704
913
5819
7687
2045
789
1417
8378
5232
562
1515
2697
906
4053
2616
5316
591
9641
7131
4875
537
9728
3113
5251
6260
7608
8607
885
6396
3612
277
4534
4400
3258
306
60
4062
119
3352
5220
6080
9353
4760
6437
4007
6499
789
3074
6179
5372
7573
7217
9809
299
1671
2240
3857
9698
3664
4049
2170
7966
6759
2504
6712
9497
2070
4803
5333
6021
8112
3859
1791
5561
4842
4099
3750
1674
4505
3658
7294
8682
1099
3271
3926
4552
291
4259
1771
9913
3066
1856
2050
4847
720
724
7437
9607
3836
7453
1259
477
7288
2177
1379
1401
8840
8166
4702
6837
2947
4287
7060
3914
1803
7893
4812
7028
5652
6700
7137
5686
1638
9724
7973
454
53
2008
9732
5068
6591
2180
3694
6768
9881
4133
3922
5059
2092
9755
7881
4361
7182
4430
3142
9684
330
99
2544
6333
1838
6559
8214
1485
7996
2761
33
6106
8995
775
9589
8862
7877
5615
4764
1587
9531
4231
8569
8989
6491
2438
3516
4509
149
2397
9860
7811
2819
5839
4710
8954
2047
8612
3333
2220
1778
243
1366
5473
4718
1991
3068
7178
725
5785
1987
3982
7283
287
5595
8849
6658
9488
1056
4364
4961
7045
3305
7148
7496
3514
9818
6499
9646
3713
6421
9831
884
3903
4968
4584
6274
5639
7355
6002
1962
5942
4863
8121
6064
662
2577
7332
3767
2801
3635
1662
2135
540
7935
2518
9782
5694
1119
5696
5408
7732
1471
2231
9765
6870
9636
7351
2882
539
4175
1762
6670
7970
396
3290
1731
7028
2693
337
18
9506
1892
6491
9597
5596
1036
7485
1654
9109
5554
5627
4749
8143
841
1600
5601
9203
2326
5569
5642
8826
3614
5154
9249
6211
8223
1131
2022
1602
9185
8031
1398
8123
7393
6824
1615
5471
8261
7111
1643
2947
9276
6022
7727
7435
6956
561
2127
6184
1973
624
3056
412
1358
8374
1298
1937
1014
1172
9314
5443
6424
9317
3861
9634
912
2988
8164
2263
7032
7962
3773
562
415
3439
9040
1411
5073
8769
6868
8964
3964
6258
1036
8524
7630
4060
9268
582
2366
2527
3390
1859
6084
9069
5439
9183
7976
7669
1092
3088
8667
2575
329
2236
3559
5082
3556
1949
6046
4613
7310
6680
2898
2387
7370
6930
9307
7415
9571
39
2320
7727
8677
3001
5435
6430
9664
8844
2260
1430
9654
1136
4547
2226
7382
5177
2503
7747
787
5941
3563
7987
5790
7106
5356
7464
13
8242
2279
4081
5174
9598
8432
3361
9771
1565
1818
2044
3853
7618
4954
7196
7747
145
1655
2455
4794
9052
1969
8878
2122
1884
4146
1991
1844
469
8838
1645
4332
87
9092
3969
67
8243
6408
2199
3144
793
3699
6999
3584
1432
3695
5771
6672
4397
1512
7542
684
2162
6949
2743
1884
6059
7146
6760
9856
3932
8356
3621
4803
8934
4062
2960
6502
4651
6705
8305
2678
7236
1317
9411
5459
1441
9807
3081
2376
7014
2292
7737
1432
5267
6123
9794
6273
2526
4750
5630
1407
8813
9841
1023
6074
3500
5401
1205
514
8900
6226
1921
6894
3522
1569
8902
2632
1900
6594
1876
2679
3371
3947
7558
2736
8818
1855
1770
6131
1421
269
6208
168
3363
1203
2779
197
4110
5857
2059
6404
6286
1090
2882
1717
7296
5890
8298
987
2289
6576
1086
3867
3212
316
259
258
1900
1255
6597
9707
6191
6028
2074
5297
5526
6806
6761
1105
8869
9306
5911
2255
742
3867
8905
7719
2276
8548
4694
197
1778
8720
6467
3045
5768
9783
2303
8979
1589
7882
1785
9889
3593
3767
3837
6981
2938
2989
2135
2898
9192
4162
6356
1650
5896
9108
7296
2872
5495
4935
1157
3725
941
1210
8889
3018
1875
6322
9949
9373
826
1746
4437
2502
8165
4238
2550
9192
4633
2546
4248
4320
9807
2730
4020
252
592
5046
482
9796
1762
7751
5020
3291
2804
4212
4348
1231
149
2274
2661
8468
542
4838
7835
6957
7758
4851
3533
1397
9341
4717
2505
5991
5985
4620
2740
924
6788
4662
4304
1275
7496
2525
2354
4404
1796
8810
9487
7009
9757
7283
4174
8788
7536
2832
9318
1125
6294
4787
3607
6856
5482
724
6961
8701
3545
2274
7851
8614
4419
1857
8663
6448
8597
387
2436
8069
4802
833
7771
9844
8697
9352
1427
6644
9358
8915
6877
9228
5481
1590
5566
5377
2875
5477
5556
646
7147
965
3426
995
356
8040
1343
147
9811
825
4341
1842
105
2561
553
3872
2756
3791
2862
9371
6664
1659
3622
5656
334
1167
939
9500
3801
5860
288
9139
3699
7097
7807
9536
101
11
780
9088
1956
5105
350
1540
1214
2725
7071
5107
8265
7037
3954
2562
8099
7153
2253
2207
6418
3963
8292
5553
4698
742
2102
7187
8953
1606
2540
2251
1614
377
9469
7387
867
1145
4248
1238
268
2033
619
5260
4864
2825
3382
8369
3703
695
6118
5322
8132
1549
6626
888
1701
9911
3235
4148
1969
1033
6205
9892
5314
1605
3315
1039
5692
5875
5789
4331
4631
4883
3439
9627
8269
493
5801
4429
3212
8510
921
3316
4898
36
9215
6648
7875
2369
6577
2313
9591
7512
589
6992
251
9199
584
3448
1650
5646
1761
6942
300
413
4594
1968
1978
4975
5659
9412
3290
4324
1955
7441
2208
2192
830
2230
7680
4630
2897
8620
4734
6008
6216
9114
7937
2349
1894
949
7276
5817
4925
6217
8496
1449
5506
9629
2801
1271
7851
8536
4763
27
7928
824
6105
7026
4986
2531
3563
1360
2559
9112
8100
4324
3405
5606
4044
1170
5747
6229
3351
5639
4012
8623
4600
2798
5477
5650
855
9983
4298
2515
915
7779
4371
1238
3173
2970
1162
4528
3845
9211
1044
5536
3696
3092
155
4076
1174
8812
234
4907
5030
1666
4786
588
8161
2950
1696
4954
4041
1773
134
322
6432
661
230
3859
6075
5762
345
7927
2065
4043
1718
8753
4373
8543
1495
392
4387
6579
6863
1715
9719
3286
6218
628
8419
2376
3706
9867
1863
2910
1991
3013
1217
8207
1279
4033
5254
8438
7787
8988
5929
936
7537
9792
5232
9739
8429
9740
141
2231
1197
1557
6425
1012
1544
7220
4306
762
641
4592
6080
8018
768
4374
1047
1925
1171
6221
9993
7930
9181
6703
67
1419
2103
1558
215
5811
6222
4504
1823
3799
2219
9509
6414
2662
7212
8160
6156
1480
2282
3505
7287
6263
3340
6450
9686
8076
8683
2288
4590
8471
17
9378
6042
3471
1378
9897
3810
4253
3352
4684
5277
4705
1263
6991
2549
8886
9462
6739
9522
9882
3531
8386
3862
5172
2549
602
9528
8305
4943
7036
2187
9891
8995
3582
5106
9816
3677
6995
1050
2627
5327
7477
7747
3116
2019
8361
9952
5930
7743
35
8592
532
8880
127
7495
7869
1038
925
8193
1769
8966
1612
8175
2090
6313
4141
2678
6863
2430
7980
3043
1325
860
6634
1696
6415
3295
2618
8108
110
7477
6154
12
7215
703
2558
3185
4783
9125
8064
4699
1312
2121
7339
2313
3330
3674
2434
1103
235
1723
2618
5916
9105
171
9697
5464
1198
9022
638
5993
1635
3880
4220
4595
4632
9263
1384
2007
4704
6924
3688
7759
4521
896
2941
6616
1939
5988
2572
2420
7539
2463
2553
4634
2025
7742
6935
2604
4985
1009
6234
4188
6954
2614
1621
5606
7759
4406
9717
4524
6490
7758
7728
3010
2668
6900
9022
1936
1844
7960
7983
8362
4534
3441
2365
7472
4507
8499
700
3605
37
662
2328
1053
1940
6371
9532
7712
9730
1104
5309
1195
7361
6453
8370
257
712
6859
9120
6908
7040
4737
7587
9293
18
1334
5745
4959
1041
7165
3312
3115
598
32
4780
8261
9769
1049
150
2508
5655
9447
6085
6440
4605
2098
3120
1759
6652
2620
3120
3476
9883
5736
4096
802
8185
9645
6555
1993
1713
1670
6405
5477
1831
7996
8562
793
3684
4051
1171
4047
2629
7406
9082
1810
5579
1464
2216
1178
1108
5620
3846
2425
32
1873
8480
2641
730
5287
3301
1251
9445
4211
4345
9198
8116
4080
6050
1414
2526
7043
2369
544
1428
5310
4271
3877
8766
6646
2447
4629
9452
710
8761
1262
5512
7274
5497
8727
3043
4766
1892
430
7222
193
3581
2475
8573
164
2559
1727
3500
7666
3485
9911
2047
5841
736
2519
7188
180
8861
2394
1795
9566
2732
7394
9942
328
929
8196
9723
9709
2880
8830
9159
9287
525
7673
3248
6015
9750
8354
1111
9534
815
8688
3693
2331
7734
8164
7757
577
7530
4447
3642
4511
9743
478
1477
929
6055
6057
4583
6857
1459
6296
6675
9900
5380
2376
6929
986
9454
6752
8229
3287
8911
1406
4789
4938
1923
7310
1925
6145
5551
4925
772
7462
6710
719
6641
4944
1468
8069
657
8076
229
455
4020
1942
7667
39
5326
5083
8144
166
2259
2781
6116
3997
2972
4467
1844
4242
6744
1159
1043
7659
2649
980
2428
4396
315
9738
493
3095
7426
347
6431
5011
3807
1296
4103
2104
1656
5133
2465
7912
4502
8898
9031
9316
2333
6844
3440
9319
7622
3108
386
643
5186
1693
8627
1099
4685
8651
5774
7989
3584
5777
4711
6977
8717
8113
3495
5883
2826
8616
939
4323
6324
5726
5280
2680
645
7584
62
676
7276
6509
2043
1566
3514
5166
3383
3729
4770
2054
5446
3762
4279
8821
7126
8381
4262
8511
138
6673
2189
8129
9493
5338
9160
8860
6279
8038
8722
85
2468
5297
1251
7380
8912
5041
7507
1027
4946
202
1184
761
5907
2832
9402
9055
7603
94
1554
7350
2119
1171
5080
5860
8695
1912
41
2628
4465
4562
7237
2869
7761
7941
8990
2185
5971
2613
5194
9555
8969
4513
143
5384
105
5597
2528
3941
246
6299
4538
3755
3019
3005
3283
4646
3755
8310
1599
5628
7770
5588
2670
9574
1509
1147
8938
4417
6462
9990
2115
613
5747
6728
7928
9738
2016
1093
922
531
1033
8955
9988
2823
5736
5491
7799
9679
2821
4873
6532
2427
7914
8615
4125
6192
8398
9066
670
6307
1882
8101
7496
9193
2984
4696
6416
6378
3871
5284
2118
6525
6113
569
7513
3920
8665
8879
8842
5738
385
2489
3132
3566
3173
3600
981
3836
7746
3622
9361
8823
3050
6510
7011
925
259
6813
7555
2126
8928
9355
1809
9214
3512
5256
2321
6851
1219
340
3077
3785
3878
9825
2529
9383
1784
4664
9070
8741
1815
4527
248
8905
746
7239
1080
3803
4557
314
1653
9776
8702
361
7669
3770
1428
6615
2450
1219
1079
8453
9151
6076
2604
1624
1449
656
4072
90
5138
5020
1975
3093
1407
523
2307
3708
3810
2641
3034
216
9089
3623
4026
6111
9347
4960
7170
9850
3244
2601
8001
9776
9393
1044
6042
8708
1154
9670
5851
6152
3448
6382
9768
5651
3743
3624
3327
7327
8521
1198
4723
9318
3070
9465
8466
279
7418
961
3747
710
6700
2544
8946
2269
5350
3950
5545
4143
9567
2970
1196
2223
1943
4417
5847
1841
3759
6889
8718
2606
7749
1763
6064
2019
2405
6306
2136
6238
9963
6778
516
2730
6592
9627
189
5294
546
700
9873
2608
9144
313
7974
2903
550
3070
9333
1852
3556
497
3357
2046
3243
5571
5373
505
1498
183
650
7048
3221
8061
9772
8280
2289
2872
9034
8960
7724
4030
5192
6560
5177
1253
7836
2484
113
1408
160
7475
5303
608
8676
2311
5972
677
6666
7506
2057
3106
3407
2700
939
7290
2916
4747
1523
1097
8275
9247
544
86
2310
1763
4084
253
693
6656
6225
9144
6733
9988
4001
407
4364
6992
7820
261
7542
9062
1388
8584
3596
115
7788
354
7057
5596
2096
6329
4497
1829
177
7372
3913
1769
9589
4341
4719
8037
3689
51
9331
2275
7486
3523
6665
3843
949
5385
1301
4523
2392
8865
2665
375
5943
2737
8411
366
1875
9329
5308
2073
5952
1213
8386
1730
1008
3749
1871
1704
3762
1320
7343
2237
1951
617
4552
3079
5676
2228
356
3787
3570
2170
320
7021
8504
5039
5071
848
2620
5128
2105
2273
7468
3117
459
1817
4966
215
664
4133
4150
2493
8626
6615
3664
8324
6317
6311
7063
3800
53
62
726
984
58
4991
7784
5744
3598
3203
5100
7492
4544
1653
5246
1413
5038
2745
4740
4211
6812
7021
1774
2702
7384
9928
1719
7542
2979
372
6621
6519
7618
9867
5261
2063
6398
1684
5312
2929
4133
3077
3975
6161
540
834
9026
5083
1667
4070
2618
476
873
7935
8301
1731
5226
9
813
9615
4879
733
2312
9161
2150
7499
4171
7073
4883
1425
7362
2552
9755
7723
6739
2374
4562
8426
7758
2696
63
3129
4780
4194
3375
2430
3551
7245
3934
8003
5708
5680
5084
5319
4078
2855
8452
6100
7290
3004
2080
7175
5598
5693
5416
4938
8189
1639
6573
1670
9610
5178
1818
571
4709
342
4162
4695
2092
970
7166
2832
9527
2850
3217
6219
8313
6616
7671
3825
4515
58
2817
9878
4724
8550
6244
303
1481
5438
324
7506
9199
9631
3167
354
4248
7108
1337
1376
7706
5284
8749
5026
2699
4209
9924
5216
7858
1813
1128
7671
1343
4408
5708
4646
4836
6911
2004
2708
5374
1221
591
2560
3122
4455
514
4218
2546
4177
1262
6047
624
444
1624
7365
4015
7107
4109
1022
300
4934
315
2414
1632
9257
3157
7990
3536
9978
7107
2647
5927
707
3174
4863
1663
4227
9379
2743
9880
9977
4089
9212
4764
6303
8904
8706
5097
4866
2937
9277
6915
7587
3069
6145
3781
1015
298
1639
2115
1013
601
7339
4795
4353
4895
4899
9850
7586
977
4290
1059
4433
991
5537
1552
7830
1105
1213
400
7841
2891
2547
5422
3734
164
7496
7313
7597
8818
1490
3844
6695
8944
5604
9235
1351
3602
82
3629
6583
5640
530
2028
6211
8640
9381
6103
7877
3389
368
4449
6827
5948
4799
5526
752
9781
3942
9055
1182
1426
7602
8441
6053
5997
2340
6566
5162
2636
1991
931
94
1103
3683
8793
5476
5786
2032
2741
1653
5555
6662
128
6889
2342
752
6145
7313
9211
5209
1432
9923
1858
2491
2077
473
3029
1933
2475
2451
7423
1897
1662
3178
9745
2040
195
8366
1146
1708
9483
9487
4810
2194
3157
4592
1629
8231
2648
5503
3153
2627
5231
706
2108
72
138
6462
422
371
9950
4154
3350
5234
6652
2183
4112
1676
674
2522
7228
3551
1848
4061
239
4080
9323
2474
3327
3042
6853
2526
2006
9780
5777
9163
5193
6722
2753
8407
1492
6955
337
7178
2363
7129
4239
6876
8634
1977
4736
7086
3088
2400
9047
8707
6628
8275
6
1809
9039
9634
5324
5179
6987
4619
9523
5183
7920
208
974
3053
8669
8766
7824
9929
190
2403
917
6611
5139
1167
2483
7172
3282
4491
6735
6346
2341
2986
9427
905
3094
4907
5544
905
5013
4584
2989
7397
8119
6294
2302
2265
80
664
6658
2316
2530
7276
689
1392
101
6959
2384
2160
6151
1283
2553
5020
1448
790
7398
1274
6380
2691
9744
3974
7644
1483
2763
7643
1878
3841
4512
3026
203
1886
9453
225
9927
423
1246
3578
7402
8669
4678
7407
5532
2869
589
7890
9894
3751
3800
403
5275
982
3836
2070
1078
9379
9327
4790
3548
6938
770
4674
3686
6677
3359
3803
122
1923
9492
5118
8326
6161
6261
9765
1814
4564
1382
5999
8262
1067
6880
8340
2711
7468
5715
2465
8925
8405
2166
6445
9559
9363
1753
4430
2581
7068
2185
9172
5711
4308
1543
8610
8800
9844
5804
2063
3648
3082
215
2748
7310
8659
2183
2807
4351
6761
9727
7553
9431
2008
7430
8950
3542
3529
1822
1872
820
6693
1513
3955
2013
7040
2738
9006
6628
3437
337
4160
6236
4832
6058
1128
6908
4050
854
8565
706
407
9430
7610
2720
1418
5800
1857
1212
9839
7319
1697
2504
4204
8050
1746
2609
979
2095
6378
9788
3970
5257
9122
4744
3148
7094
305
9861
5314
2402
3574
6720
6879
4834
9738
4619
9467
9087
7278
1014
1797
5505
3721
847
4326
8572
3175
7633
2211
614
5918
3658
6257
3260
4283
6424
8296
7959
743
3613
1066
871
67
2187
1576
7930
7219
7301
1237
876
7767
710
6427
1153
2879
7529
2333
9924
2074
5478
981
1275
5171
8263
3946
9879
183
1254
4700
8030
1851
7490
3235
8670
1777
6865
6827
7157
7393
5874
7891
4174
7381
8027
3855
2719
9226
7809
6809
77
1017
1091
8937
743
2333
5502
5708
6238
4397
5770
2014
4843
1565
8219
7059
6567
5643
9829
1890
7406
8251
4558
3898
994
8913
8
2194
640
7937
7120
6880
1541
2370
2148
179
2134
2425
7446
6285
6301
466
1997
5755
6209
6768
2701
8323
7107
5638
8415
8479
5547
137
3275
4275
1714
9425
1961
8195
6276
3775
8302
4988
718
6180
114
1271
6074
1116
3572
3731
2388
3438
1283
2195
855
3930
2478
3356
9490
6175
8218
9708
7667
1282
5528
4585
5073
9183
2978
8298
8491
2155
8835
4119
1311
9523
7478
7408
8577
6431
2470
6648
1363
4333
7703
710
6730
9114
5440
4566
1924
1465
8620
2853
3534
9504
3286
6465
7113
2722
410
1400
9840
844
839
6097
7095
5450
3281
713
5934
1511
5664
4180
8448
8436
9122
1428
3756
1793
705
2138
2041
1692
28
415
2136
506
2101
2098
9475
6080
9871
7803
9325
2732
6610
2236
202
1276
6532
8534
8123
1857
9321
1549
4464
4238
4425
346
2779
1033
3740
5100
6480
246
1109
1823
7205
5112
5989
6980
6629
8500
758
4730
692
3059
315
983
8367
4762
8319
6849
1567
851
1482
4523
300
30
3527
3156
4921
1020
4653
259
3007
3079
1553
2373
3389
9264
5313
4386
8647
3491
9027
1867
8614
7718
6296
273
6622
3462
2461
6863
1911
4231
364
9416
6914
4545
128
770
6692
8292
9252
2207
4985
1054
367
8115
87
8494
7845
3667
2902
539
7829
296
2500
2189
5239
6880
8368
904
6570
8412
9539
8383
6058
3085
9153
780
658
2734
2112
2801
6928
4372
316
363
3761
6497
4851
8983
4290
7485
658
6157
5167
793
8216
4310
6299
8123
7069
2118
2038
3790
2993
3753
1588
1232
3639
471
3631
5525
1653
8562
7
3494
8032
2110
25
1895
8270
2033
1701
9048
7721
66
4537
3828
8074
5330
7741
4633
9024
2575
2996
2222
8326
4202
6330
7337
887
6858
289
839
2236
237
8225
1331
7226
4430
5710
2850
6328
5770
68
9344
5488
726
4928
1266
6368
3323
2470
353
1657
309
8416
9859
2507
3181
5358
5425
5950
6383
2899
9011
7233
7609
3189
1244
2595
6960
94
3125
2516
1733
1257
8202
960
864
7414
7437
1077
1486
3566
4241
4170
6562
1706
7014
7257
4790
94
8364
2241
2524
280
61
7524
48
6681
6082
1666
8073
7309
7880
4012
1053
4539
5998
1202
1941
3031
825
2161
6426
8747
4095
6886
1310
1126
6461
7976
2718
425
1272
3244
1965
6749
3713
2146
342
9594
3063
2034
9352
1442
9207
4443
9979
6592
3652
1644
4159
2137
6852
6029
6046
7609
1023
5729
8800
7663
5137
2046
5774
7057
873
804
1188
407
6609
4882
5337
2990
7187
2420
9410
3144
1650
4946
5409
5972
5396
5017
6453
3347
3390
1070
4431
2684
6681
1161
6481
3325
4141
3301
7888
6393
8907
9598
7115
382
6796
5963
5292
8107
1233
3322
5597
1317
8395
2049
8302
4170
8773
2414
6497
769
6950
2123
2488
5616
7739
4773
6075
9443
9797
7553
870
9482
5953
1605
5407
4061
305
2072
56
2524
9589
9127
1236
8656
5078
5320
5795
1788
6339
7763
6234
7832
9264
478
1773
983
5239
8219
800
7311
9824
1535
6126
2011
7608
7172
1519
5383
6275
1870
4601
9527
8891
4289
3916
3348
9798
9717
9087
6837
5026
2292
3576
6222
696
6642
6199
2480
2473
5990
7087
4774
6107
3960
176
7076
1073
9471
8588
1016
4594
471
1779
1507
1851
3333
4435
136
3756
4942
23
4730
4011
1124
7938
3121
2366
331
2031
6731
1574
936
5628
3471
5754
8286
2957
2412
3036
7277
9542
6949
6550
2201
9565
8269
24
1909
3384
2020
1671
9916
8336
8291
8552
6684
7472
5028
5732
3249
656
6713
5222
450
8623
7766
7272
8891
5702
397
4556
6666
521
4663
4829
7840
2755
9783
4448
207
9036
5789
1367
7239
581
2216
7213
1463
9068
3937
237
8015
4108
1099
1109
5813
1473
1341
1623
9370
3054
815
1706
2075
6401
6665
106
143
2327
5132
534
9542
9456
3728
8653
7027
1199
1378
6342
1848
1115
5631
2256
1992
1248
7678
1304
2844
3852
612
8407
2529
4780
8094
6638
778
1852
2012
4454
1084
3319
3573
5942
8532
8686
4673
7974
4782
9751
2520
1127
3230
745
1385
2326
6235
1584
7172
2885
8491
6932
1310
2443
3160
234
9592
9281
2878
6461
9731
6873
793
1417
1766
7174
4159
6736
2955
6233
9050
914
2561
1772
7660
3821
4560
7912
6537
6981
6651
3481
4240
7858
7425
9952
2499
6657
6253
2876
1311
2372
3690
6057
2437
4663
8251
1276
709
7886
9461
4494
997
7254
7531
4556
4491
475
5716
3406
9615
1656
8888
9559
5469
2512
8442
2373
2708
3640
4723
9507
1847
2174
7729
2100
7340
1746
8970
3078
3592
5151
3332
6283
7601
8160
9158
9070
8673
4048
7496
5661
6929
7713
2997
2602
9329
1043
3163
9786
6220
1428
6288
6271
8618
8254
9471
317
8805
2653
7275
9014
5524
3049
4740
6521
8459
3668
5520
2683
5225
2145
5271
162
3626
9610
6565
170
6862
9574
3123
1956
9154
4325
4109
812
3057
671
3095
188
6586
9077
8394
7767
7581
2070
2108
9825
680
6173
7631
1608
4763
1110
968
7618
6833
9687
7992
368
9181
2961
9172
8348
1313
5577
8756
2381
2198
6523
5511
2590
5182
4007
488
4098
8142
1440
419
7737
5060
3186
1142
7074
734
3258
7537
2899
125
2641
4144
141
4697
331
4890
2585
15
9727
8205
9713
8672
1639
7414
6388
12
1083
834
1608
6716
7420
2913
8730
9904
7339
3589
9147
2187
7937
6186
5041
6296
8290
3764
5923
5718
9547
412
753
3494
1965
7835
5912
2408
588
6055
6316
8478
6299
9644
621
7348
9473
1088
5440
8906
6384
2671
146
999
7701
6384
2771
4586
8802
7472
5749
9088
4440
4131
7569
1964
2603
4907
1866
4469
9443
8649
5097
4425
765
709
1359
5210
5802
230
5724
506
425
7969
9529
9118
9372
4151
4511
6219
6999
6059
8203
13
349
993
207
2092
7072
4084
3480
5983
3007
4494
4086
920
6247
1820
3529
5543
1644
9419
8841
7892
219
1995
3467
6851
2978
6533
2846
1629
5289
4958
5179
6533
4114
5910
5537
9757
3156
7437
1025
908
2063
5618
7097
5774
8564
8816
2917
6420
2676
456
975
2400
581
3614
2511
1811
5580
6071
7289
2177
3967
7007
3587
9520
1306
3111
1824
2818
3761
1678
7027
6041
4422
602
9343
2184
6953
3240
1382
1511
1605
4468
5241
4589
2505
7387
2220
9974
210
1855
4280
3963
2917
2451
4707
2676
3477
7850
9795
58
6911
8163
2850
3769
1101
6288
1257
3628
240
4040
5802
7321
7114
8074
4444
2523
6574
6989
1469
144
8641
8477
2720
2306
2672
7883
9307
2542
6440
874
1572
7769
5748
8414
405
9319
4624
7773
4675
7264
2371
9276
9126
3184
9385
1677
8320
5190
2963
3500
2441
6729
6904
4308
141
6208
3354
1124
9757
4016
7510
2251
1738
393
1301
5834
9385
744
9011
6710
1123
6704
7942
7180
7618
8506
7338
6713
3532
788
5259
8174
630
8670
4247
4282
6535
6653
2972
815
3445
6536
7212
2010
6273
2654
8660
1230
5555
8935
7022
3013
3527
7538
8370
3387
8087
3817
8630
2867
907
9502
9405
1373
2078
8803
6945
3291
1584
3838
7416
1297
6602
665
336
2265
9145
4664
1854
2818
760
7613
154
4851
2799
1806
195
5415
649
6951
2421
3622
3730
2429
932
3633
6135
4499
1714
2783
3609
1647
9403
1552
5999
9805
411
5096
7425
6808
8978
688
9096
8862
1407
9716
1251
764
3372
8181
3209
1339
6607
713
9450
949
6023
130
9933
7026
7836
760
8915
8709
2298
2438
3430
4653
6937
4664
6173
391
6006
5102
3493
2068
2515
2294
2595
4885
4678
4014
2503
3248
7821
2432
9677
1828
3214
3447
2209
2184
9502
2424
9674
7336
9058
2220
5053
4274
9208
7860
1848
8704
4034
8198
200
2217
1188
4889
5764
3853
6010
2646
5819
1773
4198
9801
1245
6577
6160
808
1188
8613
700
7823
6050
9058
3287
2101
9282
3328
1434
5364
3366
1480
2043
5051
6008
9891
4929
4238
6617
1040
7152
157
8225
1608
5375
7628
6860
1453
3636
4079
9464
8837
4157
9736
6839
4618
944
4097
602
6545
3152
8881
1041
438
5839
7084
5488
5739
8921
1926
5181
1799
7474
1094
863
282
4198
7276
9977
8105
4008
2532
4646
4395
5807
4729
3294
3976
344
4224
4049
1483
1574
1136
4882
8216
1875
8653
2054
8773
2612
2267
8409
7930
9763
1879
5422
8155
541
5603
9921
5688
1818
5611
420
3480
1377
7631
3599
3541
7686
9312
731
8539
945
5883
1825
4959
1725
8758
9665
5308
2483
599
181
5979
864
8046
6902
8417
254
489
8473
9811
143
1869
8254
1588
7042
9821
7334
1702
1521
1891
2303
3702
8717
7897
5735
1736
9320
1038
59
7258
2694
8817
6840
3414
3803
829
3612
7096
5158
841
4346
2530
3764
4505
2924
4284
474
8172
9303
535
5523
3608
8202
8564
6608
2977
169
4360
939
6543
1052
2133
4433
4302
6121
6919
2901
576
1645
5814
4104
9353
414
7885
1524
2414
5284
8259
6380
3347
2941
4093
8484
6277
3936
2013
7840
5182
5613
2328
6283
8195
3771
275
4863
5469
2691
7918
1420
570
5932
9027
4681
6975
2010
3597
151
3607
6732
4742
2673
4271
9677
2882
7081
9118
8331
4072
8841
2359
1188
7119
6343
1852
7123
2097
8178
7279
3676
8761
3921
7677
6420
4022
7687
8450
8631
2136
5963
733
6448
8856
3238
6416
9568
6621
7578
3229
7989
2060
305
3379
6765
3895
1054
2487
8853
6371
6248
189
362
3773
1141
9990
9133
921
8185
1249
3934
6889
1453
6616
2453
259
8993
7990
2364
4246
1363
7115
8352
6135
4431
5373
850
2566
4416
2479
1726
1936
743
8449
8202
6500
643
9187
3405
5444
2740
7693
4039
8754
416
5952
548
9741
9591
3748
1984
1141
7707
3921
2646
4812
9386
2024
8879
3959
8307
7139
4582
469
9303
1797
5104
6932
7877
2647
9117
3374
3891
7298
9225
6786
2820
3612
9846
9860
658
9477
7566
4674
8232
6964
4642
6677
2076
2510
5977
3649
2492
894
6806
2005
1068
9294
376
4279
3406
1332
3929
8862
5677
1667
9467
4782
8226
9108
3
9835
2088
9215
6879
8659
2448
1437
1421
5912
911
7034
6967
3658
9093
46
1092
3883
8391
5492
1314
6964
154
7432
9872
3359
873
2368
6138
5758
5783
3825
6755
6184
9748
8028
155
596
9456
9942
8905
9532
5801
9585
8067
5227
2582
9363
6213
9040
650
8734
5554
9860
8928
9485
5699
9444
3760
284
8597
9177
8055
2089
6380
5497
8237
7536
4553
2733
3472
9717
5265
4621
5391
5177
5189
6043
8084
7194
3191
8774
8731
2856
4246
9820
121
670
4534
4234
4588
7325
9310
951
9962
4570
2937
5490
3661
2087
1394
6530
2130
5411
4751
6625
4303
7087
3940
3012
4782
4826
1888
8923
1191
1014
7177
7383
7545
4338
7279
5973
639
8129
1492
6214
6010
404
2094
1180
6391
2583
8929
7133
4357
9078
7688
1057
4186
2374
4087
2253
805
8186
8246
3686
9156
1856
3825
5068
9069
8483
2620
209
9640
9418
4232
4837
4123
5075
1767
418
6
8186
5099
1668
5260
1883
9415
9028
7135
3596
5095
9101
5574
7842
450
2861
6953
2290
7835
1844
5978
1265
848
851
3579
641
4601
7616
6284
1472
1479
4949
9587
1844
7542
948
9536
3458
4113
4480
2274
2628
7822
2574
4692
1771
8300
6313
414
5779
2540
8661
9145
7198
32
1878
8718
2276
5542
4560
653
2657
238
5523
1715
2001
2528
529
4235
4252
3744
1426
7467
6840
8353
6439
7821
2588
3839
6739
4108
6808
8207
151
4562
3725
3262
2864
8992
1349
5220
7660
9453
3566
4188
4018
8946
3657
4315
2418
7059
3178
3580
5006
3781
4623
1404
8145
8035
7554
3485
5200
1341
8121
4789
2932
8875
5701
7994
8982
898
3149
8730
2590
8318
6544
8960
7913
8099
2831
8559
2308
2531
1029
2204
7659
2084
8160
9683
7122
5236
6860
5907
7293
9685
722
3645
7301
2783
7089
6702
9942
4143
3987
2562
2536
2474
1339
1787
1985
1970
1040
2315
7870
1358
7706
1511
4660
6450
5128
4524
9251
2739
7048
5847
2509
2683
4934
1353
1067
405
4790
2405
9347
7167
5668
5669
6074
9503
6816
7688
6613
2089
3588
3391
1520
5538
8813
1175
9648
2453
2519
4199
9627
3449
7596
1359
7641
9855
3808
359
7434
8213
4816
9729
5338
9916
2080
3927
2053
396
7535
2223
534
9785
9568
5463
1069
3249
1830
6947
3560
1642
7296
9430
9797
2625
2622
8281
2315
7747
4185
1100
2638
5031
8881
2783
9949
3833
7079
7379
246
2975
7172
4268
7029
1294
3568
4666
1833
9495
1644
5123
5699
2595
1262
5106
519
6175
5357
8521
1755
1644
3928
5410
8311
7571
2279
51
6985
6339
1070
5759
2402
5706
9572
8770
498
9892
6729
1297
8344
9929
5019
2544
8201
7101
661
5809
7302
2362
4732
7301
4016
41
4691
4813
3593
4896
6007
2265
4145
9118
8250
2967
6724
3883
457
1223
5417
3113
8450
5348
8821
7027
1653
2131
3267
8446
9349
7519
1041
9042
1554
7625
2753
8463
3620
7767
4075
1193
172
6233
3667
7061
5543
5359
3390
3449
5723
2138
1854
8943
9156
3738
696
6682
7593
109
1463
1421
1143
8675
2907
4712
4039
5804
8923
8405
1652
6889
9032
8530
583
4839
6148
2093
6429
689
3505
5466
3137
6397
7185
2390
7529
314
619
4375
1819
4961
3421
9556
888
1877
522
2998
9512
6995
7373
2866
3511
4492
9721
8565
6632
5983
5021
9348
5408
1937
8443
3349
642
1131
2671
1677
8808
3088
7217
707
722
9535
5373
5112
2746
2186
2428
9876
999
5835
4726
818
9417
2580
6612
840
643
6405
9314
984
8010
5184
4972
2872
5291
9548
1354
2055
6485
5293
39
4164
9803
1697
851
1859
3607
3295
1910
3674
641
1336
8732
5498
610
4557
9392
7257
2352
627
5360
9610
5253
28
7369
3218
9838
5401
7398
1983
2317
6033
3380
5584
7495
2625
7283
2299
1387
6886
1472
3375
746
289
7207
6116
7655
6284
4196
358
3368
3717
7853
2097
4713
1939
3595
7634
3382
1285
5037
1422
1848
2397
7984
5399
1348
9571
3864
4909
3319
508
65
313
8267
7268
801
6149
3840
7787
3612
6754
2706
9582
4321
2349
4987
1608
3592
13
7963
2044
6867
4599
1645
111
3807
215
1846
4802
6452
2431
9367
4169
3092
2649
2029
5682
1292
2281
3480
6018
2207
9229
6789
9911
5124
9185
2933
5595
6519
6607
7493
1365
2785
8950
6534
7357
7261
702
1350
9430
9911
1874
516
7571
7935
7485
3799
6728
2231
8229
4679
389
996
4629
3917
9703
3454
1214
9197
1212
2452
1546
3291
714
1055
6176
658
6479
3969
8180
6863
2342
5762
5163
4308
4577
8426
5986
4451
4910
8294
913
6563
6180
2977
5980
2558
4503
8101
5790
9919
1641
6215
1321
4085
7635
7241
3952
5365
2281
8773
3554
5556
8506
7299
2308
3777
8747
377
9964
7798
806
4226
1526
9284
9424
2067
365
5827
3169
7924
6233
7792
5286
1845
7540
476
2978
5268
1454
4081
967
5724
1146
6480
667
1708
5473
8511
2269
523
8057
6763
15
372
9995
1250
4787
2459
5521
1474
7866
4613
134
6535
1949
9830
4164
3240
2614
4661
2124
8493
5667
5329
2104
6093
7649
3481
9380
827
8091
341
2317
4440
4209
9908
2217
7428
6629
969
4300
4660
1308
986
1054
5360
3893
7107
5806
5026
1252
9483
7084
8547
1968
4544
2694
1019
8818
9939
4723
2362
7789
7761
7151
8566
1132
8839
5596
2743
3471
7457
9147
7951
6753
4401
4057
31
7541
2595
3902
1421
6914
7687
14
7977
9625
7833
9832
4237
4089
3999
8170
3011
7104
9923
6556
4284
786
6009
4562
6975
6298
2698
388
5789
6300
573
2943
7340
3480
1664
3302
4359
9870
1767
7806
8778
5315
5050
7256
1653
2216
4182
7891
928
9765
421
5176
8612
7540
8621
1228
2625
250
9451
3472
22
9829
8056
250
6803
7523
6131
2918
8710
4762
5342
6084
6731
9884
6328
9359
9353
1440
9072
6320
5291
5369
4832
2777
1506
5246
8415
4735
461
168
4159
1730
9908
5000
8232
5547
23
4112
2560
7840
3984
1247
2099
4741
5879
9398
2716
117
6997
7138
85
1866
1830
1503
2411
5950
2033
2132
5497
2962
3331
2288
5246
5321
2104
8317
2554
6082
1332
150
1199
9982
4334
2296
3031
9645
1287
8556
4480
6927
9951
4169
7003
8911
1773
1621
7165
7463
6666
1439
8333
2525
1281
5302
7585
2282
2387
6825
835
6132
8851
9470
8750
9142
8555
4188
3018
8160
4574
7284
6632
4005
5456
9005
6909
8864
7370
1635
4016
1379
9285
6956
9927
1544
6444
2069
793
1307
2229
8118
5724
1478
4487
62
3889
7476
5610
3746
7013
6392
2852
4136
2337
689
8161
3125
2483
9112
4657
2680
2633
708
1175
8544
1645
1343
6444
7905
2646
7911
2217
5865
2697
1109
5644
9617
4511
5020
6343
3873
31
1947
1496
129
5037
1439
117
6857
2005
5774
698
6232
6373
2519
8265
2141
7689
3045
9930
6759
5662
5491
7578
8751
69
8279
6279
2748
7727
1403
9001
2486
9928
8404
5194
5971
6328
1359
2493
8304
3819
3710
8051
4517
568
1761
1121
3174
2324
979
6574
7802
1574
9804
3711
4300
6219
4980
5842
8236
1565
9668
9239
9106
5677
843
1368
1003
2552
2382
4919
6117
4634
4810
8588
3924
7005
1274
4958
4203
947
8213
9840
1606
5803
7252
3419
585
654
1940
7574
80
1566
9680
7353
8272
798
5847
3991
2554
970
4324
7842
7789
1226
1405
6914
5009
9447
3484
5153
38
6254
2078
1447
1201
8512
1064
8621
6223
185
1391
5737
918
4190
6425
8280
7833
9935
8735
5295
3824
1884
2119
178
5826
441
97
4188
5253
2579
8701
1732
1567
6540
8646
6906
3778
3551
7883
4168
375
7220
7066
8385
314
641
5540
4364
8950
5032
3563
8538
3234
5457
8590
9954
8813
248
8986
2592
4597
8598
9591
6594
223
169
9959
7220
692
3984
1176
9555
3811
6998
3139
6298
5819
1340
2250
2590
6092
3635
3125
764
6132
4891
613
2600
8641
5923
2144
2566
4378
617
6704
1808
749
1101
9562
9947
8523
2091
9531
3387
6786
357
3582
6813
853
4863
4136
115
4276
8886
4483
4514
9268
4307
1250
956
4987
8338
2384
2811
5630
6500
2945
6854
1199
1660
2501
8137
2482
9369
4947
7208
8394
8205
1105
1053
8530
7296
2191
5972
1829
1228
7903
8881
1847
2574
5914
2502
3602
1196
6783
8581
9078
5024
9104
3084
7410
8706
9797
1395
240
994
3487
9964
1041
7043
8859
5637
1657
3937
4235
6600
7626
2235
7920
8451
3
6714
6843
2126
780
3800
1153
6150
6844
2481
2792
9259
1290
227
9497
7588
3631
2425
1860
9715
4915
6208
9791
971
9969
3774
5970
314
3848
3546
570
7131
4036
1260
9689
6590
6131
5521
7285
7294
745
3319
5040
8780
5298
4281
96
5602
4182
1741
9134
4694
9042
633
2820
2957
128
5009
5455
8369
3227
9635
2334
8791
1171
7196
2460
62
9806
1325
8464
335
5057
2256
6466
5219
5201
8991
7119
5349
347
4532
2254
536
7465
2557
8372
9580
2963
5056
1397
1126
4566
7804
2250
6620
3856
1953
5518
9651
5269
1778
9482
1860
5453
2171
5569
1262
76
3606
2061
7766
7511
5605
527
1993
7540
2576
72
1551
1757
548
2094
1886
4453
957
7038
2066
410
2180
7109
8807
6530
4748
3865
6711
1769
7919
3209
5294
6784
4684
2392
4811
5219
6215
2847
9515
5460
4124
1349
7847
1194
96
8197
5826
5550
4832
447
4836
1609
977
7834
1153
3673
9229
6646
9050
9066
3572
5362
2047
1022
4375
8144
9470
5478
6833
4286
2662
2436
6228
6071
6757
8417
466
1007
2762
1062
5229
4964
1189
7923
8952
3412
7721
4565
8757
6059
3002
6565
2417
5887
6426
3509
7664
1492
2983
4455
1615
6741
5639
2991
7987
5137
2066
4729
3172
1415
9921
1981
6316
9047
5648
1217
2102
7451
1417
383
5225
4610
2014
4890
6955
5471
7974
1034
5133
2708
384
5248
9464
7231
5584
7721
1328
2655
1349
1127
4469
961
1930
900
5090
8188
987
8584
3938
377
5318
8380
8893
9068
7789
2650
3374
8214
3643
936
7431
4209
493
7881
5729
7891
1514
5003
3782
4234
441
10
6005
775
5300
5428
8617
8319
3778
2981
1654
6037
7145
823
4556
6646
289
7087
9842
7805
7791
9391
805
973
388
9307
2213
5978
4323
9293
5707
9751
6197
8997
6937
9872
2237
3722
9562
9641
1609
8123
7188
7863
6492
1586
2609
1588
6033
5138
974
3052
6652
2064
4337
1187
2644
8937
2699
6633
602
57
295
5054
9265
4340
2872
6853
5767
5543
3420
6620
331
3588
634
4408
3126
6797
4574
1349
9794
667
3370
651
6631
6224
9940
4538
6387
4817
4652
1820
529
1140
6337
4727
8548
280
8634
973
7381
2904
1286
4166
2349
1416
9599
2109
4222
8653
3743
410
4606
9998
7312
9649
3246
2451
5121
2216
4533
214
7520
9687
5509
8630
2691
4860
3975
6928
2729
1076
445
6658
4322
1455
2796
7811
5371
9760
8830
5432
4540
6464
7296
5321
7828
1447
7716
6342
7462
1385
2727
9796
2730
2434
7766
1929
3813
276
9266
9615
8412
6654
2971
2673
9287
1929
6123
1430
1219
8507
6169
3191
1452
1467
2942
4051
864
8100
7604
9568
135
706
8699
7921
9865
153
2459
3751
9756
7302
6396
5073
2619
9553
372
1189
3007
2240
5041
2334
6866
143
4574
1298
7334
3351
5949
3296
7116
8482
3411
7112
1917
348
7376
5877
3252
8053
2154
2884
7876
8236
1130
2491
4271
1209
2707
9169
3438
7774
7755
3040
1243
3294
5313
2432
9573
1546
7915
1560
960
4886
282
4501
1646
6449
5769
1880
1963
1988
4058
5896
3890
9644
1965
2457
8734
944
7438
7941
5837
8185
1788
7463
6975
9993
4297
9819
9453
9753
5288
1516
8758
6427
2469
577
998
9412
6384
3841
7699
9116
20
2668
6351
4063
9478
782
592
1493
6670
6619
8294
1863
7394
1975
1424
1862
9313
7228
2793
2112
4483
6583
3314
105
2694
4723
7244
5615
5517
1066
7960
5529
9297
3627
3877
8298
9741
1910
879
4122
9915
4859
4497
5940
4143
7116
8407
119
8319
4504
3777
7032
8467
522
9421
806
21
9636
486
173
483
2557
2875
1386
3017
5273
6216
9597
7085
2743
9846
6275
1323
5633
965
9043
4337
348
954
4922
3915
2041
2184
7186
1228
7850
19
3004
8163
8556
6428
5233
1334
9773
5613
258
2486
1888
7650
7766
2396
7113
2482
7750
9692
7982
2583
5775
9594
8832
5783
7724
3342
776
2333
5694
5019
1712
1096
1821
6525
801
8073
616
2963
2806
7496
2541
9177
6596
827
292
4819
3012
9177
702
6748
8733
6005
2241
7027
3887
4353
627
1248
488
9670
2703
5876
7714
9555
6443
864
3470
9553
8710
2995
6973
9065
3749
8146
4771
1226
1694
4520
893
3351
5169
570
5255
1780
6048
2008
9296
4576
8090
9687
3206
9707
1572
8098
5625
5984
2232
9876
9736
2302
9577
7316
8988
5603
2812
150
627
4396
5225
2691
9844
3821
3543
9407
3763
523
772
9230
7470
813
2453
9824
9800
6320
5452
9770
2142
5718
4139
1359
552
3354
3074
8363
5257
6078
5486
3353
1690
7010
113
8786
1405
9675
572
8912
5482
5685
4262
6110
6047
9407
1179
8525
8920
688
7938
7238
3657
6073
2238
3294
2952
5338
5034
9597
9117
8675
5407
2265
3266
279
2616
6040
9581
8159
4418
2146
481
6310
3097
9389
6826
383
8555
1769
8059
9589
6894
636
722
2518
8956
1058
7275
952
7262
9974
8066
792
5804
4332
6738
3782
9436
1485
7005
1262
7301
8518
3846
1512
7069
5768
5770
2984
2279
5706
2488
2630
3389
5593
6350
5269
7366
1913
8878
8491
8591
5005
2062
6281
556
1642
4032
2689
1539
407
6008
7426
4857
5900
9499
3239
5763
4035
1300
1196
9643
8362
8027
7783
1053
7055
2185
6521
135
521
1959
9082
8301
1221
5226
8206
8660
3689
4859
9477
1396
3588
8611
1540
9548
1277
9147
4563
1973
5706
8768
9929
5821
2404
3804
7558
8432
2697
5098
6623
2285
8954
8498
6687
2699
7889
1370
1609
8703
4609
531
4982
7451
3893
8235
3239
4482
9043
7806
5863
7230
8849
2154
6066
1106
6201
5024
5590
1099
6751
6119
3436
5014
6688
9312
862
9598
6351
5709
2459
7155
413
7380
111
2409
4152
3521
3079
5125
5463
6569
7584
7331
9793
3431
5713
8149
1703
4672
5586
8898
1703
3209
1271
816
2313
237
1236
4487
683
5911
4228
5607
51
5045
1368
4954
3747
7279
3596
4825
9744
1542
1295
4046
3124
8734
8656
1950
6562
9046
6846
2113
1068
1255
8126
2835
7354
5950
266
8182
1516
6575
1313
8007
1583
6480
853
2503
3085
3713
6542
3755
2964
4912
5874
3412
2750
5594
2193
8166
305
7751
5977
8061
9383
2076
3973
9335
5212
3376
1537
9174
4973
9229
2854
3417
6004
7946
7972
3977
3599
2250
2880
5504
3613
2172
1321
4673
2540
6768
9014
2035
4339
940
710
7265
4970
4417
770
3698
6695
1049
3175
223
964
6797
1675
1554
6187
6252
7723
2562
7742
3719
7265
3249
4819
9363
9415
1338
5684
9176
4843
6688
3001
4844
8847
4516
1650
9479
4160
4425
17
8047
1665
5593
5957
7428
7055
3426
2410
8751
3471
1887
3462
1404
6325
8053
7116
5834
5819
8423
3629
1133
802
367
2512
704
1018
3342
2562
7100
8998
9611
5270
1227
3562
5516
3615
3434
3012
1751
6831
8874
8650
2614
5264
9988
3144
565
2916
1483
6271
4144
8847
8950
5519
910
9259
5845
3456
6008
8044
9576
9354
5230
5480
6291
1017
1727
2453
4055
18
542
1774
596
6756
8612
1437
6612
5548
2090
7567
6755
6575
990
2068
7561
4071
6804
8742
3658
5223
6279
6045
6127
5752
5143
21
1189
4545
7467
6479
5459
7760
1699
6975
8439
9654
3544
3005
2582
2282
3516
8293
930
894
7421
577
1601
5223
8886
6632
2558
2685
6660
1714
2907
693
2801
1203
8243
6433
9178
5193
742
6843
7767
4042
234
9271
8755
7539
8895
1311
6384
4194
1074
6230
8925
9919
8161
9719
352
6008
9797
8866
8392
9524
230
365
2304
5978
2024
2860
3102
7416
2696
5384
8118
1991
4362
5901
5381
873
7948
2576
1823
73
4797
6882
4201
1128
199
281
5046
1823
406
5796
1452
9434
870
8465
4577
8702
3181
7311
5924
227
8273
7950
2773
4480
8038
4374
7771
2631
7360
2469
6084
7080
3020
1043
3451
7329
8663
557
6400
1969
9969
6635
86
7961
1762
4079
1192
2845
5672
1627
8596
1731
1353
5557
1344
5339
3498
3412
1772
692
3385
3833
3298
6532
2740
1445
5610
1604
3133
8934
2969
7919
2901
139
1745
7117
6771
3806
3316
4813
4001
4959
804
5524
2749
8439
4091
7506
6288
9041
4736
3963
262
7020
9956
9922
8733
6419
1117
6360
1179
250
8426
9609
1406
2367
914
2701
3924
693
5524
5653
8750
4817
974
4522
8492
3275
862
9625
8029
116
2749
7902
8105
7773
4899
5086
6323
9890
6384
6729
6238
5799
1560
6089
993
7742
8048
1536
9239
9769
9220
1053
2748
1542
9034
9900
483
8731
3864
3917
8122
3862
7871
7931
2241
6580
4856
5565
9674
8617
4854
9927
4204
6082
9051
3817
7722
750
9575
1470
1833
4215
3690
1343
3198
8313
6411
1091
3082
9916
1479
1072
9280
4801
6429
1556
9406
5910
4438
4008
730
2192
3176
370
7902
3586
7163
9421
959
1482
8954
8610
8817
4726
576
7024
9554
1134
7742
1320
342
1159
3387
5363
7526
5817
3485
9017
6021
1914
5082
473
1982
3041
2268
7324
7084
4480
7283
5873
618
90
2854
2847
8693
8446
6642
474
106
6086
1931
2067
4951
6003
2680
9526
9431
9865
5606
4333
969
9963
1637
2423
1997
6422
3490
16
1193
4151
1444
9086
5455
5094
2208
5105
9663
1730
6530
1476
3696
3134
6618
8604
344
4441
4805
2643
7638
2730
2563
8087
1768
1874
3016
4728
2652
5952
762
1465
1077
2728
5745
2375
6474
7842
3923
4559
4089
4626
6
4458
9708
4021
944
4458
303
5681
7565
6736
2574
1327
1163
817
5626
4211
1543
1369
839
2555
8448
4007
34
8497
2456
934
6287
6987
1936
4177
9556
1919
3662
4013
837
8850
2790
6950
2122
5380
3882
172
739
7109
4181
5154
9445
7224
1898
2028
2292
2753
5177
7178
2767
4489
678
4598
9756
9545
7864
7949
9519
2086
7501
6618
327
3323
6007
1655
1731
1178
7325
9784
3653
7122
5897
6450
7056
7611
3879
5500
525
5897
5553
2595
1962
2950
7395
6138
3347
8128
352
8125
2655
2814
1115
6150
4728
5975
1476
7942
9223
9929
1056
5984
4438
6780
3795
1084
6453
6815
2406
7984
7895
9704
8445
4609
3413
2576
4707
7437
1310
5417
2315
742
4569
6539
1985
1130
6669
2642
526
668
9912
2169
7827
4890
3996
6031
7923
4756
5323
9968
9222
3087
1770
6425
8694
4120
3663
8514
7075
7783
1205
6926
7110
100
2266
1084
9945
7489
3793
289
1512
6780
512
419
6564
4493
1014
5954
3242
5892
8283
8648
5013
6293
2834
2208
2643
3055
5126
7889
4073
3872
1136
3765
2359
1519
2443
7315
9943
5791
2585
3185
8765
419
198
3648
3023
7428
5782
457
7273
6707
4109
1944
1763
3256
609
4972
5373
8834
2673
4278
3164
7041
2520
7114
4424
4110
4256
4250
4819
4014
4547
6722
879
2283
6775
40
843
3734
841
753
7981
441
6807
7103
4869
7038
6868
3761
701
8195
870
473
4164
8798
7317
9278
8402
8007
8258
5655
4235
4775
18
833
9660
2387
6036
6994
6018
857
338
9184
7595
1358
9009
6113
2080
9810
2226
3221
6713
7842
5680
8483
9243
9763
800
4337
3655
8837
1930
6215
4030
8097
9888
3816
1177
5181
9643
1123
9659
8122
3436
5390
7084
1981
280
7415
3504
6681
7842
5298
4699
6560
5524
6761
8457
725
7084
261
2758
8782
5214
8125
1341
1407
2820
9561
7474
9964
7247
2730
764
5020
2609
7378
6152
1386
8173
8664
7131
4636
8187
4771
2983
8630
220
2982
6979
7119
9766
5092
5312
1049
2213
4500
2248
1248
6327
2028
7624
1526
7133
6857
7921
8454
9170
455
6008
4143
3341
1200
540
5303
5512
7547
330
6592
4814
1267
2339
1783
1285
6934
1363
4338
8430
436
4126
4333
8462
5249
1144
5687
40
2234
7600
1670
6686
1058
9359
8611
4430
6640
4727
3243
910
6835
5304
2304
2981
484
9952
2196
158
9494
7989
3901
7354
245
7764
309
2293
1612
4583
9285
3642
9574
1392
6382
7561
2925
9357
1408
1480
9225
4745
2132
3253
8678
6910
7589
854
3187
4819
482
9917
4836
1004
3252
1107
7451
6304
9643
2499
1870
7698
185
9772
3269
6009
648
4748
8157
1714
5708
4228
6233
1826
3050
1962
7480
1181
3587
1498
8378
9830
6168
167
9569
2195
6927
4274
9265
8011
4029
4300
5787
4509
7275
7189
2460
7749
2702
1744
6158
2587
174
9335
338
1265
4485
5294
4950
130
9700
2138
9803
2989
6187
1064
1422
4851
3251
5599
2114
3503
8747
7935
9780
542
466
4351
9975
3562
5416
5358
4693
9632
4499
7629
7250
9005
9566
6526
3921
4502
6349
9695
2132
7426
2116
8834
5433
6527
6045
753
7169
8516
