-102 74
3010
2642
2083
2710
2302
2225
1041
936
4657
9827
4835
2046
6358
3166
8432
9305
1201
730
8042
9709
3871
8277
9742
4766
182
6657
2228
1659
282
8045
4993
3015
6591
1700
2364
9738
2186
189
2353
6639
3102
6536
7995
4444
2370
3471
108
1968
7162
3313
3643
6505
6192
6454
1018
4293
2179
7641
5010
617
7573
3334
1428
3960
8331
3377
8626
1377
7389
9190
6578
3192
4707
3861
6245
1807
8308
4643
6192
381
7253
3843
4394
1945
6898
7595
5225
623
9101
8896
2484
6208
2180
8852
6581
2673
2237
9370
3318
7824
2114
983
2811
8732
6023
3110
8332
558
4160
3199
8085
5768
5993
6952
1823
1338
4424
5642
1492
732
4392
9339
1625
1882
8122
5858
1032
8366
3341
10
9814
562
7972
3402
8512
128
1859
5278
4982
9471
9029
6207
18
8088
1691
4200
3910
3410
6320
9553
79
1390
6992
2049
4149
4503
7878
7221
2669
4514
462
5324
698
4496
3979
353
5679
2994
8049
5528
3373
6909
7714
4038
1826
1570
2620
6842
6143
9238
3068
9891
3016
9811
2393
1504
8223
2230
3040
822
501
567
2387
5028
6069
9646
9321
7998
7437
4438
4214
8714
9898
4654
1364
4851
6171
884
4666
7531
2167
2255
7031
4999
6227
3002
8819
171
5699
9405
9845
621
6375
7476
5513
3004
1412
5622
2297
4098
9742
309
1000
1089
2927
1309
1301
5641
8549
497
8150
4141
7606
1015
7974
1003
2938
8417
6572
1914
3175
7188
1931
8358
6673
4929
671
2828
2491
2685
1379
6965
3091
7959
7314
6895
1755
8892
6251
1186
7289
848
8239
8713
7299
1957
7543
8399
4740
5009
8689
4762
3699
7394
345
7377
1671
8586
779
5002
3221
5155
4148
5454
4637
708
317
9005
419
715
9580
2339
6317
5583
66
4681
5302
3871
7550
4403
3287
8766
9227
1963
6769
4190
3543
509
8947
1138
7012
6957
2266
6296
6652
6204
6070
6147
6495
7222
2172
1802
9298
4969
2395
5381
5321
708
2118
7905
7218
602
3071
6112
8799
8170
6628
1334
9088
4957
1676
1251
8801
7524
4737
6197
8521
7456
4678
7837
5058
3808
1187
5705
819
3786
5113
2420
6713
6854
234
3089
4880
6365
4177
4981
745
2194
5673
8763
245
173
8633
9091
9372
3519
4963
7302
2319
2469
3347
842
1771
5187
6384
2153
4203
4044
6896
2089
5211
5632
289
6340
4569
1605
9527
333
492
836
3813
470
3864
4451
5891
8029
204
394
6485
9939
5255
576
2267
8963
660
4711
3128
469
6912
4311
5766
4042
5575
3725
8730
8632
6667
2311
2106
7573
3429
9531
4643
8341
8023
3864
7892
8472
6571
6060
9298
2318
9179
1660
2752
4735
9538
5427
8770
7860
3814
934
7049
3905
3587
1976
1860
7121
4490
2256
8796
3606
4262
639
3734
9372
1616
562
1905
6797
1999
9823
2608
2245
3342
3379
6187
7731
8947
1778
1578
8353
8892
6336
9963
8806
3288
6453
9026
8550
3231
1283
5482
2371
428
6220
347
8448
9243
7243
8036
883
3809
3448
4839
5404
8881
5001
4024
5195
1512
667
4566
9393
1827
6249
8261
140
9744
4619
493
2018
2725
7022
1947
8249
5920
8020
5720
45
7374
7146
1984
112
7577
5632
865
7071
9859
807
8841
1407
2591
5926
9964
780
8651
1423
1297
9746
1808
8104
2979
7275
5744
5938
5274
2649
8516
1951
307
9288
2655
6825
3991
9838
2669
6465
4775
5938
2223
1156
7755
2148
1327
8312
919
4668
1090
4215
4024
3726
6596
3759
708
891
4170
9517
907
7430
5959
8091
8249
5357
843
8907
952
1383
6711
1265
9872
7520
6559
4188
9012
6406
652
2747
5328
1095
4460
1994
4222
2452
5007
2598
1592
2857
56
5316
7126
4239
842
1737
5662
3617
7865
8271
7068
8638
8352
9510
1438
5215
857
4116
922
7435
8995
3849
7533
2453
5302
972
2509
2269
3439
7038
4463
2747
7335
4206
2276
701
5723
6824
648
9021
7054
4166
3840
400
29
2077
2915
7544
518
8466
1866
9991
8569
3160
3860
3489
975
2377
2333
2726
7606
7476
8427
2494
7341
7603
300
412
6945
9739
9463
1639
6385
859
6664
8033
2440
7833
8017
5380
5582
2543
1352
9274
2615
9153
4319
2366
7306
748
9976
3172
8717
184
6275
7444
1583
7469
7976
1234
7407
3802
5869
3899
5711
3161
8237
573
7306
1510
1375
246
728
2202
6190
3044
8162
7227
8135
1305
6467
9465
7314
6160
6240
6656
7251
7001
682
9076
4911
7001
2738
6496
82
6113
5054
1959
6855
9622
134
5833
6842
7726
8047
7665
1551
6741
4967
2477
3747
3176
802
9684
9062
1275
6196
2546
2574
3987
5428
1006
6314
8579
5121
4995
1533
6474
1844
4214
879
1691
1931
2155
246
9582
7030
5873
7148
5598
2106
4160
8812
5970
61
348
2762
5785
2865
441
7154
810
1252
2391
7457
7277
4995
6169
572
7239
5387
9142
9803
5857
252
1526
3867
1634
1814
5378
6582
8058
6916
8462
199
31
1401
9240
8793
9513
1553
2618
7878
5001
996
5669
1978
8671
3826
5519
7826
6842
2396
2031
4886
7165
915
4689
9200
5886
8413
2509
759
1298
4990
8494
8465
825
8325
4685
362
2725
1353
5518
3611
1972
4902
9355
3581
9838
6868
3771
4837
3306
6988
7011
4052
3869
760
9313
1425
1162
5772
2438
6184
9532
2946
9830
8909
8935
36
8321
1809
7194
6852
5276
1379
6728
2329
4216
1569
1062
7631
8577
9604
7013
5159
3228
9758
4019
7651
4466
7704
1409
4717
5350
2191
175
6722
9440
518
63
7618
6803
9242
1719
9191
9425
8479
4920
2803
2624
2547
2425
654
8991
7632
6223
5841
374
7296
6109
474
4442
9939
5691
3480
4744
3715
9386
9453
3986
4258
2271
9555
8391
7133
2780
5005
719
3126
4555
3261
1967
1482
1686
8733
6520
2581
1555
9841
6983
319
8429
1909
7695
5428
957
4934
7429
2993
347
9124
7061
7546
4263
8976
9124
5553
9419
4718
6081
2757
3231
5277
1239
1704
6401
3980
6840
2860
4277
9844
2130
8080
6944
7362
4078
1741
3748
6592
6286
622
9458
918
6419
4246
1571
3652
5588
7406
5586
2542
9356
1254
1959
7833
8919
8316
7332
1239
2550
6088
5245
8706
9912
1601
7418
1556
1434
7370
1251
6140
9218
2801
4610
4870
2273
207
379
4290
445
8425
562
950
5790
10
8576
1788
7858
313
9508
1908
1478
808
7670
9453
6027
8566
1588
239
3473
2784
245
3139
2964
3027
5204
3740
9002
7725
6457
7942
4140
1650
1305
673
1382
1339
1564
5409
5920
3995
3932
112
4550
5837
2648
1458
3955
1192
7162
1892
1892
7671
8157
7324
9281
399
6610
8549
673
1076
6226
4597
5954
6776
9039
3465
2472
6770
1767
7130
7049
1257
5872
2062
683
8146
9162
9799
489
63
8879
4309
7024
5401
6475
303
1530
2375
5699
9635
2755
5459
8460
6122
186
5272
6488
399
8914
4281
5142
7265
201
9592
1039
6696
2957
3921
5778
8660
2967
8594
4686
780
1658
1326
2864
1093
2562
3719
847
2833
410
3579
1523
1787
4449
4204
5115
5278
6432
6597
3
768
5941
6560
7707
9507
1380
6862
6187
9634
2035
7501
9563
1152
2748
13
1817
6117
2357
4790
9165
4999
4022
9065
4433
8272
5190
1764
2356
2928
3207
126
2550
2764
2612
2556
4588
8717
123
8820
1964
1720
1652
1395
6165
760
4176
5244
8475
3672
387
1544
6500
6781
9845
287
1321
4131
3879
7922
7149
1965
1588
495
8571
257
9105
808
1902
1865
8581
3627
7037
8561
3558
2188
2474
5970
2279
4486
7566
2230
7727
4480
4674
7082
6588
6541
8676
856
8056
6534
2696
2027
3611
2541
7266
419
384
8433
1366
4752
4780
7097
453
1199
8334
1861
1387
9694
4798
4420
1707
4902
467
748
5303
8596
7127
1862
8105
6285
3045
8763
5410
3777
8245
7555
7430
5066
9197
8793
3437
1437
9209
8728
9147
5328
4339
3523
2831
344
6399
6474
5867
9442
8011
4805
448
9512
9559
6740
806
3956
245
8603
5967
8904
8619
1571
7443
5123
4365
4673
7308
2531
6515
9996
4109
1274
3246
7583
8235
119
4204
5761
2899
1007
5834
8409
3670
1806
7851
877
4157
6520
4367
8411
1018
4585
7557
8780
1866
9983
2493
630
3673
4140
1042
3300
5277
9541
38
2815
4999
9477
6739
1077
5248
2166
2725
7210
2797
4009
1191
426
2357
4034
663
611
1481
4559
7577
8117
9321
2621
1787
2348
1964
3395
1295
1315
9411
2503
7479
825
2026
2663
4984
1497
8770
7361
9726
4163
1630
145
168
756
1964
6727
2174
463
4245
6346
2593
496
9078
1712
7180
2816
3117
3979
8240
7633
5628
2712
4406
7758
6959
2185
1317
4248
619
8439
2243
7818
2707
9734
3358
9217
184
3937
8009
1584
7701
201
8980
7754
2760
7808
734
3383
1271
2306
1473
5062
6457
1827
2971
6412
3407
4336
578
8537
9657
4656
7941
9559
67
4376
2439
4074
9341
5176
3356
2133
6212
2930
4508
941
9879
3337
2298
8232
365
6873
8580
5628
8488
1681
5868
6894
4781
6435
4532
2788
509
2673
3317
838
9252
1168
4314
8345
8583
7362
1184
1396
1172
2362
2174
8619
6767
6430
3968
1611
2015
3374
3015
7804
1726
4276
6341
9375
4931
1293
6344
4640
2278
1029
8187
4234
9010
8232
2814
1490
476
9289
5008
1489
4421
4588
6371
4737
5938
8797
7741
6137
396
9591
6222
2042
5766
727
939
2388
9213
1043
4400
5416
9830
5668
4613
9630
5122
1945
8698
2192
7174
4391
4418
1834
7592
6721
1185
3522
3965
614
2335
1723
2895
1559
8274
5250
8084
6792
6764
4537
4479
544
5722
1184
6972
7176
9028
2502
9342
5241
4122
5579
8715
1806
9550
5745
2761
6897
2102
7356
834
8410
5312
6650
2866
814
8942
3545
8514
3925
9752
2785
9089
3977
2553
1699
4342
9075
117
8402
4923
6546
9234
8760
4725
4253
1084
8307
9037
9808
9830
3364
3359
8875
7540
2025
7934
5441
451
2262
2008
9933
857
4165
7371
5482
8538
8695
457
8468
5408
4000
1092
842
2810
2529
8247
149
5781
2967
8736
2872
9239
7889
6236
6114
7671
9030
7223
1785
3665
421
1404
2788
7113
5778
2392
1287
7010
7590
8958
924
2968
512
4109
1367
3324
9662
6384
4262
940
1539
8439
7301
9366
956
2045
6104
3195
7204
5830
2746
1900
1786
6363
7875
3328
5849
4251
3114
999
5785
3070
1128
1417
7513
674
9623
6176
9385
6887
9824
1650
3136
701
855
1702
7340
5723
2229
6621
6158
356
3951
8169
1045
9962
2449
391
2674
722
3706
4932
9893
2204
8400
9918
173
1756
893
6460
135
5390
3648
9068
2469
5110
1262
1906
9965
4558
8047
9296
1096
6137
7583
1351
3155
7629
8413
2498
1853
2144
9598
2931
2978
4296
5000
6473
970
9825
4256
667
9571
4355
5485
429
7083
4457
5567
9796
2033
962
6224
4820
7295
7246
1316
3847
1232
4386
3364
1629
109
2061
50
8808
87
6229
9534
6867
741
3320
1517
514
4560
9657
2491
751
4589
275
1840
414
7670
7993
6834
1162
5626
2023
2147
1157
7608
5903
8488
8604
9768
9991
6412
540
4419
1707
6307
7430
392
4954
1036
9113
8425
1229
8170
2832
6492
5596
3643
204
2974
2769
2887
1308
9794
2017
9799
1243
6592
202
666
6490
7687
2480
5522
5799
2214
2322
8740
567
6427
3405
4960
3741
935
2421
1725
1073
3304
7719
1095
2533
501
1354
3740
1555
1863
3041
548
1756
1711
7666
8660
7201
9093
4815
2479
6417
7867
2021
7657
6468
8181
6093
930
9665
3844
8937
7004
7659
2195
4386
2570
465
2018
8341
8922
1508
5678
9649
6169
4515
175
2083
3105
8723
2040
5490
1702
3921
7754
2633
4053
1392
587
4701
380
779
879
1599
9727
2553
7639
3136
1941
1226
5742
4501
8130
1323
1733
2361
4984
8265
3942
8545
339
1291
183
7263
4808
4003
4700
8342
8037
2149
5885
6889
233
7915
1165
820
3022
7328
4173
4714
7925
1736
1872
2963
7412
1696
7830
1500
6343
1441
5886
8317
283
1222
4478
7161
1026
4811
746
8452
9889
8859
7435
9049
9498
4355
9626
426
191
5803
7467
1369
6439
8607
7057
1971
8515
2168
1834
5064
2325
6649
3630
2256
4087
3668
9775
2653
6790
5890
2678
4622
4527
2184
5906
1842
4382
7547
3814
3836
881
640
491
4085
2722
9849
7159
6597
2296
58
2744
5316
7093
6182
1244
6339
3717
8800
2694
5475
7845
6482
2672
9160
4279
8867
325
1903
5942
1868
1556
6819
438
7814
4578
5349
4738
3167
4492
8092
7023
469
4093
8790
4772
9262
9253
1661
4077
7331
986
8865
5434
5519
5943
3964
6114
7899
9793
7367
5200
8625
1599
5797
6088
8311
8365
3619
2537
5958
3350
4529
1129
106
539
5222
1570
9277
155
1675
242
8821
2469
2033
4590
3334
3100
6051
1640
2641
6235
2340
9728
8812
4669
6779
9696
1960
1612
1623
1663
7020
4477
4635
2165
3457
6813
8620
6430
9306
140
478
3635
603
555
5691
1368
5480
2257
322
2640
4237
7182
726
5360
7593
7945
3659
532
3609
8625
822
389
368
5067
6722
613
2790
474
8961
2076
2122
139
1760
8612
3329
1493
2051
5612
3383
2452
4035
2771
1611
5757
1344
1719
7057
582
2689
8042
2471
2064
1418
4599
5894
4294
4224
8836
9216
7448
4959
2261
1897
2005
4332
4172
955
1598
2067
9896
9217
2996
6800
3096
9763
2388
2805
6686
1752
5425
5237
8015
7249
2957
2346
7381
4235
5018
8459
3833
1622
8196
2363
8997
2495
5100
4885
3956
5222
8314
2660
3345
1027
8592
8877
2086
4236
3100
5225
9166
4859
4530
554
1942
2719
6868
1280
8372
1901
7609
335
2780
4976
4305
125
846
238
6942
9704
6247
3945
853
2257
6113
9318
8687
7350
7323
9419
2282
9161
1852
4784
4700
250
426
2501
7723
163
8236
625
7825
4174
4727
2024
198
1467
1868
7320
2558
5720
9498
1014
5092
783
9373
1518
9177
2719
4854
1945
1624
9439
5698
4092
3659
8288
1477
2463
9517
6907
5894
3537
1702
1122
6129
1588
4837
52
2675
6682
662
6692
4037
2572
8674
2432
2559
1990
705
5074
4310
4532
1179
5148
2679
2281
8344
6513
509
80
4606
927
4057
3460
8960
211
849
5801
3836
9341
6609
4374
1947
2555
367
6367
3138
6313
8895
9256
2069
9623
8256
5964
1069
8589
5799
5775
437
1891
3110
2313
2651
375
3697
147
5769
62
156
1812
114
1527
3563
7195
5263
4541
8101
5161
4560
9622
2626
4295
6813
6693
1133
2812
1481
3561
1843
5161
2545
980
1213
3257
4439
2141
2335
278
278
2709
1667
2846
3897
9255
7222
7816
2495
7297
9787
7794
7380
1703
3495
2254
4928
1731
322
4956
6497
5368
5864
6251
9249
986
6923
2024
8060
4615
224
226
7091
2543
1463
8203
9298
7721
6764
4129
6455
585
2614
6416
6103
7231
559
5205
1151
2542
9549
2821
1970
8048
3930
6253
4348
4232
2514
2744
7202
4927
6937
529
20
777
4736
4964
498
2570
2391
5424
6399
3763
5652
957
6363
1318
1138
4913
5614
2045
2707
145
7649
1614
3141
9305
8091
9868
9377
6679
8384
8941
4773
5887
9334
2041
4088
3520
8986
947
8094
3451
3568
6833
5372
7425
5567
7818
5279
7308
8718
6577
6632
9505
7815
3109
1615
9238
9943
458
1833
7343
960
6789
2586
6222
4511
553
6759
7577
7372
4266
8887
1358
8416
6626
1184
2370
5014
7611
5113
5248
4551
1002
1737
197
5117
2784
5732
4045
5816
5392
3319
1562
7116
1811
254
2856
9779
1180
7397
8615
1102
7144
8043
7514
5080
618
6081
5658
541
4790
1030
1283
6418
1898
1373
1423
5033
5157
1189
1414
6372
237
7442
9473
164
1614
3152
6806
7518
8382
5290
6960
2926
5704
9861
6159
9683
1409
8753
7696
1878
4946
8915
4894
6837
7133
3532
1866
5877
716
6415
8727
5954
1856
2449
4520
2426
2541
3202
3248
4855
1732
9900
716
6719
332
2425
9520
321
1186
9770
2204
3292
2409
1203
9722
2012
5226
3613
9052
8793
4221
3623
1994
2592
7761
1230
698
5646
6907
3357
9821
5367
5930
9797
8536
894
7390
4848
1222
3252
2786
4341
3447
4648
8540
8595
1866
2893
9817
1656
5522
521
868
3290
5222
4591
6114
6846
2545
3339
4059
2059
5557
4610
790
3725
7910
523
1975
1733
1820
5004
8635
614
1767
1409
2378
2809
1592
4115
6898
2342
8188
7876
8420
5208
1042
8411
9137
1469
3439
4620
6553
4306
1950
9062
4013
5070
1345
6922
687
7003
4325
262
1809
5847
5287
9105
9994
2120
563
5055
7583
7760
682
6027
5078
9136
1786
2491
9699
2974
1775
9729
8445
6120
1892
9945
125
7386
7427
823
8862
7310
3147
1222
2209
1939
5438
1627
6195
2003
1193
6014
867
4637
3774
7451
548
1384
9475
4488
3026
5580
9261
681
5293
6252
733
7694
7065
3340
8046
7505
572
3094
2391
999
385
3726
9729
174
4525
5545
1766
9273
8105
2640
483
2985
6037
9289
292
1271
2229
3679
3675
619
1392
5535
5221
3669
2361
3008
5644
7836
1395
1351
3088
4689
2007
7921
683
7067
31
5796
260
6324
3001
2251
2669
6301
1488
1207
119
6163
5537
9069
3347
2753
9777
298
90
6736
5899
9400
442
2758
1172
1804
3199
6603
2333
3112
9668
1932
6497
2361
4345
7880
9913
7949
4444
1136
8349
6525
1761
8932
8003
2659
4384
8653
2215
5129
3183
9449
975
1870
4265
7102
7423
731
375
7500
4509
3589
5828
7229
6444
7577
5854
5569
7255
5028
1523
6828
1271
2883
9425
1329
8096
3826
4499
7194
4745
1168
325
808
4949
9950
1191
4709
7464
9904
906
7357
9561
2754
4386
3776
1128
5860
6315
1298
