-480 67
10170
8310
4706
1712
2535
7088
3875
2761
892
2849
6610
5051
8744
1800
1355
571
6903
3311
4585
4882
1831
5366
2577
1414
1107
2465
3311
4357
4182
7893
3963
9191
7191
7817
3545
5468
4687
8092
4046
887
7900
8454
1319
2731
5357
5386
5028
8076
9335
3473
810
7781
3292
7167
7591
2255
9543
7017
18
4005
4839
4628
6819
9426
9943
1478
6947
4864
6400
974
1376
446
6577
8617
3888
7363
4014
2684
6978
3150
8025
298
5197
677
3422
7618
2693
3662
2079
6750
5955
9528
7834
5524
2612
7346
1853
4433
5573
1637
2355
4345
7579
2144
2350
4601
2534
9711
5491
2323
570
4949
293
5547
4482
7735
4516
789
6625
366
1653
3816
8385
8380
5169
1053
8122
5277
6899
1237
3292
4079
2461
7738
2893
3033
5664
2212
9746
4976
7490
3852
5997
8973
4007
2752
2430
3078
3030
2732
7719
7272
1744
5965
5018
97
251
8137
8010
2953
6837
5461
8240
3211
2492
2663
9272
5868
3035
5614
6746
3210
4645
7094
9626
891
343
6575
4312
2918
2353
7656
2188
6689
3614
8249
7828
4184
1704
2910
2057
1984
5028
4561
52
9373
6212
9849
7193
9750
1528
6277
6260
9954
8517
4498
1887
6549
6554
8979
8602
3429
1093
40
1369
5569
2894
6847
7527
2224
4025
726
2402
8621
9851
6067
4339
5631
1545
6471
3316
6714
1519
9561
4223
6247
358
1553
6626
5369
7673
289
8042
102
3730
2524
1715
2739
7469
2478
6329
3002
2460
3385
3536
2050
229
4808
8212
1609
5053
1686
3893
674
1163
2599
3598
2444
8354
1904
39
8008
9278
3666
6879
6690
9964
5254
9273
7200
8531
9751
2419
151
5362
4669
599
3336
6692
2271
4754
5188
4048
8341
3056
187
221
888
6088
4396
2082
3940
5152
5938
5791
2336
2563
5203
3658
2062
732
5355
584
5048
5488
33
9071
2045
1086
8185
2021
8953
4081
802
4475
1253
4528
9509
706
8289
9367
1742
6349
2501
3929
1861
9411
7887
4051
4206
8372
3232
2379
8253
4211
1411
3958
35
1323
491
7614
6942
5071
6474
9516
2852
1975
1698
2682
6475
707
3196
9845
5146
4589
6111
9636
9299
5650
1976
7326
7757
9062
1026
3910
6052
7771
3652
522
1331
9552
373
2384
126
8010
2057
5881
5054
9117
163
1481
9097
1622
5135
966
6293
8230
805
8946
237
7801
9093
1581
3703
5906
4159
9083
7376
170
4948
8316
8886
880
9571
5488
5662
3549
2991
9506
2149
2629
6352
2772
5553
5397
3697
9381
5130
4565
3538
8127
3008
760
6560
1982
8151
7718
3321
2303
7197
6394
4070
267
391
1067
2408
7663
585
478
9395
2686
7140
1702
6417
755
5902
7286
8543
3240
2626
8875
6011
1328
1647
1678
2825
727
3760
8534
5657
3097
7892
4733
7097
5283
94
1093
9667
6471
2104
2600
1457
1989
4050
9689
5728
282
7607
5855
7695
2199
6306
2311
842
5058
3769
6545
8114
8749
8686
1022
1996
582
2009
1262
1230
8236
500
8869
4101
7362
2066
9797
3260
2717
7928
6870
1631
265
6
7452
2006
1884
6421
1248
2635
938
8220
1895
6539
2953
2104
5842
7911
7287
3977
5368
976
8269
670
935
4922
900
2492
8023
3422
6144
4846
3219
2398
262
8142
4500
5166
2187
2543
8986
7969
1244
4664
4809
9519
1749
9748
2281
5426
9802
5625
2509
6441
496
2390
4589
551
9
1748
5485
8926
5047
1901
5639
1040
482
636
2732
3695
6210
6974
225
9874
2310
8466
5680
1303
2282
2843
9327
5779
5365
3426
3163
3324
4300
6770
2995
3098
2730
6668
4760
1288
6471
9977
2431
9789
5197
9050
5663
6945
1320
8566
4890
2301
1119
6868
8210
4506
5964
3638
2889
3896
9103
4026
6647
4631
5032
4878
9011
2180
4988
7665
676
1453
7900
5454
4354
1791
2087
2345
118
9868
9151
7197
4302
2241
2539
4515
3883
1807
177
8174
5811
2210
2961
3181
2824
4493
9550
2637
7951
8337
2297
855
6904
6604
3851
1264
1859
7707
2899
1366
1763
7480
1777
8242
6711
2078
5497
699
3023
8721
8281
744
624
4075
9540
9583
2103
4345
678
3165
6530
1321
3589
4232
2126
7819
346
5836
6798
9117
5553
4361
5750
399
2781
6389
2824
6171
7865
4878
3735
6357
7897
9440
4027
2062
3790
1034
5440
1220
1043
1664
8392
5633
1851
427
6634
9007
1081
1383
714
9580
7561
6983
8837
4839
2770
9059
1984
861
1574
5626
7435
8660
915
602
9646
720
5785
1043
2628
7747
946
8834
2400
3926
7959
2246
2968
1379
5081
1147
2080
1870
1556
9528
1090
9844
2798
225
1521
1706
3677
1684
6085
2405
6905
4367
3562
8285
714
3930
8480
9388
4955
6391
526
9130
3433
1606
5277
7279
1809
2155
6297
7979
2525
4169
7596
1764
949
2121
7398
5183
1873
6438
7722
7204
5228
9129
494
7735
8892
8012
3881
8909
9142
7084
8255
2329
9390
595
2722
9112
9471
4166
8457
815
3337
8781
2278
5312
8516
8004
5270
2514
6217
3443
928
8260
3988
4301
382
2971
2980
2424
266
203
8312
4678
6943
6588
2058
1472
7779
9354
533
6255
5052
3565
9219
346
4077
795
3820
4918
488
8606
9120
2603
2070
849
4492
3092
7331
2639
766
9238
5143
9996
6011
6734
7640
6951
28
5606
8995
1607
3442
2993
7798
334
3279
7730
3541
8592
5628
5403
9801
5875
873
2285
3586
8608
2316
4202
9606
1835
684
5165
1035
2315
7286
9066
1085
2149
2534
1776
5465
1249
903
5505
7044
1677
983
8257
3465
4675
2503
5788
2412
2131
1363
4441
3991
5241
4537
5649
5167
4868
2463
4325
9310
9553
3155
5749
9423
2892
8402
3400
6831
3077
1599
7643
8361
2895
2914
73
8254
2323
6214
8954
7224
8221
8358
6721
6818
7285
4206
8180
1669
9735
7543
8242
9111
6930
8904
178
14
3574
4343
9598
3280
897
5713
2579
5955
2975
4776
2554
7325
8706
7268
7748
9003
7616
272
5889
1672
6876
5873
6331
928
6412
8655
4788
2895
2505
5790
5713
4386
3337
9423
304
3839
6880
9400
1744
2017
2881
4628
8659
6173
5531
437
1569
3269
6831
6822
8879
8708
6216
2827
8429
1690
6854
9183
300
9196
7167
6574
5028
8230
5006
7824
1158
2552
1553
3080
2064
4612
30
8411
4277
839
2867
9236
6373
1414
533
6663
4502
1388
5870
9860
1057
2391
3939
4864
229
4326
165
5517
9061
4163
620
8852
5205
9537
9989
5916
9782
7023
1055
4421
7182
7910
853
3143
8077
49
8137
2510
4506
6487
6471
7733
9060
8400
5287
2085
7431
5145
2526
88
7005
7264
1438
9695
4597
5459
8383
5801
6635
6699
6272
8843
5314
45
5226
5911
1916
9951
2738
7730
2513
8562
1484
1476
3833
6480
4971
1292
9401
7353
4695
7554
7375
6771
5165
4366
8900
7060
2998
9370
5386
5251
3505
7445
8491
7691
7316
7261
1388
6057
9419
8044
1259
1005
2738
4856
5033
5856
6277
3583
1042
1664
6127
5620
8649
8853
4251
7528
608
6094
2934
4757
2584
9514
1504
3885
3937
127
2996
1181
5482
8532
2470
1525
1947
4997
9364
7612
3340
5443
6177
700
1902
4871
7404
6263
5857
6606
4833
1727
5804
3160
118
8835
5805
7721
995
9702
6284
1655
4794
4868
5271
3405
7109
6901
4888
2258
6089
984
457
8321
3622
8451
1696
9840
9176
194
7820
2821
6733
3572
1797
9402
7610
7214
880
2268
9156
3259
4801
5415
7010
2550
4557
4697
6056
5247
5036
587
3240
481
6349
8969
2311
522
9252
1689
454
6864
6088
1686
47
3083
6717
3740
7473
9769
4669
775
5142
3574
3405
6797
5074
8897
932
7824
8487
7234
4753
8330
1211
4818
4766
9851
1331
1256
803
4378
320
7221
4294
2613
262
2636
4390
3942
1194
9584
7816
2260
1797
4779
3414
5562
1717
1139
246
5131
7261
4178
6570
7139
5995
4210
3248
4834
7280
1814
8286
2411
7923
955
6035
3645
375
2491
523
2787
9271
1244
9227
8200
3944
596
3555
3724
798
1423
4904
1422
7218
2519
4896
6452
6413
3143
7596
1944
3204
1245
4452
6367
769
6491
1462
816
9834
6968
992
4662
6089
6368
1594
8703
2855
2635
7195
2134
714
4454
38
136
2413
8283
6017
7308
6889
6542
9102
4434
1368
6482
7756
4608
9206
3755
1750
3264
4535
6566
786
6203
6105
4248
343
6338
9019
387
9579
2194
8225
8144
100
9933
6115
8146
1917
236
1910
9130
8379
4187
7719
1281
1290
6042
6405
1412
6334
876
2355
4139
7830
2887
3842
3978
5745
6130
2137
2935
1650
3081
5686
9144
7802
3634
2515
5610
3696
134
8802
8836
1532
8311
5714
2815
27
5649
5613
9629
1200
2176
2094
2131
1922
738
2186
7855
8034
8974
8366
4479
7939
52
2758
5606
1346
8230
3312
7591
7092
4152
480
5094
1223
2547
9734
7844
1876
8960
1199
1776
5066
5380
2823
870
7507
6327
6856
9680
1235
986
5835
4341
8671
1673
228
7185
5494
3163
6658
592
780
1042
5466
8837
5605
7860
604
8250
6618
4812
4837
1026
3202
8397
9005
5803
9198
9532
3637
4754
3162
5215
3601
2492
8718
9821
3423
2271
6026
2043
4387
6242
2548
1811
2342
6971
3856
9376
9431
1031
5916
2592
1034
992
1902
535
5378
7498
3485
779
6679
7120
7123
6103
990
2961
2058
8624
8793
7993
6985
2643
315
1281
354
9071
5292
7905
8944
6387
2707
1074
1600
7760
2659
2315
8485
3562
4836
8875
7030
9335
4669
9552
2977
552
2724
3192
5612
9345
93
7452
6201
720
237
340
6799
7682
8566
8784
4857
641
1672
87
5674
791
9884
8850
2999
6169
7782
740
1135
6717
2949
6329
8847
5160
3794
221
937
2733
2209
3543
9763
5142
871
7638
9122
6877
2011
1019
3847
5287
4014
3196
9253
1005
1241
8713
339
8451
5539
6255
8982
3284
8639
7703
1110
2388
116
1730
1469
5616
4559
6843
7549
2756
912
2510
1971
5375
1074
1995
1951
5930
2168
5112
857
8263
864
8759
5366
5722
1411
935
3918
9939
7215
5426
2700
5457
4055
2229
3580
3657
7693
7722
7696
4580
8272
4947
4636
3501
1268
5069
703
2338
3959
5669
9180
209
7423
1816
9494
7463
682
3709
3937
896
6992
5518
2043
6214
8249
4109
5517
4774
9460
2522
9366
3026
7311
1758
6577
9360
939
628
3719
1209
250
2584
2023
3330
713
7745
2395
4549
6792
7567
4438
8153
1878
9970
6887
6205
7963
7647
7406
5725
3310
796
2742
5732
7137
406
3600
4367
6796
2269
4578
1699
7298
3165
7366
1889
601
9611
4767
3084
3453
8912
5461
2544
5851
3981
2173
3901
1500
2711
2307
3812
1054
4657
1800
4495
5010
7943
9980
3248
2849
618
649
1595
1629
5367
585
3463
2550
1982
1095
6094
8066
972
1686
2687
5722
5314
463
7469
5324
9818
7923
4120
9042
3892
1536
8046
2938
2067
6335
1277
1474
9510
3092
3912
698
3973
6179
8939
2088
929
4124
5243
1714
4862
5203
7745
9428
2168
8749
3706
7874
9071
1067
574
1983
5324
2443
2040
2143
69
3456
1508
7876
1515
1323
3057
1167
9942
4338
2514
344
1260
4858
180
7465
2341
2739
5721
6679
7017
6105
164
6803
5697
7020
7645
188
4510
8802
9062
298
7125
9541
1363
7330
9004
5783
371
8918
5529
4369
3403
4045
6520
3618
9191
3124
1998
1196
9634
8314
8301
2633
264
8983
41
4643
7583
4034
2983
5915
1389
1524
762
1898
517
706
2020
701
2415
1809
6405
2985
2424
9983
8990
3457
251
4660
7540
6586
1345
8003
3198
8399
7121
7734
3098
5734
8716
9495
6539
5642
2700
1925
3631
8010
9192
4477
4878
1331
4384
8624
592
4305
5414
7782
2453
1214
6562
15
3321
7857
4965
2249
8686
8313
6304
2827
2685
6733
2682
9848
4183
9805
1891
6817
6264
5525
9212
2412
6156
5657
1167
5652
4002
4323
4282
5433
2195
7520
4426
1882
3288
5834
1740
7625
6652
18
2019
8780
1743
5955
8901
9498
4717
9545
2027
5204
8784
3973
7421
9414
7640
979
4581
7339
2130
1971
4250
8227
6711
1261
5372
1105
6505
5983
9639
9064
1546
4946
6461
3790
1093
7418
5630
5682
7385
4262
4805
5304
9197
4759
6737
7683
2619
5623
6135
8407
2831
2527
8322
9816
4287
6821
618
6039
7157
3942
8233
1565
8261
21
7690
2512
6679
8721
3382
2942
5696
1614
5436
79
7866
2222
5092
7785
3120
3407
1503
8966
136
9736
2808
3923
3657
664
2784
5961
7313
9990
4878
5730
5956
4252
8991
4340
6796
3162
7037
4179
9135
8582
2240
3413
5802
2580
4792
7588
5435
4707
6052
9404
2138
8158
101
9868
7819
4751
4181
2126
8632
6282
5768
4990
5291
6612
7813
2357
7628
3155
3727
5129
4215
2104
5993
3935
841
2222
7627
3322
1827
8152
9311
1025
4812
3584
368
9801
8510
9301
4050
7771
656
5145
2113
5608
135
2627
8532
1624
4944
4046
6659
7126
7895
8444
4399
1193
1469
6649
6993
4051
6066
635
503
9885
2020
5389
9857
8707
3436
8321
8559
7051
5285
6313
5672
6683
1389
6083
2452
8123
2402
3060
9588
6040
4162
9354
7620
9482
5760
1530
1300
1670
7888
5601
5781
187
4447
5883
2591
7168
103
6842
3569
8868
2298
1395
2569
2908
5924
4553
7809
8111
1540
9298
2341
4398
213
3143
1686
9544
2438
9946
7805
8144
1299
1987
8223
3651
8958
2017
8675
3069
3694
919
6341
5808
6599
6643
5654
1810
6586
3872
2526
6000
724
7561
5296
6504
3040
849
7853
1338
7054
6848
1536
6562
3514
5288
7838
1207
3711
8149
5991
5424
6422
4869
6592
2438
2678
1242
9381
986
6014
3662
1459
947
8968
8999
6607
5020
7314
5594
4302
8512
8570
4599
3606
7319
1541
9254
1560
4709
3048
7748
8498
3310
9238
9559
968
9777
2912
3495
1512
9158
4528
1804
6391
3031
7641
4930
3270
8208
1971
462
6144
2215
5539
5731
138
6407
5597
3132
493
7989
895
7219
700
1406
1828
1349
281
817
4795
1868
4830
6820
2243
9967
503
2603
5995
4082
64
4395
2981
7858
9888
4525
1633
4651
6099
2648
4636
8250
956
6859
3537
4845
3177
8930
2620
393
5033
2244
8179
9477
954
8361
2481
5316
2200
8172
2874
2586
5077
4746
3990
2913
7266
9497
2882
7645
7000
4937
9115
5903
672
817
670
1844
1526
1750
8776
5101
2654
9956
3560
4071
9289
8236
68
1568
1285
225
5006
2923
6942
8784
5675
81
1408
4868
8725
6700
8898
3290
8226
6701
4290
1342
3288
5781
184
281
1723
7670
1976
9062
8265
811
2544
3733
1329
701
2782
8466
4237
3272
3133
570
4687
2073
5139
3126
5428
146
3925
5032
2664
6753
3387
3597
1326
4391
8603
529
1629
1322
2580
6657
7501
9500
9511
4974
1328
8480
7588
9047
7533
6456
3378
826
4709
7093
975
3204
1612
2021
9233
5846
4627
8717
2000
7491
6016
2819
5076
4102
1866
7542
7153
3517
4360
7343
6756
7677
3866
8928
1819
7338
1451
4407
9007
9278
7098
9900
2832
489
2079
2702
3573
5954
9518
7982
8328
3850
7534
3611
1208
2672
2841
1598
839
2402
1527
6189
1395
7628
4245
4331
8522
685
431
4761
3602
9545
5777
9041
7083
2346
2922
2744
7953
2237
9773
6492
1967
1015
7349
8431
853
3511
3694
7021
1241
9755
9568
5294
6620
6212
975
3525
2139
7360
9564
4264
5115
5315
2344
3027
4265
7060
3651
7339
4982
583
8271
7214
7741
5479
7582
9108
9474
6722
9541
1128
1830
1232
1403
1318
8932
408
5127
3606
9575
375
7997
9833
3751
345
8194
5219
1843
427
8895
4615
2289
772
451
4137
4631
1246
8236
4880
3074
5243
6996
9498
4065
2
605
36
2612
7268
2685
2695
4658
1960
5532
7497
3025
6752
7929
8942
6976
4694
106
6287
3577
2652
6667
9513
8551
8771
8907
9629
8209
7608
1415
1495
3569
4626
4805
156
8020
6673
2195
9936
8150
8028
7086
6221
5290
9487
7654
1308
985
3026
9390
2528
3092
1668
2597
6613
5106
9426
7071
1874
1973
2418
5182
1981
7364
1170
7811
5030
6059
6866
9881
5496
4972
944
2698
6848
683
801
4975
5985
4885
6100
3965
9866
8396
569
8833
5266
1300
2097
9798
7544
4780
3875
8360
5135
7691
9390
259
2648
5414
3396
4525
568
9739
3348
1995
389
7123
9609
6235
9369
6620
1041
3411
2229
7592
466
2997
8028
6596
2119
4804
7206
3110
9009
8043
629
8195
1018
7904
2882
6375
172
2590
7368
1230
504
2490
2501
1363
1061
3751
1643
1061
8663
5190
9251
2096
8068
6981
1244
7383
8512
2162
8838
1231
449
62
6396
2210
1474
7148
1298
4249
1172
335
9135
3448
717
2343
7950
710
9735
6869
9549
7244
1756
6350
1376
6637
4621
3115
579
1451
5039
7063
5053
6719
8131
8988
9686
1
922
1219
2580
417
3205
4462
131
1793
447
1013
7201
3012
1979
8144
2552
6660
5092
1829
4759
6485
8028
8002
6131
4577
1916
7054
5878
459
5878
8123
477
1526
447
6763
3286
4043
4210
8703
2882
3064
899
4134
2599
2194
2506
1632
1145
2201
4363
1682
2952
7459
5201
6975
5611
8407
3044
328
5975
3887
9288
5041
2541
8140
8645
4479
8439
364
6662
2762
6463
2047
4199
9697
8365
7197
1624
127
7903
1983
7
1082
5860
1453
6946
4109
6695
9808
7068
9144
4650
1744
5087
3288
6198
3655
5027
1251
9410
2402
8634
5082
2678
7693
9982
5281
1654
5801
6946
691
2600
9989
3381
4795
1849
907
4132
509
848
7047
9083
1933
4146
9321
67
5143
1735
6051
8327
784
4976
4780
1031
8373
5417
350
1567
9117
4265
3569
7210
9120
4331
952
6118
8234
107
1571
466
2194
6089
849
635
6721
287
5217
9387
4392
8759
231
2016
1904
1320
4375
5888
1313
8535
5591
1493
9022
7108
4905
5694
1653
446
2716
8004
9167
3814
4213
5250
506
400
3340
5250
6652
127
4108
2736
3555
5131
3560
493
1323
9268
1372
7011
4088
5200
7620
8744
3466
4027
9227
9569
7094
9324
1106
8044
480
4204
3968
7852
10000
1083
9100
2903
4458
1539
2921
939
9419
9741
2035
7367
870
7051
7567
2096
5616
1317
8631
4286
3271
6276
9265
539
4685
7598
6114
2749
183
3740
989
476
8431
6465
6873
22
9053
5330
2954
4884
9214
2501
6876
993
1964
7540
1469
617
3556
2103
6685
2770
8851
1453
1057
5913
701
1221
1894
4023
1403
8470
5977
6453
3356
361
5099
2247
3408
2479
7755
1056
7202
7111
700
3413
6675
1016
1495
8703
4301
8275
2302
6359
1265
2858
6723
8593
1863
6113
5058
1280
6855
7375
2939
884
8304
383
9144
9966
8382
5842
9712
6011
3617
2
8587
5882
9426
2398
14
7020
1278
4332
8462
2602
6699
8433
3393
4312
4683
274
854
383
9904
6843
4726
5531
5537
7928
5772
1718
2713
151
8995
4664
5724
6922
4244
6106
4230
4015
6532
1831
8355
3037
4009
9329
920
2464
7039
1641
8884
1672
2514
6411
9037
2374
6439
3926
6060
9885
4208
791
7501
311
9086
9236
8467
1879
2135
3771
8515
2833
5570
2236
900
941
5779
5284
7588
472
1415
1979
5688
4825
1907
891
9563
9643
2020
730
5139
9700
3367
2453
8958
8631
6775
7543
6586
7140
7063
2249
2062
462
4960
2928
1319
2854
9241
1195
5474
1557
3587
2326
5059
8042
593
1804
2972
8958
5957
7908
1251
6312
6329
125
2890
2061
9401
5765
8027
1523
7347
2421
1481
8685
5845
1433
5219
4608
2319
7005
5710
2227
3927
2512
8458
5124
2592
1873
4813
806
3283
5784
9905
2448
7572
1975
8517
9431
373
149
5003
9347
7175
559
9555
8393
9914
8114
6948
8591
9870
6339
73
4690
593
2435
6086
3664
554
4744
1284
7548
5106
4754
9813
4625
9563
8150
4648
2503
889
4248
8468
8710
3194
5975
8661
3414
9402
6161
2352
9918
909
4807
7171
4735
3346
7594
6879
2277
9593
1568
3703
3419
7553
3572
1194
2089
6165
9717
7976
2154
5453
5501
5342
8743
6213
606
764
2220
2619
1600
1548
259
4151
7232
3488
3854
4199
9081
1275
7837
1745
1657
5744
1124
5589
1063
8532
6170
5408
6959
2020
2196
1878
8655
6818
6829
6736
2193
1244
2392
1185
6055
5093
6781
5233
7649
634
9885
1239
8058
5689
1005
3214
1831
3432
4184
7489
6121
9517
8160
541
7669
6477
8318
1291
1288
55
4146
2194
8341
7836
7214
4504
3980
577
5963
3959
1017
8102
6366
8631
1284
3560
3472
9895
9829
3445
1818
3782
5997
6107
8672
3450
5031
5103
847
2599
2105
6485
2891
6946
2453
7863
1844
2522
2664
4326
9783
2588
2570
2207
5948
5553
1117
1541
5180
4610
8136
4814
7891
2131
780
3468
3811
8477
2501
5072
4757
8020
8822
3506
3522
2280
3331
9299
3319
6794
2228
8639
8477
7547
2931
9917
1453
7263
7217
547
2631
7114
5686
6160
904
6919
3390
6561
709
9658
1694
378
720
5847
8572
24
286
3649
7280
9707
1610
1121
1155
7316
1599
2187
2999
3317
4815
9561
7605
1939
2287
6849
5102
9517
4006
4136
9578
3556
5815
9662
1734
8435
2989
4920
263
3678
5690
8960
1529
7298
5803
5387
9703
5660
8669
6789
4591
6848
6433
4324
3137
9637
5463
1897
3747
3746
511
318
7930
1358
2775
3616
2663
709
1521
4622
3935
845
6026
286
8052
9877
7917
2781
4784
474
1287
1327
1507
7305
7524
3974
4735
8005
3433
1087
8204
8356
2850
5310
2628
8377
7322
6343
9272
4853
2617
7651
6925
6641
5849
9395
2504
362
1847
7039
614
9009
1022
9941
6760
2131
7769
8717
8920
5672
4028
6357
3207
2445
6387
9505
688
1756
3447
4060
31
2574
8280
11
2169
3210
3500
2214
2527
2327
6134
5210
4244
8304
4287
6457
4285
8364
5963
4831
574
7242
3338
7628
6533
5763
8362
1074
9194
5673
633
5445
2634
8999
2389
2728
967
3141
5582
1602
2208
6166
6720
7650
8321
1376
1931
8873
5526
918
1070
1905
6354
1583
1241
6223
1347
7646
3423
7034
824
1982
7687
3339
6748
8838
702
1192
9157
6056
2484
109
4851
160
6957
9734
5558
7215
2418
4875
8376
7071
1169
7313
9573
3538
5874
3156
1091
2553
859
7705
9389
6807
8903
7511
8491
1925
1910
5813
936
4780
2855
7215
209
7709
7602
1206
4267
1837
8646
1842
4416
1976
4507
7265
8081
9450
9163
3606
4597
5590
7367
5666
7703
3297
9603
4657
434
3214
6582
7545
6104
6409
6368
6562
17
95
8523
1299
1124
4473
8358
5791
9971
383
2268
2987
8091
1632
8527
5209
8206
5924
4281
7860
2475
2285
6133
3933
1598
2776
2694
3419
4525
6774
3720
4250
5225
2665
9761
846
7342
8614
2030
721
2284
4923
6455
1785
3121
2199
705
7001
7474
6136
3111
6250
7719
4397
1392
3129
1276
8567
96
1011
1660
7678
9398
7780
7700
9706
1525
8467
2493
3726
1161
9271
6112
6113
7533
4272
5050
940
2402
7709
1644
1161
1711
6108
8570
704
1008
2491
1389
8134
1579
8444
276
7958
6144
7106
4057
9565
376
6087
6224
778
6569
3765
7129
1292
7847
1608
1353
1912
2402
5755
6408
1054
6403
3252
7471
2071
9928
1960
1367
4141
1805
9915
7032
2419
493
3586
7363
1238
1336
8947
9303
2240
1799
6230
5755
1217
4381
2734
6811
673
4986
957
4967
8226
9854
2342
9698
2572
3063
109
9856
7140
80
166
3120
9079
1708
1034
2659
550
247
64
9803
9318
1422
2847
3332
3468
1528
8196
4564
1518
2695
8361
1445
204
2136
287
8885
5018
4642
735
9186
34
3118
4489
8102
8512
1135
191
8678
9502
1415
1300
5865
6426
3797
9498
5944
6274
1085
3555
7823
245
4620
1641
1943
2404
3497
5603
5974
6486
2685
1798
901
848
7802
4248
1600
1736
5615
5962
3364
4153
8260
9531
6758
7777
8308
6222
3362
217
3963
7687
5394
5860
880
6932
9016
2593
6057
1821
3031
24
2409
952
1294
2727
7361
5824
1606
8511
245
182
6643
3980
4370
472
1818
785
5361
2755
103
8240
6771
2773
6153
4398
4321
4532
1664
894
2109
1313
6661
2951
6645
7249
341
1167
727
4438
645
8385
6681
1612
2123
5282
7977
7623
5978
7140
3622
5762
4367
1161
5232
7075
101
5104
7107
7197
871
8079
3059
1467
4597
3026
8189
9433
1702
2317
8709
8624
7900
8590
2067
4238
2633
5009
9189
7791
1474
1731
5547
6068
3570
4926
5240
1100
1781
4253
9663
6317
9602
4509
3246
8512
1874
567
3625
8708
3785
1914
6755
9164
1563
622
105
7914
5742
2465
1048
1093
8908
3718
1848
9723
1580
7830
1799
6968
4093
4092
3435
1268
8973
5667
8888
6457
1890
3573
3326
4910
1444
815
7721
1211
3719
3011
2757
7714
7176
2074
5713
962
1707
3762
9795
8646
7008
3291
5617
1809
9
2842
898
7298
7613
4918
3608
2622
875
7075
395
3099
1518
4996
9105
4937
3754
1961
239
115
170
7850
5508
5844
6139
8497
9383
9978
9384
9845
3745
4360
3626
2990
5545
7640
600
7983
8438
4875
5128
4837
17
9735
4528
5554
5810
3822
2182
7948
6560
4051
4412
9984
167
5787
4065
6057
7162
5023
221
3912
6174
5611
3581
8525
1896
1395
3935
5700
3517
9921
6544
6601
2873
966
210
8703
7381
4657
1291
5708
9516
2618
507
2727
8537
8626
179
550
707
2016
247
8738
7533
2626
4106
6641
2731
5658
6655
1265
7455
6717
9852
6370
5136
7110
281
3013
3534
4780
26
3190
2397
5840
9338
8219
2395
2738
6479
350
3087
1646
9404
981
4330
8544
7799
8804
4617
8914
424
8523
9675
5827
5377
6887
5064
937
7381
7704
3097
7603
9104
2608
9519
671
9940
6479
8166
9812
6090
2569
6689
3241
1317
6892
3244
1521
1792
5211
5143
3817
7183
905
8068
2831
3515
4104
3644
9387
1654
8821
7835
1554
368
2147
1748
6524
3330
9884
4149
7612
2204
5820
9393
1345
4361
7840
5594
5790
9878
7566
2927
1007
2555
4202
2401
9384
255
6532
2886
6321
6935
290
8622
6669
2969
1497
5448
1441
5272
3162
6048
1683
847
1923
7340
9143
592
311
7342
8893
2089
3542
7607
6994
1379
378
1553
7685
4423
7594
4120
5299
3505
3928
6506
5233
7182
1846
769
5927
9681
8932
2506
8119
6407
6967
5988
5036
8520
8681
4619
8917
648
5080
7081
744
2181
9935
2868
6012
440
3276
8639
1276
3629
3899
7176
1136
582
357
8887
176
5219
2159
5746
1848
573
5775
6291
1593
4160
4145
2671
4496
4020
7330
270
5389
996
2309
38
7657
30
7
4290
1667
8783
6726
3725
521
6349
8460
9235
3021
9766
5700
3691
2820
635
7438
225
8312
4452
1316
6913
340
4561
9705
2651
9281
7543
3770
4162
1987
6047
1247
9945
814
4130
6817
3890
3901
488
788
5035
1277
2116
1997
6144
2587
9479
1490
8027
8850
5550
4395
166
8942
7461
357
5195
6643
5228
8467
6507
4448
8644
3662
5498
9990
9580
931
2815
1273
1841
1778
7771
7632
8581
6908
311
2190
7292
7263
9250
9326
2820
5469
9895
8865
5212
1707
2658
9685
7731
141
2984
5498
6337
8187
9105
1861
8726
952
7517
1477
4848
773
2712
2759
6386
351
806
1508
5391
4528
8942
2783
3613
6212
8203
1987
1434
6616
5294
6485
4121
5947
1381
1672
7714
1728
2706
7087
4375
6643
2423
9428
6779
2446
6153
5966
268
5658
1354
9262
5161
89
411
3669
6196
8950
1837
2437
7052
2210
2674
3111
981
9864
6891
53
4191
2692
9270
2193
8554
7359
4893
2291
7738
9147
9883
6256
3124
2985
8619
3658
8052
3961
754
1650
6349
8361
4950
1477
1347
9887
9865
4263
8577
6520
4877
6562
2784
991
21
1693
9735
338
8638
8839
7897
255
5007
5085
2590
5904
3900
4509
6644
419
856
5026
769
8717
1865
2622
910
1483
5718
9864
6388
7370
2582
6606
6106
2507
9977
5970
1135
707
7535
93
8555
3891
8129
2548
5520
4810
3143
6643
817
5246
2626
4557
8139
463
6018
9934
692
5868
4583
1234
8641
45
4654
9964
4072
152
2407
3394
6898
412
105
1447
8314
4143
4108
3960
2452
7983
9700
6494
3289
7429
7937
694
3585
5347
1015
6311
1240
646
128
6627
4952
3474
380
8666
4961
4520
1612
969
375
9288
5044
3309
1373
6605
9888
6036
3141
1588
8796
2746
5134
221
6275
5290
1453
1287
5105
5201
404
6635
8748
3983
7978
2763
6458
6346
7119
5998
8443
922
2432
5050
2916
3869
4766
5606
9611
2417
2085
1379
5831
160
7499
2853
4326
9887
832
3033
3942
596
1635
4441
628
940
8530
2610
6987
4421
7254
946
6478
1349
9323
7772
8936
5688
8357
2507
6740
9205
4704
995
845
9574
4360
1580
5331
2956
6202
5980
5058
9802
1213
7884
2507
3767
6635
63
5182
2086
2143
4463
8617
1099
4813
2643
5716
811
7608
3582
2996
6662
8398
6430
1284
6837
8057
5870
6317
9901
9554
2351
8919
7901
3781
2282
6617
6724
9831
2826
9958
145
8630
3146
7724
7654
6354
4448
6048
127
815
432
3888
1982
7014
8795
6472
6643
5469
6690
2572
3046
2092
545
2339
8817
1287
8929
685
2699
1042
8188
6574
1652
4685
5099
1510
8189
3373
4144
1829
596
6341
7864
3185
6521
6383
7088
5901
1466
7366
3744
4878
7182
8707
259
5069
7022
4040
6146
7288
4280
708
1321
3229
8499
5585
1628
4887
1277
1752
6753
5131
1434
911
3892
2915
6856
8786
9898
3708
9855
1820
5477
3335
2963
6268
132
4265
4767
9652
5464
6198
3743
5717
9758
2761
5891
2199
1075
2084
6246
6587
5179
2666
695
1318
6329
4423
8201
2950
3693
8671
5376
9739
7360
3538
9033
8097
7335
6195
3145
1331
2682
9275
7530
2168
8910
2650
4050
999
7752
8355
2760
9423
210
1318
6978
9955
8958
1784
8225
6824
2831
4206
3198
4859
2545
7634
8197
3964
743
63
1027
3417
6804
8340
1775
9853
1016
5020
2035
5757
4709
4447
4004
3786
2228
1552
2194
9278
4298
2864
1526
329
8492
6669
3510
2048
3981
3265
4661
8387
7770
4186
7835
2017
3866
4535
6777
536
7259
9397
6691
8606
6497
427
6264
9652
2258
7830
8801
107
3609
6551
6869
9845
9742
1526
2573
708
587
1862
7855
9564
4764
9816
9062
7135
8642
24
2525
7967
7352
2714
934
7280
9170
6326
1049
682
8155
2663
9801
3335
2415
2755
2706
8194
6293
1651
4431
8607
2786
351
1368
2148
2140
7316
747
545
9114
2468
5940
9579
7185
6550
5463
6814
1988
1492
9565
812
8420
7033
7036
2681
2213
5179
4422
7418
1921
7322
1968
3578
4206
7740
5722
5535
3724
7221
5008
682
292
549
869
9255
2240
4356
9818
605
4010
3534
8881
2135
6675
3793
7366
229
472
3016
4328
8773
3815
3459
5849
1817
5509
236
5600
5572
7405
7473
8976
7750
3164
2268
5324
2858
5883
5285
5788
9356
1970
1083
4057
5956
6131
442
3726
2602
4458
9252
1665
2728
1517
9626
48
4061
6093
8898
8143
1790
7246
5124
5859
317
215
5591
9774
8233
1070
4837
9536
7657
2399
6563
4318
8328
650
1884
9596
313
1877
5127
9837
8973
6925
5553
6325
7699
1328
4743
7420
5701
4140
2929
2175
5314
9906
568
8850
1377
1406
8686
9471
1875
7802
7886
3048
8987
3682
4898
9003
8416
7471
1204
4704
877
7056
5616
8039
1897
8088
5347
8900
8033
4096
2753
2224
6975
2195
4447
1348
1330
84
9906
7319
9505
6654
3991
3330
4120
9327
1965
4814
3088
9186
8010
9057
3792
6813
3302
3568
4182
4744
9310
509
8727
3774
1104
1910
9601
4076
2091
4053
9757
8185
3454
3640
8106
4463
3137
7934
4660
5743
1913
4912
5049
6471
2621
9848
2284
3450
563
4603
4915
5645
720
4338
1410
9423
4661
3861
1383
219
2796
6853
5830
9141
1690
6781
838
9945
6311
1032
5224
36
3742
3255
8909
277
5908
958
7371
9344
2933
6142
7288
9404
228
4934
1691
2412
4742
602
5057
9563
7942
7622
7940
7034
7146
5630
3692
6079
5522
6490
2409
604
1091
1583
3813
292
1466
5965
2048
9226
1647
3730
90
605
6737
5478
7157
9230
74
1380
8950
5309
7168
2870
8162
9
1465
2388
5492
1822
9335
7865
3734
2026
5009
3242
4510
7707
2213
2604
235
5709
4287
8989
2181
5338
2939
7139
6315
1483
1260
9815
9753
6635
8373
7093
548
2387
3699
2568
7896
7629
1809
5641
4226
5703
1183
1062
4105
9683
9323
1072
592
3764
4136
1320
780
8425
9790
6955
9655
8666
9075
4538
1460
1452
477
657
8372
2550
5832
4991
5391
5457
790
1706
2598
8157
9944
2245
5776
4884
9465
2965
998
9010
3588
3437
7647
3429
2029
4423
4112
4329
8932
4732
900
6413
1723
9153
8585
5059
8963
9025
8067
6001
7917
400
6779
3796
1790
3480
2764
3477
5862
9570
249
1124
5210
4128
1195
8178
7129
1496
1371
968
889
1179
6027
2433
7550
9564
7360
5770
8830
1819
8842
3165
4787
2996
3912
2145
9103
8589
3913
1599
2760
9102
7420
5966
6209
7197
8851
3707
7408
5999
6802
5142
9646
6920
2098
3638
5481
1337
5610
9482
4109
4893
6232
3411
7850
7692
354
5087
1664
880
6425
6892
5430
9472
9737
3451
5668
2523
1928
8084
2384
3739
2220
4053
70
1062
4438
3948
1298
8083
7938
2291
2587
6487
6060
881
6284
9615
6152
9620
6666
2506
4805
1262
7403
9987
6407
6914
2843
6063
1813
2584
896
1928
1426
4498
1675
6032
2264
7726
3515
334
5393
3706
9459
1976
2507
3984
291
5292
3326
7864
5937
3395
9160
4293
5994
2412
5856
9274
4395
8789
2720
7219
39
1939
1905
3920
8612
4796
2098
838
5491
5560
1006
5591
87
3460
2589
2629
3862
2001
5883
4293
3189
9557
5189
897
4019
5444
5721
1337
8863
7747
1700
1796
7935
365
1414
9356
9675
6399
526
651
3314
3681
7024
4929
1714
169
6154
2699
2011
7361
1510
4033
5065
304
5898
898
3606
1938
7326
735
4954
530
4163
3803
3726
7968
337
2956
3828
2137
2501
3270
1334
3256
9377
3822
8988
6354
5882
7107
8012
2506
4347
1795
2850
2739
5418
6680
9619
1681
3974
4044
491
809
60
7757
7581
9668
6571
7527
1915
440
5804
6301
3217
5299
5976
3965
1195
6807
7287
6445
6162
1675
3279
4649
6945
4504
5184
1070
6233
4152
949
9132
8997
32
467
6912
690
81
7223
2693
2183
6461
1052
3321
5360
7753
1183
462
2269
9634
4244
1101
7312
9863
875
3076
3444
4848
2228
8400
357
5759
1691
7283
337
2960
6531
494
8037
752
3088
5969
287
6957
4458
2178
711
5489
4105
2482
1839
9015
7933
7437
2278
5161
8921
4384
7561
8038
9182
4499
2691
9837
2678
6607
4555
429
4992
2000
7330
152
9707
2749
6524
9230
9540
6688
481
308
2003
8135
355
4148
5130
3313
6725
891
8415
3763
1911
8884
1504
6702
481
6649
3015
8627
1859
5526
2661
893
2833
3682
3538
5258
5829
3896
8175
2170
9667
938
9650
4061
3966
5835
8208
2564
6279
64
9573
1526
6519
1038
1963
8313
946
3389
4847
1690
8810
5710
1945
906
5362
6436
3023
9129
547
9349
5075
5447
1524
270
5502
3080
3463
9894
6845
527
358
9857
1824
337
8812
3168
4452
4140
3381
6942
5707
4794
7664
687
851
1746
2936
4905
8582
2352
428
7295
7785
6546
7571
6420
4466
367
4279
5454
4608
1277
2168
8840
8286
7983
5331
2783
2929
7729
2581
2827
641
6526
9794
1774
4687
9090
8419
805
1554
9745
7100
8280
9446
9765
5874
8899
6196
3452
6487
7720
6842
5916
3174
812
4052
2896
5555
2408
6955
1360
1596
7315
1143
6122
3975
2535
9888
8409
7405
4485
8027
2299
2358
5102
502
898
2763
1383
4027
2218
332
6912
13
3229
5864
970
6200
7572
837
6171
6153
1583
7267
2547
2395
2408
9158
2612
192
8386
6512
1515
535
599
2644
2162
2527
4483
5590
9
514
9964
701
2092
3427
1795
6516
2495
9959
684
2702
454
5749
917
2987
358
7085
2095
3401
484
4936
6439
8912
6102
8065
7586
6273
6118
7160
1025
2731
603
188
6811
1593
102
3687
3400
6902
8910
834
2201
4552
480
3798
622
2116
7803
6060
4247
7701
6887
9053
1488
507
7674
1582
4079
1732
5225
8874
2534
6351
391
1269
766
5471
3860
1289
1333
5346
4488
2490
1035
7194
2014
3954
3456
7330
5043
7675
284
4930
1392
4779
6720
9281
9822
1267
6023
7681
5526
4972
2519
4109
764
1189
2193
8382
6830
8507
3150
8433
4905
6095
2924
6078
1371
7174
3681
9565
226
1204
5041
2602
1354
5480
3000
418
3065
5459
1713
9123
3606
5594
5994
7454
3863
6597
6573
9308
3020
1500
6849
3771
5526
6507
8725
6824
5410
5540
1530
779
8431
671
175
5639
7438
4585
6518
1186
2089
5531
1804
1235
2127
2005
8415
8856
2169
6120
35
1871
2516
971
7459
9994
8646
2267
1647
4165
2595
8442
5977
1194
3365
3781
5231
6366
3618
5596
8378
4346
4034
3782
359
9366
1533
4478
7795
1811
1681
2072
5537
4339
419
8748
8746
3990
7958
2191
8320
5770
876
3627
3021
7582
6728
7455
2105
1752
7183
372
9480
6449
2969
8959
8272
7974
1106
2709
9832
8075
8739
3218
6681
2381
672
3960
3214
1971
2379
3253
9426
1182
9813
8915
1874
2207
8851
593
7815
8938
5963
846
6695
2304
4363
1787
1549
1689
2381
8167
7250
8720
3195
5831
3898
9077
526
4102
9341
2876
4990
4404
9066
7355
6738
4952
3248
1126
2524
8549
7262
1407
1101
4544
5635
509
6143
9446
6853
9786
1263
680
1511
2018
776
4340
1032
9379
2251
3971
2632
6667
5796
6576
8164
3114
2302
752
9357
4184
1936
3123
467
5584
1522
4589
3409
7923
397
1089
430
6176
3143
5681
2817
1092
6899
684
1517
5649
6954
2253
1804
2624
8971
1621
1060
225
463
2631
5621
3954
6499
5332
4278
2532
4991
1411
5867
2424
1675
9564
888
2179
7782
3134
104
1791
9438
4959
6671
419
3526
6647
2602
7231
3907
3373
1682
2328
5726
5267
4493
9563
9785
8173
8953
722
7053
3800
358
5685
3157
2455
242
9288
7192
6899
3812
3755
4902
7534
164
5333
6934
1506
8452
1815
8635
7644
3550
470
3141
3403
4399
3926
6769
8329
4343
3266
6562
613
206
7634
6012
5506
7337
2573
9463
8137
3116
4882
5025
9697
8028
2204
9922
5722
5338
3200
872
6696
9124
7576
3834
7385
5266
2689
4883
1695
8182
5150
5687
9072
2999
9223
7278
4734
6134
8341
8757
3607
5929
6858
2936
1953
6935
4726
1313
9315
9690
3704
801
6478
9396
6738
9477
385
8523
816
1249
6152
558
7066
4375
3698
2299
5193
6452
4313
1245
9240
4255
137
1667
2394
4224
1260
5918
2290
7713
6840
4966
4962
7235
4919
1539
8458
2287
5651
6041
8766
7158
3259
6682
3283
4179
7379
3170
5783
5487
5926
9637
5328
1212
5682
8482
9696
5877
2081
3597
7871
4561
3984
7835
4105
4207
1925
2314
2349
558
7550
2252
8018
8060
9327
6879
3775
6140
3067
9413
543
2206
4942
5101
1303
959
5498
3262
9051
4574
4271
2009
7379
2320
6499
9229
4817
7153
1092
3603
961
364
4993
2034
3844
1862
1580
6599
3154
5666
2080
6329
1760
2421
413
7607
4801
4314
4911
4399
7947
6689
7962
12
4131
289
2968
8820
3510
1199
7992
5169
1483
1091
8016
4527
2538
7876
9231
6407
5146
419
270
5194
2741
575
1670
3950
2567
1994
3139
1787
8721
2758
4203
7117
555
2786
7577
2251
3152
8404
9120
6368
2983
8199
3957
4846
1418
630
699
1990
6414
9665
4620
1548
8877
6336
6195
1574
8754
8674
3936
8526
908
248
6026
5186
2016
5731
7339
6669
7733
4984
8478
4438
4699
4928
1283
9607
534
3289
6390
5861
8258
4921
2179
9672
9992
8005
3453
7516
2155
6161
9422
1982
6128
6318
2910
8439
2991
4532
9338
6248
2267
2382
3757
1740
7745
596
234
9694
4780
1476
4861
9474
6625
6547
8358
9815
759
9105
2123
3926
4501
1282
9015
1026
1493
2286
3554
1742
892
1733
6254
2845
7264
674
1861
221
3406
9539
4942
6431
9016
7742
2181
5578
2099
8209
5872
3730
1349
1793
98
3610
1104
4173
6030
499
7906
9171
8633
4024
7773
6598
9131
5345
2550
2395
1673
8010
7612
4927
9606
8178
1891
1565
8105
340
5438
8594
3032
4673
7424
6217
8961
3429
8507
5515
5552
6744
1762
4913
6979
3157
4799
2762
6314
1371
3447
1477
3000
4528
930
482
1257
9262
8610
6588
1600
2278
6511
2462
985
4634
6727
1153
2268
6426
4069
9302
3796
4842
6012
1620
461
1071
8837
1642
1748
7285
6301
9839
390
2613
1336
468
6998
5514
4337
6147
6382
2266
887
3413
6473
7108
2499
5075
5561
2466
852
5600
9808
8610
4629
3858
3579
7583
3100
5199
9444
947
8481
2505
2079
4691
8683
7993
7820
4270
9090
506
4319
6298
483
4536
6305
1560
3474
3382
5299
2068
3793
2259
2700
3367
7081
353
3868
4864
6504
8705
1774
6193
3908
2488
1046
1074
8522
5648
3722
8834
81
6858
2027
8250
7388
522
5654
6195
7705
1169
9923
9807
8001
7675
7186
5936
6625
3999
9787
8499
4308
742
6713
8359
9236
4199
3957
9957
9988
395
1363
1249
1082
2086
2569
4356
1093
6612
6995
6246
1502
4928
9852
9202
459
6318
807
9109
3071
142
6240
5366
7475
3207
4002
4283
4906
4504
6692
3594
7916
4214
4705
7825
2413
7241
990
3202
5737
5823
1167
7390
9437
3609
6428
7834
2797
5969
3944
7183
6194
1063
116
8526
550
5773
45
9542
5146
4437
4347
7657
6255
5158
538
841
9892
7535
3257
6790
95
7251
1842
5102
2631
3089
8500
1167
6811
2191
2570
3189
7852
438
284
626
9307
1425
8546
8447
5212
9194
8467
2932
1888
1827
8492
6850
4827
3402
77
8416
351
3301
2756
2532
4941
3412
3074
2550
8941
3857
5491
8899
2631
4400
3766
6672
338
1991
6042
4047
3085
3661
2577
9802
8046
3369
3787
8370
615
9442
1378
318
7330
4162
3246
5394
2302
7078
1903
7688
266
3150
1582
347
8910
6013
7858
2313
8701
1547
1903
896
1596
2421
3891
6526
6424
5005
7245
3893
3377
1651
769
6036
6498
6095
8246
9843
7851
5219
8716
1871
9277
8330
8082
9545
6087
2503
8015
5560
8566
5776
3861
5046
8013
6984
4362
6489
2300
2500
9756
1710
5791
8485
1076
5280
6258
8674
2756
769
6807
1427
5399
1044
9100
2672
2295
7235
7351
3553
7199
4007
8743
2611
9718
8523
7213
258
9634
5428
3890
9406
2275
7789
6028
8093
7104
4591
1358
6486
4613
2864
2649
1752
1350
9033
7505
2763
4359
5668
1384
247
6529
1431
8214
8829
7340
4854
1274
374
4560
4200
4048
8109
9653
656
6047
19
109
8393
2250
2963
10
1259
7115
8113
2415
3725
2434
1264
2774
8592
660
596
7397
139
604
4512
5723
6304
1595
4100
3215
8781
3037
1545
1274
6519
1597
3507
563
6228
5731
2081
5215
5351
2965
7651
8125
9186
6470
1384
6110
5729
8675
599
9354
4145
4177
7529
1165
3876
7831
655
6120
3032
2996
3195
2125
1380
1157
4723
2622
2758
8768
8360
9322
509
9517
1671
9993
3542
4072
9641
3000
1067
9946
6594
6692
1525
4605
9055
5563
5602
7897
1723
5776
403
6234
7085
22
1684
5287
2294
5187
2237
8500
2397
7027
3609
8814
1170
8745
1097
9871
332
3210
9041
17
5670
155
8238
4966
6342
3644
7194
9026
2088
1134
2230
6938
3316
8381
908
4512
715
3609
9568
1179
2571
327
3022
9454
1311
4323
7453
3138
6601
1040
6639
2692
6317
9705
2597
214
1659
2971
4159
8417
4524
7600
2201
6700
2538
683
8501
8678
9705
2455
4768
464
571
7877
5862
8295
4183
355
4386
553
6601
4684
1299
5562
3953
8982
8038
2710
6117
9466
5212
9822
8731
5318
1892
7285
8709
1538
5414
3122
5908
9979
4685
2947
4161
4575
5210
5982
1569
5214
3268
670
4564
6872
1957
6
6453
6377
8641
2220
8604
6355
3336
779
8573
2592
5230
2332
3567
94
1334
6972
136
6409
2345
8805
6121
4741
1182
1421
2180
956
585
2215
797
5935
1816
134
325
9495
8081
5919
4085
2464
248
4326
2078
8000
1264
125
4930
1098
1924
378
5657
3959
4832
6677
8073
4468
4336
7306
1655
8856
7947
1322
7861
5799
4525
9374
4539
4096
2383
91
5309
9449
876
48
9735
1039
4161
6353
6687
7656
2638
1752
4371
8528
9881
1553
2181
976
5027
1824
2562
2164
2079
468
7152
458
3525
6647
4988
8979
5461
6723
1096
4564
2707
265
8955
422
442
4108
4980
7415
6612
6056
3404
5225
7580
8593
5633
1554
4050
9719
1633
5056
2065
7837
6146
5035
5466
1900
4496
8335
6345
4147
815
5131
906
3847
1317
1313
4517
1127
4793
1911
4010
982
4043
8381
3138
7597
2742
3558
9235
3988
821
6450
7635
6247
4568
9190
1265
1632
5581
3862
9186
867
7146
6836
7670
3454
856
6385
5909
2554
4418
9989
3738
779
1739
8772
9649
8538
1786
2706
1616
1423
7950
4477
2581
397
984
8178
5048
5073
9393
948
487
5560
546
2665
8404
4476
7479
9232
3736
5408
9930
554
6199
7953
7168
6390
9793
3263
938
315
9263
4307
6065
3723
6873
2394
4507
2855
7969
769
5069
4193
1877
6011
317
3968
5542
1619
1841
9896
7762
6878
713
6410
2241
1560
6871
5975
4139
8265
7860
5003
3447
8713
5140
2455
7306
1748
7560
6910
4393
2762
383
7412
2862
179
776
2164
4729
7851
5998
402
106
8797
2229
2128
5274
6157
5379
419
5608
7438
9053
986
6949
4500
9313
6454
1323
5376
3110
6863
2949
6117
8330
869
2542
7901
7844
7033
5875
1632
6170
4755
8009
402
4954
6178
1913
4554
5857
4597
5006
2086
8799
8081
4044
9791
2414
2416
3197
2072
4673
4830
1005
6924
536
9579
7901
9180
9693
2892
7626
7979
1034
641
8300
2809
969
1562
1982
1648
6693
8126
5493
918
7456
6166
7750
3728
2438
6259
608
5272
4604
2999
1901
7826
1090
6705
1039
8664
571
717
7368
163
665
2203
1220
4538
4610
9649
632
9535
7672
1544
5351
4521
3164
723
9819
3715
9837
1404
832
1347
273
6387
6008
4194
1007
2924
6418
2879
805
492
1220
776
7599
8324
9370
4282
9049
7401
7925
9628
8274
7372
7978
8122
2902
63
3504
3709
3696
3903
9025
8546
2363
1140
6904
7956
5465
2598
6376
4048
8499
3328
6808
6848
1295
1572
2170
2610
8006
6323
954
4365
2140
1812
1893
9883
8666
8098
8036
5925
1089
5609
7169
9758
396
5178
9669
9295
9336
2069
2846
745
2303
5934
490
3015
5382
3733
2459
4732
5746
1807
5553
1678
5372
8580
5207
9844
8527
8803
6905
838
4959
1001
660
5279
6146
7545
885
9421
7183
1362
8410
1712
9709
2319
7365
3883
411
5808
5428
6030
2610
9318
9053
8819
5468
9544
2206
9924
3866
8989
2343
2712
6235
4837
17
2811
225
2886
5874
3331
4970
2485
8002
7569
3224
7624
6797
610
9396
775
1386
6527
6721
1620
1996
5765
9622
1318
8475
4972
3847
3828
2554
9600
4482
2791
2579
1933
3796
383
5926
4282
1118
3895
8912
4636
4198
8761
1356
5379
6745
2537
3001
8121
9512
9842
9190
9052
4717
2499
5773
1721
6473
8562
7243
5046
1721
5282
6337
2397
1326
345
9365
3789
5449
6030
6315
2817
8993
9297
7883
3099
6564
6972
822
2885
8490
3472
6943
705
1803
7070
9925
7070
1999
8498
379
6388
4139
3651
1635
1356
7836
5914
4955
2687
238
3010
7742
7715
49
7341
1951
3531
7119
1940
4990
7531
6180
6542
7538
9309
1623
2056
165
7030
2285
71
1909
9220
4847
6749
3939
2317
8884
7534
1260
4540
1928
8176
5838
4045
3119
6596
7875
3634
1900
8989
6293
8942
1183
1440
7522
1701
6317
2637
8087
7786
9738
9787
514
2923
9419
1581
6596
4482
3345
6777
51
6699
9419
9607
1139
9459
4496
3601
8702
2448
265
8879
5109
347
939
625
3888
5747
482
5975
7634
2927
1777
4214
846
671
4824
2665
2546
1696
8933
2519
4597
305
241
3543
3768
719
3789
3255
1750
8984
2327
1584
2467
680
9611
7685
6187
333
8413
1208
7871
7920
196
8288
119
8365
7725
5435
2611
6919
5611
1996
6909
1995
4388
967
1730
1996
1150
524
7543
4328
8537
6299
1750
7983
8494
7977
1649
5375
3032
1162
2983
8402
3509
7009
463
8459
8950
73
2734
8808
9422
2514
496
2191
8779
4841
918
7631
44
7682
870
5067
2859
1426
3166
469
3903
752
7302
1804
2489
5115
5041
1886
129
977
3800
4431
1783
5975
8448
2367
9715
4211
4842
5106
7259
9050
1284
1075
7245
888
5260
6043
7899
9061
3101
8231
5462
5331
613
8820
6332
9851
8465
3295
2427
3623
8027
785
907
693
5932
8305
9152
2823
3696
447
607
6691
8959
1482
7307
3610
2978
8654
420
3271
295
4294
3341
1099
6084
4931
6563
3075
7271
4954
2672
8448
7012
7519
6230
2054
3725
3672
8177
2446
9546
1711
6526
5608
6897
4353
862
2145
554
2554
5175
111
317
798
1020
3042
4188
8620
6589
1710
8886
6597
9858
75
4420
3945
6291
1568
5481
8460
3307
6189
849
651
9649
4565
8703
5358
1851
3919
2200
5661
5551
6553
9381
7288
820
1741
4134
7680
2268
1892
325
7068
7344
7674
1594
4874
9322
4435
9976
4532
1607
6578
7568
8342
1535
7071
7572
4811
1998
8131
7449
2441
1862
1547
1585
714
1784
611
9400
5403
3628
8973
3728
5385
744
1533
9673
6141
3250
3360
5574
1162
688
678
3930
8584
3441
319
7348
3195
9102
5107
6279
2859
9648
3262
620
5435
2855
370
9434
8868
385
4753
9115
732
4514
2013
3002
4600
2930
4736
6819
5029
4235
1156
134
3440
781
3486
8700
107
8740
769
7405
3431
312
9080
5297
4920
2461
5628
2421
6177
6422
5781
3331
1411
3651
9544
7433
3665
7381
1405
9552
7451
6479
742
2354
7056
8669
2193
180
2549
5332
2816
1045
6167
486
67
9542
8339
7873
5533
817
6460
2548
9522
9402
5892
3701
2913
311
9475
2546
8191
3023
4389
2198
3295
3793
6304
6377
8517
991
460
1079
8367
4447
6866
962
4803
2404
3974
1373
358
280
7100
2031
2658
7178
4520
6285
3745
4964
4722
9599
6365
8843
1978
2244
9977
861
9083
2871
9277
9927
2888
1494
3546
2537
2353
2227
7255
815
7514
9621
2155
3503
9275
9539
3854
8863
7815
805
3730
1743
361
5573
9182
3737
2695
2489
7546
4239
9846
4050
2211
5366
6291
9869
8376
4509
7710
8930
1665
1297
2054
8757
2391
9150
2416
9428
984
75
8171
7210
5686
8681
8370
2732
812
6789
7488
7640
2830
574
5771
2734
9808
9107
4531
8335
175
3822
4571
5413
5963
5494
2564
3762
1547
4621
2512
223
2849
6025
917
7052
4204
3605
1746
4735
2941
4963
3646
5718
1019
785
596
5912
8234
2533
3347
9573
1867
9908
68
181
7292
2929
4188
167
1228
8820
8281
5672
5754
4273
7733
4135
7768
3082
46
463
936
347
1398
9760
7371
1761
1842
5794
5642
4918
8651
6806
9203
8171
2355
1436
6479
5486
9475
9576
3107
6622
7757
5386
2458
269
5997
1104
2164
9650
23
7435
6618
1851
85
8877
5505
1893
7000
459
3867
7884
993
3805
3530
1048
6140
4305
1864
2927
2848
8608
7222
9935
1704
6970
6640
7344
9433
5621
1540
4581
6045
2857
1017
4565
1983
5493
3578
5544
8403
5973
2253
8177
8333
3181
3505
4182
1624
841
9941
1844
3377
9959
910
1107
207
9424
9487
5654
4704
6952
4584
3420
2441
6398
2680
403
8479
5341
876
4110
8352
9802
8304
7658
503
9798
1671
246
33
31
7478
5005
299
6870
9875
2286
8843
8678
5871
6006
3111
6614
6640
7679
7334
6359
2775
9165
1131
1935
9519
2192
5702
3573
1498
548
7513
120
2347
2361
9148
552
6635
9241
258
1424
9884
6060
1447
7589
9884
1560
7837
7730
4823
3138
9867
6263
2745
5769
8906
2102
1688
5896
7567
6905
3298
4480
4008
8400
978
673
9475
9714
9845
2027
9011
7954
9540
2047
1176
1472
7592
596
4994
1204
4615
1551
206
1032
486
4723
9880
8742
2406
61
2082
5281
1614
8380
9278
9429
5843
1306
8078
2815
463
5964
2484
9634
5807
312
6678
4278
8750
9281
9811
5722
7092
642
9546
2519
7578
1185
5065
2535
5051
3799
1175
6645
808
4591
17
4077
5287
4646
278
6554
3825
3238
1248
183
2953
3479
7625
5179
2327
600
7686
8808
632
7935
101
7795
343
5433
117
7477
3073
2187
7795
8633
4457
573
4799
3761
3255
1523
7950
4556
8950
6687
3277
1103
6373
4614
4715
7510
6507
960
8660
8534
1981
1390
5111
2569
8794
7332
2568
868
2753
6281
385
7516
5353
3378
7896
3208
9287
2567
2934
139
2366
8737
3953
8264
3235
8285
2434
1535
8689
3589
177
3515
712
3241
6076
2240
4918
1870
118
3324
5970
4162
1180
4786
2736
707
9928
4925
7462
1610
1917
6316
5996
9698
534
4257
7363
7799
3526
1681
5487
5128
8799
5683
9234
7220
1046
1903
4392
4682
2347
3240
4670
2652
8965
8865
594
7086
8920
7495
8518
6756
8788
1966
4798
2236
448
3282
7121
7962
1760
4835
7203
9047
9546
272
2785
7501
6334
8050
4871
993
1771
5085
1927
1782
2490
9573
3836
451
3069
2812
4962
2075
9515
9490
1888
9668
239
81
9233
5084
4693
4810
1643
6695
1025
3070
9441
822
6510
9630
3225
1149
14
3878
2589
5846
2590
9187
9347
8335
5217
551
433
3145
2799
1622
2362
9367
2147
2709
7729
1447
2612
6817
2011
4545
2015
405
105
1597
7169
2522
2775
614
6113
7944
8160
642
2828
1384
465
3384
75
9228
1399
1512
3894
1855
7767
4887
1997
9767
4998
8071
652
8528
1779
1423
4227
4685
4048
4037
457
6769
6058
2736
6504
6157
9152
704
558
7828
2508
3368
2534
9609
8870
8523
6313
5075
1625
6607
6843
398
9031
3003
8383
1776
874
6804
5721
6094
604
5560
6783
2105
2057
455
5033
700
2734
3775
6920
6052
7245
1173
2118
6830
7743
431
4592
335
1150
2790
7322
7062
2352
7504
221
852
7376
9754
1964
3661
1943
5086
2048
5193
4506
1828
7424
7069
615
7392
1312
3282
127
4809
5765
5515
2986
6058
4291
1911
8299
4055
1476
5524
4145
1568
6080
1448
2405
1690
1359
1430
3067
3037
1471
9626
5289
5563
6805
8539
5631
2302
8632
1968
6883
4635
5048
4658
2399
192
4759
2709
8710
8904
3051
4864
2603
9456
6894
6182
5238
1919
8655
9520
4573
3042
8531
3158
3804
9957
3710
7225
2387
752
5854
427
8632
8899
3420
5502
9382
833
841
862
7242
957
9372
4706
9810
1402
1860
130
9895
7629
1536
1358
9894
8528
2200
6002
3131
5660
6082
3025
2151
3728
5453
2200
4001
965
7271
8135
1868
3010
3932
3136
7966
662
7936
5218
7916
1908
3961
2533
1316
8362
9566
5393
2529
6127
8006
2535
8334
3976
972
9146
3489
951
5392
2227
5305
1025
7630
419
7217
3253
925
1516
4167
4646
9177
9883
1906
1445
7204
9559
1954
3250
2476
1675
9870
1210
2499
1297
922
1323
1136
6577
5039
9176
5722
7904
4072
5450
4638
6300
9029
8538
2498
9392
2820
6357
7109
8255
6834
9225
9386
4304
7945
2077
1878
8036
8317
650
487
8817
6095
8184
5674
7912
3797
2832
9222
793
3811
7432
4139
262
7563
2869
3122
9841
5641
7131
1449
4907
1642
8723
1032
6793
1874
9746
6787
2855
5397
2820
7806
4724
6557
3981
3858
761
9597
8913
9694
2147
1716
8051
1087
4576
378
8991
5523
2872
796
656
3790
3253
7051
6624
4752
6745
8310
744
3625
584
7000
4832
6841
6639
8703
2199
2367
6046
2335
2088
7492
4620
4198
740
7842
350
635
5617
7923
8187
2904
5745
3131
7251
4902
3879
354
8042
8268
214
691
3460
787
2534
2709
3580
5374
9739
5285
761
274
1296
8470
6086
9644
4053
4172
9240
8796
8494
628
9649
5797
9088
3112
5876
4345
2940
2495
4257
1981
2888
9222
9792
5552
512
7079
4257
1394
7556
3043
4157
4507
2505
2264
5819
128
4428
4485
680
9214
1047
3907
5286
5287
9735
4781
2471
5656
9469
8562
5894
8896
1378
6797
8436
5680
4854
9882
4311
8035
24
4541
2614
3432
2126
6775
2787
2473
655
596
2947
3544
2026
113
5586
8108
1851
1060
2635
6411
6156
9728
7619
4909
656
6701
1558
97
382
2068
3545
8549
1107
7785
2002
6573
5307
6452
120
1651
6648
8962
4864
3514
5095
8801
7962
5737
1960
7811
804
9788
8902
2663
3792
7900
809
1327
9108
8858
6191
8381
4219
9875
5416
5428
4266
3522
4228
8477
3407
2914
1436
3443
269
4738
3712
4369
3992
8869
4470
3
9195
1792
7872
3355
5701
2194
2575
478
9872
2081
1811
1821
2757
8166
7151
290
4662
3938
9807
9351
2400
2430
3642
9783
4605
4608
4547
3948
4946
1879
6140
5545
3336
1268
1968
6052
4326
5805
754
1361
420
5488
1045
3647
2512
8792
2870
7071
4520
8609
3402
1065
1014
8352
2534
3888
1097
1640
8532
5692
9025
8365
1617
8691
2067
5418
6069
491
2048
1491
792
1353
633
4862
1959
4439
3766
9099
2542
639
7423
2859
8936
9404
5623
2512
5269
6312
6281
1655
5338
1544
8591
1131
5136
9395
2009
5983
9314
5735
938
1225
6023
1416
3702
4353
5830
7502
3727
122
5728
507
8559
3142
8006
5643
6764
1494
3059
5013
7238
4364
609
7237
5698
7735
1581
6725
1386
3067
9583
6336
2765
664
9366
975
596
5413
8197
9935
2062
2110
1577
826
8131
8744
2006
378
1901
2798
534
9827
4359
1254
7021
8465
2097
3882
8192
9920
3440
5136
3491
7871
6220
4684
6098
5805
1130
621
575
2620
9839
7293
2653
7627
5184
3485
8306
9699
958
4199
1913
757
1347
4938
7690
5773
935
7265
1798
92
1959
5196
6395
9707
1397
136
4909
7378
2897
4329
3215
1938
2284
1583
3876
2637
3777
5084
243
716
2492
8864
9298
2453
2451
5331
2764
9670
7819
315
2642
1294
9570
4613
7912
6704
3612
7561
4081
6281
6799
311
3398
8058
2616
110
2517
9466
9578
1321
5426
1571
7519
4703
9912
1440
2466
711
1131
4453
2515
858
557
3924
6683
7588
8106
3040
9580
2240
1482
506
4287
8586
8852
4935
2685
7221
8206
829
502
50
7431
6951
3980
8844
3330
9941
2261
4956
4885
973
4487
2524
496
4080
4251
1150
9601
8389
5706
379
1162
2687
2887
8590
4330
2020
4036
2002
1218
5149
542
248
6870
1513
6749
2097
4251
3764
6018
6477
5915
5577
7361
8803
2531
6972
9307
5167
2698
3447
5327
163
1230
2863
668
8774
564
2554
5140
8936
6951
9956
2532
2667
2029
4760
4858
2785
2490
7182
167
2051
6554
5633
1689
6223
9089
2452
9425
5100
1967
9937
8707
1754
3209
8483
3485
4241
9784
799
1398
2775
7627
5715
6026
1949
3759
3394
2567
7386
2983
8049
8277
6818
6165
2298
7720
2235
3243
6073
5492
9246
6242
3365
3038
9003
2682
1630
6029
1870
191
4809
7904
9197
8880
9242
478
43
6116
3438
3
7119
5784
9922
3399
3219
7322
2226
5392
3505
7662
9735
1707
5965
7566
4738
2441
4973
1410
9039
774
2431
7022
5365
1148
8620
3171
3052
4830
22
9128
9173
5280
9658
538
8233
4665
6528
9626
1386
3281
8678
129
2743
7284
1985
9484
1612
729
1946
746
4841
6270
8468
3189
9802
82
2386
6376
8771
4097
6734
9857
5901
5145
1890
3071
3055
42
7618
3123
5715
5183
84
6316
4575
275
1333
7042
9804
3116
8651
1632
579
6081
9180
6930
9243
585
9345
1193
8198
9372
8917
1333
2717
8805
7153
498
1870
6988
2956
4891
5994
1822
2034
1480
6585
2048
1931
4024
