-264 92
5798
1188
6909
5378
5541
1396
307
5463
6502
8207
5006
6763
2613
5329
4208
9630
8000
3356
2328
7328
9083
745
207
2559
8054
1530
296
1747
3471
2950
1287
556
3312
595
183
7114
2417
9537
638
8922
8374
3121
3041
8454
2229
7880
1515
681
8963
1766
1193
5138
5366
2471
5656
1974
2590
1965
6348
1829
6776
5080
8569
6207
2038
8918
8634
2020
6448
7506
1665
387
3162
6758
8027
2704
9471
994
1273
1951
5494
9265
2634
6104
9539
6123
7901
4343
362
8933
8311
827
2733
5936
671
8206
333
3105
2367
9671
5400
5725
8609
689
8282
2295
5856
23
1643
5418
6672
358
558
684
992
921
6635
3726
6291
9808
4249
2640
4400
2289
5065
4251
1297
9172
7473
2463
1665
184
2635
3355
9418
5877
365
795
4298
5294
4416
3399
9159
4222
803
7037
2485
6367
54
8809
2904
6501
1869
9475
1941
5839
5855
5788
9641
1416
7477
1412
1446
1461
8822
8291
8594
7867
2494
2909
8531
5648
757
5924
5675
2611
9328
6158
7971
9760
6027
6400
1903
6717
4532
5411
6727
7176
1725
9520
8686
4181
816
6734
4037
242
224
7166
1663
1037
6964
2704
3900
1526
2002
8242
5246
4937
1209
9298
1244
8967
850
4736
2943
4150
8288
1547
5366
7017
3190
5917
9675
3633
1648
3089
9172
3812
5940
8116
9649
2222
8053
8305
2102
4979
4020
8812
2393
1360
7978
1765
2447
7929
3656
9087
1175
7716
7344
1332
5697
2152
5302
9721
404
2870
6109
259
2929
7240
3426
8012
2888
9656
3722
1251
3296
7541
9341
7597
7128
3442
376
5051
7423
8369
4703
692
3833
493
6181
6102
9143
2685
1475
6113
6931
4681
5079
7618
2621
1667
4683
5230
9980
5733
3914
9910
1225
9585
5029
6058
8785
9672
1129
1939
1124
8085
8786
2296
878
2492
203
2309
7295
6497
722
72
3567
6019
4831
2420
6376
8785
2834
1350
2251
8074
2256
6057
2568
4798
983
4396
2188
8232
1116
4158
5914
8187
9064
5378
8828
7883
6793
6001
1918
7548
6595
2550
1182
3530
1911
2572
785
3590
1071
516
3113
5696
7121
1064
1408
4647
5467
1548
8719
1467
1492
7496
1557
4799
1528
153
6928
6059
9782
6633
6653
3107
6533
7704
608
5261
6553
38
8792
4394
8187
1784
4236
7312
565
1418
942
6675
6808
718
5251
1418
1565
5624
2464
2887
7770
5578
978
2284
9453
490
2546
5459
2518
9489
291
7243
5436
4671
3505
7289
272
1241
19
8560
3863
5963
4540
1733
6168
5553
9684
4285
920
101
449
7964
3913
2108
3331
2575
834
4504
9757
8496
7660
5068
3111
1377
4459
9732
8210
4439
7314
9241
9710
9244
266
4190
2972
2927
3071
9494
6467
5965
7299
2073
1968
6085
9980
4464
3540
6051
9874
2431
6909
1124
2366
5868
6797
2025
1500
9781
2535
1325
1069
3815
9754
1623
3949
7947
1657
495
7110
9193
5548
2046
418
3336
884
6619
6054
7814
6005
2583
7264
8681
8975
1090
5413
6528
6277
473
885
26
6282
1203
7190
5559
8683
2123
6595
8669
650
6930
7944
2800
7896
9515
9217
2510
2936
2245
2293
4353
5092
5150
148
2776
1095
8395
2875
5950
1326
467
3394
6327
2186
3409
8630
8270
4992
1331
805
8444
7415
5266
6360
9972
8270
7817
9078
8868
4035
6188
4449
2250
4485
7479
2122
9366
291
1876
1955
4538
1686
8859
9019
1363
6569
5057
1173
1723
2023
5059
3931
1710
4056
146
7685
6332
2451
7796
4601
4031
4732
4982
3871
8413
3361
9168
3227
9918
3752
6448
7162
5906
3653
6013
9731
2939
1449
2102
8971
2723
7556
514
7004
8030
85
1227
8369
1776
4483
2754
2369
7512
221
8475
1976
4013
1922
7803
1018
9318
6075
2042
8598
697
1777
5402
1190
6741
723
2753
3474
4045
6980
1835
274
4846
6890
1479
4933
9404
2195
156
2647
1171
5868
1526
8547
8962
6926
6838
3968
4804
968
1900
9200
5529
4404
1250
1035
809
5695
2350
7261
7204
2884
88
5970
6428
8794
4417
6732
9347
8912
4396
2151
6464
8912
607
7900
6375
7854
4950
2532
8738
5076
5340
7502
5753
896
884
3354
1070
9544
192
7449
7980
7181
8797
6
460
1996
2393
5949
7710
7276
2325
7872
8259
1236
2728
8246
6404
747
7746
8085
3065
4154
2223
4871
8226
6118
9623
1450
3038
8384
2714
2283
8126
7271
117
7513
1450
4576
2781
3134
9335
2659
2192
9426
3776
4895
9921
5098
5168
5431
2228
2274
3150
6896
7430
2742
8541
1480
4176
5078
114
4678
4129
7311
8132
9877
4196
2833
4556
309
9028
8903
563
9754
1943
6704
9831
6584
3053
6804
291
1699
7860
4906
1180
3870
208
8148
3790
9423
3719
5971
3581
9356
3668
9205
9989
1683
9813
5056
7290
2087
2358
3937
6479
3213
3682
518
3881
7639
3542
69
899
1425
1031
528
9993
286
7591
953
7041
7876
8822
2313
4313
6927
4933
6415
7191
5932
5438
8664
2282
205
5608
7286
896
2542
1975
6426
2979
6804
6115
8908
2089
1978
2295
143
9249
1527
1622
2149
2863
1325
9748
1505
8304
7602
3775
4045
9205
9650
6474
8410
7287
9601
3860
826
4666
4443
2785
6434
7592
4699
6043
5693
4930
1753
9137
1200
4788
7615
5955
1737
90
2518
3690
4630
6665
704
2122
1738
6998
5360
5248
2735
2407
2616
8276
9271
6315
4938
4533
6233
9479
7644
9146
2865
3053
2929
1492
5895
6513
3214
2022
846
8003
5220
7534
282
8396
2963
7978
4735
275
9374
3782
6529
5635
9005
559
7398
1401
1072
9805
3496
9343
5541
7315
8465
5003
5949
703
7341
2208
7632
1802
1729
2907
4226
9564
7979
4846
1279
1597
1108
3008
9027
1026
3897
7315
389
1257
8350
4220
5385
8112
641
9185
1230
2992
3364
1884
2277
565
7870
308
7579
6114
2887
2616
880
519
9212
9724
4429
4840
7294
2377
2678
4566
3690
2911
1336
402
5336
569
4205
8661
5475
7183
4957
9164
1267
2480
7168
6274
4557
6073
7175
793
2238
2618
3729
8074
1928
1854
8597
7348
4265
7062
6946
2736
5679
5772
9989
5163
9929
9455
7649
4822
3316
1105
8842
4888
1475
8135
1367
5483
8165
2644
7944
7751
2243
965
8932
4060
6052
3477
1842
2071
4123
7246
2237
2507
8851
6073
5721
4957
8238
6912
1328
6893
8696
1074
2413
4245
6125
5104
2177
7244
8667
5522
522
2207
8193
1678
9847
7239
2430
8130
7926
2508
1801
4614
7218
543
4169
7400
1492
2515
266
4950
172
7629
7069
5099
9842
2916
4653
4972
5159
5831
2491
853
5721
4402
6505
4753
9150
8832
2182
2759
4191
8232
9538
4058
7108
435
9053
2931
3196
6641
3318
7079
6312
1185
1397
6304
5466
4366
389
4235
6897
4154
8043
4376
1751
3412
900
1686
7778
1456
1819
6671
916
6597
7929
4739
9856
9939
130
3729
8602
1157
7532
2783
9489
4174
2800
171
5504
9839
1201
1950
4998
343
179
4182
4234
1626
700
8242
4925
190
5362
4288
8553
8268
3173
7316
2729
6502
486
444
5651
4256
8644
5811
3879
1841
2670
67
815
9419
556
7617
8096
1164
5736
1776
5138
1979
2526
624
6341
1508
3280
5154
3896
9985
8769
5658
8491
30
5181
4380
6926
848
5220
5885
1274
7421
3321
8947
5195
972
3046
5003
8610
8606
2471
5492
4896
2423
9657
4839
6033
1578
2497
1165
3916
6270
3814
664
924
9065
5725
9190
4122
2984
8664
6994
7899
16
6282
415
8784
1207
5038
6611
1691
6053
121
1542
287
2513
4379
93
3502
3497
9149
9342
2987
4955
5767
6445
7606
1838
7318
884
7399
4963
8736
6333
2061
9483
9532
431
7425
9081
4023
3682
4573
6586
3168
8499
1028
2352
2874
7101
333
55
5822
4582
2889
4418
6627
4137
7132
6277
2665
6124
499
4393
9740
8132
3093
8780
5794
4545
6072
2391
328
8960
4454
2978
4249
5580
3184
9822
1387
5310
842
970
2611
4144
4516
9114
2282
5322
3596
7235
8160
5627
2867
4962
4338
9824
3057
8854
1478
1719
7087
2247
1583
3922
615
9400
746
8830
1281
8883
6235
5671
367
124
2240
402
8931
4040
395
8614
7644
965
9409
9059
5821
900
792
346
567
2050
4974
506
236
4774
3780
6024
2302
9718
9258
2177
8961
4037
9331
7874
799
5561
3235
854
7369
4743
5288
1362
945
1710
5705
7376
2557
9752
7432
2904
8029
7644
5592
4581
9929
4937
8506
2511
8080
7487
65
7437
1740
3102
947
341
9526
3314
9515
2583
7412
78
287
6890
664
2343
3851
2187
9211
6838
8183
3907
574
4602
149
5498
5213
8249
7418
5547
2005
430
5433
8774
837
4438
5900
3002
4955
8051
9739
6090
2343
2214
5379
22
519
2668
1571
5750
1022
793
7040
4035
2655
1584
9154
1640
8078
3530
7772
2618
1927
5962
4073
2710
6583
2481
129
7285
2052
1363
9022
1461
1792
3862
2321
7085
5252
2179
8567
1616
8941
1857
3595
2701
1453
5885
9558
4804
6853
7385
4124
1655
9481
5659
3914
890
3948
6686
2408
5060
1275
7307
1689
6671
1090
1046
9531
3141
5097
67
991
9517
255
6992
3038
5294
3467
21
3063
9140
45
2492
2158
9325
6267
793
4865
5604
839
5344
6047
762
4105
1332
1286
6519
4680
334
4429
1992
4080
2450
9744
8774
2430
4762
626
1467
3456
3438
7819
8388
6329
2075
393
6562
8734
6799
7753
8731
4277
7295
8251
9266
5813
1347
5040
9216
7174
1609
8334
6176
2778
4078
1113
3826
7571
9811
7215
6848
1672
6979
2897
9702
725
2672
4649
271
6060
1567
5388
1742
1450
9159
3525
9713
2692
2191
4922
5330
5063
8059
9864
9732
1735
454
4427
7000
5188
6264
6492
1327
4923
1180
7643
4297
3959
1361
9108
4392
8448
4391
5322
5053
4192
9162
4739
7218
9297
99
6593
7782
2243
3421
8766
8200
811
187
7171
7445
2198
2623
2211
772
1038
9039
9557
9568
8629
1301
8019
3304
2651
7018
501
7607
8976
5015
4829
1162
1205
1002
454
4613
18
4743
6558
3095
892
9873
8808
7724
1867
2400
6492
5315
6107
2182
884
6967
9213
664
6762
2889
5392
2595
6908
7294
2444
1566
9565
4134
7783
3286
7831
1748
4332
2382
1418
198
5593
7505
8016
9993
8689
2422
4285
5530
7243
4696
322
1361
355
9230
2487
6063
8237
6730
5918
3296
7590
383
7548
5755
6654
6737
2025
7470
8536
1714
3295
5733
609
3536
2691
4287
740
8354
608
1788
5347
4832
8547
7211
6878
1790
6239
6180
5484
9190
6415
3742
5870
7405
8508
1615
9234
834
2792
5175
621
9718
3267
5717
1604
7051
7178
3001
9035
5347
6077
7669
9582
3297
4389
4090
9946
3687
6361
864
9691
6672
968
8055
7854
3585
3947
8811
5195
9220
4630
619
457
1152
2477
2144
6325
5124
2270
882
6462
2924
6906
1015
2895
4963
6956
6697
3660
1865
6798
9242
2730
8333
4128
9071
8751
5956
6496
407
5234
5230
193
4677
6378
1325
7670
8507
2478
697
743
6091
3318
5625
9376
2882
3733
6101
6274
7612
6764
8288
4326
3643
1972
1959
4129
1981
1178
2092
1616
973
1072
1894
2411
1635
7536
4384
2889
1506
9861
4702
4587
850
4540
1298
5365
1353
7092
967
7115
1770
2641
8226
1320
670
5811
7802
1186
1567
7924
117
4840
3816
983
3639
2369
4313
6019
9492
6073
2111
5463
6701
2241
794
5236
3867
6820
3250
8995
2455
2407
3697
9320
7498
7456
1187
3663
3032
4730
8790
887
4227
57
9271
442
7350
5895
7236
4086
9120
2461
5556
1126
5951
5832
8385
9628
5039
1286
8602
8190
5912
8116
1332
4996
763
3537
3739
8734
1756
7876
8669
4905
9167
8467
5353
2535
4075
2505
6227
3106
9055
4598
7517
4187
4167
7759
6731
4871
9830
1905
1702
5513
852
2835
9442
2508
4932
437
9431
2488
5005
8484
6874
1158
225
9624
9875
314
1793
3693
522
1859
1155
1683
704
7475
1699
8578
1297
2764
6567
4651
8352
7293
3718
5431
6200
6573
5754
1860
9810
179
738
5336
8665
6531
6002
3156
3853
3384
8174
170
8949
6527
5063
220
3798
3136
4118
8061
2667
1451
6887
5567
317
8116
641
1222
6614
2075
2291
1577
7925
2556
1081
4721
7184
9785
8409
7052
2576
4081
5050
6331
8216
699
965
4016
4217
8815
8394
721
6546
307
7446
3526
871
9124
4687
6446
3570
5780
4150
7255
1094
4155
6144
6616
695
4318
9902
6601
7300
6820
3950
1316
7388
7078
5124
8004
6410
5940
8426
7528
3754
5056
9268
8532
2024
9717
3081
2086
5075
149
8719
1094
2605
6065
9142
4683
5347
3707
6249
5459
784
1514
562
7952
650
4064
4348
2715
2506
6968
569
364
7471
8826
2862
7889
7286
7553
2741
1105
1491
8467
9462
8132
1719
9341
8514
91
1346
634
3763
111
4527
3571
5803
8277
7309
1939
1519
453
4428
2611
2580
8630
5993
2150
345
8972
8903
6845
4752
7387
3830
5243
3151
4529
258
4357
6861
4935
5080
720
2068
4348
1526
478
3686
3549
1783
91
1775
181
72
4609
7437
5403
5501
7442
8850
3043
7861
65
2653
6794
7163
8572
7111
986
2192
9744
9243
6049
2523
8699
4099
3085
3517
2456
1748
4239
3620
3615
1856
8162
8838
1252
3985
5748
4533
49
7113
3144
6647
7946
6915
1640
2739
9483
1968
6570
6818
5159
2118
3954
2009
5002
6102
1307
974
3512
7863
7268
4716
9477
9047
728
3329
3561
6295
1175
3978
7196
3358
6203
3720
5004
6639
6220
8634
3649
8903
5937
1110
1281
1638
1154
9752
3645
9338
6832
5871
8677
3421
1536
4852
2050
8416
2574
5949
1874
5365
9648
5377
7982
179
6455
1805
9550
8916
8512
806
4147
2400
1052
1838
2579
8118
3836
7086
7109
3909
5838
8920
1240
2917
9632
6166
7589
3871
3993
9541
2027
3591
8341
9860
7210
7952
965
2367
2619
9470
1239
336
3166
4730
2242
6216
3487
4329
166
466
4223
3228
9044
6805
1048
1601
3356
5914
2514
4335
2579
3982
8110
1357
6414
909
6029
2067
5162
5604
7335
6484
812
3422
8598
2531
2665
1251
6051
7210
7528
8702
1219
8489
8295
6006
3439
7823
9255
6472
7890
4809
1525
2355
3535
2152
9474
8192
8523
2287
1778
453
4017
5068
90
5852
4678
9164
2784
1634
9516
623
6988
5721
7271
1430
5502
683
303
5158
2030
5334
2186
3602
9621
2010
4442
7453
6814
2663
652
622
1907
4590
7834
7261
9444
1297
1346
9594
6951
1846
2445
5364
7124
573
657
2634
8178
2025
3499
6874
3896
2352
5750
9572
5725
9037
6289
2897
5235
8698
5787
7928
6711
9954
6683
6501
7395
4082
4888
9331
4059
2344
8901
1916
1904
4660
4303
3225
1133
9960
2495
7637
3512
5259
6335
2118
4293
5493
7265
8290
5226
257
1935
5601
5713
1694
9488
1447
4450
2586
4523
7199
4126
9557
3961
4930
8337
2797
4068
9346
3076
3150
1195
1807
462
4144
1865
6720
5378
469
2111
5889
960
1954
4513
2823
5741
4755
1723
4924
3095
8607
1350
9802
1711
9708
2030
8748
8821
1099
7689
8744
12
8999
2822
672
4605
4216
2141
6635
6337
9031
1063
2121
4121
2459
6340
4848
1984
1759
1594
6684
2264
3528
6638
2580
2497
6699
7472
1876
3262
4621
7542
6947
5256
6407
4388
2448
6717
8568
4370
1198
2886
2212
910
339
77
9390
2117
3009
6937
5126
3860
641
4577
3858
3532
3232
9474
1466
1204
2514
5257
9713
647
29
8774
3016
5634
9516
6790
7116
401
289
6343
5317
9468
822
646
4419
3948
886
4216
481
4303
5935
7401
3984
2584
3821
3989
3679
2407
3024
7612
6140
9725
141
5071
7969
2853
9476
1269
5958
6726
7100
2561
2383
7276
781
9629
7109
1344
3669
7511
2188
6964
337
4550
652
8989
8665
226
1746
6812
992
5117
6023
1076
9980
4254
6379
3365
1329
4107
2486
3
2599
8524
3425
6961
9884
7271
2138
1222
4325
577
1643
9673
1313
9056
5725
5345
918
5201
47
5643
2637
3480
6600
3941
2785
9259
4863
2746
1006
7412
3036
8774
6602
1277
8249
6644
9193
5804
6541
2376
6369
5532
3447
8520
8786
7633
3420
1658
8756
5996
2761
1151
1106
5922
7467
2197
5109
5854
1539
363
1365
5272
5239
1745
3936
6236
4341
2703
3940
1141
8002
1008
9392
7327
6470
618
1311
1744
5843
2577
1954
8057
4505
9375
4771
6581
3335
1601
6816
8172
497
1076
4956
3756
138
9504
8269
3347
6220
5309
7343
8412
1027
7959
3528
978
2787
9635
2671
9301
213
4625
5310
4132
4167
4611
3399
1575
9569
3611
1078
4882
95
9065
4023
2618
1136
40
3816
6455
4374
5650
1249
4726
776
4240
2225
7105
1509
1965
807
4664
6111
27
6927
862
3839
7711
923
6242
8355
8796
8852
8548
4663
1236
9444
827
6750
8756
2573
1173
3562
8709
7206
3643
4761
2743
9477
9154
7715
7795
5063
1409
8230
4591
986
6662
5411
9491
6499
2364
2530
9600
4402
9032
31
8288
7318
6568
5089
5689
2612
7009
1746
4960
3683
5173
5612
6528
9819
8935
5223
1097
1
2329
6387
9825
6684
1071
3982
2849
680
8178
1757
1405
8070
6268
769
7470
5145
3
441
5521
5314
3538
3923
1431
6083
8541
8318
7769
1103
34
2116
1341
4351
9431
5517
6347
4824
3701
3386
8944
949
9427
9111
7000
742
1316
2946
8762
2883
2220
8390
340
2606
403
8296
7882
6732
4951
5747
1571
17
5458
6922
76
3768
1171
2912
480
8458
6991
1723
1662
11
7247
7257
8284
1086
5306
1370
5933
4652
9046
7933
9641
4199
2845
4569
622
7655
2059
5891
4923
5504
4455
7965
3289
3603
7987
6510
2125
9481
1746
5833
6975
3675
283
6746
4563
6612
2195
6822
6540
1500
2760
420
4793
1405
1701
6714
2517
5034
1207
9095
2215
5343
5697
9540
1814
603
1235
3840
4122
331
6073
5761
6347
8502
6398
482
5314
2608
8780
4347
6400
4171
2095
9561
7339
555
7878
1910
3631
4750
1243
822
2481
5098
6864
4678
1980
6740
2550
4787
3951
6761
6442
1349
2266
9687
4369
6491
4655
7674
7448
494
2353
4804
523
9709
697
1290
642
8840
8879
6844
9175
1657
2158
6405
2292
5151
8374
2618
6188
9884
9263
5065
9389
2882
1011
4884
7724
7914
8584
956
3425
5019
9499
762
9678
4809
1223
6563
6567
449
3134
1050
9517
7305
2330
8686
8093
6995
2136
1300
2212
2016
4056
2087
4285
7677
4353
5910
6439
250
3263
441
2002
1944
9489
3574
5932
3929
1617
2634
7821
2895
596
1269
471
5821
1482
7432
4268
9453
2668
5542
6076
9195
8031
7981
6098
6258
7854
1509
6939
6884
2269
6368
9598
1266
2237
6164
7641
1251
7518
3548
2168
3834
8188
3856
9454
5914
5509
1450
5357
8802
392
6734
5212
9014
2761
8972
5392
6178
859
7357
7632
6316
5520
7813
9933
8
1442
6680
6847
8846
6438
2189
209
5189
2154
9331
3096
351
2179
4562
4263
1758
6757
8722
1797
2485
1700
9072
2800
967
980
1582
6137
9404
1400
4400
6796
5643
772
7435
2040
8371
6064
9222
2612
4857
4232
5142
4480
843
3905
2193
6723
4838
1469
5049
6168
210
8473
5600
1788
7361
6849
951
998
2122
4644
1830
7871
2669
1503
4902
927
9370
5957
5856
8404
6707
7183
2901
8666
398
6036
4788
1302
7763
790
3417
3401
673
6873
9189
1419
4653
8120
7453
8267
5570
2919
8053
8142
1559
2113
8018
8724
6504
5851
2144
6683
1638
322
9443
4402
2670
5794
8864
9405
1756
6474
8461
7791
9187
9807
1013
3589
2584
2709
4472
7679
5960
5770
2626
2659
4289
399
2640
6036
4028
7356
388
9378
3759
5696
235
5180
9200
7810
8720
5262
6780
4064
8975
80
1707
4823
5562
3026
2395
7851
5089
8186
1863
147
120
4839
8806
9653
3267
980
9607
6722
7261
4017
4207
1900
439
5412
1116
5827
7497
1469
4295
127
8979
4701
4845
5170
7868
56
6829
741
2076
7957
9735
4882
9480
3693
7323
6951
2380
2594
4967
3136
1686
3725
7330
8559
441
4255
4669
2052
3350
692
4503
5021
3888
3589
6504
444
9041
2309
4600
5133
6842
1608
8382
1734
3602
5537
791
397
6626
7425
8014
7665
5899
8930
6211
786
3727
7317
1228
2278
3276
5662
6341
1830
6051
2370
765
413
5205
1306
1454
8567
1543
2973
4499
4348
5287
2284
6134
9122
4050
2937
3479
3245
973
8421
965
254
4539
6655
45
7993
2052
4707
247
193
270
3119
8540
6720
4091
340
6348
4077
1445
7864
4371
3768
6821
4208
4541
7742
7920
8580
1211
8522
3002
3820
7681
9657
2986
3542
2729
7036
7768
4519
8164
773
9983
2656
8617
6708
1211
3835
6970
8487
7033
3014
4928
2918
2093
6124
5940
2965
2902
3015
1711
5716
4150
6821
8416
7180
1636
8467
3242
2946
1820
1857
2472
2494
1084
5955
7674
1306
7093
1807
5279
9644
2955
2665
2692
4894
7247
1205
6230
1459
6120
8590
2301
2752
9897
4711
9499
330
5516
3896
3431
1139
6156
784
8119
828
9165
1031
1977
4375
9398
6052
1969
6418
6320
1981
9308
196
7265
8228
5577
6447
3333
2397
8190
2197
735
374
5991
6581
5519
3220
7497
8906
6029
9255
7726
3984
3973
8525
5678
7186
2511
5016
6475
3176
5634
8106
7064
8438
439
6030
2883
2175
8287
2449
9707
8494
1529
9531
1694
5485
7764
1805
291
3711
7241
9761
3712
9482
9428
9352
5281
2881
5187
1689
6963
6367
6331
7398
2311
2167
5610
9053
5791
1150
596
4270
5063
3489
3864
5201
9146
9326
2529
9767
724
423
8904
5922
4469
341
1901
8112
5175
2016
1195
7421
3105
2402
6303
9900
345
8575
9398
1801
675
9666
628
4302
2060
6440
6460
1534
5151
6941
9792
2606
1121
8555
3441
1427
1595
603
1929
5856
9341
9783
383
3628
3310
4250
4842
401
4992
3963
7262
4380
8182
2275
1854
3733
3621
4006
289
5513
9721
2662
923
3340
6162
9492
3821
30
9250
8098
6979
8379
9642
8780
376
7327
4723
5900
931
140
9019
3099
2444
2490
9396
4556
5734
4672
551
1962
2399
1419
9900
7374
5283
4195
5644
4793
9088
3851
9271
8915
6972
2398
3061
9015
7645
8365
5991
2366
3248
6808
9257
4334
1497
1901
5202
8640
2359
1207
6011
1781
382
1902
5937
219
8102
1087
1723
661
537
5073
527
167
466
9375
4466
5135
904
2187
4497
1395
4634
4542
3182
8954
4285
1215
9690
9387
7046
2172
1046
1285
7909
5204
9586
1368
7066
1910
1671
3466
3835
1481
5097
5522
8477
4454
2786
3664
3246
1543
6364
8342
4857
2227
3394
119
1215
7397
1216
5445
6508
1791
3526
8466
3662
4109
4102
9248
6792
1008
646
5926
9663
6455
4851
1375
8946
4763
5891
4063
2774
308
1979
232
614
2433
4845
3931
6009
4713
1347
2017
7154
7328
4735
1487
7933
5291
1476
8837
8823
9176
6161
6461
2013
679
2107
7912
3980
3879
2948
7669
8140
9662
4939
1708
8297
9709
4842
2833
5694
5794
1443
7037
2318
1436
5547
7623
6028
9962
2439
3376
1630
9189
845
2601
8190
435
681
9106
910
4592
6539
457
1305
6379
3105
138
1223
2290
1341
2208
5084
6103
543
4989
2266
1516
4720
4320
6564
462
1984
4364
616
3036
9689
2051
6041
366
8659
9955
2934
6145
8834
1346
3072
2835
3076
1150
4111
3157
1888
2078
7831
1168
7482
8618
1423
4182
3367
902
1468
9201
2786
7089
8108
6395
5559
7152
6727
5184
7331
8185
8473
2524
2651
5595
9260
4235
190
9691
9666
6211
1914
7109
2600
2119
4302
8928
9442
2499
7720
9628
5980
8652
2843
7862
6128
9683
3683
4890
4719
6903
5020
3607
111
5874
402
8637
8995
3090
5755
672
9225
7330
9205
9371
4138
2917
4549
6240
4605
1510
1895
9103
5884
9654
599
4017
862
7006
9936
9658
5033
1429
494
1525
127
8609
9618
6074
4719
3035
875
3852
1055
4375
6664
45
3263
3118
6034
3607
7654
7183
6836
3634
7510
3112
5997
3914
8189
1685
4251
487
5997
4738
2314
8268
4962
8539
2943
2623
2182
541
7099
8957
8648
1657
2316
1546
3044
2350
9776
634
3495
224
4132
3875
3264
8296
4953
4172
8149
6257
2742
6582
3718
106
9486
8424
7986
3744
912
3170
7682
9380
241
6732
1361
4409
2069
4341
8159
8601
5529
2420
6728
562
3259
6180
6098
1775
3180
5198
477
9708
5585
9025
5910
1939
8045
3132
2260
5995
6415
7244
8059
1686
4853
7244
6542
8134
1422
7358
1063
7160
2848
7854
6112
9042
516
6017
9509
8486
4069
8422
1839
5766
6365
771
2537
4709
0
1793
5012
3508
4691
9013
3466
2428
1458
6054
2934
9259
993
8643
4759
8919
8962
9611
2869
4016
2855
9021
3069
3426
805
769
3060
6321
5496
481
2406
5722
8863
4832
5926
3716
6104
2818
2898
2170
7613
6982
3448
3426
9285
9173
8326
362
8132
5863
6853
4764
6813
9944
1370
4432
7021
1248
7425
3531
6805
5924
2102
7879
1351
3695
6084
6034
1664
2113
4834
8781
4079
7635
8979
1021
9918
9039
1386
810
591
1334
5905
8070
9578
6468
605
465
3374
8833
2382
7716
3707
5040
1522
6916
6744
8092
9027
3559
1973
3285
2123
5725
5887
2175
3526
7821
6103
5739
6877
2414
843
6245
3735
6110
5165
923
4750
2259
9265
9049
9544
1170
1976
4885
9405
1402
1998
4279
9695
4135
9987
4599
2632
7596
1272
1964
1844
2642
1703
4177
8277
7394
9359
7366
2041
4100
3766
276
5562
1677
62
8446
2978
8171
5266
5446
3972
2738
8338
6779
2718
3761
6543
1728
7539
759
8270
5977
4553
2457
7403
6662
9613
9096
5349
4200
8391
2647
6868
8902
872
647
2639
9070
3684
9446
5117
1353
5054
7921
8490
8370
5190
8711
367
4983
1329
9945
5355
386
7500
8983
66
7380
986
5405
2289
5568
1103
9868
2137
3051
7354
9464
5371
2282
6824
9407
2659
1880
3026
1253
1150
5619
69
6178
2539
2085
9039
8242
5271
686
7925
7621
619
690
3047
5335
6864
8548
1602
327
4066
9148
1166
8485
5367
2177
7251
4446
1376
8175
8809
928
6522
6117
8303
2573
3727
2629
1773
3280
9498
7864
8296
5754
634
2825
9753
7964
25
1243
9300
2280
7795
5489
7308
8139
5712
9400
1219
5701
8169
4323
6633
2441
3539
8479
2235
6284
5249
1911
8426
3817
8251
6693
6947
7215
1276
192
5607
2440
4225
7252
2239
5956
8053
3311
4091
7216
3756
5620
204
9700
9523
9049
4041
1358
5406
9580
3906
9386
776
1576
1196
8675
3250
5739
201
2286
7124
1072
5662
9041
7890
9490
6454
3567
4692
5725
3134
4574
5587
766
2610
3244
4282
2956
6358
1605
1300
82
2283
3169
9104
674
8361
6747
4953
6295
3014
5996
6813
1153
1042
5341
8180
9131
3845
8248
8210
7720
1076
198
6028
3028
2710
4059
1939
6820
4981
2706
3604
8909
496
3667
6905
8426
5976
8051
2549
8974
2802
7057
2395
6296
655
4519
3759
5610
1538
637
5931
4455
3394
3083
8642
9912
5531
4610
8812
6054
1856
8724
28
1534
1369
601
7683
8694
645
9911
3972
9881
3905
632
5515
8707
2249
2581
7561
9385
5291
9537
3064
8496
3347
1643
1257
1651
7496
8287
4629
7952
5003
7613
429
8929
4655
7376
8353
4452
5048
2479
1417
1676
4831
6632
2932
6292
1351
8371
192
7468
1613
8486
5467
7049
3032
6068
7674
5038
1958
457
5950
2741
7458
1864
9992
3086
7033
2142
2654
7142
5174
7041
5818
9751
6543
1411
9292
6072
1271
6325
7588
2362
7356
244
291
1964
9567
7673
7664
5119
9198
8472
2742
2526
1097
5099
1575
9789
4876
2265
7743
1784
7559
9415
1316
6045
8639
2252
1594
5236
6925
950
595
4835
2886
1255
3635
9733
3376
2312
798
5203
9190
3361
9038
4053
5581
8240
2311
5843
8723
1559
4834
9104
6517
1018
1850
3526
5940
6706
1960
8382
1006
7880
2624
7734
1676
2706
8420
4249
3726
9734
7088
7915
6072
8142
2280
4241
6641
572
3592
3550
6036
7528
1319
8935
2442
4397
1800
6186
7430
3248
4863
6452
3993
4522
4761
3870
7948
9470
2686
2347
2134
4219
8047
8611
908
9512
2268
1881
7792
8684
7257
4528
3977
5180
1417
1282
1801
3869
7049
6274
9021
9567
2663
8857
7967
2175
7888
9847
9031
5636
6831
1676
8959
1182
2220
3670
7225
6149
1157
5942
5860
290
4939
3125
3865
447
4468
8031
8844
7645
508
9828
3554
2567
2837
4117
7262
9442
3332
8818
239
4508
4662
1117
5104
3336
5832
8790
9943
5950
6219
7262
6510
409
8716
245
6717
1241
7692
1232
8362
5708
8302
1145
3562
1133
5219
5395
7816
520
2214
3902
8290
5840
9582
5898
4783
8995
2136
2397
3678
493
2611
4092
4894
6894
4930
7812
474
4688
3432
4819
8464
4699
2522
5549
2980
7835
4761
3260
7820
9681
8865
3067
2351
1366
4577
8651
9995
2066
8654
6708
9975
6104
5082
2085
535
8721
8662
6012
7246
4364
3619
5656
3327
5797
7825
2147
960
1691
1535
1216
7067
2314
9114
1481
233
9270
3288
2181
1571
3763
584
4962
4539
5556
1791
8773
736
2170
9259
3288
8829
297
8070
6958
4916
3013
3777
8310
823
9233
733
3587
371
1120
4767
6395
7727
6950
7238
3935
8133
9192
160
8658
8302
5310
2198
4622
581
6359
6511
7403
6718
7258
4483
2108
8502
1487
9743
5195
4521
5144
2665
8689
8618
1630
1893
7787
9261
8257
4773
471
1605
2464
1111
5848
827
3806
4701
6448
1230
5997
7240
8849
6570
938
151
7429
2667
3659
8294
2220
7524
8856
9998
2892
6005
7735
8067
9427
1719
6256
2128
4048
1699
7116
380
2843
4137
1464
1761
6764
9920
8629
4239
1906
968
4542
7483
57
9308
7570
9034
2590
5639
6248
515
3798
4511
630
1300
1636
622
5990
653
6037
2492
8455
1938
1450
4417
2390
6489
9963
8900
7396
4568
4644
6662
9425
9537
1126
5332
1324
4773
5006
5431
5181
9889
8118
2190
2641
2171
4702
2242
6191
9586
7979
4785
7387
198
5558
7545
2669
1583
2311
6499
2743
8496
3391
8386
1690
3432
9823
2020
1394
2589
1955
4857
4437
6141
4440
4879
627
1697
8229
1483
4802
4986
6058
3748
3180
2137
9019
3562
9309
3157
250
4354
9008
556
5499
3981
3890
2467
3796
140
4315
2767
2481
6043
7540
2415
4292
7252
2576
9637
81
7415
8986
3564
8335
2334
2406
2408
5005
2204
4057
1386
7626
1884
2300
4022
9345
9274
7794
6764
2576
2063
2223
2622
8356
804
1701
1446
1072
1765
6546
2774
1913
4329
7880
7152
5804
1275
10000
2696
9418
7371
647
9857
158
1819
9857
3666
4327
4257
7148
1566
332
7942
85
5444
5138
3416
1643
2146
8357
1422
659
1106
8106
680
1547
9932
8575
145
959
7893
7477
5417
3729
1746
6507
5730
1747
7469
871
318
3855
5529
1404
1239
5702
3258
2178
9553
7476
252
1591
5302
4168
8895
2360
9088
7558
8444
9690
1826
8651
7159
2660
6863
9936
5353
8914
7437
5347
444
425
6837
95
8605
2009
3202
6941
2357
1554
1814
9587
3857
870
262
3626
9138
9401
1862
1637
9877
4070
1455
976
1153
1177
6393
2346
4092
8082
9602
9154
3576
2695
1822
1731
4159
242
9445
2797
2240
192
9732
9282
1700
6454
4769
1185
8041
6682
8246
9787
1008
1277
3008
4199
9276
6849
1147
6025
9267
3832
5433
8973
6587
3941
2980
8312
676
2663
2301
2334
9441
2221
5292
7082
4880
6010
6772
4595
1608
975
4405
3397
6501
8281
9299
2947
1366
7930
2431
2482
1765
6151
1448
1732
3465
8685
4942
4130
6234
2177
5716
1918
930
8319
1883
5491
9610
3556
3062
8908
1813
7314
6203
1370
6138
9455
9867
9150
2591
1994
1242
6916
364
4142
1947
8904
4171
2466
2033
9931
9554
9099
6940
1807
3481
2953
2585
6225
1695
1570
3742
7538
3839
1752
3663
1822
9290
1049
1384
332
5797
7643
2743
4796
1723
9841
7306
315
169
6327
2743
5672
6186
1145
8242
9563
7071
6089
168
1921
3121
8884
2225
6733
2664
5840
3739
1025
3213
5017
2774
1328
8093
1729
9023
6988
6561
7160
1208
1398
8894
620
2490
7764
2329
7915
731
5579
3179
4242
6042
9963
9931
4492
4175
5573
9239
445
312
8291
3048
4129
9038
3623
5328
2138
1864
1862
9013
7421
2357
2118
2046
6727
6384
1831
9301
4703
3298
8611
2022
6658
2363
6946
6054
4804
9627
5972
7723
7460
2488
1086
3527
2382
8484
477
4853
537
9979
1477
8330
9350
3825
6334
7302
5992
3699
2712
774
388
907
1953
5320
4665
1632
3154
537
5335
6393
5438
2069
8741
2474
6093
27
7362
7205
749
9990
6856
9005
7107
6121
3548
933
7972
6600
4608
6166
4462
5541
9551
6307
2794
3528
9560
2627
850
314
4538
72
1551
9442
991
7702
1973
1991
9584
131
4424
8329
2047
8746
2001
3584
3556
2319
8262
7856
1496
4152
7587
7513
8647
8318
5621
5840
1950
1705
1512
1907
5509
5102
250
8504
882
8061
3841
5035
4207
7212
3260
665
853
1463
3100
8096
9259
9925
9561
482
3839
6011
1804
2956
8775
6308
522
185
5182
8739
7540
6957
5984
3697
4781
9421
4401
9309
8788
4367
3799
4469
143
7594
6274
3581
9322
1091
3478
1771
7058
9869
899
8728
6052
6022
8438
192
7653
1525
4677
2232
1603
4991
8340
1388
6748
1097
263
9662
2060
317
37
1238
792
149
2334
5687
3270
1894
3678
6425
3246
8433
1907
6220
2949
5980
3547
5960
2763
5266
5825
7621
7299
7889
2361
9779
588
5643
6505
9795
1948
8333
299
7399
993
3635
4082
3592
2292
472
1962
7468
8982
9037
5409
7625
2625
1689
4655
7381
9971
1076
3334
31
4668
5416
5238
2724
8047
7730
6657
6250
4894
3449
1075
3376
2131
9326
7591
1740
4659
857
7842
88
714
1572
2682
3480
8898
2660
9719
4302
691
7366
4642
4286
8502
4163
8803
1214
1990
9708
5270
3558
6555
6884
3499
5673
1185
2761
2720
9799
8912
493
5471
7255
2201
4671
8793
8486
9267
756
5808
7115
6412
1279
6503
6603
36
6898
6763
196
8121
957
689
4885
4571
3913
4401
8571
2441
5457
4827
