-678 91
8062
8465
2437
5078
6127
6634
5032
3413
7099
3850
1546
4095
8090
2565
2008
2360
5295
794
1704
304
3462
6753
8178
3178
9365
1468
1332
6149
2864
4156
8207
4925
8710
3456
781
2170
3936
208
2206
6754
2721
7386
8534
3291
7404
1149
2609
9853
492
9960
7884
5997
4037
1216
4066
2414
1837
7667
4748
41
8905
2877
2339
7651
727
1178
8064
413
8223
1154
3035
5254
4090
2366
5787
1698
4575
1397
5282
4830
4903
9657
3487
4419
7480
7981
2059
8317
4308
8770
8533
1406
5734
265
8657
4378
7361
732
1348
1275
8950
5012
4608
9658
2692
9106
5031
4045
6374
9483
3105
3480
4332
6837
8617
4513
7264
336
7713
6237
3382
1027
3829
5004
4493
7683
2322
9519
5269
4153
8247
7351
342
8352
2650
2688
1313
2557
6829
7893
13
898
8853
3969
5234
8622
3921
6998
76
8127
5214
741
9082
863
5092
6726
9527
1987
954
9465
701
8122
5208
8541
2602
5998
5342
7991
1681
612
3994
9166
6974
6632
6695
916
9183
8482
3358
953
9633
3926
8446
82
1016
6576
1790
6999
6684
8295
807
2588
7791
1191
3699
340
1901
6566
5031
3955
2348
7509
946
1088
235
1457
3261
918
105
2821
1433
1058
5619
2390
3745
7258
9449
9400
4999
1848
3315
1040
6121
8183
262
2089
8499
1079
8679
9696
3756
2654
4224
418
9887
9723
1518
3940
2109
7024
4287
2688
430
4821
3698
5377
8853
1712
4226
6919
809
2897
2743
152
4240
285
9723
1417
457
7449
4875
6050
483
909
6099
8392
6327
2252
8515
5373
5432
8729
8660
1006
7007
9822
6560
9590
1199
6580
3085
2414
4154
4601
2556
9351
3262
2149
2899
9951
5448
3443
5638
4550
1108
3694
4650
651
6324
3169
3179
9134
3407
4747
2510
3634
69
6469
103
1698
2378
2503
6113
1045
4980
7013
6317
5079
2684
713
4403
3103
941
8655
3149
7908
5690
9024
8909
8293
9246
9794
3445
5798
378
3007
4716
5543
1834
3538
7262
4926
6444
8280
5753
9850
9312
4724
1854
5870
6165
9365
2908
3698
2195
5508
5559
7092
6746
7540
7496
2587
7772
5047
1508
791
4850
3418
7567
1877
7832
2633
1407
6283
8848
215
7865
6034
6482
8983
7437
5748
7057
9002
6028
3668
2245
2025
9758
9627
8190
156
9682
1148
5126
7446
2772
2268
5023
9572
2944
2418
9665
5430
2944
2745
261
8306
2364
4211
3606
2811
1134
6996
1171
1444
2674
648
203
6297
1370
2999
6398
1473
9855
2825
7844
5574
2438
9406
3260
4278
5084
1594
3954
6434
8251
6138
7231
1757
2585
3637
6640
356
6986
1216
2952
489
5172
8621
1258
2011
292
9547
1904
2543
1995
44
3006
851
620
5170
4380
9560
8871
1235
6160
8514
5206
8250
4285
6228
1447
5443
6556
3071
7767
2740
9302
9153
5436
4501
8378
8452
2387
1569
4941
6396
732
5406
3771
292
2758
3553
7369
3892
8779
579
6759
4606
426
7423
4590
9358
9758
932
400
3535
4992
6924
1286
1366
6030
2614
5077
2208
5023
685
9901
5277
284
6153
8311
6510
1968
6805
5374
492
9931
742
7834
480
2029
256
6532
5234
7911
6049
8532
1628
1677
8441
9665
8577
9107
865
8180
994
7069
8479
8106
7883
2753
9695
3639
9420
8402
8199
3999
737
1512
5775
3716
7504
4106
4379
9897
9926
6954
6909
9090
67
2340
4693
2123
5912
1940
1156
588
9831
601
8618
570
9360
2598
2557
7315
7300
942
7560
5780
6275
1649
6074
347
9876
2250
1202
4163
421
7520
5975
9053
7163
7471
9639
3279
481
9689
6205
5749
9331
1964
260
5238
6834
2159
1436
7443
8497
1685
7448
4648
6910
2530
7738
5915
4628
6319
3164
2975
1220
893
1409
7652
9591
1824
9963
4674
3080
9864
1666
4890
180
9002
3595
6980
1117
6134
3198
5439
9720
9756
9736
9760
7192
1462
3214
215
1626
6614
8199
9668
4978
5184
487
8489
8563
601
1670
2018
9248
2332
5072
5314
6955
2767
2593
7597
531
1573
1055
6031
4978
3015
6263
8903
5356
9166
7882
824
6334
470
788
7270
1856
1914
656
7414
3654
1562
9025
6239
2679
4845
9653
7635
6003
4110
6723
3051
1554
8943
8393
1725
6647
5298
3718
5089
4382
422
1766
3099
4279
1192
3681
207
8471
9433
6769
6358
7272
145
7314
4137
7345
274
9459
3013
2035
4322
4771
1765
8171
2766
8767
3870
7169
4706
5989
2729
8171
664
9531
4003
9356
3589
642
5368
7886
6735
24
556
7423
1585
83
498
8135
3844
9769
389
2598
6197
5489
9087
2524
8220
4845
1595
4581
5313
9045
5928
8132
7675
480
5514
2760
3968
9233
3800
9618
5174
86
8561
9415
4324
7435
1509
1919
1429
9446
309
8068
6794
9710
1765
4268
2833
9466
4575
2522
9930
4351
8481
3831
7123
4094
5686
6814
4612
2501
3480
5159
8457
2970
1170
6918
8305
2197
281
9255
199
286
1100
4419
6382
997
9008
6738
2018
109
1324
1930
8398
1632
2819
9580
7035
1725
3120
8380
9304
7289
2077
2457
938
7622
6322
6437
2209
6518
9624
5442
9035
5967
6107
457
2260
9469
4181
5253
778
1662
5376
9345
1002
9929
9360
8904
7789
2133
6962
5445
565
4225
1428
4201
1035
2101
4200
7306
8986
804
6506
2230
871
3096
3041
7824
2171
735
350
8816
4768
3653
9101
9664
2294
8250
7156
1777
411
1485
2432
3300
2418
2198
292
1235
6106
4642
8305
1694
2024
957
354
5057
1004
7398
1868
990
3653
6962
7506
8408
9228
250
7122
2324
8328
7684
482
4629
2757
588
2535
8366
4858
8355
2656
6388
7572
878
8209
7369
1746
4962
4763
4104
905
9236
4159
7263
7451
8573
9803
4229
7285
266
8434
658
1128
4816
9482
3098
6093
4893
9112
8833
2146
6396
8374
7228
4735
1092
1265
2164
77
8002
7487
3237
3342
1908
3734
6780
5814
1486
1087
162
4421
8213
7045
5298
1459
4489
5051
7573
1274
7255
6259
9550
7282
8281
2519
2246
2019
7437
8140
9511
2147
109
5972
1066
7261
593
6021
804
9726
6468
4901
4836
4002
2182
275
9709
9879
5336
3956
6593
1515
5170
6909
9904
9235
4229
1570
1914
8970
2241
5572
8439
7355
8518
7362
7126
8432
7873
8696
2377
8909
8720
8949
563
1748
440
5992
188
1860
2541
5418
6212
674
6307
73
2114
8480
1012
1694
5918
7483
2472
8085
5279
1070
5305
2960
5691
3276
8207
1043
2897
116
8290
2331
8874
8499
4190
8137
1398
9907
8492
5590
3401
4968
7447
4249
2293
9755
8134
1518
4864
7340
9740
744
7493
165
2517
1001
1958
5040
6225
7364
4894
7780
7958
4907
510
7449
8212
8432
8067
788
419
315
2642
201
8306
5068
5561
1007
7178
5536
9634
678
8590
7459
9842
3016
5987
9411
8637
382
1200
8030
9904
6128
1525
2397
8198
9678
2992
7441
7756
1719
1053
4074
3808
8359
7711
411
3695
4452
2458
6232
2028
1990
7151
9917
9920
6732
8101
277
9353
8318
9812
6729
6119
5359
9350
221
2815
1383
890
741
857
6943
1380
6566
9811
2719
7427
1475
244
1038
9315
7488
300
9181
2015
3118
6451
7162
3977
5386
2478
4684
612
4927
3506
1646
44
6254
5518
1119
8909
9991
8894
6678
6175
1655
8953
2740
8329
2764
2652
4927
6873
2877
212
4214
8890
2608
2695
8892
5284
680
7307
1501
2330
167
8691
958
7721
7004
8379
2557
4221
4624
5160
9877
1237
2900
9812
4706
1464
4856
2900
70
5285
138
8445
9708
8120
4479
3040
8008
1950
4568
640
7611
1096
7773
7304
6941
5806
4204
5453
7256
8643
5681
4076
9761
3390
8023
9121
2784
5287
6114
4094
6397
5725
3938
8131
3393
224
6426
9177
9337
4930
6849
203
9741
9392
1906
8870
273
3221
984
11
3595
5864
6456
133
2758
481
1671
1122
6262
125
5445
6647
9806
392
4166
9914
8126
7599
8397
8393
9203
1729
9786
2932
9737
5395
4513
2980
369
5443
168
6243
6137
9749
6317
6182
2329
8617
954
8217
6781
3716
594
6565
7697
6981
9345
5354
3584
5572
3650
809
2670
9819
7037
510
1802
1929
849
4825
5382
675
4274
5849
3502
8800
705
2378
7905
4927
8847
309
3866
1203
1563
5456
1740
9736
4925
7997
5626
8587
4286
4910
775
5988
4720
5543
8022
3692
3951
6898
2200
913
7216
6979
4960
8929
7319
1709
4891
5860
9079
3760
2164
9604
2720
4993
9575
6692
1582
7834
4168
5728
7419
3717
1585
5285
352
2611
2836
2789
8461
51
9216
7468
2602
1467
2136
686
5456
8289
5722
5065
4013
8614
3146
6110
3448
5211
7578
8617
5859
4072
5308
1780
3475
1377
3610
6548
9437
8281
3041
1496
1269
7975
3555
1616
3736
5897
1776
9268
4964
3536
8807
1038
8469
9657
1696
2552
915
686
864
60
5050
5137
6438
5110
1719
2108
7920
4107
580
7269
6081
1200
8113
9954
3850
8425
846
7768
8507
4507
3469
4466
8526
2240
5902
2600
5054
5404
6657
9885
1580
4898
9556
8666
1128
2550
6436
5725
499
6084
7616
1806
8990
696
5270
2574
4704
6746
5562
2090
3781
1939
4674
926
9055
3686
7755
3427
5577
1310
1696
5810
2313
4199
7764
3217
2540
1751
2453
9343
7130
4387
1300
3336
6685
1713
9565
789
2218
3694
1969
4796
2469
7919
2828
5598
2250
8649
4101
3511
7981
8793
1425
2594
7156
8354
2224
389
8953
4356
6203
1207
9564
9184
2086
1457
9206
2329
1134
5145
6767
170
3849
6561
1791
7263
5489
3994
6997
6956
7477
8974
2096
1012
723
1672
7228
8777
6888
4407
3767
65
9137
9630
1055
8901
9060
8811
3415
3556
661
729
9163
5337
3614
8982
5797
3903
763
9991
3683
1164
4578
7913
2877
8539
3310
77
6860
2376
925
7004
2736
9806
3250
2991
3596
5756
6530
660
5120
8285
7666
3755
4485
2142
6137
5635
4710
1940
67
2002
3140
7619
1796
6584
395
2113
1746
437
9119
5378
4908
9129
9500
852
2142
3563
5151
5751
204
5311
1422
9576
3923
3267
2082
9032
5980
4842
8348
118
891
2333
8759
9218
9685
1516
2606
4350
5313
8216
1336
6738
1864
5417
50
7887
8903
2626
715
387
1011
9223
72
9601
46
8382
7274
1001
1874
316
8880
9057
213
7829
8846
4355
8490
160
7057
5275
426
6178
6821
9203
8988
2481
1030
2997
8223
8118
1257
4951
5752
835
1178
704
7197
1044
8587
1309
6709
8808
6363
9547
4911
3696
4265
9684
2622
9182
9179
6786
2991
8218
377
2068
397
3387
3144
8442
2577
2513
6482
2988
9212
7805
8258
5401
9844
4329
7109
4236
5835
2459
3205
9786
1349
7973
1856
1172
1716
4460
3990
953
3279
8294
8317
4598
4378
7651
506
62
514
6651
4830
7365
7576
7001
3362
2553
238
8613
1605
7850
8765
924
2466
9847
9203
1532
1665
7523
1273
3856
7161
4491
6580
3201
155
5374
7202
9530
9590
4930
1129
1436
6248
8146
3959
1745
249
6723
9474
4340
7876
5715
4704
7539
4030
4446
6986
5313
769
3987
2019
8917
6717
4282
8730
8095
2441
1235
8244
6971
9220
6464
1298
6138
4944
242
1167
4572
3976
8821
3658
318
452
5183
7024
4857
5665
3999
8232
1383
2217
1314
6076
7636
8566
3556
4403
2667
7697
2812
4867
7133
6106
5489
3974
4562
5573
8533
8937
4468
3008
5456
504
3717
9843
160
8786
4645
3022
2505
2546
9113
3327
9571
791
5521
5440
1245
3292
506
7178
6228
5835
3628
9316
7471
8183
4407
7054
7214
1163
2400
5405
2352
7214
3480
8057
1752
7216
7888
8582
6899
2847
702
7386
1550
2146
8997
723
5392
1165
6971
6410
1393
9602
4811
3031
812
5204
7910
2575
5974
1441
3018
4344
2638
5354
9676
1369
8678
9234
4782
8233
8755
2598
9485
3655
3838
5812
941
2918
4211
7100
4076
4125
2010
8786
9958
6558
262
684
8435
5765
5527
3055
5720
3652
6848
1513
5207
9263
6855
8688
9212
7458
7055
3045
561
1192
6809
2686
4504
5645
557
719
5612
6087
4508
1228
322
7084
3507
2526
9412
7285
376
3451
6350
3981
158
5589
3046
5487
1519
9118
7040
9623
2659
4272
5693
9497
6327
6769
5464
9353
1929
2194
3730
1266
7401
641
9144
1387
2872
1940
1577
3768
8813
4243
1677
3866
2387
786
4524
7000
638
2699
580
4917
6598
6911
5648
2336
2051
48
2636
664
3230
7771
6180
135
9167
3193
576
1365
2562
8976
2321
3350
9094
9500
1507
9729
3524
3626
1043
554
7025
9594
6892
2477
1776
2137
7852
2213
7424
5911
227
267
4004
1474
778
7435
365
7508
3522
4037
9717
1466
810
2903
1555
7455
8273
4814
8199
1172
6837
3346
7929
8597
3953
9967
4038
4439
7033
369
1386
200
2721
5026
1203
3408
8176
8347
1523
847
3333
7067
585
7790
4571
800
2033
3269
1915
5782
2919
3798
1734
6840
2681
962
1723
1229
5572
8850
7989
6783
9430
161
5519
3100
9185
4218
7384
7850
9721
2929
9045
4947
8827
9636
6727
8626
7385
4562
1592
8882
1599
2426
8402
1233
8875
4874
3847
2464
1504
3714
6641
5697
2540
5494
6003
8829
4183
5100
4718
4129
3060
399
7204
52
8271
2002
4943
7755
1020
351
146
5481
1087
8523
2334
5465
2358
2676
1478
9459
8838
686
6217
7331
2731
62
5241
3374
9839
558
4857
9640
3433
1304
5278
2645
4620
5965
3538
2773
6314
9350
5165
4835
1816
9631
4626
9974
2773
879
6693
1416
4744
1967
5542
636
1328
1895
6281
1315
7199
1172
2544
7275
5462
6146
2715
7044
989
4851
8606
9771
8727
1665
2391
3020
2682
3837
6439
3934
779
6743
778
1598
1038
3069
9036
1600
9628
4244
4150
8526
1952
2538
5360
2492
321
5120
8176
3749
7895
825
4601
805
9210
8162
7843
2294
8931
5306
1767
8027
8066
7870
9772
6682
1413
2813
1189
1121
5476
1757
4798
9822
7193
9093
9243
1191
208
9823
4009
5613
4966
9369
8813
2203
6975
39
5693
1738
8741
452
2968
6135
1813
9849
7861
5698
9732
7803
2088
8189
509
6013
8916
6845
656
3054
202
3538
5584
1540
4541
5079
299
6501
4126
1793
554
9253
7626
2791
9406
62
5231
1941
1285
2429
6748
32
4497
717
1889
6704
9093
8283
882
6356
4723
9950
7080
5670
3457
8490
6081
2477
2808
6029
6260
611
1205
9154
6243
301
8388
4407
1048
2335
2947
5059
1816
6191
1618
7546
9109
7603
4909
6765
9823
236
9174
8621
4312
5228
3570
5816
5855
6019
9870
596
8237
3960
6744
24
6129
8711
557
893
1276
178
5346
5817
433
8562
8886
2058
2330
554
7138
6588
3013
1016
1201
1214
6408
1354
2216
8356
3073
740
738
3394
4203
5878
3239
9074
1083
4814
2661
3648
9601
8128
2522
767
884
3890
4255
1337
5739
1203
5981
7041
5245
2521
2635
4899
6235
1928
3950
5110
8923
5094
3784
5395
8377
6379
5026
438
1353
6056
1615
8407
2542
2050
2306
142
1729
4040
3091
5774
3584
9459
8193
9875
7755
7520
7187
8445
3965
801
9878
2009
5512
7121
5837
6410
572
2504
2987
3480
9170
2235
6215
4213
2220
9312
8024
2805
6920
5995
9872
1835
8479
3969
6024
1000
8234
5605
4263
8405
897
8857
3836
4675
9695
9981
76
1267
670
7271
6267
662
7681
2740
2659
5126
8054
3252
2317
8373
681
9092
9244
8241
3103
2117
2747
495
3585
1492
9621
4641
2869
7419
3450
2893
2009
9191
2619
3637
1387
9667
5034
2437
7546
7610
4556
1283
3357
1477
3323
2329
5396
554
495
8080
206
2791
5426
3657
9928
7778
1953
4798
6845
4846
2899
8908
7740
3678
3162
7733
6564
5710
7716
3420
343
9237
152
8897
3215
332
203
2618
954
7194
3088
6692
6429
8083
9381
7183
2597
6650
6298
5360
9857
8233
9092
3597
5855
6434
5399
5550
1814
1865
2056
5156
2400
7898
2339
6427
3843
7661
5907
6876
8169
9237
8358
5494
185
9882
3722
4699
613
3710
6162
593
9005
645
5488
3061
1774
1096
1075
5161
9413
7154
3002
3351
960
6225
1412
6709
4286
4517
8879
4138
2595
3734
2283
1975
1015
522
5820
6759
7741
8620
4159
838
2517
9418
3810
328
2897
9189
3166
7947
3403
5513
3110
8937
778
6439
7838
4826
3658
8984
4116
5897
3476
8387
8250
5881
8529
9369
4066
6374
4194
1690
4786
1452
8688
7854
6802
7063
8604
6294
995
5835
6194
675
2139
8711
294
6942
8431
1939
3906
2352
7640
2279
2034
7719
9812
8559
7933
8991
643
719
3874
1118
8235
6634
5880
762
8233
148
9192
1408
8527
8535
5790
5111
3636
7460
1634
7428
5705
5283
8104
183
8201
4165
410
6907
9638
9136
4500
8993
8757
8371
5427
1922
3811
3890
8056
8924
5659
635
4178
5885
5426
7361
7500
7261
464
8605
7199
3772
8524
4344
3863
9537
6634
5537
3788
6243
565
53
1869
9421
4342
3123
3946
7007
8229
5746
4772
148
2133
2028
585
6195
7706
8643
7759
7070
8219
789
4777
1438
1448
214
4394
7914
9268
8366
9974
8377
75
4298
978
7352
5417
5702
3743
4398
2841
802
8419
8221
7261
3705
831
1164
4313
2022
305
5984
753
4055
9671
1012
8155
1768
1268
5380
688
3257
4286
1075
291
928
1131
8600
5495
8232
2814
3
1937
3734
1456
5660
8905
5794
7604
268
3308
450
7241
8657
4005
8137
866
2666
2487
3953
6126
9678
2038
6038
8492
7229
3504
9554
1697
7717
6347
2528
1136
2085
3390
4233
1940
961
5953
1525
4515
9807
2924
7425
7969
9538
6639
6934
9329
2753
169
6735
674
5579
2717
3934
3575
2077
6648
7561
407
5228
9064
2866
663
8498
771
8068
3523
2412
8319
4886
4390
3965
8796
5283
256
3519
8346
4037
2475
4451
4330
6152
4985
6597
383
3866
6969
1513
5770
8415
5064
5922
7465
2155
7039
7743
2296
4315
9929
1510
4173
8494
2033
2046
8439
8616
1936
2524
2604
2731
4171
6057
5503
4323
1958
2212
9250
9681
5321
8254
2617
1653
3534
3326
9158
2996
5117
3441
819
9835
474
5724
8241
4661
8703
1239
6774
8087
1970
8921
1151
7701
3029
987
1630
1142
4566
6176
1788
2153
4495
8429
8048
1832
4813
2472
2775
448
8972
1571
1074
325
7313
2320
3503
2627
2103
1086
8893
436
8330
7636
2278
6086
8580
7778
9765
9820
4142
8210
8731
6224
9569
2229
3091
6818
2434
4360
7973
971
9124
462
729
6505
2663
9006
1206
8561
1921
7958
6233
2952
8404
1275
4242
6427
5101
84
9896
1342
2086
2302
4595
2055
9309
6024
656
552
3823
8731
8196
3480
5310
6331
9329
5163
2637
4991
9145
5558
4293
7163
5934
7936
1359
6712
146
2487
7790
6683
6653
8305
9867
5650
7691
5678
7221
243
3818
287
944
2352
2383
5525
2012
511
3824
6403
2355
6518
608
3645
4570
8075
7013
2059
7488
2318
3059
9428
9353
1467
6545
8317
2845
9715
1819
3876
500
8732
298
8293
1357
2438
3262
9880
1867
2223
5808
871
8066
270
2679
5304
4555
7950
362
1483
1618
7972
2603
6573
6182
7923
9015
2300
8156
7462
1808
6537
1086
4922
2456
2911
986
3235
4584
3478
2259
1981
1515
9763
4376
7200
3457
1652
8028
1928
2575
3971
5240
3991
9424
1235
1120
181
9852
1722
6824
5064
9038
1535
9074
132
7294
5798
293
4958
1125
2953
7020
2007
115
7581
7671
4228
9308
6263
2456
1976
9358
7833
8848
7727
6897
6598
6226
7499
547
9653
1648
5725
380
910
2067
5270
1985
1918
868
9328
5921
6330
9198
1350
9892
2142
8226
5311
378
9641
7289
6237
1055
9160
6829
8031
3246
1063
8301
8716
1704
8652
2087
5856
3735
8101
4120
1893
5581
1255
7131
4033
8558
1331
1053
8649
3767
1807
3617
7611
7848
9217
1185
4151
8188
119
874
6962
3894
1671
5068
560
1332
117
2134
6134
6319
1765
2973
1147
7301
5395
807
1033
4119
900
1301
3189
4836
1012
9788
9792
3912
3819
2024
1337
3148
3424
1037
848
6347
6210
6232
4879
7611
8761
8617
3210
2548
4728
1112
4829
5479
3705
1983
1022
1475
1085
7870
2143
3599
1976
7214
2019
6265
267
5840
239
1269
5098
4674
1987
3606
2812
708
3110
597
7070
6725
5238
8922
6742
7472
1559
4148
6101
6345
669
522
3158
7903
2271
2436
226
268
7667
1918
6778
1703
3950
4226
4473
268
9710
6932
3122
8338
102
7755
3613
1714
4633
198
1721
4671
3372
3690
5805
9644
906
9415
8082
7757
5455
1128
4602
624
9906
6143
5728
9607
5151
6634
8668
3605
3788
4136
1893
9234
297
8424
4738
7206
4260
6632
8805
2842
9129
7421
2120
7700
1405
93
8219
7477
5930
6869
4488
5553
2346
9703
1957
8760
7175
7748
869
6069
8262
1292
1863
4428
490
4880
5631
1357
1246
5027
5764
270
8339
534
9361
4695
574
2761
5626
9088
1345
8722
2581
2393
2869
9917
4467
2055
178
1463
7582
1876
8673
5497
4405
4172
8126
8511
9261
6220
6986
3214
65
2751
99
5631
684
411
5559
4175
9287
6592
3411
5928
4887
9611
854
2361
9185
2661
2203
6320
321
842
3771
7634
6115
7928
237
3640
9142
8380
6082
7284
1632
9765
1394
9951
4264
9167
2241
3817
7878
4913
7250
9601
5194
211
1657
9169
4499
1901
1939
1025
2211
82
2100
1317
4985
4376
1743
3703
4865
24
4639
7114
9020
8
7093
906
2643
9171
3534
493
1476
3722
4812
3790
6129
8327
2131
2433
7431
314
7666
8932
1391
607
2648
2246
8706
1410
9918
5072
3801
4465
7499
840
6009
8629
8886
2257
5086
5937
2795
5734
9851
9138
1458
8897
5336
2627
7870
9100
224
5949
7255
5266
4840
728
8672
8848
1889
610
7153
464
2161
6790
1003
4861
7778
2752
9117
8994
2462
7813
7648
7628
5227
964
6613
1015
9300
5673
437
3311
3756
2244
1988
2661
1788
6060
2160
571
3317
5536
961
8301
3938
3211
3000
7654
9199
8719
9716
4157
1717
1504
7217
5283
1232
6517
5877
2595
2286
4565
1195
1293
6893
149
5506
6688
3072
6111
1080
6188
4225
1726
6740
8877
3671
2775
7305
4899
2069
6556
6029
2021
9285
1024
3835
6069
5654
4030
1676
1779
1871
4766
4712
2003
7134
7064
1036
9262
74
455
425
7195
14
5642
9474
7129
1974
1830
9238
1594
5120
8271
7462
5970
3200
8747
4101
8381
4271
3719
4324
5829
8943
4572
1527
949
1670
6838
5221
2471
1958
1501
1164
6116
3013
5723
2035
2637
7241
7855
90
995
4007
2320
6836
4030
2047
7114
8883
1632
1491
5014
9249
6642
4931
2344
9215
1901
7388
2534
1529
5810
1195
1724
3001
2026
2478
2389
6884
680
6708
8392
950
147
1313
9143
3794
1634
4956
4163
6722
1797
8656
1030
1471
1818
1817
4810
8554
2415
2570
9199
1311
649
6337
1962
7145
9498
7360
6982
2659
7357
2626
3818
7821
1592
9319
93
1396
1620
4365
768
5960
4808
6795
6864
3897
2542
420
1525
7356
2779
7961
5562
1039
1295
6477
3121
772
6889
3537
5586
6531
7228
3324
108
9262
4420
4464
6807
2291
1469
6025
632
3673
8686
9399
6825
78
2932
9339
9354
9405
2598
1228
9568
9540
8403
8493
4469
5331
3582
8287
738
7379
3969
437
3305
7044
5986
2882
6304
1482
3302
6233
3059
148
4176
5827
1675
396
1747
4955
6281
1690
2500
1442
1142
6286
5561
863
2577
1003
7221
4108
1423
2610
1425
3387
7814
4439
1898
4873
354
4621
2177
1830
7418
2700
1345
660
1389
347
7920
5255
365
3767
1373
5660
1131
7581
1000
1559
2379
6710
1999
7666
8608
8579
8085
432
5340
3456
4325
427
5470
9717
6734
5735
1440
1853
225
2644
5160
6080
6727
3242
2495
5628
6367
4040
653
371
7595
2918
1642
7342
2079
9786
9709
8462
4311
2083
5955
369
3688
3698
3554
4364
1313
1411
7397
2398
165
2982
1391
566
9149
5229
9157
1535
8414
7499
8987
3963
2857
2293
2669
7590
9233
987
1355
7792
638
455
2562
1899
1435
1299
4019
6811
2133
102
1451
627
8773
1510
2177
7428
5275
3604
4139
8959
2241
5580
7386
14
4474
349
7187
9819
9669
1485
3867
2750
5009
5446
5366
1793
39
4006
2730
422
5581
4661
7069
6041
4680
7759
1587
2642
2604
8539
5124
2397
5302
290
3557
8069
4771
3827
5931
3427
8914
2890
7834
4637
7240
263
1230
9775
231
6759
2000
918
9923
2950
547
2404
7543
6481
2910
7304
8805
3511
7096
2325
7133
2268
9952
2787
7953
4484
3526
9316
3517
9272
6473
4344
4556
1425
3260
2595
6530
6954
3358
9141
8064
6149
6548
2222
8042
8298
8647
7629
655
5316
5107
7954
1
140
7176
3954
1158
2915
9140
1590
1054
1628
6040
7882
1587
3231
3985
4689
7244
6152
312
1046
3083
8744
9800
9501
644
6289
4984
4952
638
4052
2572
5522
9964
3931
6111
939
7874
266
297
5863
4593
2356
949
1909
7607
8822
470
281
3410
5607
58
2186
9935
5768
7862
1452
2550
3228
89
198
2051
7605
8504
8950
1332
593
5794
1000
7286
5459
124
9243
3756
6310
357
2676
3763
6351
5379
6810
8151
7973
1768
1523
3744
8332
3894
9558
275
3285
8581
7707
2188
9932
6453
1954
4976
6774
7
9277
460
6259
1812
343
9189
5272
7107
1550
6905
53
1444
5974
4551
1123
1067
375
4279
5324
1123
9562
8595
3092
7055
8640
9160
8302
3860
4222
4494
3283
1746
500
335
5446
1388
3751
9797
5190
6020
2257
2994
233
2524
8213
2249
1568
30
9650
3182
1711
1139
7656
543
3439
8560
4811
4013
5002
5472
4180
5565
623
2164
4520
5555
7407
7710
5553
2743
4467
8370
1932
2633
9452
7016
2704
4674
1040
5478
8139
5033
7474
5597
7059
2944
2049
2593
7624
5202
3922
1632
1753
1069
6226
5454
1836
1104
8778
7997
7808
7277
5672
7410
4539
6597
1870
4443
4595
7982
5434
5148
9755
3524
6965
1752
6964
6410
9101
7869
9130
3055
3969
2750
5606
8737
1686
1196
2536
2146
5036
9538
9609
9845
2769
7312
1923
7535
9436
4398
8832
4883
7573
1527
3528
2518
4023
4161
8068
4281
641
5080
8206
8074
126
4836
376
9024
1056
9251
1828
8480
2205
2453
3252
3446
479
9760
5524
1034
4636
9306
8035
9115
1680
8020
3610
518
1325
8510
7037
9219
3473
1368
4377
9872
5157
2259
496
648
2552
392
7278
77
6856
9699
5305
7637
3861
7358
189
9029
8806
1658
1859
2668
2730
8307
3741
3436
4863
549
7569
9376
264
7564
9526
8233
3429
3928
840
1646
1319
1852
4331
6023
8867
9823
8304
4699
1487
4688
361
9153
5524
7842
8696
1326
8802
1458
1074
9059
8406
1630
3806
6696
8908
2005
3416
3112
8800
7116
7787
8311
6665
5602
6319
5571
1429
4210
3525
3471
7805
5551
70
5388
2745
8777
5674
9132
3197
4055
9591
5343
1800
404
6922
1381
1459
1185
5404
3575
9492
1925
9215
2431
3119
64
6164
5385
5514
9844
9274
8284
9716
2958
2290
4651
7908
984
1422
3913
6146
6362
1153
4889
5438
9419
4061
7422
4138
1874
5493
8863
3220
4058
4505
2349
3847
113
1907
1235
934
3770
4299
7258
1048
846
8526
5737
55
1054
7780
4527
9277
626
5511
4939
256
2990
3871
9833
5621
6231
511
87
4829
9284
6246
7432
7237
9837
6709
4599
5284
5873
1617
2302
7035
3422
6459
374
8780
9465
6380
5319
9441
2779
9237
2905
504
6565
3735
1886
8750
6688
7940
5771
5889
8969
4059
5304
3073
5304
1615
6060
2229
1632
8511
819
8127
3052
3364
3877
1450
1235
2064
7193
4889
3496
9552
5311
3742
8421
9776
7882
3292
3837
373
7372
2337
1783
770
4614
836
3505
4495
845
7693
9360
2704
6766
8938
6845
4399
21
8750
1452
1176
9310
3564
7139
6034
8853
838
6905
2380
5905
8711
8542
2766
9927
7895
3054
6240
7800
1403
8937
9398
7120
4729
2963
6189
9595
1013
5595
1546
1698
7436
1857
6031
4619
338
7285
6145
7631
3210
3194
5145
2300
8631
7057
2425
4177
4060
7118
768
2794
6404
4254
7197
2158
5878
6423
2459
5307
60
2077
2967
6439
4811
5969
3211
1564
7011
6724
9701
7625
2818
9596
3167
7202
6372
382
7306
2740
3941
2199
4456
6848
7808
2386
1121
3406
2523
9313
982
2640
4245
5517
3647
4709
1489
5665
801
7908
9545
7464
8872
2219
4935
2953
8575
1768
9416
4263
4956
2874
2895
1065
7842
9940
8338
4418
7814
2952
3827
1275
2723
2409
8660
7119
6459
6089
3101
2892
7329
4142
6361
7962
3712
4969
8144
1239
1175
9888
4938
9835
804
2007
5118
374
8500
5839
2113
6180
740
7525
7794
316
154
8161
7032
1773
6626
7563
6883
7960
3881
7313
45
3126
9399
8542
1574
4197
7808
293
9807
5742
2637
9446
2590
1320
7208
2103
7419
9950
4019
1260
7442
4509
1717
4466
3841
6351
4494
6288
5085
1244
9224
9959
2875
5372
693
3013
7666
994
4047
8923
2288
7081
3359
4667
6131
698
1778
4547
7762
4459
1356
2936
4631
7524
7355
9685
9438
4173
5527
1296
1565
8721
9155
1173
8527
5274
8541
1390
2168
9805
4206
1027
7579
5398
3758
9026
1573
3662
464
13
5282
7652
1578
1499
6238
3099
8514
5963
3862
7774
3075
9029
9667
6431
5444
8309
5900
8148
2413
3033
1379
2696
4099
2886
6097
4217
4215
1280
830
2672
1318
6365
7343
2219
4160
2245
5215
3336
2612
8180
2379
6140
2840
7800
1572
8780
4128
9742
5292
2998
730
232
4904
6274
8277
9036
9659
3516
2991
4834
9124
8549
5596
2490
2707
6242
8166
1700
7824
403
8571
529
6124
238
116
8863
8307
4710
4451
2106
3929
807
8733
7158
133
1034
7264
2270
4244
9720
705
3258
6689
6651
6058
5536
7065
838
5017
4443
872
9304
4045
9939
8687
4719
3611
5346
7617
9823
2687
1357
1496
1772
6783
5386
6058
9248
8616
1939
1057
1235
8625
2003
2606
8994
1436
1968
5799
5287
6781
6281
4481
633
961
2649
587
1744
1621
5019
4382
1488
5557
3413
9075
2543
3127
1133
1159
4313
330
5653
2699
2918
4840
3924
9264
9369
259
981
3987
3607
7882
9371
9314
7827
7214
3165
2040
1629
7564
5824
5735
5445
9573
3509
7443
6218
1131
8026
8287
2460
2966
2040
8700
8842
8095
9284
6832
2691
8733
2795
868
740
7862
3274
9346
7146
6672
1483
7421
6673
9974
7578
7649
258
4457
2376
7067
7875
3751
7090
5307
9988
1997
760
8283
9527
6718
7456
8791
3946
95
6946
9847
9138
5856
488
9100
7690
235
4153
5269
8386
2507
270
1111
96
1434
65
9817
1807
4590
3999
3396
8792
2690
9727
363
7474
6926
3514
1931
950
3556
171
6783
2170
4409
2623
6407
1386
4776
8749
9349
259
1175
3002
8717
1955
464
3823
16
5995
6844
6302
7042
6364
9052
6172
2492
1637
53
1646
3591
4355
2592
6822
1703
7955
2894
3166
5175
1294
3140
1105
2054
6707
2637
575
5311
7374
3012
5749
6157
396
1591
4482
4042
7502
8295
7296
7442
183
2555
3444
4419
3170
6653
5681
1560
5528
1332
4069
1564
2243
7967
8078
1008
6885
3142
4139
4579
7309
9276
7903
6418
1422
2266
8135
9978
8129
4664
9615
2149
4965
475
672
1137
6477
6688
7618
3000
1437
2099
3630
6103
189
2340
314
2461
3636
1293
5012
752
1727
8193
1664
3147
7460
186
9792
9267
1472
1140
5138
478
5344
3271
4206
2721
3424
9623
1758
9599
383
9926
320
4336
1160
846
9484
7891
1783
9111
1921
8609
1723
202
6674
5619
584
9025
3862
1345
9120
1149
2430
5988
1603
4462
7858
2516
4285
3880
5490
9093
7344
7425
4486
2356
4013
9572
2749
170
2599
5435
8234
6237
1223
1715
829
5564
4852
7572
9397
4491
9964
3441
5552
6398
3241
980
1786
3353
3874
4918
2751
8915
2687
2332
3881
2328
8733
6107
1065
1869
9337
6995
1959
7800
6987
8941
3052
8878
765
9741
2850
1995
1259
4444
2347
6358
4501
2113
1850
2433
897
5871
7448
3422
9819
1972
9194
9733
7078
1247
1938
5246
6169
2871
8513
9714
5841
2997
6054
2854
811
4562
8087
5991
328
2088
8926
210
544
9503
8551
1975
5833
6904
8332
1140
4773
4318
4696
7825
4699
5587
5603
6727
4780
32
7952
2762
210
4803
6333
2775
1158
657
3609
9158
5619
8570
7945
6463
5751
9909
8737
4742
3050
4157
6884
5815
3856
9698
360
5941
1786
161
6084
6900
7772
7798
7739
9983
882
4012
354
2557
7194
2825
5329
1954
7356
2059
7559
6078
2009
7978
7722
2337
4225
798
5610
9824
9828
3557
5270
1195
6889
7509
1196
8809
2493
3373
9980
486
5947
6251
9430
5809
6282
7162
1032
3681
6888
2226
6947
1418
3832
710
9931
1382
3863
441
805
2476
9130
3700
4210
9544
4156
1668
7011
9665
7215
3554
4185
9463
9093
8647
4836
8595
9473
3177
8679
8656
5633
7480
1840
4541
1539
226
7196
101
4833
8201
7024
1067
7421
8578
5547
1958
5041
8181
7859
6370
7713
5785
4507
7114
4073
9831
4404
2852
9799
2733
867
32
3370
4965
699
4429
838
1000
5991
6207
71
6222
2607
5998
5103
701
3349
8251
2120
1325
4626
2753
688
7100
2505
2484
5772
4406
6987
8504
9505
2813
4839
1517
9950
3328
1304
6995
9421
5390
194
1780
5348
7093
4155
5654
6267
8762
795
3249
9749
8589
6456
4046
2055
9652
4379
6871
3611
1240
6933
9637
4522
2757
5241
4591
5286
2720
4163
7845
6954
875
1092
6686
2029
435
9296
2586
1450
1038
4002
623
8933
7253
3518
699
5237
3479
3736
8703
8138
7940
5146
1735
2762
9786
4129
9580
7659
3731
9104
3982
9557
52
1848
5802
4315
9076
2205
744
3172
8166
8197
1822
7987
5043
4237
94
9048
975
6059
3132
9967
5320
784
5508
1351
712
5431
1822
8177
9515
1446
7634
7036
2345
3031
8379
9238
108
7028
6537
3166
8664
6012
1606
5289
9480
6360
5480
7049
2417
7003
9683
9784
1224
6801
3061
3866
8527
486
5500
784
3666
4773
9661
6705
590
5380
8680
6662
9366
9992
8828
6853
6171
3017
8048
7584
8528
7597
3622
2014
7672
6864
2891
6634
2236
4402
8961
3099
4751
801
2575
9494
4047
4747
3382
9564
2743
1512
1518
2050
8650
49
2352
4394
9446
1131
2527
4445
1653
2210
4393
5934
4489
578
607
2395
910
8586
9169
8291
9850
6996
1084
9444
7259
4231
1809
297
822
8687
546
934
6798
5479
4301
6876
4070
2439
4208
8281
2589
8254
2884
7248
2977
3255
6756
9017
1303
7080
2107
663
8350
2626
4082
309
5871
8173
6589
1101
8551
1566
7196
7205
8616
7281
1561
128
4573
3673
1093
4331
3805
9274
1120
8082
1124
1881
3043
6806
1738
2459
359
7891
8189
7596
6225
131
9488
4247
4588
5092
5420
2222
6210
2059
2119
250
7947
6430
6775
1731
3439
669
977
2604
5284
836
2041
8081
4485
6140
980
1733
3440
4093
4132
7507
7190
2547
8155
6685
4074
7363
2629
132
113
7819
7885
202
8668
7277
7148
5391
3104
966
6817
3840
8491
3301
8427
6419
9410
228
7594
9526
7791
8140
1593
2605
2727
8496
1714
7974
5772
4990
2672
3886
3036
1346
6931
6742
1396
612
7283
836
9731
1725
2
5131
781
777
3631
7804
6689
644
3346
422
2308
9817
1105
9483
1896
7278
3215
1627
4571
3205
1459
5007
1360
629
1777
4969
7967
834
3889
6128
6269
9518
7954
4116
7421
2252
591
6081
8507
6261
8746
36
4528
893
25
3197
6012
8266
4446
2181
2287
7515
7252
6898
307
958
3683
6537
2668
9846
6034
2260
8982
9277
5119
2229
9544
1454
7367
2503
357
1551
8565
3296
7205
2351
9128
682
3520
9191
1458
727
7666
4343
7904
365
8408
5989
937
1356
8429
4944
5135
2107
1912
8770
3628
9158
740
272
2664
4670
8283
6586
3551
7862
1729
4390
1536
7986
5121
7853
9044
5553
9146
9334
4682
6390
6447
2206
9508
7600
3395
6464
6027
5947
5181
5829
8168
8383
4296
8101
4781
5880
8868
1503
8716
2416
7478
892
9970
4089
4823
2119
5200
2562
9328
105
8443
2296
9578
3400
2392
7226
9881
131
368
5936
2216
1123
1106
4405
4895
787
7134
1310
4774
2037
5044
2195
2461
486
7793
5380
9947
8223
485
4858
506
7968
5164
5583
5206
7252
4092
5984
7124
6418
4938
7165
6994
6445
4605
7222
6913
5098
8258
778
9211
9523
2258
695
4385
2721
725
7360
3887
7990
374
4860
1906
6206
5940
6683
2341
5981
5079
7881
8529
2244
4397
3838
1271
892
4034
6149
7184
840
1809
4274
5930
2593
1582
2435
7880
1890
9610
8464
5058
7788
133
3249
9678
4557
4222
2375
2245
7405
4564
2419
9958
9277
8530
330
8410
3629
9033
5996
8412
446
6564
3662
1996
8250
2976
194
7274
1502
402
6241
7946
5108
3769
8965
1370
4737
4110
9613
5020
4938
3259
1184
4198
7337
9471
5657
4022
4949
2443
5360
1288
6623
886
8216
550
3557
669
539
1053
5987
4184
1174
349
277
8495
7498
5287
2150
6529
9987
4079
7593
3378
5725
5441
991
1712
6240
2563
2446
1379
8335
668
2997
9321
4613
9748
3943
2095
3827
1873
4518
4388
2861
612
3690
1318
2600
70
1413
5817
2497
615
8921
3106
4145
332
4022
394
379
9031
4843
4452
5565
2803
7942
7705
1408
1054
4906
6192
3142
372
5486
2332
3832
7625
1338
6930
6284
7879
9124
3137
784
6369
3597
4898
8336
5211
3897
3014
6546
8973
5399
6248
8722
9171
3514
8059
92
7543
2009
6163
8125
3060
963
8924
8498
3587
2044
9811
4348
3976
8330
303
3131
1920
1899
4412
5684
2285
61
2184
7851
1242
5739
88
7734
2644
987
6459
8506
1772
4709
8420
2202
1669
2241
5720
5905
9542
4701
417
3615
1612
8528
5954
755
5630
5874
4341
4599
4516
1178
7347
2045
8009
317
6330
3553
8557
849
2398
183
7906
1470
874
1531
6565
5355
3868
2512
6015
2093
7944
1933
5437
1196
4905
1221
1934
4228
584
45
3499
9597
6883
4292
1983
6423
8532
8157
875
2804
7723
5015
5124
179
5708
1588
6100
4493
5164
2182
5140
8778
3084
5408
7028
1499
6034
5030
7523
203
3308
9717
521
2406
3236
7155
1955
4177
6229
7311
4318
5768
3871
1349
8682
4967
1072
577
4498
4122
8229
3418
6831
7673
5270
3935
7657
9346
1630
4560
6217
5408
1414
622
6564
387
6737
5076
8963
9297
1516
2275
6709
2345
5692
8356
9910
9386
1092
8788
1203
4097
5097
9367
9843
4533
2672
8434
2757
5562
8047
2360
1326
1514
9780
2504
1242
3532
66
9907
8418
7569
1402
862
1091
9886
4862
3669
2390
1523
4159
3706
2589
4547
4628
3344
2416
707
2195
845
2986
8488
7813
7326
2237
5793
7547
4423
2157
3813
9321
898
7979
3142
2690
1910
4677
6656
941
4036
1312
2304
164
2140
6429
9290
6332
543
9926
378
7778
1373
4871
7383
283
9584
4409
8350
2592
929
8313
9653
1892
4716
6914
7470
923
6986
4368
8437
1374
3608
6879
1014
4976
4685
2951
5825
2072
799
10000
5032
1034
1242
7395
3485
2698
77
3848
4885
8771
7604
5635
396
1352
7130
9505
3128
4849
9738
1228
1925
430
3945
8134
7005
5959
4664
9315
6399
6068
6884
3575
44
6144
5467
1999
4483
4650
5451
1577
8404
6964
3810
9749
8427
861
9617
579
7237
248
6545
8784
3038
8557
4011
1903
5228
9219
1956
4076
2472
421
679
7667
2570
7724
87
5997
7283
6384
4225
2990
272
1261
7174
438
4282
8699
9996
9338
8038
6110
7577
9191
5198
7498
1884
8323
700
2361
4698
1016
6427
9590
1474
7068
6414
4662
2164
1919
767
4966
5093
5730
7456
21
6345
9950
7717
5500
9024
1698
1080
1216
4025
9831
7220
2411
8577
8074
6805
6200
2051
8078
8154
5915
8730
2648
7158
1815
4254
9232
1977
5350
3094
3517
4221
4809
3761
9159
7700
9786
2100
2422
273
9268
8105
2246
2663
809
6979
7915
4223
1346
6965
7368
1229
4094
1016
5824
8746
5545
5468
1556
991
372
1732
3381
3199
4220
118
4166
7946
7956
3736
5110
9594
9285
3056
2145
7068
8089
7387
2383
2003
1616
648
684
5681
3943
7079
1322
718
3712
3175
2214
6045
5224
860
133
7086
58
9903
5236
322
477
4141
5615
1382
5205
3142
7693
6894
6470
7502
4858
2023
9566
8099
6759
3516
397
301
8886
9922
153
8533
1451
4588
7453
501
7426
4177
1158
3095
9562
1445
6757
5404
3100
2517
3526
3651
1218
581
1590
9668
970
6230
2015
9809
1244
5955
746
4239
2626
4324
5733
957
914
6051
9723
5318
3927
2837
9564
3463
1262
4379
7496
4253
8332
1003
3953
8130
4743
8551
8674
8107
5189
2167
4523
58
9493
670
166
1559
1674
6438
1760
3657
234
6314
2584
7384
7145
2554
8819
1328
1387
1404
6812
4825
1566
7679
4927
3912
1688
2142
8066
2737
5298
5742
8622
9682
1015
1786
8950
2338
2939
2662
3811
5329
7682
472
1707
3409
2368
7359
1205
6979
679
4014
1176
8662
1898
3449
6393
2122
696
206
5230
9831
9622
7399
7342
9478
2254
2638
9746
9583
7701
1174
6198
1229
1213
72
9586
4749
8199
2404
6037
2783
4043
2920
9416
6416
1733
2053
9798
6615
1809
9751
3517
3059
1505
5945
5219
2327
2109
1310
7557
2652
9492
6804
4734
7634
5720
8641
4894
2927
3781
7387
303
1077
6077
2517
5475
4442
1259
8357
2556
561
1997
5288
5864
1798
1426
3020
8290
1078
5348
9570
5273
1072
7918
3393
3972
3549
5782
6151
3129
1346
7102
3126
794
6279
8309
6415
1183
8208
9503
1764
6357
9863
689
5021
329
6242
6585
3098
3033
7895
7491
103
3664
1780
3132
1438
4437
66
7380
9032
4910
813
8399
511
267
5534
3663
5735
3492
585
507
7276
6091
2503
8712
3602
8386
2283
8552
6247
5724
5966
9928
1406
3093
9115
8600
3210
3682
1005
1717
5687
8739
6779
6751
6029
7456
2544
288
6988
8939
1853
4391
5491
3681
3668
6584
3190
35
456
1147
2605
8611
1210
2036
1831
1806
3763
8328
4871
5235
6738
1395
975
8236
2097
1781
8997
5357
3739
3261
4194
1947
9698
1820
2607
4260
622
4520
1339
6990
8704
9799
674
2678
1628
9063
6
7640
4880
2404
9887
8598
3132
5944
8967
3850
7032
6426
8804
8474
4868
6293
7825
2060
914
6771
9358
9991
8896
4131
8640
5019
4077
4949
3491
413
5187
1476
1010
9079
7966
8693
4555
7535
2608
4587
2949
2205
6486
1399
433
4512
9939
8316
2036
1177
5238
6527
370
713
2271
9487
8309
7780
6567
351
5223
275
9170
1144
6372
6962
1455
1136
3537
4552
5847
6239
9895
9518
3
9023
7234
5448
3981
5192
8495
6314
7043
6158
338
1595
5560
1584
6602
1282
8038
8600
5632
2225
6356
7922
6835
4485
2898
1457
1561
888
1786
8453
1519
1592
1772
1103
7088
4758
286
4181
7022
5137
2579
9572
1261
5480
4594
57
7934
9422
527
1775
9019
3254
6077
2003
9594
5493
13
4689
6189
2051
5920
3998
5991
4884
6149
3820
6244
9127
8700
5001
4949
2138
8271
5690
6263
9480
1761
8054
1460
1211
5185
6328
8049
8034
395
7102
3822
651
689
4706
578
3993
9235
9814
7927
966
2133
5601
6547
9505
4559
1533
528
9694
5180
2279
1300
9443
2177
9063
24
8020
8859
6489
982
5501
3455
5562
5146
4046
9167
7633
7958
9695
6505
2527
1159
1002
600
3716
7146
5579
6991
118
6757
2533
1778
2119
6869
2719
277
1794
1213
6337
1980
7037
6149
1624
9368
3894
1167
6584
9852
8436
7149
873
3531
7404
1501
9571
8128
5979
8314
5776
3382
5729
3082
6036
5647
6832
122
2632
460
4653
770
5004
3449
3293
4710
7286
1557
6593
7648
7056
4560
2624
5340
751
7136
456
5686
5309
2108
752
4866
2787
4908
5796
2635
5172
2834
8583
2751
4005
9210
7442
4714
6279
8507
2189
6190
8692
6184
4026
3387
2139
2512
3493
1489
2992
2402
3573
5191
7505
1168
6944
2741
2512
3765
7445
3295
30
2969
7320
2043
5931
5737
2422
9981
3713
2571
137
7416
9730
5958
1782
2574
5336
4806
5940
1215
1055
965
1093
710
3329
3041
2298
5185
5117
414
1962
2152
5820
8619
1831
885
7942
5807
3253
2724
9805
1227
5160
812
1314
7378
9612
6911
3561
7183
7112
4671
4372
9957
1525
3856
6778
7342
9582
6566
6739
1865
2035
4457
2868
4225
8688
9465
9369
6210
3287
1079
1107
3644
5822
7167
335
9674
4196
1781
3319
8316
3000
4846
1112
7530
3067
3752
9733
6619
396
5795
5020
7860
8339
5731
9387
4401
5003
9098
9985
6464
8336
6863
2063
7457
5706
1804
5186
1392
6379
1785
6237
8757
139
5854
948
8392
3611
3208
1958
5297
1364
2907
9101
1926
2944
5181
413
8403
9499
1168
6593
8172
2842
3875
2232
2176
2765
1178
2993
1045
2227
740
1821
935
5612
9113
2285
9980
2449
1481
5575
7974
7945
5242
6861
6914
4853
1232
1635
125
379
7130
1972
8429
944
5128
6294
9190
4438
9043
9622
1992
9206
1676
9173
216
9809
1637
2271
9050
8565
2577
7822
8358
3379
8501
2151
2869
2760
5993
6623
8109
4695
9559
4870
2591
2003
4558
6812
56
2534
7517
2439
323
8943
1309
2508
3840
3667
511
2317
7852
7870
1419
5528
3092
4221
8453
5857
9160
6757
9081
3007
1060
2803
5574
3832
9804
8483
6372
409
3741
1112
1549
315
387
1055
3865
9463
6454
6966
1180
4277
2423
3205
440
8936
698
331
6465
2066
6174
2161
1034
1833
6803
8371
3418
610
2997
834
2936
2655
8322
310
6161
5327
5850
8263
1725
1726
113
1735
1922
9803
4298
7106
7468
7879
4340
2121
3972
3609
2562
8450
1608
6500
8858
7320
1405
2932
600
910
1359
3177
7575
809
4730
3816
3108
4040
4781
8879
8747
6080
1083
6517
4327
9034
3364
4545
115
545
771
341
762
6502
2536
2762
9858
2704
679
8318
7593
3018
2436
9488
1626
2132
7943
6395
5111
491
3844
5614
3693
6946
2607
8016
8855
9848
7150
4536
469
8163
6728
8098
8706
5182
2002
7024
7078
4302
5217
4730
4450
5630
1706
1453
772
8817
2079
1349
3068
9419
1706
7279
3694
3528
505
2161
5250
2868
2589
277
784
7020
7305
8681
878
1989
171
2513
731
6259
4595
1636
5435
4146
2865
2354
2714
8712
4548
9530
9213
6784
374
513
4899
3867
9918
2787
4672
8342
4368
9318
1082
8004
8031
8160
24
4117
5362
3107
138
502
1220
5534
8601
896
2647
9534
9796
2978
1766
9463
9565
3773
1071
904
2570
3778
3283
761
6538
3444
4681
7085
6029
5313
34
1344
9914
5685
6169
5040
2031
9508
3098
3362
4728
5137
413
979
1768
6086
9572
2235
8405
207
8703
859
7670
2392
8644
4626
1287
9513
9409
1365
7695
925
42
1777
8102
507
2108
9662
543
1822
5537
3565
1153
5819
8564
7038
7492
3051
49
3851
1038
8364
157
7909
270
7678
4104
5487
386
345
881
7829
26
2895
2081
1740
7642
6560
7438
679
9982
1012
4972
1614
1765
6054
4890
5937
1531
2201
7466
5635
1029
4683
1536
4701
5089
7091
6136
7656
9088
3903
3411
4498
7144
9824
1308
7784
8139
8750
7340
2449
1000
2248
2377
662
7652
1416
7456
2733
7560
9646
2334
6593
1258
2536
5394
1769
9776
2457
1274
1419
904
2308
7757
1754
7806
855
2946
2427
7456
1675
1737
8916
7190
2953
2618
6422
1985
3344
