300 23
2416
7393
4306
9417
884
4953
7113
6683
1534
978
9149
3473
219
1701
2017
235
6233
321
1615
1505
2243
9790
6428
1106
2153
1422
4925
844
8055
1746
4865
2008
9170
3389
6218
4975
5660
7950
4724
2174
7010
917
6344
346
406
6372
6203
355
1154
7254
7159
6199
8458
5992
789
6177
1117
399
2263
629
3301
264
7669
5793
2829
7025
6315
5424
2940
3185
5935
4200
1290
276
7372
733
6718
9251
895
145
2200
4649
2689
2565
281
3893
0
4508
2804
1339
3725
768
4423
9922
9048
7228
3417
1951
7364
9601
1001
618
1830
3875
6461
3748
7405
8368
8913
2667
1770
1416
8950
1962
5683
9132
972
9150
6990
6154
2476
61
4518
2129
3602
2364
5667
1741
5599
4073
3258
6781
3610
1604
8241
4665
2018
9336
8919
7424
6067
5878
9248
453
3916
5369
919
4221
7576
4345
4960
761
1095
8458
2679
6019
8517
7224
3407
9885
1445
3662
7957
6040
2794
2721
7444
7924
9332
7295
2751
1875
5515
7834
7433
9308
5963
2650
4305
9364
5395
8993
796
8623
3205
6205
3553
778
6158
4
128
1797
7668
3243
1019
9660
9901
6418
936
2885
2707
6720
2573
1664
2851
1647
9648
1737
9652
2133
3520
358
7995
2298
2309
5152
1816
1818
9137
719
3488
4196
4613
5503
8385
4182
2070
1422
6239
363
3897
8376
35
2782
2123
5473
7460
125
8426
31
8658
5457
2901
8974
5491
7632
343
5352
9050
8828
439
1658
2312
1921
384
6912
9593
5624
3570
1086
2439
1921
9018
8343
435
2903
737
3484
9748
3003
2754
8189
6827
2039
1323
5716
6261
8057
3904
4877
4434
4077
5125
2615
8873
4997
7420
1520
222
2790
9104
8202
7390
9855
7142
4614
9373
6110
3349
4618
8380
4180
6365
1503
7116
4611
3259
8126
9705
799
1208
8968
4903
3248
2631
2409
7025
4933
4911
2712
5552
8685
4029
7235
1001
2617
6627
1376
9721
6446
4961
9296
8577
7247
3907
3151
8183
4740
6015
6948
6244
5542
2453
752
9269
9806
757
3066
7824
7404
8498
6225
6561
2384
364
7977
4211
63
6748
696
8993
4031
6170
1148
8288
5488
2014
4194
7799
6250
5256
1664
4565
3369
4289
2946
6513
2228
2903
8114
1641
7775
3038
5680
3340
3513
1898
5132
1742
34
1525
1469
4875
9530
7644
835
2014
823
6531
815
1140
1802
3955
8791
2667
7821
2578
4444
258
6131
5298
9817
7111
5576
2603
4288
8916
2241
782
5966
1050
1771
8666
3237
9694
9682
8413
7756
5283
5922
6991
6020
789
1839
678
5284
8518
1072
9635
5439
8772
6615
1475
1940
3887
2795
478
5911
2661
2050
4766
950
6143
5912
7855
3429
7653
6245
7573
7280
1880
6562
7670
8995
3971
5643
6829
5133
9400
3285
6987
6769
7723
7623
8861
4225
2651
55
9168
6765
4123
2495
1666
9297
7580
3848
2464
6296
3126
2580
9818
6279
9381
3738
9295
5748
5316
7516
9403
5533
8093
6020
908
7160
190
876
9419
676
5106
3201
2092
2653
5782
914
2134
1716
3122
74
610
6740
5132
1536
9912
3129
851
2614
6278
7410
1330
594
5468
713
1163
5001
3064
4924
8364
4175
3473
1272
3980
2238
184
2795
6465
7955
5180
7659
5380
7074
4095
2017
89
332
8214
4940
1445
808
7777
2996
5928
272
452
872
6204
1176
5394
6261
133
5862
1419
257
260
4105
8062
6002
2407
2045
7120
838
9692
8728
6700
1739
9065
3967
680
4796
3513
7340
6634
6640
5959
6310
7088
4948
1829
9656
3520
9723
9737
7592
6484
7848
1486
2665
2321
6200
14
5985
9867
5416
5183
5847
5893
8931
4998
7986
3339
2812
1490
8154
436
9299
4620
720
9233
614
4913
4184
2283
6219
7113
1565
3021
2998
3458
1477
3246
2438
331
9296
3696
8109
9242
8934
1119
7911
3765
1244
7812
9547
2540
8890
457
8111
5278
7121
2518
9812
6118
2021
2974
69
1309
3295
9922
8931
7469
5496
5864
8885
9050
5867
3420
550
277
5419
1043
9180
5885
5911
5789
5352
7617
2115
1655
7039
8708
8616
2001
7690
7132
770
8861
2422
6020
8838
4441
2070
6896
2137
3359
4826
6497
7371
4981
6935
6017
9664
8011
2826
3752
1932
4559
1026
4226
92
2027
5165
323
2680
8977
9192
665
6020
6900
2308
7872
7561
3900
5880
5080
8509
1952
1904
3175
6026
4386
1898
4156
189
9116
4059
7167
8098
9773
1634
2603
6480
9434
2219
7419
4568
1399
6941
4923
284
6025
1113
2603
2144
3985
7026
1917
7586
493
9645
8697
7360
475
7108
6175
742
5134
3206
3336
974
1619
6504
9539
7395
7535
1994
7457
82
4527
591
4664
7482
4388
8107
8891
3046
7683
3676
1091
3097
8107
9930
8376
211
4925
204
109
938
8826
5714
6876
3210
8649
2643
7315
354
5386
7226
8071
5571
6450
8535
8436
1219
6589
2150
1756
2334
6343
1032
9015
7406
7599
6993
1107
3966
7770
4801
9489
8379
6633
9387
4273
2463
2245
9624
2005
8097
6787
1942
477
6220
3621
7898
7514
4800
6442
5516
1922
4322
4147
9209
8654
2568
995
8484
7019
1320
6349
1541
8867
9300
6978
2673
2192
5237
9392
4690
6235
4759
4749
3588
7125
4998
2559
4548
9729
5688
4215
7304
1988
9404
2583
3644
4000
7568
6769
6114
7053
8280
6364
4277
6585
2396
7501
850
6404
5813
4370
7652
2595
1408
5974
9200
4042
5420
2618
8616
1170
8277
2153
4497
6432
1280
7028
7456
68
8317
8140
5006
5090
1397
3584
3891
9246
524
2289
9846
8385
7314
9829
5995
5760
6038
1904
928
7429
7077
5985
3441
1717
9419
6188
6433
2665
4202
161
794
7367
7656
6482
9873
5181
535
9377
1708
4473
6238
4647
5173
5954
7880
4012
7002
366
1864
4905
1579
892
103
440
3865
9506
4597
6995
335
9977
5727
4733
9780
5723
8120
678
7783
487
3338
7941
8852
3682
1777
4328
2996
2633
8960
2467
8398
372
7975
2084
778
2681
7947
9368
1762
6462
4523
8936
8545
2297
1195
1854
2035
7694
6406
6066
9219
8815
6290
3544
9651
9311
5258
301
1835
5528
8079
6338
2173
7993
8677
7004
6038
8449
4599
3449
3917
5
4065
5587
2993
6493
7553
996
3922
5153
8903
1663
1487
3666
3657
8817
4407
9290
8309
6282
9800
207
543
2368
1823
3703
9678
9673
2756
8491
4600
1731
2443
4111
2260
9741
3497
5778
6762
642
537
2705
3401
1235
2544
2130
3015
9221
5984
8106
2899
4137
8412
1352
501
132
9579
4531
9143
2080
5919
4981
8564
6092
2658
1011
7836
3404
7756
6302
1329
8696
1244
4274
5677
2232
7173
9759
5252
287
2156
5738
4517
482
6019
8287
4351
9274
3642
3000
9402
2667
8396
3028
4883
8480
3089
6727
6448
5033
296
8855
2603
2069
8616
3747
7376
1319
801
5687
4563
3143
497
1485
1752
1148
1620
503
93
7797
6484
8186
9711
6324
2648
2381
795
6438
2061
5538
6212
2300
9057
8869
6949
4330
9490
9859
5367
9907
6746
4750
164
1750
7317
7375
8419
2883
6566
4904
750
3775
9311
1894
9021
9922
7316
4668
1316
3108
1104
9986
1110
2094
1566
6420
9570
3587
9442
8545
7917
7561
2381
3662
2875
8430
2131
1988
2494
2712
4563
7501
5416
879
6536
8015
443
6779
2333
1685
2009
4465
8780
9163
3114
515
474
1750
6216
6308
19
5059
5751
8591
8496
3774
1293
44
1489
9402
4413
3052
9968
4476
3732
2848
5136
7635
9553
2197
8284
4344
4510
3787
4093
420
5594
7354
3549
4220
420
6267
9803
2912
991
6523
8235
3848
1802
1816
5146
242
479
6592
3960
9420
1413
1782
9765
6692
7789
2399
3636
2019
8240
5477
316
2136
1611
4376
6443
8884
1789
5598
576
9409
987
8570
9860
50
2387
4568
9890
634
7751
6941
8370
5034
1959
7086
9342
1086
7344
1113
6450
7668
8693
6773
2222
3710
5628
5329
1632
7149
475
2033
8396
7342
1716
3920
1224
3188
6052
6423
5716
3255
1916
9692
146
2486
2178
9291
4288
6039
1809
228
9901
4418
4673
2215
7794
5565
93
7648
2245
589
2708
7844
5286
6062
8854
982
6361
1476
1873
3867
6885
6276
5595
4119
3065
3760
2187
3464
3765
2262
6176
1903
7815
5571
2
1943
4806
9149
6090
5215
9293
952
9731
1955
4775
3176
528
4611
596
2241
9476
8985
3630
4421
3864
4244
7079
6542
2653
8570
2902
1495
3421
6457
8082
3538
107
7220
1480
4169
4393
6659
610
6333
1630
2306
9127
7318
3509
8880
5436
8509
6265
8398
7690
672
3198
537
6201
5922
4787
5340
1098
2029
5158
8949
4765
901
5432
3850
303
9652
2707
4293
1918
7761
9036
723
9345
5377
9781
4309
9212
2417
1249
9856
9535
6276
2530
9921
7858
3340
8638
5639
9254
4884
5456
892
8758
4886
9729
3233
2499
4585
2901
2411
4058
906
360
9104
695
799
5496
636
5375
6278
1222
1175
1140
6261
4957
8530
6304
5936
2039
4159
8710
7634
2546
249
8833
122
2826
2369
8029
7279
4829
8993
2987
8849
5621
9409
7186
5288
969
9578
8024
4277
756
5772
3219
6683
504
8952
6439
2724
605
8430
7843
6114
4357
4197
6120
3117
5101
8324
8354
1534
1451
1231
9786
3777
4321
4730
3264
1571
6210
9302
847
771
498
9893
7985
1858
8890
8518
8285
4599
1552
6045
3762
9944
212
4657
9636
3313
4707
3759
3675
2179
948
3831
651
3580
335
5462
8704
636
8153
1660
2657
4761
7172
2618
858
5417
3995
8245
8688
8153
4352
196
5082
9772
7426
1707
747
9267
8644
6939
2930
3358
8434
6888
1373
2498
9789
4832
8194
7258
3427
3251
144
7122
2516
3095
7057
8195
6629
5601
7907
6327
2843
2441
3623
1736
9178
2935
5943
6939
1685
6191
6558
9180
5943
5239
5623
467
7647
4427
3451
10000
2826
7122
9594
1663
7113
1599
2241
5869
60
2796
5794
2232
353
1636
8237
5767
1107
6849
6831
2461
1922
2677
3734
306
6916
2940
7724
6539
2184
5905
7698
157
6837
5536
7937
1312
3792
5710
6339
4088
8957
5729
81
6388
9049
2237
3749
8347
8548
6701
138
3844
752
3157
2371
1192
2776
3262
6056
4403
3931
3756
126
1106
7343
7205
1696
9162
2520
1365
8014
5049
7675
6748
3624
3952
4406
8768
955
1452
5466
9431
7713
3737
121
9988
1885
6251
818
3158
2416
687
7785
831
8668
3423
8688
7293
2514
2948
9987
9047
4667
1974
7505
5708
6101
4727
9685
4113
449
2554
3815
1189
3754
4963
2518
2828
428
1984
3560
1565
8190
1133
3657
4520
2752
2533
2140
8474
2680
7814
4483
3123
7966
9112
6663
624
3368
3155
4219
1228
3267
3972
6948
2876
7585
4985
9277
9703
4890
3148
445
6633
9884
1649
4775
6106
3316
6590
5902
8810
1312
778
4849
5269
22
6202
291
1489
8111
3849
7889
1427
4711
7989
2381
3546
6411
5907
6741
8699
6426
2763
9554
195
1885
5552
7673
1408
28
7537
2335
6640
8174
1796
470
2754
5507
2303
3230
274
893
6065
1120
6095
6056
7913
2853
6996
7026
7240
7336
6270
9400
7634
6951
8836
940
2506
9433
4610
1298
2811
6259
3989
2619
9936
4041
2920
6770
1970
1714
5405
1874
3698
7649
3919
2842
6369
2501
6241
6874
372
4029
6173
2440
60
7339
53
6148
641
445
2725
1506
9168
6659
6566
1890
1668
1570
4232
426
779
7204
1753
7389
5288
7288
241
9350
8714
9628
7979
226
2393
3100
523
151
1663
639
1624
7256
7198
7179
5604
2063
1621
6683
7588
5580
875
6843
9695
7362
5333
9791
3408
5068
9543
4866
2181
3064
4091
519
890
7530
1207
1375
4273
8638
9556
8176
6715
3602
6823
1116
5926
355
680
1934
3961
3930
1607
2488
674
8900
8785
4790
3673
8721
7049
4050
5216
4033
2668
7335
5634
529
5952
1754
2441
8270
1873
8197
3236
2408
6043
7054
1970
2502
3408
2184
9040
6775
4261
8915
1371
3398
9786
6152
5067
6219
8564
6292
424
7217
8402
7455
1024
7146
2110
4919
2878
2625
543
1410
8315
3252
4315
8625
2081
3363
7890
4129
5393
6302
2171
7077
1582
7952
5241
5814
3794
6080
3955
9117
6185
135
744
2422
3386
2126
5336
2098
7326
4022
2985
9924
2762
830
2979
1716
7439
4828
471
6925
335
5348
547
4006
8409
5627
8615
1581
3568
4708
6028
7829
9242
754
168
7945
2728
869
5925
6123
6538
1805
3173
2772
4900
2194
776
6584
348
1993
8523
8360
2101
9104
4772
7278
4546
992
1627
6484
9025
5331
9466
1047
9169
1304
6470
2187
1043
5596
8816
2080
2392
1295
6105
4213
1206
7809
1091
2970
420
8696
3200
1445
908
5117
4867
7780
3820
117
2552
4947
1246
1828
6353
699
8374
2753
9405
7480
6769
1940
6352
1127
2365
1019
2271
9904
2901
4963
1951
2223
7330
269
3922
7828
3419
6052
2733
6943
1830
7811
6865
6624
1593
430
6187
4789
9333
4806
8049
3078
4796
7894
5518
7737
1236
2064
8718
6897
7658
3304
1553
3473
1881
3554
3893
7141
5515
5224
3205
9513
5300
4852
7651
9796
6817
2491
3101
6335
5648
8669
6974
7934
4760
8272
3471
4159
2147
5963
7986
3002
2364
8654
9971
9159
4948
4125
1814
7651
2291
2773
231
778
1024
1817
7963
2441
8410
4480
3108
1667
8226
4287
4539
5158
4452
4068
9244
4252
5543
5746
1930
1896
7592
8132
7449
2265
233
6295
5703
4554
823
9488
7931
2103
1392
4196
1876
4995
4319
5223
5157
5957
804
3105
126
7560
1937
5866
9276
1358
5760
5949
2377
6947
1424
2271
6109
1855
4274
3112
3543
8267
6344
2983
5062
2635
1629
37
2784
6526
4468
1432
72
6627
5485
9778
1378
2109
6203
6605
1883
426
1673
7079
3229
3983
5629
1194
2715
4769
9207
1895
5401
607
1591
7051
7793
2066
7026
601
9576
1325
2469
2172
3320
2703
1671
8753
9728
8233
2683
7109
8318
6951
4992
3909
1124
230
8423
5674
9731
1162
9998
3166
4071
7557
5759
2309
4165
1691
1235
1410
6632
2320
6677
1626
3302
994
2660
2160
7627
6759
4326
553
8943
6973
8549
9950
6485
9845
7241
8838
437
7261
4447
4481
6138
7551
4486
1731
2394
7826
743
1197
418
423
3602
1864
4770
8856
754
4687
8555
8208
4996
765
10000
