-309 19
17921
3126
4756
1733
7965
7998
9573
9879
9039
6674
3222
4841
3284
1040
1076
2743
8610
446
7949
2241
1664
5854
4442
4916
7971
82
74
2312
3218
8065
7904
2778
896
6945
854
2719
5149
7181
3403
6742
7444
9352
1577
7878
3173
1261
2180
8948
1250
32
3117
3079
4282
7591
1693
390
8808
2785
5751
2906
4644
2122
7691
9585
8359
8124
2430
786
9499
50
7619
4048
1188
2592
7846
8367
2019
3447
7059
987
1480
6436
7778
487
2455
27
4091
5914
1970
8982
7409
4459
3066
3443
2219
1515
285
3854
8861
7047
4808
8535
6335
2765
31
1490
7703
6412
2166
1523
7661
2919
7029
2549
388
8994
1446
1747
6843
9586
2405
8612
8950
9638
1444
3461
2615
8909
8741
1021
446
499
6100
2342
320
5363
3049
8067
6040
4
598
9960
1529
7539
7703
3720
5855
6535
9453
9116
5224
2715
7791
250
9017
1756
3555
2448
76
2544
221
7910
2233
6965
1981
2788
413
7518
4811
5743
2490
2254
1708
1007
1806
1905
6044
9464
3831
7877
6547
100
2869
6408
2354
7694
2706
8191
8875
164
6924
7469
6075
5262
2949
5680
6758
3437
1990
1939
6441
395
375
3096
7293
2994
4466
9051
1145
8986
7653
1197
5740
4923
720
9447
8585
8903
8800
2494
1521
7976
2785
7466
3140
7983
541
8236
1084
9461
7084
74
1793
4833
2231
8643
1027
7559
5552
7981
7594
2889
2639
1500
3623
2645
843
409
9996
8764
3588
2280
256
5027
2882
5055
9284
3435
2168
8577
1315
1043
2266
6574
1275
6026
4280
1834
6758
4119
3937
7497
3766
9769
7792
8908
5255
108
9843
1084
1122
9096
7046
1342
1246
9305
5273
4261
625
7617
6972
8535
2916
4451
2469
3125
9082
3400
250
3492
205
935
9625
6842
4592
4085
1330
6958
4804
230
2687
4761
291
1408
5600
4769
2534
1047
845
5077
9845
1748
7777
9528
8761
3724
2695
149
4903
5020
7561
6795
7264
8517
9920
9529
4965
2756
8982
481
1082
3711
2706
8993
1322
1373
4893
6592
9568
2096
6086
1765
7877
5684
6624
860
6362
1748
779
4040
9454
6935
75
39
5705
1745
2196
7803
6333
9632
9100
3255
5837
7324
2238
1777
4587
4359
2545
4903
7970
6549
313
7324
3916
7263
2003
9722
6171
6423
2916
2694
4470
3826
3643
2171
702
7754
7718
2650
3933
5486
3077
3115
9926
8389
5808
911
8719
9896
2627
5678
5236
101
150
725
3712
2962
9918
2889
4984
4488
2607
5510
1008
72
3324
6199
7607
9748
9525
3793
1261
8025
3228
5781
1614
7537
4184
4630
607
4439
5663
14
6270
6237
6111
2441
1272
1714
1757
5025
2535
466
4477
7858
7326
9744
5100
8541
8110
1482
4545
5220
71
4644
1081
2094
6574
5946
2027
968
3699
9673
1388
4126
617
1745
6012
7212
6098
3852
9189
3148
3199
4954
7693
6610
996
8306
5229
5208
2374
2787
7015
9657
3143
4140
4616
8013
5118
8103
6831
5636
6932
3145
1520
9349
5230
3965
3268
2984
9774
2163
4799
2158
461
3564
2544
139
617
6452
5358
95
1376
4035
3999
270
2572
7767
9321
4616
7730
1806
3391
1375
5799
7631
1461
9372
4464
3542
1362
1972
6615
839
388
6548
6274
750
6629
5559
5812
6271
7409
2216
88
3384
8161
5557
421
942
8840
5338
6771
9870
4868
5198
4052
64
1358
3003
1790
4437
9376
2362
1960
2053
2504
8692
6172
1513
3138
8717
1695
9547
4224
2941
1537
7830
7763
1688
8071
8777
8798
8732
6479
9479
15
1790
936
1546
9515
9704
6379
8390
9219
3841
7701
3852
5849
6087
1390
1398
862
1433
9939
2223
626
8757
7214
2150
1133
6339
2393
543
4035
1233
6791
69
2129
2870
7782
8399
1742
224
3746
5978
1167
7600
1223
6738
2635
1346
2276
2024
1424
5326
469
9944
7889
8507
7720
4433
2199
1449
4052
7976
8605
1636
6757
7152
5632
1659
8646
5579
7540
7029
2345
5565
36
800
3703
8142
8759
2206
6581
30
9280
2453
7008
5272
6499
1683
3830
6077
2190
2167
1970
4203
248
3852
2834
9550
540
7351
8612
3265
8385
3874
5272
8823
1764
4872
4573
9660
9334
5989
9467
3658
8952
9144
1527
7707
3396
7369
959
6262
6228
3438
8859
2049
4214
4147
8886
3866
8650
638
9315
271
2205
2401
262
731
2361
4451
7056
5343
8686
7903
3497
6167
3326
458
4266
6436
261
2528
9166
5774
3972
650
8451
1267
6674
6672
3414
2778
8408
5427
7886
7867
6146
4903
9694
1292
667
1204
2634
643
7595
1042
5880
6889
5357
7435
4778
2047
6935
6485
3147
4884
6210
7926
2741
5772
3011
7932
9567
2277
5566
8178
2479
7017
3798
3258
585
7639
8356
9
9344
3471
1581
854
5701
176
3595
5375
5346
4823
3530
3677
537
8235
8268
9188
4748
4701
7829
2315
7895
6134
5947
3033
7802
7320
737
1703
5657
859
5464
2771
7948
8663
4326
5140
4977
4750
2190
1082
2043
7501
1079
3666
5318
5482
3831
8799
4041
8593
4941
6568
3591
1427
6497
1166
4055
3594
6221
2358
1211
1946
9331
1840
5766
9690
9781
9587
4843
1579
2592
1805
4730
1453
7069
1131
4408
9597
2186
2623
2921
2146
143
9789
4785
1316
1466
9723
2466
4826
1489
5226
6486
8611
5657
6597
8375
775
7289
9471
9364
478
1852
7353
1527
512
3726
8636
6599
6858
2687
8030
243
5285
7388
1725
3189
6738
703
4584
814
6928
4230
9903
5361
2935
212
2396
7906
9250
6469
3482
1721
3511
2615
7974
8815
5436
2494
2805
858
4089
282
3887
5886
9331
899
8952
6216
4706
6889
5899
9609
2738
1349
1099
9123
9253
1599
6092
6454
3191
7860
7136
5265
7109
3127
5421
9524
3911
2975
6441
790
1428
7228
5037
7985
5299
3060
1453
5918
7249
8301
2554
5909
4793
1730
1415
8168
3501
6782
3277
963
6551
1215
6597
7987
2723
8934
186
2082
7790
2277
1936
1881
2322
9668
5057
5702
8368
3761
1573
3462
8004
6050
6644
5040
7024
7943
5803
8596
3871
2792
1046
5578
8500
1034
4855
2521
5115
1181
7026
1470
1378
6725
9569
7019
3526
1049
1794
9222
3409
6579
8479
5714
8384
1315
57
8875
8587
1771
4334
2851
158
9497
5231
3758
9609
5501
8314
1673
2353
6612
6667
8164
387
6328
6439
9264
6816
4892
1829
2518
2222
1540
4750
5888
7588
3639
5128
2017
34
4216
2200
1846
9939
9591
7635
9991
141
6485
2966
123
292
4799
1341
6425
214
311
300
6319
2804
3073
4953
7825
6300
652
5323
2898
3652
9864
1218
2862
1614
5492
4182
7309
1333
4135
7092
4254
56
3366
9926
9961
9154
5388
9253
1542
8720
7116
9552
4999
5417
3069
751
8397
8534
5138
7487
4770
7925
7961
902
6356
7737
2264
1240
6669
8542
1494
2881
5848
708
6443
5423
677
3117
6383
2869
2591
2394
4396
1124
582
3594
2424
2017
8515
1509
2667
9183
4171
4006
3206
1016
173
2506
413
8396
1997
776
5627
4078
4034
5911
761
3576
881
6261
5857
635
1378
7424
9023
3658
9168
7882
8751
283
6249
268
4600
5173
9472
9865
6470
4372
5781
9719
5035
1317
5
1621
6093
196
159
3642
7815
8092
4879
2150
7481
5258
6263
9688
1551
2617
8081
1077
8023
1345
5163
5723
2566
872
2619
5721
1458
810
1196
4570
440
5265
4812
6913
2516
7788
5535
1571
2785
560
8853
3191
4994
5419
9392
1991
7284
3055
8233
2055
1812
9739
5374
9538
6356
1283
8504
637
7473
618
4402
4712
4624
6146
2413
5796
2887
9372
3553
4297
5596
2163
862
2336
495
8537
5643
1306
5204
3442
704
8528
6230
5970
5256
9245
7735
4825
6650
1455
3882
1110
2699
1963
3092
9460
8976
727
2496
8970
3102
7818
2624
258
1905
3082
3390
6296
9212
7059
3515
4599
9512
460
8514
4813
1447
4835
7688
1208
3995
1092
5656
2811
4414
2304
2272
5824
5306
3005
2232
3813
1331
3352
3930
3503
2089
2238
1444
3588
9789
7313
5161
9705
2253
6657
8732
7013
7135
3228
882
9091
2113
247
593
3276
3366
6936
5039
6506
9620
3412
1345
3693
9174
3519
7083
3964
4457
2686
5258
5104
851
8118
1245
9821
2230
3705
4258
4819
3766
8273
2261
1188
7222
8461
2092
503
7163
1226
1780
2362
2007
4337
6392
3314
8592
3396
575
6066
1165
9564
8261
3208
4139
4155
4848
5598
1854
4267
6359
9215
1049
744
9394
867
181
286
3618
2287
7202
1941
3802
6604
9966
8715
6758
9941
2567
9457
4878
6586
4541
2375
6719
7300
2413
9804
3797
1104
6472
8784
835
5452
5245
5581
7357
3848
7549
6357
4234
6864
3138
8302
1625
3093
1162
26
192
1281
7873
636
9677
188
1550
5641
9728
5514
4988
9132
9604
1699
543
3775
6326
9225
871
181
3212
969
6703
7848
3071
2267
2888
9226
518
5279
7909
2298
7279
2077
4011
7265
8343
3889
9336
4430
1983
4722
6674
7609
7465
4453
5935
9071
5356
6025
7944
8871
2171
8192
3486
9247
387
4209
8155
2262
6668
4497
1626
5633
5900
7509
2567
2133
6228
2590
1381
2650
8247
535
3303
5925
7322
4966
7447
9514
2229
4549
5793
137
6959
1065
2853
5587
8215
8197
4431
2950
8241
7202
3907
676
5069
2554
2325
4959
664
783
4111
9224
8880
2828
1734
6170
8334
5016
6228
8792
9609
2234
2011
6636
3984
1315
7164
7979
2477
2945
2704
8225
9855
2201
9281
1390
3866
5402
6918
9624
7138
3609
8588
1916
2603
4685
2612
127
577
3209
3599
1135
2990
3545
5214
6240
8872
4733
8950
5311
9165
1435
7749
6421
5342
3426
5858
2276
1440
5738
2709
9703
1410
5798
3282
6273
9914
3456
7608
3742
4405
8797
1051
1323
3468
6156
2274
8225
3697
4990
9856
2549
4337
5388
5365
6626
515
9923
7450
5622
829
1989
7083
168
7401
9964
1305
1150
5198
2464
3884
2655
8326
3387
3657
207
4969
9245
1090
1555
8043
3642
1696
2441
5182
5257
2375
1032
4873
5859
9745
8082
4084
6846
3981
3982
6534
3841
411
5950
2912
9298
5160
9435
60
943
7721
3657
1487
722
8881
2129
6885
1837
927
1043
658
7472
3863
9819
7128
522
3073
5798
7143
6208
2836
9975
1158
4755
2994
8914
7580
284
3412
3575
2078
6077
5892
1911
2615
2771
58
2770
2709
8607
1412
488
6382
5491
1463
4563
7974
5554
5172
6519
6016
7476
4106
2197
5603
678
4385
535
4851
4957
1640
1501
3297
223
8229
1932
777
8012
1126
463
1685
8101
8890
691
2509
5984
9543
6535
1787
481
1182
3007
2307
2319
2038
1631
6174
1939
9027
150
4915
2646
6635
9331
3557
5471
2194
5050
3996
8864
4075
7421
1962
6824
2035
7641
4791
9883
1783
3935
2163
7184
889
4102
7693
2847
1903
7893
7334
3984
6002
7638
6323
3124
3443
7345
2969
9023
9893
7613
3126
952
4690
1721
907
6402
5871
5107
1814
6859
7365
9127
7441
2662
1482
1953
9443
3732
9995
5818
3822
4616
96
3423
459
5962
5374
9988
2569
4910
834
4806
9092
4173
7011
6665
6806
3580
3885
2937
525
2556
9254
4163
4113
9037
9265
6493
4896
7324
5337
7173
1296
9522
2441
6774
4304
8405
2287
6926
9840
577
9174
6837
1175
1624
8868
2483
5453
2985
3148
8758
2410
9650
1439
8031
6183
780
9003
3726
2519
3003
1801
7888
4630
6742
1575
9207
4908
7497
2304
1991
7011
8588
6469
2746
5968
3439
6351
6334
6329
8836
3665
9036
81
1256
3408
9407
1341
3019
9048
206
2552
6123
3225
819
676
9438
6207
1079
2151
3489
4569
412
2761
5567
6155
6597
1182
5722
9339
6775
8132
471
83
5255
6220
7525
1197
1129
6492
464
685
5796
1891
3540
2763
1283
9975
8654
9688
6062
1515
899
9249
9877
4984
4316
4604
1287
1839
3314
3202
4820
8772
7878
1694
4976
9104
7342
4635
205
4988
2950
7078
903
1971
845
3534
5994
7808
7789
7245
73
4075
217
7535
7764
2496
7229
64
7503
8553
2559
2633
1177
2611
7869
2425
9068
7079
2801
6278
1625
4931
5429
4324
9249
2589
2369
740
8595
380
9834
4276
6169
8213
3434
8881
5619
4386
1817
2660
1997
7538
5772
5052
5189
3225
7904
1910
8947
1325
5793
5235
721
8105
737
7634
5098
8081
3943
2315
5185
5877
1191
821
6891
669
1280
2052
9149
663
712
8217
6547
2310
5065
4430
1420
3406
7800
596
3808
4147
8650
8876
9106
2744
8538
6860
8792
6674
2899
5509
3265
4461
620
1564
3620
1020
8750
3022
3754
553
8903
8908
7295
4749
228
3003
1363
7926
9727
4633
4456
5154
734
5594
1495
1829
4669
7554
5687
6662
2545
300
2790
7219
6468
1354
5520
1672
4045
5370
4528
2496
2021
7077
9870
2329
5319
6791
5145
2476
6506
4812
3944
4024
4620
7572
2301
9261
9034
8852
2747
9174
7687
459
7883
2742
4968
6924
594
7868
6874
7113
3492
6912
2530
2473
8744
9833
8660
4545
880
4731
7781
6566
6929
1559
7146
8014
1157
918
9417
5588
4715
5406
1869
3542
9592
7783
235
2406
1861
4914
1206
1116
4067
2376
3539
9490
8933
399
9016
9864
8082
1575
3846
9968
3087
8634
3884
2856
3565
7429
4252
1712
4116
7680
139
2601
5892
6601
5978
3814
1183
2011
1456
210
2132
505
512
7158
8765
7241
4950
780
425
1878
115
5263
8170
8950
9151
2881
249
7571
6035
4105
2313
2858
750
6
7221
7140
3786
2861
5434
134
1835
6542
493
8304
6798
1918
9876
6397
8233
2944
6812
2661
1592
7338
8471
9047
8759
6073
6100
2106
3437
8764
8455
1693
4519
8092
2647
6562
369
4843
7567
1382
6997
7754
6122
7523
2571
2087
1686
5038
9371
1964
302
5694
3928
191
834
1058
4494
9733
2932
1012
9194
9090
4996
3946
9937
1275
931
1241
2030
3519
3843
5160
1390
5276
5679
9130
1418
1680
9692
2107
3137
4476
5359
7488
2367
3522
8178
7187
2411
2184
2257
6243
6687
1419
470
8802
9764
3939
6060
4003
5716
6234
1071
1998
2672
8800
2758
538
9283
8297
7166
439
3043
3669
1666
9947
7270
8907
3965
763
4536
4483
2511
3441
4419
5674
1190
9981
5497
9785
650
9655
731
8795
9372
9733
4474
1802
644
5618
8932
5237
8990
173
8571
990
306
2482
9648
2562
2205
9656
4396
9769
768
4697
3247
238
6780
1272
2900
770
4251
9451
1500
593
9408
9028
219
8788
1254
213
2075
7678
9531
4278
3470
6149
4820
960
7337
8112
218
7329
4255
3905
4852
6849
1911
9845
173
358
8179
9882
8866
8333
7566
6721
2390
1679
3778
2516
4496
9386
1722
5436
4762
4088
7464
5402
146
458
8822
3821
1401
5611
7882
9317
1221
417
5980
9396
2088
9459
7337
8360
662
1516
8060
1381
8372
4018
6050
6776
1673
9119
1526
8502
1201
3767
1775
506
3684
9741
2179
5361
1399
3633
7778
1150
3262
7904
4431
1202
9315
9155
9583
4002
9974
9609
5531
1713
2418
740
3906
1902
8256
5668
3028
8741
383
4786
1894
9771
9758
9551
3367
5810
231
6124
5185
9408
9584
5497
5836
9452
1955
96
2864
99
2354
7961
2114
3970
5673
6608
193
966
4933
681
7358
5424
977
6975
991
6997
1327
2613
6230
121
166
6175
2846
8520
1900
4128
9414
8500
657
8533
2160
3730
4757
3904
5067
1806
2590
4744
4786
3590
3795
8846
763
5230
5611
2997
2029
9776
2104
5336
1436
657
2312
1413
2241
5003
5442
8415
1207
7347
9380
3541
2891
2998
1064
5692
3999
1817
2639
8344
3533
7655
3860
7474
7381
6715
4045
1113
9476
3957
8905
579
304
9949
8324
7832
821
6400
1308
9425
5148
6869
9862
7036
276
7030
2084
6319
9173
4179
9660
3431
3785
4828
6605
4153
931
1369
8291
9655
5475
9182
9297
5948
6506
6875
4872
4255
3071
2977
7528
5735
3046
8111
9920
9293
9975
447
1087
2468
435
7532
4213
1629
6100
2277
2138
156
8554
7031
1967
7017
4732
8877
6719
5497
1598
8781
2999
5103
6682
1560
116
4080
9071
9529
678
2358
9149
9955
2737
38
2759
6865
3997
7394
830
6483
8559
5972
8681
4474
8179
5489
2397
9199
9831
6965
3964
9357
8762
4867
6376
2761
8194
5936
9744
8686
1045
7705
1992
2221
4160
6905
1760
7338
1723
8013
1539
9423
2596
1302
8689
1878
7165
1898
648
2859
1455
73
5399
9702
1527
3632
7319
2686
8867
9232
6706
8849
8769
3044
3141
3234
1113
7397
7119
1515
651
842
525
1331
675
2302
13
3772
8650
8670
4874
3592
5817
6521
7289
1083
1211
1555
8943
1229
642
8346
2250
9630
6611
5514
1500
1712
7343
2290
4691
3840
7350
7131
4354
6234
8914
4338
4743
3148
1201
3826
4728
3392
7889
1694
8904
6649
1037
7153
4945
6545
1719
2402
2726
3578
3411
4022
4708
2923
2463
1580
4397
8928
4463
9901
8328
4710
4828
4760
80
2110
1167
5456
8602
8041
5750
7429
1867
6950
305
1773
9469
576
9991
1443
3429
5119
1319
5839
1907
3163
6843
7239
9567
3265
2417
533
3721
64
8392
1835
57
4640
6499
12
857
4345
2703
304
2925
9944
6097
1307
3686
6291
1980
259
949
6085
267
3835
8213
6986
3953
4924
3122
3517
7715
6012
3310
9397
6507
8580
2118
420
4635
1252
126
4606
6212
3351
3941
8230
8805
1063
4743
4913
6675
7323
2526
2948
3497
8182
240
2732
2486
2274
3105
8219
4637
3386
1374
824
240
4455
6061
8246
4620
8527
3777
441
6202
3287
1898
6286
9366
5360
1285
1458
5515
324
7753
2354
323
4648
8873
7005
8067
612
5441
3317
3542
2536
3694
6257
7586
8143
4041
4315
3280
9553
676
6200
1227
1572
6135
1524
2029
6878
7935
9200
8578
8933
6873
59
611
130
5437
7429
3244
8774
8409
2161
2570
1708
6493
333
1759
4771
6095
9472
750
9347
136
2785
2305
6118
3872
3233
7119
6660
6340
5200
5631
6502
9720
4755
4769
534
8289
5417
1969
3747
2644
2743
8700
6448
8555
2540
9083
1449
1851
4728
477
8527
4032
9356
4613
8521
4688
873
2739
287
1360
4780
8902
8366
8481
7011
6516
8423
1758
642
6177
4500
6668
462
3926
666
6341
6798
6630
6207
1587
5738
6455
540
4677
8864
8553
7887
6044
251
7542
7235
2121
7051
6487
6311
5993
2036
118
3658
1677
6568
3676
4747
6880
2594
6322
8341
3346
9112
2872
7350
698
7268
3219
4433
1419
2516
392
4244
4991
2876
6254
8747
954
6617
7233
1336
7448
5214
3152
8940
5378
2149
257
6358
3747
3819
4502
9046
1801
3744
446
1337
8644
2550
1387
2085
1284
2546
1627
6833
6465
2132
6912
7198
4461
7400
5860
3657
390
3801
6505
2562
3403
2895
7586
5947
6676
1755
3162
5189
9910
5984
4445
6610
3821
5635
2116
2678
6623
2211
7914
9641
519
1574
5334
5031
740
8818
2305
9940
252
5228
4372
8420
3323
2575
2545
6580
6368
366
2008
2010
140
2142
4125
823
1457
1800
7114
6521
228
8557
1834
7576
2331
1105
650
3048
6632
1310
7910
8827
2054
1564
5970
4941
8684
5982
6185
534
4176
3789
2356
7585
3700
4024
5672
846
9133
2674
4160
6755
866
6886
2905
4759
6663
3565
5300
2123
2181
3579
6469
9886
6995
3994
2117
4451
1766
1695
2012
2072
2101
3565
535
5583
534
5518
7730
7236
5076
7289
1583
6590
7101
763
329
59
1693
9199
7798
3194
4466
6406
413
191
4804
2165
1412
6575
9120
3791
9403
3607
3440
3112
3423
2506
6558
3244
7575
5292
2635
2084
5490
4833
699
305
242
6028
2425
127
8912
5565
9300
7775
2927
3271
4154
9308
3003
9300
498
134
5719
7831
7668
6020
9499
4927
4719
4842
7707
6767
1986
8142
831
359
7700
3889
178
4434
8984
8643
1012
8605
8471
2221
296
3569
544
4353
2110
5154
9927
2378
2489
8353
1083
7756
9497
543
3937
4509
2025
7095
6715
3947
334
3172
4580
913
2893
730
4903
6152
4253
44
8031
836
4031
3042
7358
5344
8973
555
163
433
2638
762
3403
1192
225
1592
1871
9171
4121
3694
10000
2629
41
5045
7618
9039
2539
643
7782
6994
2098
7687
6
7440
2570
7333
331
495
8197
9226
2706
2472
7079
4338
1164
9373
4568
8674
4914
2305
4514
8724
137
4724
2067
4411
9059
5242
5731
5294
3101
4621
8557
9399
690
9639
8515
4061
322
2663
3877
7719
553
453
2593
5864
1556
4453
424
5217
3728
1179
653
9738
3309
8173
779
1477
9889
6465
478
3309
6992
8188
948
1410
9582
6066
1394
1768
6072
9344
8950
951
5441
126
1187
281
5827
8760
4535
7489
7710
5790
6915
1796
8053
27
4916
7575
2594
8968
4487
7003
2409
3194
2669
5550
7684
6377
3198
9273
8675
5440
9658
1143
7841
2733
1793
4512
4170
2026
1422
7349
2229
2688
7368
9176
5257
7514
8230
1341
5635
4507
2388
7904
2957
5311
2132
948
3028
4017
7312
780
8818
3263
30
1641
9729
541
1979
221
3601
333
8918
3964
1396
6684
246
9840
3698
8027
5020
5304
1736
1388
1272
9521
9067
4852
3824
9570
1327
5161
9580
773
3365
4235
167
330
9052
5136
63
9997
6258
990
5399
390
6348
6374
711
964
7271
837
8428
998
2360
3417
4099
6283
4582
2300
5544
4505
853
8065
4481
4654
3242
5477
718
6223
8024
830
7470
5639
6632
4891
8085
1457
4197
8617
6382
8943
4988
7095
9373
6620
4943
8183
1816
130
5699
4488
5634
8912
7556
950
4480
7040
21
3224
2876
8399
7596
2964
844
930
2628
3098
6446
3124
8026
4057
746
2146
5456
884
9322
2134
1186
1535
9534
6686
8209
6712
2986
3252
4418
4124
679
1763
4869
3881
1145
6007
7455
663
6528
3339
6213
4083
8792
4180
2420
1601
811
9869
5161
8168
5817
4165
1529
5880
995
789
5783
614
2566
9117
3157
7856
6634
4637
2360
2966
6107
6556
6027
4080
9493
5075
2764
8192
3979
3483
8997
1178
3921
8912
1241
2311
9713
8345
2383
9115
3464
967
2742
776
7119
8160
1465
8968
66
5159
3899
1697
3356
390
474
1623
9935
2037
4488
5943
6939
2724
7052
3740
5409
4234
2130
1325
6877
6962
4425
2925
4540
487
7470
8124
5468
7638
1300
5308
5626
2042
6008
7639
7330
684
2226
8258
9450
9337
4238
2495
4854
4721
5675
4028
4769
8305
5204
3389
4785
4079
7071
7259
2577
1836
1761
6519
6982
7636
3357
8512
419
5980
3092
1292
7482
3448
1448
1676
9325
1302
9988
7651
6513
6830
7166
7809
1193
39
1898
8561
3162
7651
8473
3084
4561
1182
4238
9998
1572
5546
7067
180
189
1351
4680
5035
4869
7521
1513
6125
540
8711
6535
5852
1250
4769
5325
3577
5267
9279
4301
1538
3339
169
5520
690
7174
6678
6934
6174
5231
2649
600
9528
5899
4513
2650
8652
5566
7343
2827
9639
5478
1556
4856
4476
6181
4326
8220
1910
7273
6136
6851
4426
1663
2491
3839
7565
6788
157
1475
1129
4492
7530
862
200
9911
8276
4004
2096
8959
184
4533
219
8974
4576
2754
14
1731
9648
4359
6117
9949
1643
9109
9500
558
1066
6087
514
1176
8201
1840
7294
6438
1607
9027
5166
4281
4661
8097
1672
7741
3385
1742
712
28
663
386
3598
7166
2186
9287
6058
4667
3287
2989
912
2992
9652
5366
134
3333
1075
2658
7267
8695
4661
2238
1181
758
2145
4932
6617
5157
2646
1074
1168
4573
7456
1323
9296
6769
4522
7279
7088
5259
6060
3820
4694
5244
365
9042
6984
4887
8262
8147
3818
7730
1009
9144
7729
2490
3945
6868
810
3286
3737
646
3716
992
1808
1490
3050
8134
3770
8588
1115
2484
3110
8228
2573
6905
5392
5984
6471
2690
1220
3175
6066
7793
8863
7129
849
5083
1437
5854
2774
6464
789
4548
8746
6311
1494
873
5449
2162
8177
7731
5545
4030
5099
9013
2628
5345
2516
8270
1202
2226
5098
9436
6066
3676
969
5078
7604
8305
3505
4488
1199
5098
2473
1137
9378
4
1797
1165
7249
3071
6052
5197
4333
1745
3605
8569
8637
4011
9588
5006
5870
4206
7021
9269
510
6252
1205
5086
548
1617
5483
7723
3891
8439
5821
1979
814
1247
1686
5357
1082
5621
5778
5745
9695
9941
2188
1643
722
6897
5586
8511
657
733
565
7372
3504
6936
3515
9043
4324
5883
6391
5630
1588
5220
6227
8435
6517
609
9347
9852
4225
7881
6861
7337
2105
1557
3623
6397
9182
1304
4027
8129
4010
6375
8525
3561
8259
7689
1908
2044
769
4418
9994
6166
4144
8550
6390
2307
2676
5590
2175
5113
6890
5705
3346
4969
5828
291
9900
2288
1717
7848
9555
6416
3689
9858
138
2771
923
3783
5995
7928
1044
237
3741
4111
1580
3785
1838
9667
7569
8912
4023
547
8397
6550
3171
4080
6151
2941
6693
7716
673
4922
1350
7429
187
1308
6630
5059
2290
6567
3747
4792
7328
7749
7064
4897
8563
7887
6466
2556
2195
1929
720
6860
8243
125
8812
2669
2149
1528
1658
7906
5799
4234
2488
3960
550
1607
5672
67
7792
2405
437
6712
63
1057
5842
9074
9926
70
1469
4521
6881
8457
1780
929
561
4980
8341
3648
2865
5003
8902
438
5957
6329
580
5837
7317
7502
4150
3621
7501
3737
4175
9263
7949
8430
2406
9546
6853
1155
6405
3372
1910
6472
1464
934
1365
7444
8194
9727
4952
6480
4508
3543
5709
4005
1601
560
9581
5433
5404
2839
1663
9078
4192
6757
9005
590
3833
1572
6228
9740
3665
128
6889
879
2186
6760
2368
9923
9345
2351
9498
8765
1014
7803
8731
1664
4358
2666
4693
4301
1984
8255
2400
1959
7028
2243
6742
2429
8117
1061
6810
2206
5708
7310
9682
6278
9403
6821
8866
5369
3894
8938
2439
8828
7405
8923
6103
5961
7726
8191
1031
1638
8426
9990
9241
9224
2051
5805
2932
8527
7999
6277
2001
6542
3354
8941
1941
4195
3957
2949
1852
4515
4011
1173
6913
3333
4647
7724
9077
5154
8942
9143
759
7436
2944
8818
9118
3788
4229
5199
5902
4863
9907
7837
2609
5747
4727
5014
8050
320
1442
9328
6966
9699
7462
1185
903
5872
7391
4620
8016
5285
5312
3502
8773
1378
2975
5099
843
1881
1363
5217
2235
9878
2244
4243
4084
8902
9080
2557
1708
37
1133
8026
8958
8275
2081
6426
5124
9729
5034
3438
3456
2939
9738
9048
9284
1783
7931
7081
3400
4749
4086
2150
6775
8936
7106
3588
2046
2864
2965
1803
7641
8424
2580
702
2746
907
4064
6498
1313
6823
656
4829
574
778
5190
1235
1998
4956
909
2599
410
9711
1392
2736
3683
1567
1326
4613
3992
570
8536
1725
3302
1953
5195
6901
6188
1573
4147
6329
2233
7060
9322
95
1952
9247
3003
8079
5943
5836
9755
2903
2905
162
6816
6269
9851
6997
8192
1177
4825
8265
775
2794
8230
4030
4193
8518
722
4792
9720
8525
7198
8980
9776
126
7580
7626
4577
8040
106
9057
465
3305
1025
4516
5017
2489
5958
8610
4676
1203
1326
9974
7502
2515
1924
6045
5711
5337
723
1162
7184
9958
1017
3581
9981
6463
3793
7451
6909
1078
2798
6178
6551
2527
614
23
7960
2636
943
2250
2495
4320
5977
3034
4894
6071
441
2494
9571
9494
5208
1826
6831
1765
6760
8790
2642
7470
8158
4627
4302
8657
7820
8455
734
1649
6626
8954
8736
9453
3065
7927
7052
8688
7604
860
3671
2910
861
3095
3103
1009
598
5709
1784
5531
9578
3930
1390
2160
9058
4545
2184
8211
2763
4067
3896
1340
1421
2416
4972
1655
545
2576
5728
5879
2442
7410
5676
9514
4052
4495
90
6731
5193
7809
9710
2632
1821
3550
4596
4670
578
6966
8817
4207
3478
2598
7191
2918
4767
2065
5426
4990
923
7298
2356
2589
9662
1657
5587
7274
3610
7502
5236
6917
227
6436
2160
4890
5162
3597
1552
1485
1446
3902
9763
4320
2369
8852
2691
2819
1072
7337
8923
5645
10000
8415
9985
5100
4780
6949
5386
2911
2452
2620
749
4183
3283
447
7995
8392
2292
2474
9063
1450
2263
6208
8951
4961
7335
9029
4453
9837
4917
6508
4352
6842
1831
882
875
344
6251
8880
5414
823
8988
7282
2529
3500
7644
9244
1668
726
4166
7221
2083
1292
1039
2516
3139
9572
60
9025
2982
5117
7227
5635
1735
7774
1502
2115
977
2080
4403
9122
1613
2439
2651
5844
5689
4955
5704
8305
469
2690
2760
2860
5848
2858
8719
4773
1920
4804
493
1663
7997
7692
4630
4086
8393
9136
647
6456
3749
242
9739
2658
4461
2395
9431
6832
4554
3757
28
3651
7284
2112
3839
289
980
3113
9830
8233
4955
8809
5132
6698
8434
8947
2865
4541
7246
7594
9163
2411
802
6065
4634
5017
1094
2358
806
8462
2669
2998
2295
9090
5065
5558
8664
1155
8380
1380
1835
1461
5793
8475
441
806
2442
916
608
223
1281
6848
5201
944
1261
4191
8874
5037
421
2735
9286
1405
26
5363
2648
28
2365
35
2281
7443
9863
9334
2369
3571
6996
4960
7733
7601
9093
2460
2881
4904
7378
1040
707
1653
5171
4387
6885
2104
6949
4372
1161
2208
5834
1416
2048
1364
7802
7878
3530
4657
9230
9299
2648
6986
7781
2627
1048
7615
7732
323
407
8430
1425
1342
3116
6595
7319
6008
3262
1678
6309
7914
988
2635
8514
4081
2685
5129
8357
3569
2270
4171
3963
5955
5120
1908
1904
7341
2689
3845
8625
9135
5787
1190
3203
4899
1949
281
3413
6293
1714
1471
8676
9976
7108
4146
2941
4163
7569
2839
1080
6916
1093
2578
9059
9101
5814
4618
8718
9234
1508
7920
1252
3112
3495
6892
2559
359
6692
3096
9440
4835
1651
3565
2582
8678
8887
4068
5969
4823
5408
4853
8618
8170
1908
5110
429
891
929
4706
5938
1645
149
1161
7076
1594
945
9780
9410
5106
3381
3410
4007
1878
6065
7824
3866
8109
1184
481
8136
4340
9553
2075
6450
1848
2117
2218
3204
8599
6839
2307
5817
4947
1219
113
1241
4567
7426
4650
4797
8026
9081
8227
1528
4491
6411
1890
2257
3863
2651
7336
1960
6115
7995
5955
123
5676
8442
5752
1729
4616
9026
8104
1737
2716
2174
7190
8111
1608
9633
2372
9834
3978
6347
7008
9046
390
7729
2250
4786
5798
1254
1039
6412
5903
6134
4017
6312
4411
334
21
2328
1985
378
6089
7147
7271
4904
7262
1260
4650
8902
4363
2931
9321
7054
6144
1107
9649
3525
402
8554
4215
9396
7692
2439
105
1245
1569
6230
8781
8268
733
2246
7808
3958
6330
1090
7956
8913
2130
9012
6273
3977
2582
3632
1918
5806
3425
8714
1927
885
9456
9023
6450
7091
4793
1913
4716
8010
9993
9452
1016
9273
3289
6238
2601
4703
6676
2684
7327
3668
522
7843
1412
8244
5069
4310
5604
6527
1862
2079
3066
5362
7529
1724
5806
1554
2298
4211
8085
4045
8450
8385
2086
8635
2780
2743
3705
4957
5522
3874
2205
5191
860
6209
4593
2491
7642
4643
1245
3104
8632
634
5732
8856
3292
3314
9858
2085
1566
2398
1971
550
2179
1034
8930
7136
1231
3888
1875
1704
104
7734
5384
4997
2962
4548
6521
9388
2192
8198
7385
4272
2306
7495
7710
671
4253
4990
9383
710
6408
8756
2199
7192
9732
2709
8285
7642
2060
9308
7457
2102
2674
1875
1160
1156
9108
9749
1958
4537
1162
318
2363
5967
2212
7757
1904
287
8466
3543
9428
3247
4802
2011
769
2745
7436
9845
4564
2982
1147
9559
5914
2418
1559
9509
2565
2762
8503
2381
3555
2655
4773
4708
3257
3441
8016
2964
6340
9058
1766
1366
1013
2064
1653
2877
3743
7866
4934
3414
9215
5304
1298
2704
5065
1857
5632
2205
1369
1636
1750
530
1843
1392
4848
3435
353
2973
135
9409
4159
8506
6065
3681
2189
6734
4325
8513
7831
8908
5177
8284
2419
2250
9484
2202
6145
8736
9841
1606
6374
8921
1915
3198
6948
4748
5467
5869
966
6335
387
4302
3626
2034
3818
8546
4212
4435
1579
5292
2096
1336
4427
1092
333
5251
2367
1784
1680
4304
6915
2182
4058
4015
1752
1366
6874
2421
2311
6977
8386
1850
4752
6834
8124
7686
793
6848
7078
9553
1872
3278
726
790
9493
5137
6144
6762
3540
1629
3144
1691
2896
8475
7932
7343
5417
2470
4749
5987
6081
1793
4637
6104
7198
2647
3389
6440
3305
2309
5048
5787
5058
40
8553
4783
493
5485
6244
4731
3522
76
6069
5904
4370
6152
3009
351
3991
3157
8820
8898
784
6483
6013
3941
4796
6597
279
8388
3741
9779
1121
2332
1740
6835
1705
8236
5329
5569
8531
6427
2527
8501
3870
412
6763
947
273
5514
1015
9291
4157
307
9272
1745
2013
6756
2606
2756
7536
1025
2272
3113
4268
4938
2867
1367
5256
3474
739
4419
9638
4611
2166
6433
7851
9505
518
8667
6683
6326
4195
5949
4776
2952
3879
9409
3639
4207
9853
4411
723
2021
5143
2827
4963
4847
135
559
8340
7468
1247
1130
7700
5833
3744
5387
1664
3170
9390
708
8990
7306
8161
4661
5986
8032
1314
5839
8925
6973
7156
4062
1588
921
3615
6738
7944
9855
6643
547
736
4591
4684
4870
9590
2137
8260
8854
8558
8805
440
9603
7157
1233
4476
6171
3748
330
6064
1295
6346
6757
3125
5134
8701
1912
555
5495
1158
486
2412
9448
7349
1094
2192
8694
3680
7654
872
8481
5190
149
6812
6884
7116
7440
4392
437
1904
3096
397
3337
8646
3523
5004
1322
5750
9351
3848
8111
6820
9353
4400
9062
2668
6166
5462
196
4319
3707
9205
6190
7810
3883
6659
7983
4598
7988
563
1105
1123
8691
8188
5124
7304
3788
9730
4480
4309
2236
7451
901
3116
9027
9250
406
9071
8104
9492
2570
119
946
9507
7589
552
1326
6978
8395
5774
7022
3629
9330
2725
1351
5560
7118
2536
2326
3930
8440
8309
1444
8633
5778
2498
8635
537
6479
4051
2614
2591
4607
5667
1039
491
1970
7140
1205
2547
6449
3847
8651
7334
7183
381
8251
7480
3673
3299
2172
5635
9014
4030
787
9681
3016
628
1093
6001
1197
223
2808
852
7929
4284
3915
562
3372
1945
6887
8689
6072
2466
3537
6175
5956
2883
1203
6695
3680
5576
7387
5329
5701
8407
3189
1719
7431
7432
2048
306
5987
2558
1969
6443
1461
6324
527
6758
2282
6167
3616
9569
4023
7838
3369
517
1684
4143
9433
4791
7160
3031
1343
426
9978
725
1743
9187
4960
4338
3697
3344
5962
1144
9727
2074
8023
2585
5618
1339
1168
7181
9573
7129
9895
1081
8093
5950
8557
3192
8504
8372
8668
9124
7387
2505
7008
2627
6952
4298
8850
8748
9263
871
2683
3955
8647
6536
4969
894
9422
3495
655
6423
4814
3862
6111
5880
4206
9461
5510
1416
2453
116
1125
3287
5410
2837
3935
875
8427
9820
3469
6801
227
6634
6931
8554
5937
3630
784
2288
8728
3814
1639
5981
6803
1098
7930
9123
939
493
3458
849
7190
483
3049
3689
9097
6856
9884
7349
8717
7354
7727
6136
4627
247
4226
3151
680
6005
8489
2068
8587
5340
3176
7529
7646
2420
8972
6435
4075
5422
4236
7589
7736
1540
5789
1
2096
2453
2130
4578
2249
6287
1660
8661
3225
6549
3776
5551
7663
1318
2231
1511
5069
2519
4592
6157
6851
3016
7393
4947
418
9255
1661
1141
4815
4836
7997
632
2905
6157
5466
9154
3619
9314
2608
6725
3341
7304
8477
1439
5250
1603
8994
1686
5271
7784
3373
1015
8573
8619
2479
6052
5035
4985
8764
3372
8262
6294
6690
2727
2748
2479
1127
1079
6535
2440
3507
2474
551
8442
8730
6093
7511
5612
296
5814
78
6668
8982
1902
1605
9978
6350
1588
4015
9772
5024
1264
8084
4086
4480
2168
3876
7333
6806
7184
4877
6690
5656
5732
6988
5586
8624
8202
388
3702
4314
5204
5870
2697
7334
6503
4913
6684
1188
3190
7237
2171
9139
6920
8926
5227
1283
1868
2326
794
9405
475
9932
7456
4892
8885
4745
5757
8698
516
4470
2308
998
6080
2815
3558
9088
9324
9339
8873
4780
169
5601
3200
6254
2033
7314
7275
8143
7950
2397
5397
2278
5258
7625
5146
8180
1993
8003
3964
4235
1965
7748
7350
1425
4461
2103
1102
8588
2758
3130
9991
4975
4399
5505
800
6261
1709
5473
8335
640
5271
2174
602
6290
9249
8526
716
2551
7683
6434
1084
1440
8304
5619
6352
9504
9574
8717
6873
3863
9849
4705
4031
7986
958
9898
2609
2736
7881
9211
9823
5483
192
5239
7272
7697
2519
7847
8432
5108
6255
734
453
1262
405
8124
7386
6448
4913
365
2106
3220
4931
8833
5532
2860
901
9989
4896
5707
363
33
6466
6683
576
7255
1489
7498
261
966
1397
4075
5042
2626
7865
8337
9794
9945
1834
1832
9944
6843
2204
3118
1288
3213
7872
5947
9548
8011
9154
7180
6857
4091
771
9379
256
1084
736
8673
2785
7911
4971
4984
7352
7618
2217
9276
2050
5934
8861
829
5633
7905
6729
1997
1789
2956
9447
7487
6483
9985
1038
5613
4653
6646
1322
3248
99
8911
2189
7888
2757
577
3351
1728
7990
6714
5925
7145
6175
56
936
5915
4453
2630
7704
278
6131
2281
1960
9495
1736
190
5901
1441
6160
3130
2778
9094
1415
3938
9951
1021
7963
3802
1280
5502
501
235
7272
4225
6282
9211
9378
7927
7610
5588
4079
9301
187
8346
3197
5112
9603
1170
488
8790
1672
1911
2048
2259
7012
7633
2287
405
1306
4298
4048
3100
9934
1235
4236
2009
6079
9412
7749
535
9517
5137
8968
5150
9424
181
8717
313
3115
4779
4007
3758
6604
2176
4883
4742
6734
9718
2689
350
6342
654
255
2441
68
3789
4487
5680
4392
2370
8457
4715
4385
662
2411
7598
4422
1464
158
3906
9575
2842
2592
8902
3193
4340
344
7552
3630
9236
516
7148
682
7160
1812
456
664
1289
9859
7925
695
3382
1686
5331
2398
2568
6910
1160
888
6039
2470
4765
6720
9263
6541
3221
9857
2402
2509
5587
2251
7959
3114
2477
5357
4452
1175
730
8507
2624
4643
2356
1291
3445
9232
1787
9712
9524
6363
4037
4114
2393
2852
127
2092
678
3079
3231
9074
8826
7060
1050
3122
1446
6463
1060
8219
3338
4112
1386
6356
2178
1765
1799
362
5429
9607
1851
3981
1215
4361
881
5572
3656
110
4535
3672
7512
4656
834
6734
6893
4696
1741
1033
1812
9002
8540
534
4798
6937
8913
2944
6414
9374
1059
2743
6851
8458
3355
7133
3890
1424
1087
794
7597
6360
3653
6471
1210
9591
8209
5555
1115
2190
3824
2277
8372
6096
9771
3161
8923
2038
2627
1270
4529
9780
1391
4563
8158
3688
2496
4296
9284
5002
7739
3197
2157
1497
454
1474
7012
8659
5688
1667
9587
4101
5234
9119
8051
7276
6059
9311
443
6820
4682
5834
2270
9460
503
894
3385
2035
5540
7635
157
2234
5896
4083
7155
3202
6270
8405
2882
2327
1115
8026
6101
3821
563
2558
4975
1765
3458
2842
2558
293
61
4345
8116
7347
8081
3634
7794
5257
1582
9755
5828
1661
1540
4341
2579
756
2502
1250
6105
2466
3255
8237
802
2529
6179
2336
2590
2950
1704
9973
6519
3720
6583
8777
9863
6536
259
2566
7464
3951
2552
7527
5575
4281
930
2747
7531
3989
618
9972
9460
6165
8381
2728
9531
1947
2339
5223
9836
9440
6985
9272
4806
9967
7662
9842
801
9819
9628
4296
4177
6496
5979
2092
3525
5256
8478
431
4047
7747
5981
3268
2277
9148
8157
5345
7243
2638
3839
1196
2202
2947
7467
7194
6247
6917
9544
9754
775
1382
749
1610
4356
107
2221
7796
1007
9441
3339
9172
8807
2949
5723
1338
9386
9598
7287
2285
6298
7418
3838
1736
677
8705
3297
2547
2606
8529
8545
6698
5123
7874
172
6885
9064
1493
7236
486
4196
8616
8358
7574
363
9358
870
8650
9400
9860
5866
9338
6463
704
8328
4294
2802
5046
2779
9263
1994
9308
2107
364
2973
103
9835
2084
1241
4492
7050
4750
6468
8730
5591
4889
209
8986
4223
111
1957
1973
1499
2938
2147
7465
3368
6119
1611
8295
4490
6386
988
7067
9449
9177
4474
4103
4713
5355
9530
5196
520
9439
516
5421
1841
9962
3417
9921
2472
4899
4957
2139
8240
1880
5166
7679
6144
2137
1162
3405
5163
850
5277
169
6439
3062
8039
9010
703
8900
8918
5771
2103
9376
58
1257
4832
9519
6291
796
2377
6457
87
9020
3829
7312
1974
170
1146
7072
2068
7795
9041
6414
2424
287
3491
3450
5864
4713
155
2808
1800
8930
1851
5359
7071
5736
4267
2642
1480
1852
3530
8669
7292
5438
750
1025
3671
4308
5696
6088
3199
5803
8522
246
2931
9637
6613
4976
8408
6971
159
7819
6272
7931
9886
5217
4555
8045
6298
1827
9044
50
8356
9688
307
8380
5176
4410
1524
5533
2714
1382
1686
5938
3515
9112
9178
9277
4644
9310
9918
9529
1495
8729
1245
2109
9161
5515
6536
6008
6294
8103
6443
3956
2111
1932
6655
4527
5254
3970
5916
1542
7953
3888
5684
6398
377
4888
3709
2516
2025
1324
5664
4767
6919
987
4100
4109
8226
6026
8061
8199
1604
4201
8549
5446
2887
8265
3825
253
5587
4094
2926
1635
2761
7748
9899
2310
9155
4577
954
8742
8792
163
9176
4758
2875
7925
1326
1592
8466
789
7968
6299
496
4154
9343
4179
9902
1341
1387
6094
9990
1527
4985
5659
1322
4134
4533
2967
1868
298
2743
6177
9518
941
5007
1267
551
2463
9585
3823
4098
5346
588
9976
5986
5406
5741
3123
6908
1500
4407
2280
8728
5369
7457
1239
5121
192
812
2881
2524
9292
2784
2534
9905
3039
4264
225
4821
9880
4649
2321
4935
3975
6807
292
300
4990
2068
1323
3260
1636
1739
440
4047
5367
4817
2079
9537
7334
6516
2435
6045
1149
487
2661
5722
1810
784
18
7008
8864
7994
7445
860
4163
3002
8011
6589
591
8995
2838
3910
5090
497
7427
4644
859
4479
9663
4484
179
2154
0
2101
6116
4374
8125
1101
4109
2193
4903
5945
7695
7438
95
7352
3192
2108
8052
5512
3952
127
7806
6640
6702
8818
1488
8430
9068
5731
7079
5478
4849
4788
2579
4047
1260
7606
2101
4713
5529
2668
9888
8622
4244
3741
4490
2723
1552
5317
7797
8649
2995
6479
2436
9300
5582
8627
568
7001
9570
5269
6903
6392
8967
2503
6872
7217
1532
751
1072
9119
399
9118
5851
4007
2561
2300
5389
8118
1234
2078
6024
2323
5233
939
7959
8105
6809
7345
6774
9464
7062
4429
6081
1170
1657
1646
2030
6160
9772
4553
6541
1418
7317
5004
8893
5815
753
7627
8097
279
5733
8398
1205
3781
532
6570
1675
9336
4202
1708
4670
5845
1360
9191
3809
1060
8019
9587
1375
6347
8404
1624
1611
4310
8084
2048
9278
5915
343
2695
3997
6018
1749
3008
1506
7777
6644
2777
1435
4870
314
1188
2984
8152
4636
8467
889
1201
1884
7481
6859
3522
7739
9227
8877
1619
1537
229
4196
3687
9682
4065
5017
505
3016
6728
9257
2750
9204
200
1164
9422
4732
1804
4608
4842
2472
7521
7611
6798
4121
1981
1186
1586
443
2022
8065
8943
6954
1611
7771
9430
4998
1229
3631
6218
9239
3103
3712
827
7908
294
9803
533
250
7838
7657
6351
1751
1782
1397
360
3273
1825
8460
6420
9833
2082
8389
3007
643
5456
1050
5423
7646
1089
8388
6758
1622
9469
1059
1643
1395
7452
7896
8583
8399
4592
8878
4037
8295
9622
9159
8292
445
180
6949
3118
3281
8885
7903
604
7653
7581
4775
3163
6861
9657
5617
266
113
1418
9941
8519
9602
6234
1006
6779
4976
8396
7477
6769
9223
224
9410
1530
7186
7833
4611
5993
4343
1018
5208
4127
9001
355
3852
594
1469
350
7725
3247
626
8337
7633
1225
3110
316
5244
6695
1750
6603
6825
7098
2302
4006
5683
6613
9308
2763
6337
8568
3396
7
2214
6033
9972
6114
2880
7641
2652
2290
4899
5036
8875
630
3871
4277
3153
8015
8321
7204
1994
7588
9984
4026
5953
4966
7584
5676
1364
5038
9472
5290
5940
9255
8614
9907
1824
6510
619
7915
7768
5412
3401
566
1013
6965
8085
5877
2260
3346
2967
2779
480
3515
4179
1303
2650
2803
8033
3686
3878
7454
7231
8117
8123
2331
5704
1109
83
1454
5527
7006
5473
8119
39
7606
4699
2560
8335
674
1903
3910
2457
3491
7957
2045
9097
3597
5522
9093
7726
1208
4405
6595
818
5452
5679
1923
4267
8892
716
9120
2985
4189
599
7924
4934
1221
9092
5366
670
8068
4850
5770
8909
2243
3904
1860
5818
3085
2814
7287
3439
6110
6473
2833
2835
9390
9469
3650
9460
9808
2251
6994
5307
6252
2042
2513
8749
4847
2088
9883
9777
1136
45
8574
2218
2004
4838
963
5119
100
5128
3775
2492
1858
9581
2037
2811
4000
5467
5010
1448
6009
3659
2532
1731
8135
9344
8684
5459
7510
320
1639
28
4944
3263
7668
2827
1344
480
82
7469
9724
5419
9588
2752
3045
7497
6627
2734
2569
4769
906
951
2480
8177
2506
8427
2288
7168
6169
9588
1073
1923
7185
2731
8237
921
7513
7256
4427
2055
3739
4736
6247
55
4865
8160
6038
2723
4518
8757
4836
6356
883
288
9804
2250
9184
8490
9320
5295
6579
1730
1936
6536
8565
1647
1741
6267
2738
5333
5488
9524
7477
1245
7651
9470
2686
3202
5563
6502
178
8429
2516
6033
1893
1268
1393
9357
8620
1946
7345
3098
1693
7501
5922
9766
7141
6410
2634
5959
5382
4667
4357
1582
5098
5487
6657
7503
769
2913
4712
4340
3572
4521
8248
254
5528
66
7968
8945
7893
1278
931
598
7935
4118
5095
5961
7007
7402
74
6247
6593
6181
932
1197
4193
2877
6911
7589
4241
5638
1114
2187
1215
6737
2177
593
787
7879
1372
1965
5107
4839
1094
171
839
6581
942
3733
8808
877
6904
1263
454
4105
6242
70
6142
1291
4037
8283
103
3030
3527
5792
2353
6175
5373
8216
1311
6445
6283
870
9389
1730
5302
6548
1639
7670
3959
7669
1449
8312
7945
1968
2929
3218
3084
3111
5055
7239
8406
3256
10000
7291
772
1341
8316
6394
3647
4932
912
6343
7446
8557
8125
9693
5766
2341
684
6242
8535
1089
7625
9815
4471
5499
7384
7137
8151
2260
1595
9688
5775
4065
1273
3932
1743
2057
395
2348
9263
4911
9750
5936
2440
7716
9725
627
8385
5287
5726
7227
6359
4351
5523
3483
6969
5818
1828
8966
8201
5430
213
7297
2180
1857
4854
1775
6460
9898
9206
6984
5403
4675
916
6896
7206
9777
9153
7188
8269
2709
7453
3340
7485
1013
2650
3285
5142
4772
1677
6179
61
2036
8092
125
4578
8429
4601
7424
9479
27
851
6349
8292
8630
4914
1438
4985
6611
6866
2366
9748
5346
137
7838
2034
3376
9242
1173
7909
6563
9754
4033
8923
231
8964
7927
1902
2400
1786
792
9248
4643
5229
4478
6776
3538
6887
623
7386
2650
7113
9912
6363
7996
3752
7291
2959
5240
2087
7736
5109
510
754
5564
42
9670
7589
7380
2302
3041
2317
634
5992
4680
492
9571
2744
1279
1086
4996
6081
2772
2396
2200
5342
8870
144
7108
1576
4672
3470
6019
6854
3821
9551
2649
7039
3212
6984
4858
380
4743
1219
720
3825
4278
1348
1224
3477
4384
7471
9469
1105
6117
6248
4072
8660
5771
5806
2185
3740
2946
2228
3231
4179
6055
123
7710
8071
3516
3956
899
9952
1483
6449
897
1400
4611
5234
9791
6526
9443
7870
6739
7036
7800
8751
4528
4738
7152
7397
4555
9198
2841
5457
3510
7332
1891
2154
951
2424
3684
6336
202
8516
7892
3370
8791
1261
5589
8906
5958
7602
3694
8757
47
2337
4436
2716
2260
8451
5521
6221
2969
2231
8634
1277
687
5778
8364
4438
1418
9451
3846
7447
2693
1085
5422
6461
5341
7729
3093
4613
1168
9923
9497
1247
5948
2779
4146
7512
7364
3886
2336
5457
3315
8255
575
8834
8286
8196
7628
3174
3169
1337
7343
7167
2455
6356
1705
3133
323
6247
4510
5629
5498
4862
1564
9393
4302
9729
3783
3527
5153
4348
7583
1221
968
9981
5949
5528
5698
9714
2484
1970
1871
1395
1780
3635
4976
2238
8437
2675
8535
2330
5959
1781
4246
1306
5261
6354
5519
4620
8941
6646
2343
2355
188
8741
142
5723
2478
8083
3070
7443
2562
6309
2677
4713
3501
8775
962
329
5191
1783
8079
9853
7829
2862
1345
4589
6
2700
6083
4486
3948
9306
8105
9642
8674
650
8363
9390
2157
3183
1945
2177
8139
4610
7872
4737
7588
2773
2522
6972
9431
1794
371
7229
6480
745
419
6495
8641
6409
7496
1957
7402
4969
245
8862
1147
2517
936
2195
1242
9600
8031
6692
1845
4405
9231
3280
620
9603
4218
4955
971
8685
140
6765
4244
5565
7554
5259
6354
93
7333
2494
8341
2592
4559
179
9133
3495
6480
9244
6436
3300
6727
2976
5903
3395
7367
9456
2390
8731
2015
3522
4748
1371
2657
2541
487
2950
229
3861
691
6545
9246
8864
8364
7684
5472
210
976
1201
9686
4648
8706
7868
3128
6706
5948
1160
676
5210
2483
6180
1570
6660
8053
2349
6506
5292
544
5083
8388
8967
7085
7661
4668
4959
6750
1248
7105
9253
2913
9600
3027
1943
521
1318
6491
5536
9971
214
6394
852
3692
3466
995
9277
3293
5346
8049
7528
1254
2403
600
3691
3319
2747
5578
7504
9809
3608
506
2351
9058
5591
2290
3673
324
6518
5766
3572
5551
9421
6771
3995
314
1422
4276
5493
3529
7670
5257
2886
2663
9142
7902
5896
5064
1282
29
528
9822
578
9185
8238
5882
7953
6569
9038
825
6296
4065
9666
918
575
2899
6142
5381
3613
3383
4178
1409
6801
8352
5071
4613
5022
3781
9890
343
7385
3859
9187
572
3470
2514
7620
9448
102
5505
6246
7939
2799
1433
820
3892
2884
888
7806
662
7390
1684
5118
1937
392
3627
618
152
6320
7597
3669
9536
9814
4506
3174
110
5678
623
4895
9229
5630
2049
163
4613
3671
367
1553
2939
4662
2921
6156
2195
3894
2244
2847
8000
2441
3457
8901
1070
7575
6695
9977
904
9207
8898
6076
4166
3325
2275
9203
4292
2768
2464
2959
7003
341
4768
7302
8884
4397
7258
2901
1988
9761
2289
5583
370
2646
5229
413
6183
4345
7056
5236
7834
9136
5567
6016
8262
9088
394
3367
8821
1622
793
2400
5532
2501
8226
1009
2138
5218
7172
8110
786
5414
8737
758
6645
9820
5172
7428
4752
3216
9884
7856
8823
7816
826
9480
3895
1137
5894
9432
2119
8003
9922
789
9358
3628
1260
1015
1000
423
9252
1920
838
2302
5436
7786
7835
178
4530
3341
304
4560
2249
2690
1966
5337
1535
3023
6829
4198
8321
1415
8612
1300
7748
9855
3612
8226
1320
1459
7180
9662
8924
69
5895
5661
3162
2530
1776
2875
6153
1618
636
4245
1977
1048
3240
1962
6158
1562
3271
8490
6916
4260
5076
3842
1012
3093
7694
9056
2783
6343
920
8279
6629
3888
5676
3456
2385
4540
6954
3410
5142
4090
1218
1926
5526
1745
6504
9831
2646
81
6458
8019
7847
7652
8939
2595
4238
9605
9738
2667
9719
2709
1405
3500
6123
2014
1405
5739
2207
873
1444
4692
8205
2649
7321
1049
9048
6223
7974
1250
555
6399
8365
7818
6976
491
4454
4699
5256
1316
6616
1105
7593
8520
1881
7191
7235
1445
5811
2520
9719
9510
3970
2560
4298
6496
2947
552
2857
1729
6220
3174
9989
1162
9704
3942
1562
5366
6522
6406
5209
8523
3937
5735
7099
951
1772
1388
7573
2011
4824
3135
643
408
2846
1972
1221
8721
8077
3164
9726
901
4932
7194
6062
3385
7159
705
4089
6842
2399
1373
3022
1582
8814
3410
325
9162
1798
7242
824
3613
4175
5173
5930
2742
4271
5287
81
2482
4188
2636
3826
1121
5683
2309
2737
2147
7211
8977
5673
5937
1697
664
9223
923
9860
4780
9057
5993
6092
8835
1220
4511
36
1719
7923
6607
6798
2271
9772
1008
1500
6508
4552
6222
5168
9396
45
6598
4017
5117
2654
2881
4675
5515
6594
8100
8893
5983
6473
6268
1142
4894
774
3034
2847
5179
5896
2371
1333
4570
2489
356
1730
5049
7167
9251
6904
2265
274
4245
8769
6514
5
7123
3949
3506
3989
9207
2003
9713
3743
1259
1322
3257
338
3109
4548
6215
8818
1326
2200
9528
983
479
5335
5085
4922
2471
588
6607
4549
5434
1393
7106
7923
4560
1722
7922
3577
1463
6780
6923
670
1455
594
228
1311
8731
286
3748
2582
6740
546
8070
9605
335
1507
7225
2466
4595
9980
2749
1776
3338
552
6328
766
3068
849
1156
8070
2158
9548
9591
6752
6559
8041
2928
5638
2255
9480
7726
13
2804
5400
6825
2191
2778
942
7578
4143
3551
2247
8429
2469
3968
885
7403
7059
1447
6539
245
3491
8649
9842
3480
8411
5489
627
6944
8575
3343
277
4646
864
1217
914
1531
1422
725
3071
6037
8457
6483
1390
8790
3860
8928
6824
1811
7781
8768
9118
690
9174
2180
4227
2617
9000
847
439
9738
3157
16
2335
6504
1814
131
829
8101
523
7167
6064
756
3609
6985
2052
848
320
7128
3242
2059
5313
2259
4035
6047
2234
3011
771
2049
1565
7220
1918
650
4028
3130
1278
6316
6472
1381
9534
7084
8795
3451
9593
3680
1960
628
3999
7328
8468
5839
6519
7208
4492
8365
1856
1099
3099
8055
5219
614
3316
8403
1859
1958
843
6373
7002
889
8140
1546
3772
6440
550
996
2063
7775
1096
9440
3821
1762
3764
694
7298
1807
7084
1036
5504
4214
1033
8764
8643
9879
8390
4647
7707
5048
6575
6263
5369
5290
1517
894
5409
3239
6185
2347
3386
4265
4473
9126
1522
6158
9451
9102
6666
1438
6253
2383
3019
2224
319
4950
9790
727
3382
5415
6494
1479
7499
2155
983
8371
6528
8906
1427
3016
2164
9058
9446
8167
767
2907
9461
4392
2080
9595
8270
2700
387
6493
327
8309
1315
9263
1676
5070
3522
9388
3141
216
442
6234
2714
7246
4493
4276
3930
4890
7209
9338
7624
2752
2818
7688
9586
4986
1515
3540
671
5983
6508
9436
5708
3054
2161
4414
8821
308
9262
4458
4920
2102
5540
9049
8168
51
3664
7682
4609
913
4406
8701
6809
5085
3161
9587
4496
1104
5400
5138
7759
2701
6859
965
2561
9983
4306
8719
1711
399
2452
2206
4224
2619
6241
1213
921
1479
4748
719
8572
5018
9097
8258
1857
485
8493
8408
1906
8843
2983
1420
1094
9764
7847
49
6643
6197
8040
6085
2342
2031
7402
6191
1330
187
6535
649
3293
6184
9853
9731
514
1304
5461
9188
1894
8065
2439
1467
9127
649
5767
2252
3745
630
7278
7638
1589
7268
5904
489
1440
3970
9818
1953
6106
5103
962
1931
7393
904
776
7508
4724
1281
2697
1031
9255
5192
5554
4235
1347
1903
4091
332
5811
7023
945
8365
3394
5111
2046
8745
1237
7718
5100
5953
9066
2302
2902
4173
3011
5108
6248
3291
1665
38
1606
3399
6066
259
3613
2455
1643
2630
6078
9484
7831
1687
3278
8845
5937
4580
2864
8787
5466
5795
8344
6630
7552
1365
747
9322
6970
7582
1923
8304
1392
6662
5242
8731
2134
5450
8263
29
7152
7493
3161
2540
7379
1154
1160
2143
2683
2403
6362
326
8301
7278
1569
1640
9555
2041
8971
7685
2062
7077
3153
218
787
1054
5499
7832
7064
1203
3607
5601
1187
5797
2848
8994
5233
219
5641
7774
516
2717
8323
4202
6480
6738
5434
617
8184
1487
2587
9642
2583
1661
9450
3156
5672
8819
4816
8808
3665
8986
677
1501
6655
7021
428
5635
9205
1932
1933
9998
376
4298
7842
6849
4416
5299
1343
1353
6139
5971
7161
8402
4331
429
7254
3221
3166
1906
8944
5365
9015
1284
199
9277
1578
2518
1738
4857
7550
8663
3236
6758
3854
6095
1795
9241
6321
6814
9342
6384
6769
4697
4327
2770
9076
7968
2701
5729
6567
732
4179
9569
3399
7143
4295
5218
1865
3813
1452
9118
8318
2746
5854
2452
7662
3403
5901
713
6848
4454
3634
225
3011
5981
6272
4388
7324
5418
6089
9685
5999
2061
7364
5261
4133
5568
7548
6535
7486
1543
9263
9237
2765
8601
6844
8985
862
9983
3655
8967
446
6888
6412
1077
8455
8311
5725
492
3849
9415
172
3305
9468
62
8651
2938
7271
4884
8703
2419
7353
9281
3702
3340
3653
607
9131
6415
7643
5942
1867
3470
2009
3803
8504
6358
3512
7580
1490
5625
2161
382
6343
2317
101
6310
4269
400
2073
1675
3431
8514
7201
2475
1083
678
2478
5233
8098
6786
7305
1559
654
353
694
1443
429
2696
9246
1557
154
2686
4510
2534
1210
5077
615
2553
991
5516
2068
3551
9867
2438
7890
1217
8266
7806
9475
1671
8823
4117
7038
4521
3448
284
4399
1547
9636
411
1835
5421
4379
177
1878
2811
2789
2976
4375
4120
611
4515
2285
1908
4774
2734
2630
1299
948
6874
9142
142
7780
6115
854
1623
1459
9526
2521
9641
500
93
4290
1752
4608
1138
1224
239
1545
5564
9868
7571
6522
9226
3725
873
139
8220
8047
2095
2613
102
1954
7419
1137
9701
3419
2600
9208
7176
431
6746
7094
4959
5793
7777
7359
2497
2066
9338
4878
9899
5166
5811
9902
6014
1657
6654
6587
5866
7591
3149
50
3603
7121
8531
4757
3775
7277
9062
7292
7928
5002
3199
7647
1266
9591
8124
9696
8490
8835
120
8818
1194
8997
9155
5237
2373
1793
8192
2724
7390
9833
1413
7834
2496
8119
6769
1429
3690
9036
2787
6855
6546
7371
4836
7323
662
2342
9302
9229
6181
2993
9155
7384
4940
6907
5320
326
5865
2405
8213
5796
5429
1226
4009
2139
5795
4396
9214
2577
1247
8717
7435
6819
8919
9121
8514
975
7834
297
7989
2409
999
7508
6797
5992
2016
5095
6669
750
2412
2208
468
2737
130
3345
1642
8632
2577
4141
3968
376
7464
1460
4070
2185
2709
6100
2112
7624
2858
4824
8269
7940
8441
1313
1661
9755
3575
4881
203
8163
2478
4183
9736
177
2562
7355
6247
109
7522
9806
158
108
2572
9233
8396
1263
6708
8424
67
8742
558
2411
574
6125
4071
2085
7859
7946
1692
9937
5861
4765
7650
4521
9049
6145
1301
5066
576
6095
2610
9814
5172
569
8783
4647
3526
5675
5301
9415
6779
7207
2207
4667
6567
2290
4581
8999
6052
6767
7659
9053
2691
8832
2350
6441
7995
1126
316
7883
5849
3242
8184
1328
182
897
9230
5439
2742
2056
7417
3896
1492
2819
8293
8319
8727
7834
3965
2733
691
7643
4742
3377
4387
3657
5538
1901
1657
2535
3850
7857
2393
7694
7420
5779
7390
5450
1788
4462
2909
3120
3108
8197
655
606
8519
5213
2468
7466
4580
2702
1724
7868
5429
4706
7576
1374
2831
6067
6143
9186
7066
3864
7946
4433
9090
565
7252
1046
8024
1395
2123
7655
2494
7378
35
4227
9037
9552
614
910
6086
4294
119
7195
3123
4425
7996
1895
7148
3901
6874
7876
9873
5433
4886
1752
9272
1828
4014
373
1476
2096
2062
2230
1294
2476
3654
7034
7981
654
627
9501
9271
9928
636
7832
5977
1803
1558
8447
8713
806
6478
1277
5862
7207
5760
5726
2403
2735
183
1338
2141
2011
4574
9491
8060
8794
6563
2073
7171
5728
4613
2348
9458
2464
6292
7861
1354
5703
6051
327
1639
3690
2425
4518
7845
3422
4996
5739
8521
4135
2053
8781
1990
3414
4443
4333
1409
3136
7596
6554
403
1567
2082
9111
335
9032
6658
580
7541
5631
2195
1855
110
6490
2154
9652
7843
6199
4423
7253
2197
9437
4178
8936
9446
286
38
8787
5561
5514
3852
4613
7930
5617
4422
2756
1190
1025
1270
8988
3098
687
2591
6186
5612
6351
9655
8429
7097
5541
517
744
1901
2491
4899
498
3853
2372
2661
4371
3091
207
685
2847
9213
4910
5957
9565
4138
3048
4512
1945
1977
3385
1716
4257
3521
6391
9942
3997
529
1041
9922
8294
636
8652
818
6326
7595
1129
1020
1444
1119
7466
4
6485
2930
4367
121
9127
8602
1204
732
6306
8404
7532
4218
317
989
9523
3523
1960
576
4650
1156
4236
2534
4775
2325
1733
8445
2072
8468
908
5123
4571
9214
5978
6979
1259
523
1577
2362
3100
8068
318
7524
3116
4914
4692
1824
1868
2992
2089
591
4495
4622
1744
9030
9217
5305
670
1686
5835
7465
6980
6181
2015
2269
3178
2937
7981
8175
7599
6038
2314
1209
1926
3699
2478
4971
2720
1607
8287
8140
1080
5909
9997
9179
4538
7156
6307
4960
2310
3524
3702
6176
1653
5437
9024
8622
9628
4365
2043
3201
1184
5841
3926
4812
6001
3271
4786
8490
8584
1517
7903
841
2560
5549
3994
7274
6884
9541
9113
9222
9988
4908
9313
4641
3001
6868
9092
4276
6566
6802
8844
8664
9636
8052
7284
5615
4343
6267
2620
1449
1477
6625
3049
8467
5376
3276
8914
4289
9122
6118
7731
2576
1202
470
3130
7541
5169
50
1683
730
6626
6708
3367
9499
3569
4551
2177
5851
5680
4694
915
2764
2205
1010
5854
9408
1480
9306
7830
7483
9375
713
2704
7768
3145
9592
4561
6964
4555
7392
532
3273
4903
2523
8486
8051
1377
7285
8193
6011
5669
9773
2493
4930
3821
9879
8891
3081
813
7538
644
4283
9074
8924
8839
8566
2703
2572
7075
9639
6399
1367
5343
980
653
4668
6660
1304
297
3797
5359
5905
9658
9177
4232
1673
982
1270
6231
5460
244
9383
672
3996
2964
239
9680
9762
3690
8926
9257
2466
9248
8345
4559
2892
2827
4483
3764
6417
2580
7230
735
8074
1631
4262
9192
305
3364
3291
3451
2477
2510
4406
8054
3335
9101
5926
3038
9938
1316
5677
343
4224
6670
3700
887
5662
4539
818
5263
2420
3789
3557
4591
8846
6326
6662
7256
8304
6717
5177
7628
2151
3866
6920
3577
6419
3316
3902
7168
3168
489
5243
1926
8330
3833
6702
3010
379
5830
681
8976
225
8325
6057
1461
8337
7109
6165
1722
557
4572
3463
1812
5231
6434
447
7621
2006
288
6626
120
84
8573
312
7951
8373
3691
3921
8346
216
9201
5821
3369
9207
5609
1898
7380
2159
1515
1773
9950
3828
9303
4757
554
9017
2032
4966
8449
6265
9709
9391
387
6807
4326
4495
4716
2585
6976
3057
8579
6603
5783
7205
3738
2322
1133
25
1593
2478
2300
9999
2708
579
1061
9555
4379
9070
9407
9668
6680
7237
109
8614
3494
6014
6207
618
1937
1075
3260
6345
8601
9230
4700
2247
1554
5466
940
6036
4847
6952
6384
2746
361
4094
545
126
3606
9210
6993
7427
3578
3137
5039
5252
937
8642
9599
6252
8919
6886
2664
7149
337
1575
3707
7582
9586
9172
1615
4539
4917
9793
7613
2193
1155
6118
4531
2635
6234
2573
159
5867
7239
4056
9651
1389
2951
3884
4046
7122
7319
2173
3087
3372
1683
5377
250
6288
4012
3087
5820
4036
24
708
1233
1438
2926
276
3102
546
4527
2264
8437
9059
6402
3021
8586
6413
4035
7491
1556
3699
3916
2029
4034
6807
2037
3396
8709
3429
3372
5324
6763
5858
2656
3195
3245
2795
6923
4832
4126
158
5016
3467
1045
7523
9398
2171
852
8072
1899
704
5532
5670
8902
656
4498
3787
1240
4949
385
7752
1319
342
8197
5878
1271
1771
2749
557
1222
5459
8778
6132
205
4098
4139
3763
5207
1050
3245
1418
1281
8556
4600
1935
3765
2429
7840
9006
4458
4845
9045
9983
9395
2772
9951
6623
8595
1981
4074
5469
9018
2467
1547
3195
5807
3096
8032
6731
9636
6611
333
2632
129
7100
3254
2317
3406
6365
2437
9992
7302
8917
4317
7298
3198
1886
9636
2393
6091
391
5706
4724
4153
814
7466
6145
92
8718
5497
1828
1902
444
8297
7961
657
652
6744
1382
7847
6121
9981
7104
1351
4022
6587
8857
4509
1598
8171
5855
3958
4594
5829
261
62
8389
7644
904
1777
9185
705
9203
815
4316
2798
954
1050
2846
3421
2912
3933
5525
5468
770
7986
3571
2108
7501
7460
3227
9791
2503
1134
439
6788
2177
5299
2192
970
3466
1077
2038
286
9922
305
9101
3872
9057
998
4513
9625
4375
4689
7519
7210
5311
1790
940
2355
817
3010
5500
2034
6197
5294
7566
621
8074
3534
3870
2411
9888
2477
313
7798
4268
6654
5846
6570
7011
1689
1334
5857
7981
7202
742
1297
4054
6088
4353
7440
4551
8298
1783
227
5333
1141
3871
6298
2006
9091
8002
4714
4592
904
3597
8197
34
9559
240
2016
5162
286
8956
4020
9628
1968
7421
2663
4220
8467
9232
2694
4717
4520
7323
1297
6671
1062
3808
9712
1716
7587
1042
3935
2067
1078
6973
8897
404
2777
2613
1883
3919
8219
9575
4004
1664
3549
5477
8490
5862
2489
317
378
5490
6289
297
8896
2567
7235
4558
8157
9687
3580
4091
4972
2402
932
6546
1476
8837
715
3465
5625
2057
122
6414
4331
3946
2682
7478
330
3571
3220
3377
1387
8553
7806
3530
3806
2682
7812
2619
6916
2089
8460
8416
2210
8515
7133
4977
9970
9708
2901
7940
4298
1181
429
3721
452
1723
9695
7866
4754
8596
7222
9671
4603
9275
8391
8954
1830
5038
9683
2751
2668
9839
5965
4398
7168
6159
3377
420
9813
6612
1213
3056
1212
7435
8487
1237
3043
3282
4506
8489
8876
3957
4270
7010
307
6708
5250
1438
2080
7726
1238
2442
6258
2004
3249
8119
8086
3919
9338
2053
3368
5124
2653
3240
1283
3620
8966
8021
4174
2300
3211
8603
5886
3805
1168
8704
2944
182
5179
495
6980
7196
2371
4027
987
7934
7058
9243
339
5978
7893
5607
8220
4501
6576
5851
7205
9841
4216
8626
84
7203
5968
2103
2287
9590
692
7377
2180
7181
5622
276
6732
9970
6184
9807
7086
5127
6490
5899
8793
6586
1717
2309
7824
8749
2985
1835
9457
6268
6384
8629
9466
8392
3582
294
2361
3890
7122
5621
1847
7169
3612
2341
380
2636
41
8636
6182
5830
8529
2563
7148
1120
6693
4407
857
2790
4239
600
4588
1436
5293
4632
7942
4426
1979
9120
6466
3825
707
5345
4409
8825
1305
124
4752
2909
49
7628
5127
8739
5277
6649
2416
6733
205
7942
159
6294
2287
5138
7994
6713
3327
9790
8063
1374
3909
1930
2741
7637
3202
9481
5847
7277
1502
9999
9982
8574
6578
7684
2172
1764
3956
7444
9395
1701
3904
9973
5501
2616
9729
6907
4552
3532
3315
2751
3779
1755
5538
3954
5401
874
625
3691
2482
9637
1067
7446
6751
4714
442
7966
2495
6504
1379
8880
8952
9902
9884
3059
6343
9856
1513
6473
748
1691
2351
425
4262
4538
5383
588
1970
211
2203
2956
1389
6698
3042
8122
1818
310
9487
1422
3733
2063
5008
5057
9739
9748
4504
9075
9077
4267
478
6284
846
1055
3502
6273
2847
7907
4319
4639
4992
6860
8666
516
1040
4000
7294
2322
2486
1643
294
3734
7684
1234
1893
4720
6483
780
8393
5388
1490
2380
6288
4486
2424
7088
4100
2015
9799
9262
1103
8022
8612
396
5008
7870
4069
8004
1572
4984
6604
7827
2654
5428
3078
495
2500
1252
7221
5375
2618
7630
9361
1645
2015
1102
6369
5317
7453
3161
2309
2450
9616
5589
1992
463
6669
3069
2806
7149
8750
1216
2566
3572
6152
6995
2805
3831
1353
2681
7772
3206
8048
743
1568
1492
327
5267
4111
6873
1130
3480
1734
538
556
1307
372
595
8883
9661
2037
1855
4051
5239
7610
9189
3583
2715
2216
6150
864
4439
7263
5080
5990
5172
7748
5037
1774
1815
3161
5714
3149
4999
4652
8572
8045
4840
9538
571
91
4980
5183
3464
7822
1444
3985
2288
6478
7896
3588
4340
4090
2128
8136
1866
2020
9616
6165
7376
9261
225
6044
1400
1320
9065
9041
5278
1314
2199
8582
9592
238
7387
887
8062
8291
4394
2785
1610
3397
8862
597
1737
915
465
6140
4507
3216
2092
4780
2817
810
9087
1357
6321
2192
9753
9805
8605
3662
9570
7147
1394
770
3498
3662
8182
3277
4999
117
3197
3347
5733
2144
6426
1872
4336
7573
2303
2627
3349
1247
2123
6802
9923
3779
171
2755
2161
8778
8475
7330
7776
5419
2551
6341
6487
1537
2811
1248
9869
930
5924
9600
6883
8526
4643
9851
504
2040
7389
4804
7923
7383
8036
8265
3371
3001
9302
7033
708
252
8501
1380
5048
2425
761
1399
2253
2880
5682
7499
1961
718
9793
6927
8950
6968
135
90
1433
6931
4733
3036
4139
9168
4214
5815
5769
4789
6305
550
5308
7154
1507
4471
4260
4974
8260
837
6018
4049
8679
735
4406
9994
9345
8842
5120
4390
338
2956
405
8474
2135
2114
8583
7803
1831
7955
2566
8223
3199
2037
1363
394
5065
4198
5690
420
8411
3816
8494
5564
1199
9256
3266
870
7481
2060
4077
7406
1899
9457
9168
3442
7464
2801
8861
5892
2977
2778
3853
160
6538
7260
6367
6757
7665
9457
7024
9429
1882
8230
4184
7636
6325
3710
8190
6011
9939
3098
1058
1260
7917
7428
1342
6392
9714
125
841
5729
4490
1790
9893
6303
5708
5188
7771
1011
9778
9789
5058
8739
4937
3477
3086
9114
9116
8167
1758
3094
5284
1677
6795
1953
6234
5357
2431
7954
5183
7856
9710
3773
6891
556
2823
129
8459
9059
5112
3796
8325
7094
9527
108
9439
7693
7279
6831
8321
3514
3962
4167
4920
9022
8570
5822
5615
4082
869
9306
5768
2964
616
6175
9916
8058
7719
2902
5372
8083
7894
973
9443
3917
2039
6899
7316
4986
6043
9022
4666
8529
6666
764
3078
7857
6398
9957
9569
6800
9736
4934
8962
4987
8030
8779
2518
5629
6002
7488
4333
207
4936
5332
8483
9632
1611
4723
6095
3730
740
846
5329
1575
9143
3262
2356
4115
9611
2846
5289
7352
1218
2638
9561
8373
4678
6064
2865
4195
2029
4535
4355
3176
552
3825
7247
4258
7430
8035
6138
1035
8230
9925
2231
7198
8071
8110
5417
762
5800
2674
1950
6408
444
760
3489
129
1548
495
8339
8094
7566
5237
4516
9646
2846
334
2281
7408
5030
1834
636
2751
6391
9745
2686
1234
2004
1244
2227
9501
816
1785
2413
5285
9946
8193
1207
7712
6180
408
6
8491
721
4098
3965
4832
946
8436
8289
6576
5647
8903
8381
698
4130
4548
7046
5704
6905
5738
9410
8004
4298
9455
7045
7658
8600
9901
7070
2836
1608
4890
6446
4432
5309
1699
2978
4397
5001
8631
7482
1611
9628
3623
8229
9258
6905
7209
1053
9450
1671
6915
5363
5448
6908
7412
1606
2316
8222
8629
2734
5960
7421
8898
1625
2851
4252
3636
1896
8268
658
5586
5756
3014
4723
5400
4636
4961
2904
295
726
6434
1545
6173
6846
9746
334
8790
2133
5938
798
3201
9924
9041
5936
7080
9789
270
3409
1580
8368
5108
5645
3662
990
873
8861
4180
4891
6898
4105
3303
3003
1268
9181
5458
3451
312
1756
6412
8344
2024
1898
221
8727
8
6024
3779
8862
8331
516
515
1163
5084
7654
6911
1981
7633
1839
1517
1879
132
6272
2656
6803
8155
161
7260
7602
8066
7676
28
3645
7491
5554
7896
4827
5530
345
267
3224
6560
5188
8734
1891
7098
932
783
5038
6385
8102
1214
8555
8466
3430
1707
1962
6413
9187
2909
85
7130
83
9087
1715
8842
4912
1156
3976
2070
7054
1978
9236
9602
2737
9545
9460
3262
7987
425
152
9812
2263
388
703
4435
627
3503
1361
484
1126
8754
3463
5896
2000
1664
1627
7704
7760
4833
4761
1004
5328
4040
2467
1692
4824
7864
6669
8247
7875
673
3767
8482
811
7760
5240
2080
1172
5252
502
2694
9963
7217
9717
4257
2995
6594
9961
819
4819
475
8599
3506
899
1271
9416
4952
3281
856
8094
4402
2386
528
9837
8080
410
4299
849
6942
454
1091
2401
4957
2611
1266
7073
5313
5369
8575
9746
53
5925
1242
2504
2250
2228
9894
4082
6620
7347
7294
9435
1108
7098
5921
468
6647
2360
7054
7347
534
8301
7618
6520
9836
3397
9947
3177
1961
7978
2000
7699
2389
1084
8071
9091
7589
7095
8583
4158
9054
899
3728
9228
3721
4141
5236
9752
110
7079
852
144
5874
9385
59
4304
3956
2990
4554
7453
2012
696
958
2516
7164
2180
7975
1038
2437
6007
7416
9312
6968
2460
7259
6074
9094
1141
5498
989
1220
3444
2129
9191
4713
1108
8869
8118
2884
7763
753
7681
1366
8900
6462
7639
1601
8501
8512
1096
150
8793
8926
132
2961
7958
1058
1409
54
6747
6183
6701
8905
6684
2332
2799
305
4664
5896
2305
6249
3197
9227
4479
8072
7278
6457
1898
8042
2271
5025
3140
3882
8009
9810
7484
9220
7961
8848
7794
9228
630
3700
5855
8919
2197
6225
7644
1880
2269
2686
3190
1562
7714
1202
1295
9976
486
3047
1636
1182
9299
1692
8349
4463
2764
6459
7623
8580
443
2125
2328
6915
6255
4149
9401
2136
7260
9111
7702
5694
9926
475
784
1456
8844
9513
7176
3658
8027
799
2409
5310
8327
477
6264
9755
3193
2190
1548
3470
8024
4000
475
7685
5341
2264
1973
7316
9317
2373
7018
8449
6370
1900
7077
6446
1523
9242
3998
1675
6605
2911
694
888
8270
6652
6493
6358
7690
1724
5005
4200
724
9827
531
7607
632
768
7421
5569
456
7940
3531
3877
9653
2053
7743
1108
861
1549
946
848
5005
3333
7715
7975
1623
1563
4243
9608
5671
7763
9129
6201
3209
6569
857
1489
5899
8252
1573
5895
172
1049
9717
1684
6085
191
438
8964
1080
907
1093
3970
1979
9122
1140
3447
2114
1577
2025
6343
341
8882
2565
7258
4784
3440
945
5642
5932
1293
3947
6879
9837
4721
6412
311
238
5265
2032
7592
2098
2331
4816
8103
1125
2553
7861
3130
4289
9133
6239
9375
402
8877
408
275
7692
1259
2057
9582
2078
633
8800
4993
990
814
4523
2469
472
388
5846
5222
7422
4149
5324
747
477
2834
1211
6908
1154
9980
590
5780
1106
5708
6970
6043
7757
5863
9351
7092
2884
5650
1313
1828
7052
6206
553
6837
8934
5603
1650
9674
6253
5233
8660
1969
2919
570
9277
2548
4835
415
8852
8608
8732
1500
246
2173
9268
9160
8047
3457
4507
3706
4176
1330
1610
3848
3840
833
7736
643
6727
6649
2437
5002
1993
9511
6825
4353
5528
2939
2091
46
3156
2411
5050
3599
2977
2461
5627
6374
3439
2702
306
6327
8236
2563
133
2767
9315
8908
3838
4939
3745
6972
8934
1715
4266
8145
1594
5879
6480
8852
2625
1790
1238
477
5621
749
1589
4758
7642
7741
1945
2055
5723
1969
9082
5242
8259
7008
9215
3189
6932
6551
2888
3820
4400
1414
5549
8617
4888
7598
9565
5119
5246
816
8133
7598
9794
5861
4490
330
762
5105
1757
8544
6164
486
8755
3141
3499
6687
6905
5600
7730
1528
785
8256
3841
684
1510
5941
918
591
8666
5517
6171
2194
7237
4535
2413
7064
9300
4508
7844
8090
488
2400
3588
6956
1274
684
3541
2471
3050
1272
735
1791
520
3694
5199
2187
2354
1100
9392
2871
2411
7882
1790
7714
2016
6318
7639
3888
4559
8796
6384
6866
1996
8128
6510
3381
1584
179
711
5572
6681
2369
8711
7245
4389
1438
1055
6367
9416
3818
6568
7671
3115
7933
366
8007
8770
6715
9600
5558
3557
1523
4051
4913
4030
667
641
401
2134
3523
6447
8803
4130
4261
8205
9194
6667
9613
8636
9741
4093
8082
4204
4094
2306
9277
7573
4249
4922
5463
8973
8224
1559
1672
389
9023
9937
7526
9310
9408
9061
499
7890
1703
2856
3820
6792
3107
5318
6993
7040
2137
3387
1089
7841
1995
3493
5106
3722
3693
9673
6569
229
2200
1988
5048
2351
9297
4836
3883
275
2131
2186
7714
4054
946
7621
9420
306
6911
283
238
1070
8404
4363
7067
4048
1570
3870
3736
6534
8608
6112
10
6096
261
5776
8105
8764
3619
505
4718
3382
3819
1605
717
1363
8219
8786
5408
2841
8224
5191
5599
4641
2224
9684
685
415
9295
9847
4130
5602
102
4635
7267
323
6577
7540
2415
8627
5948
496
5454
6734
8354
5571
3592
8116
5757
9543
7632
571
534
5648
1677
6306
7831
7612
9177
2793
1984
9812
4841
6226
9832
8467
8557
2160
543
1112
1910
1109
787
2249
1306
6692
6543
4315
2126
17
9106
8682
3441
6871
849
9242
492
4791
1
3711
7450
3586
1678
5841
9541
7283
9996
1961
8362
2932
7422
2306
5636
8966
8719
510
7938
6173
6127
7286
642
2944
2651
5061
8926
7201
6513
4480
8123
6231
2352
1908
4681
7928
7345
1987
4257
3353
577
1247
4374
3935
464
7855
7761
3412
5337
2859
2508
821
66
378
6873
7415
265
5901
8909
9748
2858
1851
4060
3102
7991
1727
1547
268
7643
8758
5668
8128
5928
6342
5787
8546
4320
9236
4807
7546
2314
5234
9212
2837
4425
1472
3672
3058
190
5725
6951
9254
9380
1059
151
6353
1623
7231
4701
7791
9867
8635
2802
8235
2650
4569
3295
7341
566
4377
1180
3570
4634
880
2686
8208
8787
2128
6249
2441
8450
7419
8117
8719
2504
8256
7834
6038
1272
6373
2292
9758
6534
7791
7046
9413
659
8848
9095
5744
3240
3188
6409
9395
7824
1403
4599
5649
3073
5891
4930
2771
1613
1171
8972
2167
8347
1574
1956
4091
9974
1646
6741
2634
4324
1609
4906
7573
8709
4929
8592
1909
5010
6496
9607
4803
7958
8476
7060
431
721
2751
2400
8661
6796
1063
9289
7415
4425
2835
1431
912
9604
6672
907
4967
6846
7458
770
501
5039
4165
1455
2251
6533
7111
539
4220
9952
2135
1976
8851
8277
1919
1989
3836
9953
5715
8636
7767
712
8600
4113
7719
2586
2370
4687
3563
7401
6386
1384
8923
5027
737
8860
5266
4336
2584
1327
9479
970
9721
7228
5460
268
1817
3855
7723
4821
6576
4262
319
1346
3589
6387
4191
6360
8028
3943
723
690
1424
8612
2671
6299
6132
5184
2178
167
5863
6445
9817
2550
4168
6666
5836
9863
83
1568
6095
5683
6226
3209
8724
2923
2796
3580
9125
2733
233
6044
5301
6638
4819
9436
8988
9793
2961
9078
2474
7175
163
8250
6348
2949
4012
8408
9346
5445
806
5525
425
132
4548
8494
3828
670
2134
5084
8719
8533
3936
7094
7174
6563
5266
429
5284
2521
3906
687
7721
3729
2392
4221
358
7561
7855
9310
6379
4037
1760
6769
5772
4601
7021
9104
4096
5043
6735
934
3816
3893
9686
1934
1716
8718
5147
1579
851
9281
7245
6137
6687
6834
8668
1428
5012
4028
2660
2200
2819
7884
993
5937
8421
7776
1955
1057
5190
653
941
760
8194
9497
2567
9674
3616
3809
7118
5228
9618
939
1323
282
222
5951
8795
351
6407
8837
2696
6937
1104
625
7475
1546
5475
4416
498
819
9325
3518
3843
368
1977
9337
1558
2626
296
1179
9226
542
2922
1679
85
5014
4674
7472
87
8298
6988
6251
593
6586
1933
8365
6624
7237
2504
5359
9392
7411
2505
7638
9921
4096
5463
715
177
140
5729
8159
7027
2868
5036
7931
3073
9902
7411
9184
781
460
2137
3847
1812
5718
9789
5836
5840
9001
1427
6456
5444
7534
6230
5649
3928
2458
6352
7012
3067
2006
2146
709
2528
1611
3814
497
7129
7073
9590
4101
3856
4384
9114
9748
9120
401
4652
5760
1738
7953
4329
2399
1065
2156
8552
2644
1541
5562
6988
1092
2174
2280
41
4489
1423
2355
48
5198
224
6334
628
6632
447
5500
5344
915
9174
5446
5822
2257
146
3088
706
5664
4260
983
252
645
3180
4162
1593
2955
5043
2050
1989
4845
4147
1982
1936
3924
4871
53
967
881
4730
4358
137
6564
403
4394
2561
3612
7816
2996
7458
2032
3101
5221
1431
308
185
3074
86
7620
2050
81
7764
1292
7588
6314
9551
6353
4703
5513
4837
645
3505
1098
2969
4747
5134
9529
6215
567
6242
6911
7831
602
8495
7579
7683
3042
1407
3292
8739
7881
1935
9408
3694
7508
5084
2470
372
8235
3427
5319
4725
1119
6613
6510
5194
6831
5754
7397
858
792
8899
893
774
1012
9709
3973
1156
6123
3853
5400
3987
8143
7976
4563
9897
5153
1952
984
2052
8629
7580
6991
1380
9958
2050
3735
5571
9196
1959
7757
4357
8886
180
4421
9879
8981
550
4587
6727
2050
2036
9571
9678
7824
1811
1584
4748
1763
4430
4743
5825
1614
2059
610
4868
6211
9792
8275
267
9828
7335
4629
5599
845
3700
6558
7844
5239
8717
1105
8593
1959
1395
2157
1533
2418
3444
9716
7648
4565
9032
8990
4153
109
6306
6703
749
1389
9030
3509
7326
1729
4
774
7260
5125
7812
1487
307
9361
9210
8421
6441
4970
4874
808
2683
5203
7416
9702
6256
6005
424
9617
8614
340
3648
7292
79
1167
5404
7941
4961
1215
3689
7690
276
9876
1790
5750
315
8701
2629
5691
3753
6073
3576
2115
896
1057
6627
9322
4785
4403
8022
9339
2659
789
1954
1434
5995
3675
6538
9664
6028
7910
3239
1138
1078
4641
2423
6534
7257
6688
9641
3578
2265
8247
6111
3964
9645
4349
4050
4029
5706
3299
4921
1521
9913
7070
4690
5868
7129
5678
6502
7418
8025
4745
5276
7326
8180
1428
1886
3381
6223
7298
9275
8716
7504
3102
2012
7658
450
3816
1016
9077
9750
398
6203
4652
1404
4284
3683
4357
371
9165
3052
2298
8620
7969
4784
9492
2822
875
2630
8192
4183
5053
7862
6474
3255
1944
5556
6850
8834
446
8929
5688
1437
332
3395
4039
2805
3607
829
2171
9169
7521
1457
521
1827
1606
5110
9609
38
4374
791
7981
2746
7785
2863
3725
7094
5772
1939
316
3894
1304
4783
3823
9075
4662
7
8409
4429
2294
8093
552
2459
1061
7904
7893
129
230
4140
8390
3119
9184
8957
7651
930
3871
1804
1607
4852
2510
6633
6423
7670
6766
2883
2182
6467
1876
467
8838
3994
2611
5799
9476
5735
5324
558
6396
5118
2784
884
2519
1907
2257
1693
4458
7920
531
2282
4468
6153
1484
501
9713
1309
515
1421
3728
1203
158
3950
8761
1097
8434
4343
423
9983
4481
6804
9310
3028
4931
1659
8477
1742
7477
2781
778
9251
10000
7489
5391
6112
7242
9152
6024
1661
4020
3129
7399
9135
4618
6080
6730
1034
5886
2479
6376
9979
5161
472
6094
7500
3941
1143
422
4515
1182
2453
1342
3393
7821
6214
4491
9165
5730
7406
4611
1922
4823
9101
868
9901
4529
4462
6420
2685
9934
9033
6289
1522
5393
1847
3030
9581
392
6845
2309
4848
3876
4627
8764
3458
2851
7316
7856
5240
2587
9303
7082
2697
1011
7733
8842
4164
8860
384
2150
629
3324
2896
616
8672
5662
3191
4287
7723
7119
3578
8536
3915
7460
730
8013
9965
23
8015
4779
2525
382
2563
7399
286
1219
1314
3704
3611
3504
1588
9540
8558
7644
1322
1317
2039
617
8747
1916
9494
1321
7285
530
3916
9059
5874
4708
5307
9285
5599
7119
8527
8610
6892
173
4579
156
3908
7634
8189
8522
3324
3148
3098
9496
7165
6321
495
7367
913
2029
5391
2451
1207
5694
8074
9960
4387
8529
2050
3894
7425
4407
716
3695
8442
9608
5630
3079
3468
6019
8866
6430
8996
4362
9990
8795
7813
5061
8407
1652
6833
9684
559
8804
2480
2931
7869
5614
4282
5332
4637
8715
1975
5975
1413
1756
5347
5021
3667
5788
2487
1278
3166
1143
9520
9686
2378
1529
1782
8470
9457
1672
2864
1228
2018
9217
4485
9881
8572
3932
1080
5035
7683
5332
2272
1595
135
307
9425
855
796
4630
4585
9039
4107
1800
6731
745
3581
4235
7661
689
2822
5319
4582
9195
4192
311
2786
2920
3714
9751
3992
971
7675
2466
5230
5307
5721
9325
4475
6671
3764
7559
685
6427
5731
3409
4445
7049
1555
3993
9630
8423
1470
1884
1243
2937
4443
312
1958
2694
7847
9306
8675
6061
1276
1090
2298
2652
2501
2945
745
9912
9487
2012
7307
9310
3103
8964
8457
7696
3371
1196
1939
520
9394
3116
1324
9696
6480
6932
7703
3054
2079
1291
1
8346
7026
8251
528
2381
4125
7763
466
4846
6759
7036
6568
5055
7842
2857
2719
2434
1800
9547
7203
3924
6074
2162
8043
9063
4181
2252
5789
2117
246
8567
7591
3750
3632
4305
2565
3037
6972
9009
9552
9160
4545
9453
655
2529
7061
9177
1457
7837
1490
528
8101
487
317
1864
5537
8518
8833
6135
7584
3976
2738
6446
9217
7792
8916
7394
6655
6373
8446
7135
3129
123
923
9401
4587
6577
6132
6173
9818
3892
8965
7230
146
6333
6420
4755
2693
659
833
3462
4522
6986
8205
8880
162
6633
6398
1730
8343
115
5268
3990
8311
131
9671
7561
4507
775
9747
1788
2161
7411
919
2226
7216
4613
9703
296
6551
7674
9047
3480
9166
5477
9084
5039
6633
8794
5949
2075
8776
9020
4124
1120
5890
3931
912
3456
1101
2969
5324
895
4831
8620
4220
9699
7723
6159
9277
9350
7189
2397
5917
456
8615
5281
3306
5495
2341
2383
7609
3736
1930
3816
1019
9762
1406
9684
4945
8860
650
6977
6839
5293
7852
1805
2081
1609
1209
1597
2511
7999
77
4494
4062
1966
5567
965
8123
3276
6393
6160
1587
857
2911
6734
216
2550
1320
2374
2234
4385
7798
8118
6523
3709
5996
4667
7888
8760
7283
1997
563
960
961
9803
6269
6132
1083
8603
750
2811
931
4000
4444
5370
8596
8742
4239
4578
4072
2110
9595
1193
1724
3213
7634
1800
4956
4497
5194
1438
1150
8227
2850
940
976
989
4438
7152
3525
233
3249
984
6258
2138
8437
6980
4226
6779
2162
5105
81
6882
9543
3754
5506
2292
7217
2152
5170
6468
6668
4305
8088
1592
9815
9277
8768
3075
640
9769
9620
2168
4885
8845
7415
1924
4937
1473
639
7584
5794
3078
3454
7034
937
4319
6754
2414
7811
4277
3523
874
5149
9799
1729
435
2918
4236
9432
1729
1587
6507
6158
6689
1472
7135
369
4301
5487
3474
1506
5569
6255
8849
4747
8031
1109
3980
1442
6614
8510
145
590
7601
882
904
3017
9068
7418
6544
4512
7741
1398
1497
2768
342
5381
7995
5830
6389
3504
7095
3331
2181
2930
7987
2023
456
966
8847
5615
6659
6665
363
4452
7180
3225
3920
4017
540
4059
1089
7536
8723
8833
3885
7438
122
1711
8788
3723
2133
2578
8050
2683
7604
3462
227
1505
2778
1589
3866
3674
8587
7889
7993
1348
9735
4468
1216
1333
9404
2908
9689
8480
8470
7293
3362
5457
5579
6587
5512
7659
7834
8177
9840
1732
7992
9281
6706
4160
290
1466
4534
93
1640
7110
3024
7791
3271
8784
7417
2700
1711
6762
1086
6533
2068
7586
1226
481
3943
2683
2151
461
3205
5937
2034
8245
6531
76
3777
7402
1700
9256
1359
2178
2097
9224
9614
8448
3682
510
1515
5917
6725
2204
6487
4574
3550
7927
1024
8997
2241
3702
8560
9704
2022
3372
1990
2820
9618
2092
4726
5099
2540
7197
9225
67
6674
8443
4371
9967
919
336
4756
1616
736
9608
5726
222
1009
1170
2383
4792
7943
6073
9815
1110
4238
5404
371
8889
2381
1537
1472
5862
1755
5997
5262
5024
1885
7238
5311
8213
3878
180
7224
499
3246
2075
1098
316
421
2050
5470
5549
2783
5545
2389
7918
3866
7123
1153
2716
6986
2232
3921
1986
2354
2708
5442
88
7454
6341
2899
5499
2749
2778
6785
9924
3549
7557
1828
2612
2881
999
9297
722
2764
6126
5220
7047
8333
2733
1623
633
8802
9668
612
2221
7991
85
755
6660
1838
3035
1770
8884
1136
6565
7382
3490
8621
8439
1301
9611
4605
2032
7889
3659
4332
81
1400
1869
1892
3845
9613
2866
4700
6948
2545
7293
205
9994
1031
4503
528
100
719
3581
2235
1854
736
8693
9702
1953
8127
7501
6928
7631
8585
5009
963
3467
957
3266
9445
5003
3499
1410
3057
7141
4879
7143
2893
8941
3878
683
2224
4103
1001
2316
7125
3600
7413
5857
2299
8065
4018
9979
3539
6622
2030
1019
2107
6128
843
274
8247
4336
7737
6628
8218
2634
2471
5399
9539
3605
5748
628
7124
2635
3561
1496
2003
9694
223
8143
5129
524
4207
6132
6012
5241
2186
771
5949
637
469
6677
674
8437
4561
1710
8796
5779
7102
433
1509
5306
5342
4307
4165
4311
5217
9512
8189
4372
6355
6010
1171
6872
7028
5323
5512
2657
3557
3411
4943
1651
7882
2703
4222
3011
2282
8213
6612
1010
1954
4304
824
2769
203
2812
3787
6006
3537
5672
3823
4808
2478
1049
9382
7378
6039
7835
3850
7154
3956
1980
4748
1027
6347
2272
8742
8406
2519
4993
3283
8257
8197
8284
3562
6600
8420
2835
5165
8383
1957
4033
3230
52
6868
7681
216
8865
1725
3165
5195
1653
1746
1290
821
2704
532
9577
9201
5139
1911
3742
8104
1236
5632
2860
9215
7569
1389
8371
8979
362
6375
627
7555
2090
5583
395
5631
1945
8737
5558
6069
2016
5835
1754
3533
8882
4796
6962
1218
8370
5935
1748
165
6397
3757
501
6864
1094
3822
6246
9112
7422
2378
9648
3064
6490
7992
6514
3558
2725
8651
174
877
5979
6732
7673
8579
17
427
8758
7239
7900
7849
4662
1768
5032
8996
4597
711
4467
5445
1650
6482
529
6953
2791
9438
4522
6771
1722
6194
1100
5504
6924
6384
3153
4438
2359
2095
357
2878
5740
7589
936
9753
2672
9476
5638
4701
513
5607
7915
7588
2607
743
1680
9546
5446
7653
2095
5147
9007
8942
5224
1965
3871
7232
8854
7793
251
8960
2408
2820
668
7718
9328
8761
4331
5825
6027
1152
5600
3227
3543
6599
9970
7523
3892
1000
2211
2097
9762
9655
9719
1473
7041
5927
2117
7658
7505
1708
8620
1078
9699
2328
9986
5426
2329
5300
3785
4858
5037
1090
891
5897
863
4899
1896
6712
9499
4617
6902
9517
2715
7376
5275
2197
9515
9446
8159
2546
8175
588
7570
801
2312
7638
4879
9166
3837
5870
2487
9350
4234
5888
6636
2766
4027
5459
7674
1413
8039
627
2550
4539
3556
8702
5456
3788
3873
1504
3232
6372
101
8733
37
274
5826
7444
221
6978
2390
7520
7488
814
7269
2138
2296
6398
1829
4558
9418
1757
8365
659
8637
8619
9525
7335
7345
9364
5131
5251
558
1492
4399
4400
4557
2086
4077
7368
2868
9259
9462
7843
4196
5033
520
2308
9319
1712
469
1784
9316
1084
355
1565
3857
6623
8033
7525
3622
6307
9326
9057
1511
5388
5118
217
9731
5856
219
9961
592
7052
2873
7741
5329
3758
6921
2378
66
3216
6320
4511
5149
7001
2147
1594
3358
3008
5607
6829
2566
3505
7991
9925
2210
5125
5422
9359
9758
4412
2903
9172
8678
3759
617
1430
9197
244
4898
1435
1648
6068
4863
8950
7536
8614
2902
5925
7031
117
1704
3354
5288
1346
9213
7317
753
8422
8645
2778
4436
4849
1801
4174
6094
5133
856
907
9711
3718
6667
1022
4861
544
1754
3561
7158
5475
5569
2193
8452
9883
7665
8517
5732
661
2100
4859
6163
5349
7231
7508
864
2998
374
8303
1023
4813
8101
7006
8083
4909
5467
9612
2478
3748
7290
1180
5828
6933
1357
2200
4884
2119
9465
4277
7908
9313
4023
5871
2202
1100
9328
8358
4506
663
7580
1822
866
1556
2563
8345
9418
8814
5564
5369
6490
6194
3641
4126
2659
5540
2500
1908
3862
4528
488
8673
1425
3898
3375
7834
3557
3220
9428
8980
3656
9444
8926
9159
2237
6478
3564
4086
592
3632
2243
7857
2571
7989
8682
1853
2363
8118
2253
9739
1079
4398
4293
286
7022
2520
2338
688
2422
9905
7726
8043
9444
5853
8182
7199
5437
3043
600
2234
6850
1837
9052
1864
1143
7123
9399
537
2484
7462
7662
8277
6974
6906
3546
5484
4440
9253
1352
5773
4679
3409
763
3054
5827
8966
139
9757
2743
5371
7806
5808
1791
1870
6090
809
6310
3941
4651
7960
6164
7867
1266
9800
2901
9579
3850
2233
83
6906
1883
6884
2656
2168
781
9304
9602
1063
3381
2042
8418
9931
3957
3902
6323
3674
8953
572
8628
3908
1769
2447
3847
2364
4925
7985
495
2301
7157
7991
2125
2557
9184
6452
665
4206
6370
2627
3156
5930
1982
1728
7639
5548
2474
8923
4184
8696
4257
1194
6162
372
1661
109
4341
5490
459
8965
6778
1136
1116
4583
5399
9257
6767
4896
9469
9901
6288
464
1716
6085
3806
3413
7569
8936
9712
1057
4709
4353
7941
5175
5135
3507
8173
1423
2050
515
9012
5804
9048
676
5258
8852
6509
1554
6405
4032
1804
7517
6702
9743
3337
2788
505
8622
7346
9158
1134
9333
5597
2331
3139
6414
6511
9666
7027
825
1448
6684
9982
8493
2757
1694
3750
949
421
2740
6422
2605
1335
435
1186
8995
8908
4327
1993
281
9798
397
9616
5028
6320
7522
5073
8502
7708
6496
4117
2648
9839
272
3792
1186
5339
7318
934
4340
7704
369
6168
6290
1998
7160
9660
4533
4914
6670
6441
6540
6964
4725
2671
1025
3007
1850
7220
1958
2590
7825
9978
7951
7360
762
1891
7732
8973
3026
7499
8564
6223
2440
7721
451
354
5781
506
8747
7910
5579
8572
9710
100
3799
748
5227
3559
446
1318
4233
2536
7068
7021
4924
2513
1904
3987
8905
6756
9421
2595
5410
2209
3981
5242
7385
6004
5042
1225
9041
2813
27
8606
9030
2443
4397
647
7138
7007
2709
130
9702
1547
9999
7829
1244
1100
6185
6340
2410
1002
2223
4490
5511
4726
8761
5625
3549
2235
3272
3955
1661
1844
3251
550
7904
5384
3948
9335
8513
5210
4009
205
2433
6664
3035
2391
3432
53
9299
3468
5644
6006
5037
8854
5572
2904
9281
9548
5095
3255
9453
1004
634
5583
4461
2201
4959
7824
9468
3949
7186
7336
3982
6353
7897
8615
4954
9809
1316
8076
6736
8152
168
2510
1058
3235
4551
7002
4018
1478
7867
3545
2153
9325
8828
4680
7134
4084
7454
7879
3093
743
7064
3675
1004
7173
6784
1811
6885
2118
9741
7762
9959
9722
1708
4945
1364
882
246
1816
5716
8617
6343
8508
5064
510
4122
8148
7954
6045
5108
4586
2081
6140
4307
1822
6656
2284
1184
2646
5077
5999
2392
1777
3638
240
1209
8015
2154
8628
1003
504
8619
7479
225
5524
2522
794
7715
2301
636
3419
4568
4492
8808
1201
9444
7737
2315
6807
114
9492
898
4
6267
8383
2241
1088
1017
1812
9216
6237
8476
6294
2942
2839
6143
8430
2929
6582
9637
9055
2104
8101
3878
2300
767
8870
8019
207
9804
2408
2287
4405
6368
96
3378
377
3442
9139
3171
6708
8988
3649
4864
774
7642
497
4889
7505
860
8921
2175
5916
783
4711
6306
220
574
7785
6125
5328
5207
1782
3341
1424
7564
2409
4578
7218
9182
7819
3874
8463
260
7150
5681
5601
3173
4514
1419
7778
7720
733
3691
3230
9366
7190
6518
4152
434
2936
5928
318
6117
353
5844
8273
3978
7714
8501
133
4607
3287
9021
3109
6947
3194
9748
8030
1494
5498
5913
5197
29
5116
1385
4171
6515
4970
1639
1970
3201
2248
2905
9703
6093
8393
2057
1889
4693
5899
7091
1481
1899
8255
1434
369
5313
8411
902
5381
535
6794
9948
455
4960
2569
4712
1984
6868
1274
192
2475
6848
2756
315
9131
199
6135
2875
6720
6675
9785
8370
3686
3682
9220
3633
6412
2274
5773
7355
576
9728
1059
2030
697
9275
5470
1962
1038
2091
7586
393
4737
1702
1667
7494
8792
2237
7606
4416
2604
6479
6834
5373
2005
5136
2647
6767
9389
1570
6722
6799
9368
6
6449
3124
9515
2087
838
9214
244
7063
9175
7388
3221
7682
3596
1554
2
7509
7853
2488
4127
4076
9153
9979
58
9126
9850
9974
3899
4828
6279
1299
338
8277
4906
8357
9718
5929
8629
8613
6873
3687
9570
6011
2664
8120
5033
8453
1380
7289
5714
8774
5085
6262
6252
4607
6005
5543
2102
3791
3758
4319
2403
5174
438
5712
9398
4255
3328
154
7909
92
3792
4315
6090
5267
5959
8701
2638
9162
7143
4353
5520
174
8494
7716
2283
9465
1892
252
0
2919
9234
9144
7695
8814
1152
9458
8384
5332
1587
9239
7917
2423
1174
8327
7077
1082
745
4702
4951
3492
9870
5746
8157
3284
1051
8236
8807
830
1546
622
4105
45
2570
3520
2158
5921
7858
5395
2409
4735
2182
8304
9767
6629
318
3842
6368
1846
3876
4813
7916
6273
3911
1718
2767
3334
1436
9978
2021
1057
5445
9993
7059
962
2464
9551
4913
744
470
910
9218
5306
4784
9301
4744
5336
7062
2185
4352
4579
5890
1786
4882
1173
278
6788
6757
775
4780
212
2770
4754
8609
8734
9763
9451
4062
4459
3541
844
4504
7653
8637
2341
2746
7590
8778
1718
8369
4479
9680
8761
2070
1784
3842
9643
7282
1444
4079
7460
8191
6864
9301
8132
8887
423
5849
687
4490
585
9210
4325
1069
481
5987
9777
8639
5360
2436
3966
8507
5053
4788
797
5857
3327
195
6441
3303
4914
4187
4930
5228
1914
32
2416
2494
2909
3796
2310
89
7098
3254
5368
6876
2992
379
1234
7011
2682
929
1875
105
6974
373
4025
964
53
1217
2405
5084
3456
3085
4423
5902
760
9733
4913
8477
6
9285
6117
8123
9342
7184
3168
3168
5811
6419
2800
1627
7515
2404
3021
8629
7575
922
1472
2025
2427
1588
3387
2199
3772
2272
8575
2202
1152
8867
9000
3183
4271
76
5308
6127
6723
1618
5765
7851
2774
8027
1955
4409
4637
1353
5526
9605
160
6414
4803
2890
9856
8927
1314
7057
2359
7034
2479
9805
5962
7014
307
6855
2524
6663
1069
7028
4825
112
8977
7837
1981
1856
5876
315
2245
7972
823
4162
2304
617
901
2154
5805
7196
1426
4896
3393
3684
5393
6364
7650
1161
3306
1506
7559
6089
5985
4028
529
5334
7460
3928
4742
1112
8664
2462
8125
6036
6421
9028
2022
1089
3581
6566
1628
532
2270
3792
3609
9557
3502
8751
9326
1227
3012
279
6437
896
9568
1251
9660
122
8127
6999
9397
7261
8589
5945
2415
551
7608
8228
9888
6412
820
385
1032
477
7414
7416
7424
245
5449
285
6454
718
518
9149
9425
175
1023
2033
9335
4723
9493
751
257
2789
6373
2309
8671
7344
220
6920
4157
7896
7524
8795
1137
450
9263
2268
6281
7901
8511
6270
9619
8837
1931
6921
1057
4046
958
1693
87
8492
5087
1725
373
3976
6907
7847
4504
701
1698
7562
114
6169
8290
1717
359
4041
767
4922
364
7397
2422
158
4522
6663
2201
2471
7372
5352
5198
1998
7571
957
4519
2054
4298
5358
2006
7002
945
1261
6204
8209
1784
2884
1881
5528
527
6715
8191
310
1358
2932
3848
8448
1988
2685
4058
272
4847
6261
971
1165
1496
1819
705
9470
5318
2494
3181
8968
1375
2598
7800
2516
9160
2426
9518
3054
8592
1345
8341
3435
1392
4194
6379
5790
5195
32
776
395
9758
9960
5195
9395
521
9888
4346
6244
989
9205
3341
4913
8768
159
7269
4205
6503
1257
3817
9101
1091
975
5808
7661
2388
1899
534
8816
2439
6474
7237
5741
4353
2366
1718
568
127
1379
2214
5774
9311
5863
616
4167
6743
6801
7000
2594
4048
8576
7092
2158
2450
7762
9551
887
2244
3313
6529
605
9902
2715
571
9281
9617
8719
1316
3315
915
2684
1630
4290
8075
3866
7302
6330
1279
20
9928
7071
3530
7363
8583
2698
4976
4030
5250
4911
356
1197
3208
3458
6120
3047
1224
2348
5271
2512
1694
2713
8606
9303
3226
855
5521
7340
7092
9158
3471
7487
9534
5384
8188
8862
4457
7642
7802
6750
5723
6062
2095
9339
7407
1649
1983
221
8478
3579
5304
5501
7484
7527
1272
9670
5412
1836
4151
2494
6136
5154
9535
8744
9844
8116
7232
869
577
5890
708
295
6036
9037
4335
5311
7358
3140
9033
6104
9396
2735
9679
5994
3010
8500
405
4099
8207
255
736
5504
281
3270
804
5213
960
3151
1372
9442
4203
29
8599
3682
4567
1361
5448
4947
8224
7875
8398
2732
1588
4120
9856
557
3998
5591
1554
7545
1114
8146
2490
4625
9534
1673
970
6784
6296
2268
2823
8892
5052
7392
5964
568
5771
630
2547
7870
2093
2244
6328
8491
5978
3161
507
1254
1395
7975
3682
7898
8008
1428
891
8080
830
4981
8841
4158
1514
6251
9773
7323
9771
6229
5180
2017
4646
2803
8715
9195
6280
9092
6956
227
9561
5354
8864
9465
4782
1276
2577
9396
7777
3331
8924
3409
5271
7026
8346
9274
9415
5307
1906
3864
9170
6774
3741
3734
9503
6669
1301
3357
1199
3239
4006
6669
7112
9030
2598
2061
6198
7569
1911
6446
2622
5444
8304
3648
6414
3620
1296
4881
2283
1418
7652
5899
3751
8472
1499
1597
3667
8321
6394
286
8021
8726
1851
5654
6722
8114
5360
2472
7373
907
3243
3628
5292
6657
3959
8384
4743
1497
1861
2198
1245
4926
9699
7370
8182
7221
8952
3358
2072
7744
1583
8170
3782
507
7219
7957
7024
9366
3354
9622
1439
4563
7718
7401
136
6991
3377
9935
2145
4900
6563
1556
5208
1772
1181
4944
9587
899
3423
4176
194
6697
4900
1748
745
3818
6426
8993
2728
9613
468
687
8457
5489
7132
8859
8230
1001
1723
2700
8493
8993
9807
7927
1919
2434
7798
1844
9253
1068
2887
1088
8529
830
9703
6789
8099
4811
1968
1582
9089
4045
382
4937
939
2622
105
3744
7781
4375
8429
8283
6761
916
5591
1980
4142
1284
2920
2318
2631
1272
4906
6832
9173
333
1497
7316
6430
6091
7637
424
1908
683
4457
4362
5570
1347
8676
3494
9249
98
1664
3130
7914
4266
1324
5208
715
7231
4188
1636
4868
4268
7694
489
9242
6523
1116
5612
6021
2239
637
7625
299
4854
3847
9216
8721
1793
1700
3134
9169
2285
6629
6420
7079
4616
4008
328
3789
3074
744
3327
799
6498
9051
8553
1926
8016
2598
515
6845
9822
530
2694
6684
3009
5683
9070
5400
2248
8690
620
4622
2355
3437
8355
6313
3988
2997
6410
6060
3388
468
1945
2191
6387
1899
7682
964
1794
3192
6358
5804
3555
1995
9785
1265
4435
5828
8989
1366
5742
1507
8553
8767
4558
7528
159
1834
3623
5531
9926
8005
3876
7212
5832
2209
1572
7046
9181
3402
4909
9940
6788
3965
1200
4830
454
5853
2953
1650
7829
8249
4520
1607
4174
2539
1506
2020
2378
5085
8445
3967
7519
8939
3071
1856
1589
9239
3378
7651
8993
6833
7240
5857
8185
9322
3141
1190
3671
4508
9046
2019
9936
7370
4514
6622
4894
189
5881
7062
2757
3376
8121
5786
4946
8727
9576
5730
9608
303
7873
4758
7705
2161
7033
2697
7953
2325
35
1112
7510
7366
4964
1776
6213
2507
6400
8243
7239
9276
430
8776
1121
2007
8773
8054
8136
7777
7589
9953
5770
7645
4810
6240
3309
6366
2598
949
2813
4828
3465
6990
218
5108
4091
1735
8587
1607
1774
6048
668
667
1795
4783
27
4911
204
5724
421
9809
1379
6090
5279
4907
3159
6143
3968
8678
2318
5372
9452
1137
9754
3570
217
7257
7110
5270
7242
4009
9744
263
3755
251
1155
1445
1351
1240
2495
4397
9778
1853
9105
2737
8833
5425
6634
2577
4192
9934
5699
3927
3873
6961
1675
6250
5037
5587
5830
3434
3385
7044
7570
5176
8006
8285
2520
3859
2462
1551
1115
3737
8822
5957
7934
1700
5387
2227
4340
1535
4193
8749
6786
1611
340
7699
2926
2779
9617
3477
9368
1547
9253
6674
25
1250
4040
4509
8265
8626
1752
3325
3515
4053
2046
8537
6163
9049
3215
9743
8420
9662
3294
7054
3516
9393
1377
8446
240
3265
9062
6556
9669
901
863
8556
5566
247
2650
272
3596
3844
8639
6503
4654
776
2411
1023
447
9589
557
2090
9174
421
989
84
5601
4211
6060
8458
5744
5699
359
2060
7042
2584
9735
5275
1864
2870
2033
4705
6552
3589
6329
2421
4883
1692
3693
2633
9220
6866
499
3085
6118
5169
8648
862
6643
37
8958
3921
3542
7658
7902
5006
1864
5361
3934
9109
3044
3884
2262
245
5241
671
3520
2114
9299
2470
8133
4185
2038
3162
564
702
6275
373
7814
1246
7548
1287
5665
3477
2486
138
721
3721
110
5030
9791
9263
7971
5938
8054
2644
6131
2168
8234
3542
4974
8370
7084
4277
1293
7790
3122
2614
2062
7626
4669
8114
4819
4937
8331
4406
2345
959
5256
4312
7823
6126
4658
6343
6434
2329
9823
5434
2996
3893
1215
1592
9907
5298
9309
4822
2207
7742
6036
7889
6168
873
38
7179
7793
5637
4597
6440
2106
3058
2589
1730
6642
6391
9676
3411
2965
7651
1568
985
3500
7634
9767
3611
4073
5991
8206
5511
73
7039
8195
3583
9440
9181
2155
1941
5873
2310
5894
6244
2736
23
1206
1467
3803
3363
8714
458
5782
5440
224
6687
7080
6680
9449
2814
6663
9359
4586
2112
8545
1206
6745
2622
231
9496
3889
1974
2356
8143
1912
173
4414
5033
4237
4036
6613
553
4962
7170
2319
6060
7368
8768
1537
8585
4081
405
6084
5610
6662
3703
4107
8977
5388
389
584
1123
5522
1866
9546
3998
8896
3219
8244
9149
2215
4316
5210
4679
2633
1862
1989
7755
9216
8472
269
1346
4036
8986
4426
1130
7289
2672
3315
3348
6083
1962
8990
5723
1971
5047
3638
6068
5816
5595
70
3022
317
2204
5328
9491
8669
5312
655
8361
2155
8649
9507
9997
7947
8085
8528
9134
3965
3661
8321
6056
9050
3815
8682
2837
37
8257
3664
5456
8200
1675
7720
7954
1128
8145
8302
239
2093
7988
7867
3600
4452
4400
5547
8300
2703
9691
8910
3478
1594
5678
6873
339
1059
2116
3819
9893
4981
3253
5954
3062
2598
5533
4411
4835
9106
5890
2765
2620
1899
4523
681
9841
9015
2433
286
8762
4516
4426
5308
7616
2485
5517
4024
2642
4380
2727
6068
8378
5647
631
7969
5759
3821
5398
6400
5206
1644
8034
5719
9358
3627
9243
7079
7514
8918
1705
8454
2621
2323
900
9442
2881
8060
512
3189
9207
5067
5674
