-691 38
6491
2777
3182
5834
5963
8430
6259
4464
6242
1332
9166
6414
3507
5852
6269
1309
2647
4121
6727
5019
5801
9205
3753
1709
5194
9188
88
4738
4766
9578
3182
9858
7201
7594
4486
5490
189
9608
2746
4589
4712
4846
7180
5622
883
9614
2536
5482
7553
681
9393
3569
2040
3151
7235
7729
9178
7626
1697
6587
8406
5810
2079
902
6564
29
3489
4428
4945
6195
9268
7544
370
2523
1687
5204
2030
2912
410
9061
7496
7247
6696
7250
7064
9274
69
8038
69
8784
345
3183
4028
1888
221
620
25
2997
6233
2725
7133
5668
4344
427
4584
3986
3081
4946
251
4027
478
185
2424
1099
4332
3748
470
9318
1394
6
5651
1973
4172
2776
2312
5034
6901
1040
3099
2619
7012
2914
2871
7861
9432
9178
8788
7590
2773
7092
8066
6360
7968
305
6182
9967
3494
7680
2136
1203
9458
7082
9305
9070
2336
6074
4852
2060
8810
3032
6896
3754
3915
1692
7497
4961
9570
1985
14
2135
7672
2520
1677
5663
8276
2475
9913
8603
867
589
2855
2443
1618
6022
1713
9622
7788
2418
7990
3193
52
8012
5359
5527
6051
2686
28
2570
2735
5880
892
1748
8476
7331
4800
5576
1442
3707
4828
7739
5222
948
8167
5671
6467
1364
4687
2977
8972
9140
4517
2719
6606
7942
5265
3035
8024
9214
4231
3114
4308
1202
4120
2702
2432
9024
2068
2091
7680
913
505
9604
8056
6923
1766
5872
6177
958
4577
4456
884
2200
6441
8339
1854
858
6224
2877
993
1521
7555
4141
4311
6075
757
6599
9525
318
7333
1853
781
6021
4881
2401
4657
8076
7624
5916
327
8730
8859
5350
9549
7257
9455
105
6590
2580
3440
391
4374
6785
9430
1079
4645
1931
6404
2714
3518
9809
6421
2798
5771
8740
7666
8601
1336
6429
629
1029
4197
6382
5076
3982
6480
9660
6758
431
6245
5002
4955
2414
1373
9109
5736
4480
144
3514
7783
123
1973
1307
8849
4574
4017
4853
9698
9411
2665
8168
4890
7087
3884
8935
841
9118
6982
6156
9710
6844
3657
562
8874
1757
691
3994
1570
7248
4758
8878
4454
8344
7940
8320
8877
8121
4300
8986
1882
2008
7003
6407
9254
4023
6715
1947
4894
9321
148
8717
4413
1992
6308
9483
1667
2732
346
7696
5712
4641
2604
6623
6043
1158
1022
223
1684
7794
2801
5249
3488
7841
3731
6717
727
5186
835
2589
3276
3594
566
7948
6185
9175
9083
3589
9872
3920
1085
9574
7217
2570
9678
3130
7772
3852
9087
4382
4431
4776
346
9361
1086
7091
493
6069
1063
3515
5620
4749
7628
740
2142
9676
6792
5748
5981
9724
5623
7106
7445
1443
532
9297
4910
9151
7699
448
1020
9556
6259
896
7931
4817
2376
5914
1484
1124
1225
2599
4028
6686
5187
7238
8746
1126
1689
2485
9466
8039
1123
2814
7751
345
4848
2674
9109
2157
6712
942
6735
4201
9993
338
5662
8428
6828
7496
6395
5477
8631
5614
1950
1676
492
6599
3566
6456
3839
6985
5584
1999
9703
1365
8588
3657
8572
3970
4959
3994
1297
6831
7167
3701
7672
5172
1056
3074
7806
5468
8703
6881
7147
856
7159
4600
6448
3834
5287
2275
9890
255
6083
8378
6464
757
4798
2276
3793
4041
846
4284
774
1112
1510
368
554
4291
4561
6659
5978
489
7382
5550
2619
4510
7595
9825
1554
9930
1908
9361
173
133
1820
1732
7638
6020
544
5732
115
8863
8738
5963
4530
5523
5515
677
9111
2768
5741
3157
3136
9195
723
5860
108
2344
310
3323
1613
4607
8633
2651
5301
7871
1061
5456
5052
8154
9953
3248
5295
6768
6301
9746
313
534
3188
6326
261
9736
1562
9854
2850
9719
2512
9116
8364
781
825
8849
8028
1855
5508
2310
4035
8776
2244
727
7838
2428
3703
8211
9069
6735
5847
2423
5942
887
6796
7646
2908
2211
870
1817
5342
8933
7559
6316
8111
3065
2711
3465
7795
8870
8079
4368
9886
1574
2915
9269
723
7320
9029
3699
3152
7335
1562
4098
2065
1764
5158
4663
9638
7862
976
2956
2611
2448
7225
2621
9292
5855
3532
313
7980
7115
7382
2844
7280
4579
3558
8878
4035
5571
3128
9723
5715
5021
5039
2654
7696
8144
9826
7095
2252
8414
8
4957
5017
139
2839
121
2769
8167
4440
7549
4013
9554
3774
3155
5393
3989
3770
7900
8167
1426
2518
5980
1373
1369
5277
4814
9149
5446
1666
8824
7297
1772
1794
56
8517
5091
576
3364
2445
5839
6753
9403
1390
2359
5870
411
2614
1121
6082
7989
1875
2337
9209
3574
1195
4777
8681
5083
1102
6126
9807
3422
2239
9904
4805
6564
9136
4653
3813
5532
2083
888
9198
653
8441
8736
544
1122
1018
4121
2138
8582
8454
24
9000
8825
3758
9823
768
5745
8301
1371
1633
1395
3762
8186
9387
3336
5732
4913
8007
7793
1250
4924
5141
2152
6326
2329
5696
9786
4661
7308
3754
717
5090
4942
1478
3925
5796
7909
2758
692
1088
5581
8321
7410
528
1589
3293
2539
8291
7930
4111
7186
434
1908
9829
5301
4570
9347
8540
6766
4045
1829
149
4926
3507
6284
8964
9054
8785
8323
2214
1597
2639
2948
9304
5824
413
7439
4449
4121
8571
2796
1338
3206
1044
923
1439
9277
0
3674
3493
7652
8893
6717
9659
6104
9324
7509
325
8553
653
2706
2402
675
6199
8110
569
690
4982
6472
2654
9635
9458
1809
8218
7808
293
1699
2796
2101
7807
3464
7055
9432
8137
6121
3549
1401
7163
5286
8225
8165
1311
3349
172
3457
6137
9968
834
7461
5011
9017
2351
120
3905
1535
3245
1578
5254
3558
5832
6811
3246
8371
3984
1549
7165
6546
7733
9572
1073
7783
814
8853
8821
6605
835
8781
1361
6163
5370
1279
6022
4990
919
8223
3229
1746
9763
2035
6041
941
5418
8047
4410
6785
4533
7614
3341
9619
9996
1620
4110
4671
7274
2979
1520
5001
6055
6032
1910
3074
469
6985
4460
7726
9320
7133
6049
9249
5549
4681
921
642
1062
2703
513
3069
8274
8163
7717
2081
5532
7395
455
7124
569
5366
8671
7894
425
7906
7887
1342
686
813
5983
2908
9742
585
6582
6817
5994
888
5676
105
9685
3748
2548
8621
7507
659
3321
5799
2471
50
2654
9522
4691
4996
4274
2521
420
408
9463
7587
1600
6987
993
5815
5195
5630
4640
8731
3689
1724
4237
6367
4549
225
2633
5275
1085
5030
2402
519
2524
7761
2260
3276
1889
5017
3254
8480
2685
93
7937
4395
5340
2835
815
2370
9919
7095
107
5241
543
710
815
7108
149
8962
2952
4667
1653
9829
890
2815
5869
303
7484
3006
8202
1035
2517
6010
211
4057
9147
1386
6766
908
1517
856
8968
1411
1226
865
3959
5537
7775
4074
4564
91
4055
8874
1817
6072
3932
2675
9029
9710
1073
7599
7927
54
946
2181
4455
5475
56
4154
4528
3451
2853
4671
3099
7267
3546
6094
7893
5287
9460
7951
6040
7062
3791
4237
3504
4467
4183
4145
8700
6848
9670
1912
6386
7066
1111
1946
5985
5302
7699
9793
3829
4104
3792
2334
477
2185
975
2917
4562
4271
2194
720
232
1101
8376
5839
9663
4357
9692
216
6218
3135
1686
5072
5453
166
7562
8142
7249
3332
1938
8604
2600
6206
2518
1955
2848
1474
4726
4830
4439
3725
3223
5017
7438
2277
4089
3027
8738
304
6012
5176
3092
531
3900
4940
9733
8203
5767
3193
6390
4377
5474
685
5328
17
9196
5057
3186
6515
7140
1299
4555
3521
7303
1355
5357
5674
45
5590
8491
1039
2387
6724
9943
9841
1450
2585
383
3130
8710
7414
669
9324
9364
6578
1991
2733
4909
2752
815
9235
623
3290
7431
1516
108
9841
805
5217
3721
349
9415
2218
39
2149
4794
4116
4012
8875
6823
7651
5817
6232
7515
9606
1971
3854
1889
8473
5489
1272
5229
2108
417
3275
9378
6968
2058
5699
9062
5376
2660
2863
5790
6424
3877
3863
8609
2486
9627
5117
2255
340
205
4669
3467
9966
23
6059
4284
1049
448
1970
7799
3683
4595
9696
7732
6061
1729
2040
8989
8403
4475
4664
5685
5936
3550
4924
1461
2920
9164
6888
5382
7760
6971
1159
769
5693
312
5474
522
5677
6814
1317
65
292
4062
2494
8088
4675
736
1564
2383
5389
7905
8783
5429
7196
2398
5216
8068
2874
9095
1264
1455
2339
423
961
8011
8154
2463
8648
4679
2789
6999
8140
5449
1574
851
353
2592
2851
8851
383
2921
2444
6227
2519
2373
3571
2972
2507
6078
4174
3190
4061
3989
4498
1325
7221
6715
6493
1701
5335
7384
4220
930
9148
7539
3247
6005
6221
6124
324
2294
8674
7212
1751
6611
3616
2130
8127
9807
2450
2256
3663
6352
4299
284
3287
9651
8199
284
5932
1611
9561
4760
8733
2218
3405
1800
6043
9987
3487
2877
3759
7561
7256
8214
1569
764
9612
6865
853
8354
286
3537
4259
781
797
3136
216
1827
7279
9527
6710
4787
4082
6719
4781
9217
7863
3872
2299
5031
8103
2543
6746
6539
2073
1820
5175
5994
1250
6999
5904
1576
6379
1495
3894
7044
2817
9129
960
1789
7434
9892
667
3246
3162
6962
513
1203
9060
4032
6607
1738
934
1364
7040
8623
1422
8566
1918
7965
8017
3983
9893
3357
1738
2348
4874
3007
6651
8637
8120
6101
2285
7000
7432
3542
4269
7448
2712
2198
1419
4437
2394
776
5406
5550
4855
6896
1486
3627
1697
9649
6425
7523
829
9562
1436
9721
8989
4902
1797
289
6754
4361
573
8348
7170
7827
1905
5632
6148
9908
4485
177
3637
3937
8152
3391
4567
6419
8035
6822
7718
6850
3432
3879
9185
5267
9488
1877
9635
1791
7555
981
3322
4329
631
8839
6129
1084
6542
1051
4223
1252
2919
5458
4858
7555
4542
1437
7481
3173
7490
5375
6500
6498
262
7571
9590
2002
1201
7254
5222
5571
8131
4155
3975
1270
8673
8019
5570
1132
154
5972
35
5134
3738
1888
6653
3558
1448
4498
4595
3417
3095
3916
2342
2825
2406
1377
840
7747
2538
6164
3006
969
296
1514
1792
1372
6033
74
1124
4150
3455
6449
6374
4139
9080
4013
7400
5003
11
8408
1070
1562
1511
4483
8386
2900
5796
1865
4191
7989
4577
796
8018
5548
6795
258
6783
2802
6401
2127
5147
856
3128
6798
191
2834
6200
2725
8789
6722
4576
23
8997
6766
8987
8225
2785
2150
3397
6627
589
3609
3516
1807
1367
2465
6341
2432
3116
177
1352
7648
7125
3094
5654
7887
5370
5002
7475
1855
5818
1906
8227
2756
2921
1870
9657
6460
2537
3307
4147
1512
6851
5760
7909
669
9180
7714
9151
4519
189
95
2049
5805
1563
2777
5190
3312
8250
8108
398
4341
4033
2111
1078
2744
6027
8934
4478
7916
2420
228
5720
8925
7779
3752
8662
84
6420
115
6944
7845
3263
5604
305
2117
746
4652
2927
8756
3803
1599
7588
6062
7820
6195
6453
2684
9482
4758
589
5959
521
8549
56
6762
2341
7171
98
3573
8601
1329
2941
3706
8355
6201
288
5038
8567
1824
8793
9863
2226
1375
4010
4769
1051
8613
1941
762
324
7068
4718
1364
8240
555
5069
3947
3668
989
599
358
1778
5843
3571
2712
7348
599
8521
4896
3931
4707
8686
8831
7880
5311
9756
5622
1969
3888
8339
4486
8050
5564
3181
4017
7520
3076
7409
5956
7348
7695
4726
4300
5321
3745
9529
3737
1820
9493
9409
2192
1820
9307
5537
8883
9286
4971
32
8423
3833
7672
3474
4090
4613
6401
2944
6740
853
1301
758
992
368
6220
8334
3905
4673
719
245
1144
5809
7260
9713
9307
7765
7231
5484
1501
4660
6661
697
378
5976
152
1148
6364
7838
4948
6095
9760
9571
486
6475
6581
9410
1952
3459
5081
7529
6988
6655
8618
4747
257
4080
3255
603
152
3404
9193
1913
4846
8906
6102
8278
2646
6664
6358
3533
8552
7072
2417
19
8723
5717
5739
844
9492
1725
2853
5953
9432
5664
8101
3762
1296
6745
6761
9720
5343
1202
1014
3117
4263
7987
9320
1164
3773
1295
142
8909
5482
2671
4224
4621
2462
8377
2507
5211
2652
2642
707
1497
3938
5681
7031
4911
2398
2592
3359
7811
140
6759
1521
7273
570
3628
9457
8374
7748
7819
2049
5337
1518
336
9332
6346
8227
4789
4716
9974
4467
2544
5714
84
287
6616
2162
7177
2039
8861
7818
882
3013
1159
6290
3074
1405
3871
2287
9717
7150
3278
5729
2178
594
9869
9300
1473
2602
7852
8456
2290
4416
8415
7881
2652
1092
7115
5746
6472
3437
2381
8488
2723
9730
5289
1922
3380
858
1876
9285
21
9098
5160
4795
4663
6918
654
327
6827
3306
904
3604
3484
1195
5121
1852
3447
3504
1799
1054
5638
730
3395
9420
3194
8892
6001
1572
741
9468
3158
8271
2958
9069
746
4946
478
90
2734
3258
2544
5355
1553
8298
7333
2716
7120
9685
30
1330
6789
7916
7208
7276
1736
1010
8237
1935
6124
8361
1870
9752
6648
1
9976
8142
527
4609
4238
2750
1263
1868
4837
2131
6141
1698
6252
3340
3989
2543
506
7388
5237
8886
7879
1171
2357
6594
3273
1420
5517
254
5941
3445
8098
4348
8599
4696
3729
3234
7488
162
3755
3519
2166
4318
6985
6755
5113
9409
3191
7295
6291
1149
7975
310
4041
4202
2565
6912
865
7213
4482
2420
758
5966
8383
6877
1370
8239
6611
9592
1463
631
75
1271
4602
960
3430
1912
1244
949
1774
9916
2111
3863
2863
7854
3485
7368
3080
9049
5824
2010
352
9345
2116
7479
6260
2271
2436
2814
5874
2414
6037
617
742
2826
2757
1174
5268
4933
5080
2732
1912
3793
3239
3430
9269
1613
1986
8119
8686
8560
9036
1344
1962
6536
7208
1833
79
9855
959
3597
5251
9756
9066
1325
3095
528
2263
2435
2084
9073
570
7686
9189
2481
5493
6764
9761
9302
1191
5885
2045
4578
9170
9106
5826
4999
4623
2095
1601
9120
4943
8592
4447
5162
9807
4881
5125
8598
3119
9523
6672
3082
4772
1777
3247
5884
767
7434
8414
8594
5203
3782
9240
1939
6498
9257
1018
2290
3705
542
2179
4203
4643
341
4668
5968
1680
919
2706
4191
4812
2813
563
561
2726
3598
4383
9604
1501
780
3568
3720
7818
2435
4879
7357
780
8589
2583
4227
6903
8672
2753
3882
1918
8047
3095
532
6096
2761
3009
6341
8434
1046
9555
2309
874
2017
5245
8357
680
3275
6772
4404
6996
626
5281
2184
8913
2259
8778
7650
4650
4426
4914
4339
6411
2681
3937
8241
329
2943
4911
1487
2858
264
5416
8442
9823
2350
3601
9794
7367
4219
6603
6924
4862
9115
8062
7946
4510
9961
7651
421
1545
4968
8139
6399
1070
6347
1848
6732
4116
449
8588
3475
268
2108
4184
7336
8162
837
2338
678
8402
216
4850
8580
5997
641
1482
5279
2794
2515
7695
1430
822
6671
8727
8295
2162
1210
8513
7440
1355
6248
7625
5263
3395
1048
5103
8392
353
1225
9465
709
6703
1766
4800
9405
9146
1634
8927
7756
2298
811
7200
590
9230
2362
861
5661
3727
2274
1589
2816
1167
4988
2436
2744
1041
7156
4447
2032
3318
946
5343
3169
205
3903
1244
1509
2747
497
6132
3591
3805
8571
2133
8835
6621
6847
6613
3250
8651
137
7471
813
8543
8833
4083
9218
9796
569
8937
9706
901
6651
8218
2569
1212
7260
4946
2504
9403
2089
6720
110
5233
7877
8259
8126
5309
1380
404
1509
4832
997
9585
1461
3695
5332
8749
4331
9555
4258
5084
1119
6647
4201
8690
2532
4279
5302
933
5492
1406
480
6666
3106
1222
881
7311
1444
4533
3669
9015
7239
9012
5587
1797
1992
1000
2314
2202
666
6289
2321
2612
5299
2726
8676
2481
5794
7272
2622
2975
8422
5218
6192
4303
1952
784
7040
9764
2801
3226
3399
4340
169
2947
8535
2244
4487
1763
8526
8102
978
3754
628
2744
1233
2068
8839
3195
3557
4133
2822
3573
3680
9753
1727
8610
6193
7945
2463
4828
4461
1720
6707
8929
1911
10000
1769
7800
8226
4218
4693
5220
1602
1779
1709
2678
4467
7939
8199
1263
3367
9350
6160
1204
1265
5325
3273
8157
5545
41
5037
3214
5244
2806
8944
2153
1481
5782
52
6836
4570
9055
758
4688
7341
2443
7100
9405
1566
7122
6715
527
5711
7956
196
8612
5610
4708
1761
9398
1600
485
1008
9901
9467
6201
1911
1267
8067
4748
9276
3701
378
5598
348
8284
2107
4963
4992
360
123
2268
8033
4422
182
8294
8092
38
5995
2074
1809
1143
594
7708
9459
310
2464
3022
6627
1414
7201
1898
7101
4242
6296
5631
9073
4613
4456
804
884
4481
1518
8491
539
4264
6549
2020
3070
2939
1667
1287
14
4556
8932
1742
5063
4130
8897
9608
6088
4559
119
13
5083
8575
8464
7866
1753
162
3114
4746
340
2205
7095
7828
9076
963
1984
4101
6722
1795
3956
5906
3895
4215
7660
7639
2568
5316
3382
3697
9740
8845
7169
6242
2080
7256
2340
7941
2426
6541
4213
7640
51
9947
280
6481
7697
8840
5539
4516
7940
1534
4154
3650
8479
1521
9703
3758
9554
8264
7099
2722
716
6477
6103
4458
2548
641
3348
8425
6051
3240
233
8120
4012
1145
5529
345
4141
3511
3668
4854
6741
6879
2874
1934
2479
5762
8154
1772
1957
1638
9479
8276
4129
7545
4846
138
1010
6762
8994
6047
5095
6578
2119
8131
1814
2454
7254
2245
895
2303
235
1718
7685
8524
6222
5101
1058
1345
749
9429
5790
8370
6509
4412
9837
21
433
9308
3117
6211
2278
2763
8477
3519
9929
2929
5883
2023
4722
4698
4128
1072
979
7786
6455
370
4093
8893
6890
2266
2634
6727
7127
1833
9673
9348
5850
1470
2837
8533
1822
2789
7227
6397
8801
6152
8359
1080
7005
9508
7160
8853
1991
9088
4576
6283
8803
6120
4642
4272
803
407
824
2506
3170
2432
1475
8225
2164
102
3907
460
2912
6270
8887
9992
648
8915
9516
8933
506
7768
352
3850
9084
740
1576
6510
3315
5441
2575
3602
8371
1061
5278
1679
1193
6545
5446
3118
751
6487
133
2752
536
6221
3331
3523
7821
8604
2910
1671
73
9464
8340
224
9223
8
1645
16
4174
1213
5330
1704
1617
8055
5060
4179
8535
2050
1668
3028
33
778
8177
4672
6145
9892
421
3894
564
2662
5459
9503
4992
458
8952
2678
2673
4286
5677
5491
8395
8877
6899
4797
6251
1390
9409
3246
8131
5565
5719
6650
2121
1019
6576
505
2317
4323
2747
9404
1110
8127
5957
8706
1851
5356
1043
1133
4446
2262
8147
8341
3060
1547
5058
1557
5492
664
9440
5434
8516
5206
4200
9605
3867
8664
1274
5078
6172
2532
7747
812
2607
9914
603
8869
1129
3025
8964
6913
7708
1568
938
5580
3616
6611
319
2062
6244
3353
6439
3369
1056
5066
7502
1678
8575
3699
8389
4824
5952
6272
7295
8573
5713
5298
3006
129
2317
8308
6378
1030
3134
3899
8870
7531
5576
5719
6979
1609
1860
2055
3568
4696
9953
735
1507
9586
8763
5053
381
1194
7204
6031
8113
4533
2009
9436
1412
405
8795
4782
9684
1429
5087
1594
5872
6772
50
963
5887
4131
7678
6194
4161
5899
9472
2074
1419
2499
635
5716
5415
8950
3839
3803
2415
239
5055
7075
8713
1981
6774
3057
9065
7452
7143
2116
3281
245
983
1470
3390
8783
5480
1370
6195
1244
2244
9385
5171
989
7908
2091
3530
3394
2599
3080
7914
4163
389
846
7968
3868
2538
4187
1260
6428
2093
9752
9842
9916
5152
2336
6858
589
9032
2775
2283
5543
966
9999
7248
8086
2447
172
9408
8677
7529
3329
1635
1705
4473
1268
1349
2208
2436
6256
5739
7085
4711
2200
8937
1053
2163
162
4682
8092
3018
5192
2452
2446
3934
7224
393
8214
869
3837
5136
1194
3802
8283
1633
5193
5746
8445
3967
9869
9474
555
5756
2315
7922
6752
1358
9478
7225
3048
1809
171
9635
6814
8600
3388
5041
8631
8378
8261
9005
3787
7444
1716
9424
4881
8690
9416
1863
4837
2805
6848
2900
2644
8357
4702
4928
1346
5304
7083
5612
2303
3153
3696
1996
2662
2796
3111
5481
5000
8757
9276
6366
6905
467
7732
9702
4330
138
5026
2461
9085
2256
5398
8623
9582
8848
9290
9854
748
8082
9073
959
6268
2940
9698
7965
1171
4520
6905
4814
1378
1818
1999
4449
6897
8513
3865
8307
9340
7104
669
2564
1122
1352
3846
2615
8872
789
9755
6034
7607
7173
2903
6974
9255
9192
6136
6319
4835
5125
3370
2664
1548
2697
8572
3965
5354
9470
9758
1742
5827
6205
9152
3003
1533
9299
1066
8156
7814
7067
2229
1553
5219
227
3166
7427
4312
9889
665
3350
2328
3370
4417
4257
8033
3727
3594
9309
6222
2457
8362
9346
3972
5084
4678
0
8788
1645
2006
9649
9680
524
7014
2649
943
4010
1173
9982
5993
2332
9573
3506
6383
5423
2502
412
4852
3797
1355
6854
1329
7412
409
518
5463
7936
6678
4520
941
2410
9397
1566
3713
6092
6863
303
2786
5455
5372
1313
7587
2084
9897
1505
382
9326
3394
9254
2002
8348
4783
2193
2097
5501
8240
8558
5191
1686
8742
3979
3938
4722
6511
1215
6190
8665
3167
4716
6640
6137
931
7516
3882
5729
1782
226
2829
3293
3405
7269
6510
20
2025
4602
594
1473
9205
8534
5079
2578
1389
2245
6074
3585
5467
1496
6592
5219
5303
2534
5221
2273
156
3692
8407
873
3360
4524
7345
180
4924
1011
3079
9072
2627
865
1244
250
1206
1111
259
2350
9306
7929
767
9707
6162
8147
8670
2699
1281
9622
1895
7489
7602
8838
3427
8916
6925
8472
4375
250
5356
8163
1739
2953
8596
8690
825
4158
3750
850
130
6529
2395
560
9318
138
1801
9733
2145
7363
6043
8292
2383
48
1134
9251
9944
6746
8936
8120
547
2877
3712
8178
4671
5673
3333
2231
1235
2930
1355
8555
2827
8899
6434
1654
2617
4871
6141
7657
1007
3731
9748
73
4759
5623
7460
6827
3226
5045
2778
7676
6546
3134
4018
4403
2141
2263
2702
3156
7785
8177
9092
4447
2457
4270
5185
1936
6675
8534
9010
8916
2451
4583
1194
1240
7748
7291
5536
9060
4514
8281
4297
1620
6471
5209
3612
4725
6569
1544
9491
1286
4317
6148
8102
3289
158
1240
3808
1348
8151
7635
5251
577
7942
9251
8870
3457
2428
5
5926
745
3785
6417
3500
5358
4011
3458
3141
8154
2932
5065
7889
6718
6383
6031
2837
2678
7514
6668
7161
3518
3293
8853
1317
5305
7677
2558
3722
8663
9470
8894
4210
5044
2521
440
7325
3505
742
4117
6564
1005
2181
3694
4543
4938
828
6127
5535
1335
3136
1197
1493
6818
3473
741
1439
1359
3359
359
8097
9718
2954
957
2042
7945
3703
655
9635
2659
7827
825
1149
722
8477
3793
3027
8945
5148
2138
4504
2521
4376
6500
1048
540
5177
7558
7631
4305
2663
5056
1267
4224
3789
604
1623
8273
6284
97
1223
5868
4314
7396
9185
9287
8536
5514
1079
5418
1958
2709
8602
623
7321
6974
8700
1488
13
4374
743
8069
4764
4547
2202
6238
768
2414
1230
450
3485
59
2576
2630
9900
6752
1794
4274
3992
7266
6131
3021
6227
61
9994
4568
1265
1867
4250
7385
7475
4730
9412
2174
341
518
4031
735
566
7315
4155
6201
1735
6684
1107
1657
5576
9223
650
4392
1804
4013
2542
9633
808
2119
8628
7173
8065
7628
9962
5168
3878
1275
8345
684
6044
2916
5107
5729
9451
1933
9766
8378
1729
546
2865
3643
8517
8074
736
2883
1078
6213
1600
4048
911
1449
527
5794
18
19
9493
6522
6189
9598
2799
1553
2789
5477
2418
1861
8806
4773
3506
9900
5663
4308
7416
2966
8246
155
7580
8588
9014
5348
1521
2577
6863
9730
7793
6150
927
3068
1726
6813
6495
8865
5811
38
4702
2957
9880
46
7904
1745
5836
988
8942
6123
4663
8751
1116
3543
7255
5946
7719
6689
7451
5212
4112
4337
4773
6792
3329
4586
4177
5097
6470
9477
2022
4230
2938
8375
3864
4884
1132
7873
3290
8526
1237
7933
2499
8274
2421
7136
1911
2228
6337
3764
4224
1159
459
8998
7424
6340
1262
646
4056
700
8440
2650
8326
581
1860
5772
7675
191
2472
3877
2951
1163
3720
2704
5746
6326
8752
5527
4246
4774
2747
3893
8081
8845
8828
3139
9483
1773
3035
5580
1030
1109
7083
831
454
2846
99
2979
8776
3469
3787
2358
739
8682
3538
1664
7857
4145
7346
5193
264
2049
801
5417
7712
375
2787
2533
5231
143
4630
272
6164
3021
6671
50
1923
378
7789
8850
1560
2492
2060
558
2063
8164
6573
9828
7509
2184
564
2776
990
7059
1382
2173
8742
5370
2734
5889
5027
6860
4593
1103
7453
646
7650
6507
5088
894
5501
496
115
427
2159
360
3936
2290
2972
466
308
1820
3119
4033
1815
1169
1344
7317
955
4367
9713
6558
9776
1874
1912
3769
2583
6349
1765
3808
7319
2176
842
6059
2692
5186
3011
6582
6683
9340
8859
644
3259
1936
7609
4893
383
5816
751
6731
6598
9886
4359
9767
925
3497
9842
3933
6172
7238
6938
201
9298
9310
2923
4695
7233
6659
9724
3154
5643
422
1855
2918
5823
7867
6221
8687
414
3560
9463
2853
6546
894
7956
914
6002
8405
374
3810
9762
4108
7916
1342
7782
8510
4057
9358
1374
2893
4229
1413
2233
6718
5558
1926
4390
1395
4557
627
8940
1502
544
6382
4135
5578
8613
2806
312
7809
4238
2170
1824
9734
94
4762
75
8822
827
1253
1385
2210
9106
103
3943
5003
593
9509
9516
759
2278
6094
3534
5105
4094
9038
5159
1336
5088
7358
5238
1283
3664
4982
526
6106
8463
8162
1263
9359
5789
5380
1526
1088
9292
2609
517
414
795
9589
1445
8939
9698
2347
2321
2664
7890
6329
1281
4782
8494
6658
9942
1238
9621
3063
5430
8901
3124
3886
8033
7599
5763
2230
4686
747
2076
9721
3304
2630
1502
8819
4591
9832
2243
6815
2261
2541
2266
9261
9387
6216
7828
199
2427
5678
1811
9960
5794
5771
4835
1684
9327
5556
6308
8850
3451
8861
2633
6871
4195
9691
9551
403
3055
4849
466
6038
9806
8699
8005
8155
523
683
4443
2119
5713
9911
1445
242
3333
823
1175
419
160
1901
8954
541
98
2316
5728
6898
102
2465
516
8574
634
3557
4507
2259
8538
3457
7387
3297
5435
6913
2044
1194
8897
7607
5700
5036
1160
2908
374
4653
1627
4315
6735
870
3834
4450
2303
4517
9542
7426
5947
3052
5289
3031
2388
6833
4291
6445
9726
7058
9026
5616
9459
3607
1616
8035
8787
3722
6553
1796
250
825
2598
4370
6949
2717
5264
581
1833
7382
8807
8344
4423
7353
9144
1268
20
5753
6214
119
2011
1772
3129
1186
6160
182
6826
5002
5359
1179
4775
3710
9274
7252
2494
939
7339
1694
7450
9713
2734
2253
4742
117
7730
1541
6779
1007
2900
7952
2291
5301
1032
1858
2038
2766
1215
9153
786
6205
9867
1602
9727
5143
2735
2420
9575
4026
2677
4436
382
2825
250
3301
265
2187
9157
5648
9705
1441
1646
1471
2762
115
6784
7227
1442
3180
8808
3390
306
3881
4437
4682
2233
748
2108
2224
4349
8171
9242
6897
981
119
7507
7632
6074
646
3494
9023
830
5445
7526
1762
9469
6578
762
3285
3960
4469
8242
3173
5506
1395
993
3896
5580
4391
159
7198
1698
6277
983
7760
3095
8243
9986
5933
1708
7834
4270
9273
5522
641
1395
4444
6505
5713
1496
7522
7433
653
1176
3423
4284
9413
197
3748
4451
1919
5837
6989
8755
1313
7183
9496
4734
293
8287
4592
1723
5509
3749
7795
6074
1100
3701
9780
2336
2437
2427
7392
5572
6674
9920
6467
3381
4199
5918
4235
8752
8394
2145
9709
1491
4615
7562
5600
6368
4115
897
4639
3986
9971
5697
8718
8946
7346
3835
7143
4912
4500
9557
2431
7310
4983
6368
6507
84
379
6290
4671
7022
2560
8272
9818
896
345
579
594
2628
5707
8657
8983
5201
349
9854
8249
3051
1878
2481
8843
6555
6954
2095
2143
5744
8953
304
682
6696
4356
8186
7101
7495
5148
224
9181
4034
7211
6197
7255
5076
1342
1993
7933
4329
4139
224
5327
8709
3650
8211
1831
9073
5978
755
5348
898
6697
1102
5246
7123
9184
9979
2889
8098
6098
9135
9836
6809
570
1405
2151
2200
8216
7517
1976
1930
1665
9553
2681
8688
828
241
465
8642
2290
4986
6359
2491
7254
8781
3855
5820
9695
6016
8891
3684
9038
4015
5696
4613
322
8112
5638
2184
2736
8661
707
6351
558
3788
1298
4397
5266
149
8216
3691
501
8503
6045
7169
4405
5715
3102
2256
4610
4911
224
3273
2339
6237
8081
1678
1965
3547
800
137
3293
1212
3893
6480
9573
1441
1482
7995
6325
6332
1486
4255
6993
5463
8003
2977
1147
6638
3164
7507
9956
1249
1323
5575
5296
2286
5717
8310
6592
2621
43
5335
1962
1611
8708
4518
7533
8704
738
4745
4288
603
4090
2620
4806
2587
5149
3183
1399
6927
2681
7663
1824
1118
2116
6229
4710
3772
9207
9833
5364
4510
1265
6742
2796
1412
1436
5978
3332
6029
4186
5132
8654
7130
6186
9912
8753
1508
5893
5218
6586
8788
6643
7657
201
2106
792
5038
8306
7422
9325
7645
5041
2655
8917
7491
6302
8999
4064
9681
9753
2611
1375
6573
3664
5198
3632
7801
2010
3655
2434
7913
9057
2309
2972
4671
2375
2247
4858
4264
5784
5082
1485
3692
5215
943
7415
3170
2197
6166
4925
2229
8589
1909
3945
642
1718
6452
1400
1271
585
1958
5231
8084
3137
8230
8707
259
5702
2132
7313
330
3299
953
2982
463
1075
291
6023
765
2184
4300
5287
9069
5524
3357
1788
8614
5490
7651
7399
3086
8851
7026
8529
1182
2372
4112
1053
990
5900
5563
9418
6591
6221
4359
6807
2057
2351
4824
3971
9724
8882
2670
8297
657
9075
2357
3059
8685
5806
6207
5882
2084
5714
2028
7598
2354
6754
5403
7390
1214
1520
2311
6220
3324
1895
2502
9536
9289
8190
8462
9806
3653
6892
2903
7270
6296
5063
8582
9702
3218
8242
3589
9570
3181
8446
579
3205
6436
5489
9907
8678
2416
1183
1948
9323
506
1357
2179
3444
7347
3985
2802
4804
3089
2794
1741
4636
300
7671
3203
1917
7036
2054
4683
1997
3541
7152
6085
8196
2428
9768
3307
4342
39
4633
4484
291
2275
4857
833
2684
1964
1788
9243
6797
8264
6855
1049
2995
5829
3913
3367
3696
6356
8485
6727
7936
9174
4768
9635
2620
6262
8933
6412
5687
3895
6156
4198
2777
9695
1857
5501
6051
3891
8186
2383
4637
804
8555
7811
5117
3818
3638
4956
53
7091
7986
2081
8498
6628
9829
9346
5842
3558
2602
9616
3126
4341
8397
1341
3159
6290
1036
8334
2508
5483
894
8330
5439
7564
9355
1362
120
1282
2291
8118
4262
7612
7461
2693
2204
8534
3700
2072
1018
6868
4080
3965
5541
2282
4072
431
1604
9748
7526
2136
134
6875
2166
4688
7339
9556
1636
1693
2823
250
9857
8975
620
2156
266
1161
4985
9770
7818
643
1267
140
3120
93
8159
6403
7022
4723
6540
9155
8434
6535
5471
5984
8149
5036
9499
9194
8056
2849
7157
4357
2974
5150
9979
2954
1736
2438
7406
9585
9214
7683
1791
5314
8692
9286
3612
6993
5628
6207
5712
8819
7320
9043
5879
2333
9524
7221
7632
4114
6660
2292
1692
5018
2823
239
5918
3628
6420
6596
7444
9481
518
3492
524
2958
1743
2415
1942
9360
3867
2849
9596
9977
1429
2290
1654
7695
2574
5058
7419
6118
3005
2603
703
4196
6181
7635
5808
7499
2552
1589
480
9798
4428
2640
1949
3337
4145
2711
3359
2118
4079
6879
9690
2499
5517
6796
3263
5450
9179
3868
6621
3932
9099
8718
4809
7163
5419
5640
3570
2047
348
2202
1009
1423
9239
1196
1578
879
8042
9581
7187
7200
5906
2028
4044
4246
5258
9899
285
3991
6813
472
8496
448
633
5160
4801
2501
2981
5122
5858
1685
6474
6628
9224
259
6079
6734
7648
5234
966
3725
153
9840
4590
8005
6209
4473
1072
2354
2470
7791
7492
2134
4559
3782
8045
7106
3347
9342
4140
7391
5876
6044
6809
9888
4429
9346
1672
7268
482
7451
730
9263
6396
3059
968
484
3517
9367
4301
8979
1445
1864
7122
1445
5644
3445
8222
7614
8815
122
5299
783
5090
3392
9214
7651
574
8442
7285
609
5897
2740
3297
9900
4690
1482
8712
7705
7094
2039
1029
765
9008
1775
8913
5907
2550
3114
4500
3803
390
594
4631
2380
8753
1690
5235
7941
4543
1675
834
7778
731
8775
9379
9992
3985
9222
8795
53
791
8063
3794
8298
8833
1924
1671
54
8159
1689
9435
8972
1254
7055
4205
9701
4848
5826
5632
3903
2329
2665
4782
4057
86
152
3368
719
5106
1991
6081
6008
5017
4407
1579
4516
4765
1733
4273
9925
5317
9468
4791
477
2641
6345
625
59
6207
7616
381
1034
2865
2162
7183
3472
5615
8399
7173
1147
3518
6056
9976
6194
1203
4972
8118
241
5293
3929
3956
4761
8954
3675
4319
1856
4249
1382
4388
2276
2859
8570
8676
5483
1428
402
8926
3251
7228
9206
852
990
4860
5459
8245
6562
1802
8878
5294
1417
780
7319
8024
838
6729
3997
2686
7942
4890
5632
530
82
4154
4362
8919
221
8999
9231
6497
421
5862
7956
6447
9553
6645
318
1488
743
4766
1114
2506
6340
4526
8488
9380
4876
90
1515
6541
2509
6311
3102
6920
5300
7701
358
439
8872
5666
2740
9215
7981
711
6962
7979
5728
3794
4064
371
6633
124
9132
69
5663
1707
97
3760
624
4274
9771
1746
630
9370
1113
5316
7429
2131
6089
5603
7409
1693
9397
6468
2137
290
5463
3153
1824
1398
7907
1160
3629
7875
2834
8577
3450
2141
2592
6967
567
7247
3702
3381
3555
2332
3061
9253
234
4336
776
9401
6931
9220
7149
6005
6127
312
2392
1656
9740
897
6369
8480
2632
1803
762
4009
594
288
5254
3167
8697
6292
708
5739
2122
869
4594
625
3457
525
573
4336
3651
553
2791
2879
4690
1337
5317
9625
6490
2195
2811
1496
2219
2249
1149
7094
3104
6308
2382
9359
9443
6954
2349
4034
6763
5295
5728
6928
1102
9639
8560
2125
6141
2647
9188
6033
3009
6656
9793
9645
9743
8778
2847
7737
9061
2280
1922
5008
7640
6708
1588
9842
7032
3034
7115
990
1320
6092
8733
2957
5913
1637
1976
8171
853
7093
4223
3420
6063
3348
2771
6284
1224
7067
930
7560
1971
1519
7935
6908
449
5402
9322
2811
1665
2125
421
3017
9229
2857
4715
7400
6604
5803
3291
7090
9365
2890
1855
2415
9273
9518
900
557
8841
892
9297
6925
9566
611
8206
5638
139
3709
7049
998
2280
2841
144
8504
9041
5358
2567
7954
3391
1382
838
5480
71
914
3824
6638
7855
1525
4988
5463
4556
3195
6256
1856
9194
8463
1445
8786
8726
356
9548
2732
9316
4822
2793
9526
9958
766
7255
8974
759
4175
941
6389
318
4978
710
9126
4706
2288
5539
7684
987
9852
3427
1212
6943
2237
528
2092
5052
8711
7672
1939
9183
8731
100
7371
5244
5368
1522
2114
9165
1003
8555
9315
8742
769
8110
7459
5283
7451
7220
3115
8632
5848
7450
9449
4872
8417
3552
1576
5846
6782
54
5379
5323
723
7961
5310
1574
1149
1429
1867
5035
2480
3859
2970
1863
5853
3223
2046
5485
1977
7153
2401
2049
1876
3800
6618
9309
6213
4484
1411
189
9985
8642
2643
4389
6277
6433
5829
5216
6444
1873
5553
1830
1946
5668
814
9622
3494
5505
4428
2713
3561
3863
1573
9214
2206
8502
76
5316
1393
2512
3280
5048
5612
1452
8922
1766
6360
5270
2332
318
2519
7237
8858
3453
9298
8016
1694
3246
6072
482
7914
5870
9213
5567
9706
3216
9576
8125
8308
6695
744
8225
2552
2509
6656
1523
3942
2639
2967
1151
2969
3389
2522
9041
7533
6366
5453
3572
7500
149
3370
9760
2473
2597
1438
171
4024
3977
302
2548
7099
8748
3787
7433
1044
1482
2457
731
4089
7104
4645
450
5107
1580
7005
5525
162
4711
2354
2994
5508
4565
9814
9958
7083
2035
6532
2516
6504
7591
9172
4964
5067
5514
9359
7345
9793
9823
2527
1500
286
5055
5436
3704
9796
3343
1159
2066
931
9662
2969
5574
3274
1378
10000
6536
140
2064
9047
6073
37
1450
4552
9107
1959
7005
7320
2098
4573
6679
8253
1268
1817
5121
405
8379
7301
8836
3115
3526
6854
5598
5758
7530
9271
2298
7637
2736
9054
6535
7327
2298
7793
9127
508
2025
2061
264
3025
2760
2087
1852
6723
4609
5272
1905
5642
1632
2632
9512
4585
6372
5013
3931
8501
303
8424
5215
6604
5111
2356
802
5207
1287
8329
3780
2988
8549
782
2779
8384
2853
1013
7495
8608
2819
5599
4277
3789
4785
1723
7474
2981
2088
854
2047
1705
3971
3166
9311
951
759
1415
7250
5842
1119
7714
3690
5340
5108
8075
4596
799
64
9245
3646
279
8799
583
7078
218
1618
2484
9944
7592
8233
9892
6066
5200
8303
6852
9949
1078
5619
430
5942
5117
5745
8467
9494
26
390
7778
675
1464
3481
8363
5462
7221
3229
8075
6650
4092
1780
2042
3735
5113
5677
3235
846
4305
5525
2052
2081
318
645
3669
6736
5470
4334
6792
2472
7977
4686
5509
8538
2593
7411
1926
7691
5087
104
7053
8076
1123
8437
1207
9073
9646
5837
2065
8279
5367
6497
6081
3016
9411
102
6526
2698
361
4695
873
3501
6466
534
3539
3383
191
325
5475
2963
4174
2256
1033
5171
6993
7859
2772
242
4404
673
8686
695
5755
4539
4408
708
5443
4333
8935
8400
8749
2621
3640
1338
174
6555
5914
2972
5757
390
5469
9033
9419
9240
1895
3256
2226
1538
1508
7712
5538
5459
9942
7460
9391
9898
7249
2706
1203
1459
1953
9909
6140
2539
3413
4331
3956
203
5041
5508
4578
4406
348
8768
5930
508
7115
9153
1787
2368
3109
6005
3837
8777
8276
1144
2926
6984
6798
1673
8591
5678
1181
2034
3540
1334
8785
1478
1774
1190
8925
695
201
9923
533
7395
692
2240
8706
5653
8251
5696
8010
295
4734
2521
4490
8588
6805
2664
3406
925
2440
8968
8875
5555
1270
7291
6506
4130
530
5299
5640
6976
2726
361
7366
5259
5334
4980
2576
4290
4155
1036
