387 31
17079
1823
9852
809
1966
4669
6863
6281
9749
2053
1492
3906
8302
2740
218
3122
8427
6125
3731
7813
1462
1133
36
2151
9467
4247
882
8828
5480
1744
1030
8503
526
437
989
5298
628
3735
2732
4801
6427
8345
5585
3888
5916
2915
6311
2237
7608
5651
5030
360
3093
4968
1630
7871
2067
200
3053
1267
1810
8557
548
8372
9240
3234
290
3573
3522
1213
49
4448
7773
6483
2120
6655
2067
7865
5854
7670
1657
7413
8050
4582
6831
7686
8212
3727
2787
5155
9445
786
8743
6341
2644
211
803
9475
1577
232
3342
4443
3930
2541
7258
7655
4021
3337
493
1806
1623
3750
7478
1657
1940
4632
2878
8570
5645
7551
1855
4906
1920
7220
3905
2111
7228
5250
1436
3160
4857
1748
6095
1890
3754
7422
9106
9499
7623
5239
1005
4555
5134
8600
1662
7851
2032
6537
3044
4210
8534
2665
9195
8935
1934
3337
999
2951
2945
1266
4286
1982
2487
2001
8334
3795
7642
5692
645
3338
556
1068
1196
5991
2166
1362
6678
1906
4948
2029
1390
2320
8512
6184
3362
5937
7119
3787
1510
4306
7183
1533
488
79
9181
9513
7155
7054
9682
4977
9957
5242
1101
8648
1971
4360
4473
4970
5741
4483
6257
1948
816
7921
4891
1774
5374
1059
9166
5093
8526
4454
8825
3114
1517
9100
4771
208
2969
3101
2702
6690
989
2199
5423
1498
2014
2443
5308
615
700
7160
5585
1780
9240
1625
9544
8598
407
4193
7653
3951
7386
1741
2730
8566
2364
8850
4211
188
5026
8970
9328
7739
150
1473
2041
6724
1615
9682
1135
4984
5867
3498
444
2707
3418
6885
4787
6839
8865
6150
2806
4462
2271
7348
5260
6997
6655
1113
337
9133
2060
4524
9860
4351
775
2954
9064
2659
6082
4522
976
6845
4182
6272
704
6731
3419
2744
7202
7706
7015
9722
8913
2605
2380
3577
4275
8542
4944
9656
8341
5188
7178
5228
1631
5483
5893
9571
8013
8456
6794
9305
1533
4934
6577
4706
9645
4319
1562
8318
2108
3431
6351
6915
3672
4529
2984
7275
3612
1594
4713
1926
3004
5612
5736
9375
5183
6643
2696
2408
7239
8967
2917
3672
1009
66
2613
7241
4605
580
4538
8317
798
37
9765
6188
7139
1025
8196
3648
4135
5572
8668
4591
2521
5070
1933
5328
852
1600
9776
59
5737
920
9688
5630
7404
3024
4316
1531
3577
6970
4051
285
1594
1805
5371
7976
1724
1997
1615
734
4389
3679
2616
6295
4678
5633
3277
9815
9420
5148
6474
9276
4861
8454
2891
6016
6393
3908
7868
4449
9671
644
5118
130
6029
4038
9918
6402
2191
5812
1211
9408
5479
7382
5885
2134
2379
6777
2292
9626
5931
3100
5240
4317
8316
3107
1622
2971
7923
8313
9149
6548
2820
3401
3301
5532
7133
3065
9846
4805
9484
4421
7205
605
8953
6403
904
3653
6413
7091
7580
4389
1405
2300
9273
3128
456
8301
8288
2999
672
2855
8200
3129
9139
1680
239
8062
9442
9003
4055
8502
5839
8240
5893
3632
623
9786
2564
1613
4395
5336
1049
4857
3892
3375
4876
103
2466
7624
307
965
7591
3473
7521
3180
1565
1033
880
6595
6227
4698
2843
9259
6912
1267
9647
3386
2280
2066
8210
8757
7352
443
5158
3555
1886
2449
6343
7150
3408
6542
6711
744
4832
3302
8247
7665
924
5476
5189
1133
2262
5080
3436
8061
7943
437
5854
9305
9975
3275
1056
1507
8667
456
8439
4139
8146
2198
2127
4327
2998
693
1541
8397
2820
327
6733
1236
391
5372
9207
6219
2763
7809
5518
9576
2060
7327
7980
1954
5733
8291
5073
8274
1312
3587
4438
329
4168
8030
4848
3675
538
4827
7682
6228
7948
2497
3499
524
8264
4023
5048
1987
8273
4332
172
3216
4744
8153
5562
1967
5847
9194
95
1145
1675
9930
5548
4210
5716
7432
9583
9217
4924
2158
3032
432
876
4315
3230
4142
3489
1073
2611
9705
4247
7121
8176
4845
9360
9303
391
2809
9819
7378
8419
6961
2966
9744
1935
2403
1762
624
2804
8657
8462
6719
4333
4512
5475
8543
5831
1619
9073
4638
2337
2410
5936
9671
7230
6778
8865
9043
5864
6308
1412
2502
6502
6241
6282
7933
7083
5423
5543
4379
684
1681
3051
8243
6107
3091
2643
4494
9842
4470
1436
9174
746
4269
4563
6503
4734
3307
9627
278
3157
1594
5899
5245
3260
8723
603
1279
7781
1086
6269
8199
9082
1662
8473
1104
6185
8102
9254
4214
3496
655
9354
6549
4902
2278
7327
3158
9484
2413
2077
6089
6758
6162
8988
4545
9009
6122
1733
2261
4131
43
1887
903
8023
6716
4099
1554
5710
7070
914
6303
7484
2882
3954
6034
5180
3506
8453
3442
5497
6818
7294
4192
1700
4808
8952
5896
3755
6608
6129
9709
4018
5778
141
6807
7225
8645
2716
8780
6371
7590
4739
7615
1132
7543
1489
7072
2500
615
5377
7709
5428
166
1475
6950
9092
3454
1740
284
7202
2032
2598
2620
1399
2897
3688
6778
7805
8464
3935
1081
403
2856
6574
8799
8987
4715
8857
8219
1094
1866
9802
1808
4386
848
409
1364
5059
5328
337
5250
3212
8993
598
1872
3545
550
4979
7178
6103
9171
2486
6927
8882
4423
1004
8758
4230
1986
7014
5436
5741
60
9401
2616
1646
3704
6065
4608
7333
9255
6460
3827
9816
536
3649
1275
5504
6249
5206
5394
9857
4683
3748
6666
7898
1148
6885
7421
5266
629
334
2090
7292
7418
6115
795
1703
21
8938
5731
8658
9654
564
2841
261
6163
8683
9283
5639
7569
1529
5365
3733
9194
9927
813
9618
7488
6274
8507
4662
1132
2781
8957
4381
2403
5092
796
2160
306
8470
3955
5093
1016
1844
136
6435
112
2221
695
5622
452
2613
3761
7620
2283
6640
1767
6754
7965
8262
3992
1915
3199
8966
1449
1718
7374
1278
2566
8606
7045
927
378
6007
663
994
1822
5443
4785
8672
8780
433
8142
5861
9335
7277
8282
3567
4856
5330
5465
2383
6877
3449
216
323
6862
1795
4755
4530
4309
3554
6406
7697
739
6841
4281
4681
556
5793
89
7559
5912
5604
2244
2939
8037
3684
730
6566
1758
1916
5707
5204
1185
2617
3083
1706
5422
412
2567
31
3549
923
3774
8047
6479
8057
4856
6604
1728
2918
9618
8001
1877
9973
4433
8723
7903
1987
2386
8318
9852
9157
7243
2026
4733
9699
3619
4791
9234
9448
1666
3408
6068
4322
9282
3604
2619
6189
6502
905
46
4711
6179
6996
3865
2922
1979
2354
2463
7023
2459
9391
2861
7478
5925
4124
825
1904
5621
9136
7808
8557
210
9026
3143
7050
1213
1111
7118
1084
7874
1521
5713
463
4563
2193
943
7151
7751
8949
9037
2262
3842
2707
7451
614
1500
7041
9324
1666
9340
2184
2534
3475
250
8277
5370
6574
5364
5198
2574
369
8751
67
9953
1923
478
2540
2349
5899
1921
7887
3200
1930
9703
6306
4920
5616
1019
2288
5584
1754
1472
8209
4969
7718
1137
5765
6072
7287
8452
7318
8996
7747
6216
722
545
5003
9908
5924
1963
8485
259
4521
1553
6119
8600
8880
8452
75
7127
2883
1514
1223
3465
2125
4080
872
5059
7595
7892
6041
1936
2337
8265
7466
5715
8104
8000
2544
1462
4292
8307
2004
9662
5708
4489
143
3837
3178
4159
4895
2539
3343
7285
2230
3211
3974
706
3077
9797
8608
3439
1085
964
7481
9670
7084
2761
8335
2143
1550
6791
243
4541
9635
6034
7041
3419
7954
698
5365
7270
7056
5568
4157
1319
6627
2290
8911
5864
5014
5968
7912
166
7599
2662
6794
2671
7473
5701
1801
5532
4248
8463
5966
6766
2327
1936
5612
5252
5958
8153
1195
3183
5789
121
4554
1365
1485
1497
8918
9676
673
7021
586
2732
452
3372
503
5841
7284
1243
2099
7277
7028
5498
7061
190
9880
4470
1723
686
255
4384
7073
1939
1928
179
790
2368
2513
9137
9394
2437
125
9236
450
7873
4212
354
8426
7923
1242
6163
7093
7512
7680
4426
3189
7433
4337
1862
8240
6970
1111
4027
6226
983
4093
5316
2333
4121
5112
1668
8089
4617
8454
7258
58
7821
4840
8382
2730
5066
4621
69
615
1864
6450
2697
7429
8515
9352
9645
2935
4085
2951
3697
2531
9640
6975
5174
7386
9145
4373
7533
7873
3029
9584
3033
8997
3069
757
5911
6239
8061
3238
5406
767
5282
514
4212
2443
8102
3592
8943
3384
8563
2662
6457
9459
4636
283
523
1182
3753
9556
4385
1207
187
5220
4106
7294
663
4550
615
8595
6810
1753
2974
4388
5440
6740
380
6019
8265
7331
953
3129
2433
1293
4587
3887
2874
9803
6673
9400
5280
4080
9096
1202
484
3144
853
2009
5907
2965
2145
92
9684
9841
883
4288
6569
631
3533
3825
2950
3092
765
4453
4276
9585
2348
6760
3131
7392
4528
4747
2084
9354
2220
6087
187
6154
2014
6177
5129
738
8311
3381
1394
485
5601
4780
8392
5676
5216
1120
9042
9478
2474
3903
931
9679
2154
2432
1589
2692
6122
8671
786
2653
9061
914
5737
8653
866
1566
8446
5711
7192
6229
4067
2750
901
1677
9952
3999
1720
3815
2535
8397
6832
4002
264
8939
3932
2085
9074
8657
5261
5824
9026
3714
8601
6919
978
58
9051
1449
1469
944
558
4288
9993
3476
1683
6768
3020
7417
7491
170
2362
2306
9132
6006
8399
6125
6821
7548
1051
6017
6879
7892
1000
9201
1807
2159
4398
8632
6567
7835
3599
1959
3863
2800
575
5581
149
6106
3157
7439
4485
8041
1035
6975
261
2675
774
6930
880
5770
5925
7111
5978
2531
9163
9939
3333
9812
6360
4881
5192
4232
8025
7382
2833
2128
2922
2528
6864
4479
9712
9740
1107
5928
5064
1479
3943
8272
2799
2265
918
3291
8443
9294
3155
8901
1464
1977
2572
8173
165
924
3359
5656
664
3823
8587
518
3249
5564
2461
2653
7528
9685
6687
7454
9010
2679
5025
264
1961
6150
8190
4535
6291
3229
4608
4897
5171
7237
9844
3426
8224
3894
1272
7560
2283
2059
9754
1336
2417
7537
406
5657
8003
9569
822
8594
5898
3509
129
5918
5716
6117
400
1809
1796
5659
1072
9919
279
2857
2972
4106
3120
2525
266
7961
8084
9795
5882
7537
8689
3549
6998
1726
791
3086
1273
7680
632
7451
4241
177
834
2805
7237
1481
9162
8338
7173
6571
6106
143
705
3870
2076
7809
8976
2553
5349
1662
4030
2726
501
306
9661
8896
3810
1916
540
3693
9995
1294
706
545
9585
2076
4835
8865
2761
9100
4841
7256
7460
93
3769
8727
2490
9574
7165
4062
9624
1987
4942
97
8169
6767
359
5641
1527
3612
340
5202
3700
5143
7411
4970
786
3956
8547
564
1612
1851
8839
7582
173
7870
9343
2570
5338
5428
1898
3952
4709
6495
3048
7966
6645
3493
6654
4705
3905
943
3311
5896
3341
6878
601
135
8754
8162
173
9368
2137
8283
2290
1896
1105
8326
6582
4417
2827
6295
8607
2421
962
6131
285
5294
1054
6066
1703
7568
7460
848
6835
115
5153
459
2124
2521
8826
8576
3498
4885
5399
627
1152
8813
3665
480
5565
2870
6279
9170
7256
8408
4233
476
9515
635
1164
8904
1499
4445
1438
7191
7509
9023
5541
392
3890
9053
2893
8772
8751
1846
4339
4431
5923
2916
3994
3044
6644
7182
8890
6066
1704
9586
1396
4335
8340
7662
8620
8678
4867
7058
7170
764
8381
1666
2786
1726
645
5388
1108
6488
2614
8398
7598
4080
988
294
2021
1656
5562
8961
4026
7836
3114
659
8645
3910
8052
5166
8000
6430
3461
5860
8712
4818
6184
2214
5342
1116
9970
6985
9116
9156
987
3977
164
6210
3569
3006
4228
6120
5573
4934
2463
5878
8245
4015
9370
5096
9154
4296
2995
5452
1773
45
1147
8475
5161
7189
3539
1940
565
9743
1879
1135
4510
1439
7198
6301
5424
2909
9827
8697
6378
1419
2380
2137
3923
1830
9048
716
1367
9611
7470
7877
2653
308
6112
1603
476
3761
7879
1945
2914
1061
9858
3714
1982
8758
1264
373
2203
9536
1818
5810
4131
911
8306
9106
8104
5023
8648
524
3626
6966
2691
3619
9023
3318
7972
7183
9272
8692
7973
6661
8621
9847
7296
7873
9710
3494
4042
2234
4097
6687
6993
812
6967
7203
467
5348
6044
4953
2929
1199
4082
8399
6277
8668
1103
2771
410
8941
7906
3863
3606
2161
2122
3736
6700
3226
7687
1098
5673
7292
2419
2429
397
6751
3937
264
969
9978
3070
5541
7674
3585
4570
5532
7072
6793
3010
2810
5370
9240
9189
6274
4733
594
692
1873
4366
7378
2356
4900
7119
3207
5790
5275
5341
8069
1607
6890
6558
5415
8398
1149
4159
6514
1669
2346
4741
5077
8925
7373
288
136
5142
8044
421
7423
1669
9373
4845
9329
2141
2292
7805
6483
1190
3528
1684
4433
224
1758
6916
1866
5783
7645
2980
1919
5648
6235
4649
6675
334
839
1920
614
4242
6414
9909
357
754
2850
3717
2241
7445
9611
6270
1400
2906
5940
311
4146
9255
1906
8073
1140
7345
5160
225
6963
5986
8652
6801
2527
2616
1857
2515
6586
9707
977
4310
1481
6482
423
3111
7270
9590
4486
1222
1082
9112
1053
4837
730
7375
5015
8993
4531
5267
7032
244
8493
4144
4464
3079
9645
5686
7810
8114
3657
2909
9212
4912
7892
4689
1714
7888
1434
9117
727
484
904
9759
5092
959
9109
9717
8360
518
7706
4570
869
6703
1996
5269
5364
2775
58
7822
7584
246
8831
2736
950
7641
2762
2340
4019
9462
4215
1308
6207
2048
7845
3158
1312
4341
3897
623
1566
3663
8582
1398
3015
8763
5416
3722
3694
5346
7403
7371
6038
2529
1571
1756
3911
301
7048
3703
2727
7506
2017
7900
2206
6841
3899
5984
7234
2726
6639
6420
7677
1315
3914
3670
8549
6608
3624
8610
6916
9367
3093
8275
9533
3014
8267
4519
5401
6398
5015
4173
5376
5481
5415
1543
2365
6608
9905
6686
8058
3826
8571
4351
3795
1006
1008
3198
1288
4213
1183
7195
2080
3578
6328
75
8695
129
9473
2024
610
3018
9769
3681
9298
2343
7434
2404
9912
4327
4477
367
6013
4668
9564
9172
436
439
7713
1860
9319
1045
1294
4247
4123
4130
7908
9618
4593
3973
5435
8958
9853
184
6666
3288
564
3604
5268
4332
8725
6554
6780
3907
4833
540
7477
3792
470
4723
5188
8839
3931
3127
5143
8225
333
1814
887
2108
5331
2256
565
278
5791
8092
9906
1358
3982
3030
3037
3157
5035
2785
2051
8075
1457
2225
1566
1397
6359
841
5139
4442
684
4739
2548
4036
1417
6534
9924
8350
4980
2657
1730
6338
1741
3281
1465
1850
3096
5414
4555
8393
196
9920
8842
8179
9860
2586
8019
3328
1211
422
5347
9048
1108
1184
8553
1331
6608
3891
4693
3686
1881
9403
9964
2231
5079
2464
2164
7089
188
9338
5035
1535
678
3969
3480
7890
7217
7218
2711
5671
492
5263
1374
1394
3767
8793
4068
3450
6849
4132
946
7350
4817
2219
460
5035
6592
2524
7839
3933
1806
8876
2146
3293
8072
1118
5609
3711
4976
5504
5686
959
7550
9039
7625
1995
7664
7680
7994
5708
7143
6613
2213
3115
5133
7383
8109
5508
9426
6693
398
373
4943
1893
487
8064
3559
2192
943
2214
555
2322
9443
8181
2558
8360
751
784
8835
3458
3393
7110
7615
862
867
3116
1849
9430
254
862
1841
3901
9536
1700
9149
43
8822
2220
1733
8186
216
1097
2875
4632
5116
5537
9107
6183
6250
6705
6526
8293
4728
8638
1799
6579
4296
5085
3785
6686
2878
290
4458
4956
6548
8802
4419
3237
5603
4120
4016
1972
3001
2598
5121
9360
9062
3207
370
8402
158
9828
7012
9841
4445
7724
4531
9810
8729
1291
201
206
1654
9432
5778
2543
2218
930
2251
9647
6215
273
2474
8301
9418
78
924
2748
9035
7825
7412
2787
4595
3053
9775
9553
864
3783
6819
2301
938
7900
4626
5893
4713
8674
6658
5048
1700
4640
5644
1230
204
7466
8768
7622
129
1441
8180
1005
8014
9705
3649
7281
6692
2119
5800
2663
7526
9914
2028
4912
2716
8375
2088
4084
1584
6558
3073
7202
5164
2082
6333
3738
2342
638
2438
6732
6348
8482
6286
7952
4844
6675
4852
4464
9656
62
339
7140
9370
1193
352
8673
222
9015
824
2729
1491
6370
8886
3908
6091
8242
2025
1177
6031
9478
8151
8130
8125
295
3378
1844
6363
7482
7443
8798
3
6580
9088
3030
6557
9152
5394
9254
9106
4480
1633
4215
5057
613
4782
7478
1271
935
226
3049
1603
2884
2920
659
526
6047
6328
257
8036
2852
7430
2147
4803
3138
7534
3114
5119
4532
5879
4204
9382
6736
7462
5774
890
5475
2095
2097
8044
3579
6119
8174
7378
680
8885
6104
4696
6030
746
9024
7791
9964
1472
9314
1661
2335
4378
1193
1839
7294
7355
1242
3320
8871
3817
7370
8998
1886
44
9359
9820
2418
1916
3631
4778
2962
3300
8118
2323
603
6508
530
481
5208
292
1445
4266
1304
2583
7625
6607
3847
6021
8260
2029
8515
4944
5519
3552
4465
4676
1026
5028
6534
8569
4760
450
5217
1307
7767
8407
5724
3932
9894
5127
6958
787
2628
6848
8307
5558
8259
4531
2579
429
9493
4399
4424
5529
9467
8418
4279
2681
7977
938
7839
3001
686
735
442
7637
756
1256
1889
3134
8784
437
4506
2209
8824
4185
1671
9271
2733
416
2801
7020
2116
2630
2659
2821
542
9918
9906
344
1254
5367
1079
9167
4327
605
8084
2137
2962
6964
6251
201
4364
2052
4655
7873
633
7130
8089
7367
8947
463
4098
4582
2413
5000
404
1748
39
241
8078
4598
6551
6674
9362
1463
1327
7492
4040
5309
2138
7697
499
7193
3118
2539
2363
34
8833
1551
8792
3291
1351
7805
1443
4264
5136
4800
6622
7030
5806
2335
274
1964
9724
6531
3098
1320
1119
8520
3422
4476
679
8932
1923
435
7023
1395
98
541
1600
2160
6134
6457
7129
8029
88
7862
5853
4163
4161
3834
9477
2247
4422
6850
2980
7157
8297
6139
2458
2211
559
7612
3915
1163
643
4994
6313
2279
4015
829
3465
4210
2541
9488
2777
885
3437
3996
5832
3004
8709
4357
5418
6777
4900
6015
1462
9609
6562
4821
4059
6783
8993
2279
3523
9254
5144
4667
543
1308
2244
2985
7420
6269
6036
4802
291
292
9642
4701
984
7311
486
9532
7314
8594
832
4107
484
4431
9570
5008
1193
7380
5952
3925
4119
7556
8445
4757
9233
1529
3841
1450
38
4684
1943
791
2689
2622
6066
8839
1862
856
844
3500
4341
5590
2261
5360
8942
9304
4590
5842
7390
1603
6174
5883
2190
9258
1930
9306
1218
7386
8135
5783
6362
1877
9482
1818
6776
1177
3760
5916
893
3484
6729
200
9467
7058
3977
1893
1431
1393
1727
9673
9968
2925
2551
8308
7166
862
2583
8323
6361
8545
9843
662
7779
817
2404
6515
381
657
5757
5033
3442
5588
9628
4013
3917
4745
4452
3713
4426
9471
1153
8646
4503
40
5489
2005
4816
6652
215
8853
16
3308
1195
5890
5848
548
65
9482
6832
8221
1536
5938
9516
8105
2152
3584
2707
1799
1377
7648
1806
4559
6932
5350
363
1334
6310
2903
3853
4219
1945
1146
4094
5199
871
3617
6769
5132
181
2353
8770
7955
2559
7968
8232
5284
6984
6300
1874
3826
1656
3939
4858
2050
4900
9405
5173
3831
8318
3751
4861
7234
6018
6957
5996
1904
4000
3884
1384
4703
5004
4441
1566
8108
1207
5582
4408
7449
9636
1044
2952
3360
4172
2421
6743
9589
9258
6403
7582
9772
4031
3477
5832
7145
744
2303
6915
2511
7690
6317
707
2708
7916
7620
7149
6626
7372
1120
4741
9940
1219
2677
4027
4334
1496
5282
795
893
7037
7910
27
35
5184
7837
2165
8713
4504
3647
1830
1327
2737
3957
4862
5905
2364
1438
8466
8378
1864
6516
7802
6937
8442
323
6973
3136
5413
5358
2225
2996
8103
5286
3206
3487
4432
7704
3901
8
6806
7248
1218
9590
1916
3909
9674
8833
4631
8011
1197
2400
241
7114
2334
403
2550
9081
3629
322
6922
5075
6415
3472
682
7571
8840
7626
4702
1836
5720
2415
4459
2571
6577
7169
1687
6688
80
9341
6594
7125
5871
2950
1746
2319
1723
5611
5919
2782
7920
1668
6238
7511
621
444
7543
3598
2436
6880
7080
1346
2475
5096
9872
585
8724
1924
8785
2398
2897
8587
2966
5602
212
2919
7599
4954
9524
1142
6520
2295
9262
6055
26
5329
2275
8109
2574
8177
5001
898
7396
2468
8131
3287
1048
995
8440
3112
2569
9032
3402
1043
1291
6238
4032
4893
5472
7426
8403
8893
6861
6164
5330
351
4168
6316
681
8446
2504
2086
4090
730
7928
6552
9588
10
533
5008
5826
9684
2677
6933
458
1726
4711
3327
9871
8384
9490
29
1201
5771
7816
5493
3120
5589
3759
3376
2554
2274
8595
373
5521
1589
7407
2834
2858
9890
291
2566
6477
1985
9663
1566
8628
1728
3670
9902
4056
5362
2987
2649
5397
3057
8617
4595
5121
9729
3108
7298
2009
2663
6003
9587
6134
1144
6544
7377
6890
7037
8532
2352
9775
2826
8827
750
8821
4391
6977
496
6705
6434
4049
3053
3114
1519
273
3755
2078
421
2977
1226
5044
4290
2715
9481
3792
6759
9734
6890
2507
9932
7355
1784
3362
1941
9157
5719
7648
4665
9034
1148
3429
4661
1677
6894
6643
3528
449
288
4061
3958
3343
7894
589
9611
1260
1314
7384
4431
6115
3202
7943
6544
8930
5312
1434
5993
1616
4531
8066
8045
4314
8336
3629
34
6854
2177
155
9237
8583
7485
1098
7375
3395
3448
6688
1628
5291
613
6822
2615
1280
499
6069
1976
1023
591
3682
8573
3624
7598
5968
569
7359
5571
492
6710
7014
6502
5226
2109
2473
134
5305
3582
8777
3627
1554
2185
1293
1637
5807
9460
1740
5321
4399
8052
1468
1254
818
200
9045
8746
1890
8826
3836
629
5467
1298
1569
878
8072
3389
8283
9001
1523
5180
4342
2052
5280
8141
5822
1855
769
1747
4280
2090
619
966
6463
7960
7347
5560
3726
1393
1009
2710
9480
8968
8261
1811
854
5908
5082
8694
9479
9112
8387
7231
4165
1934
890
9666
1028
3005
220
4247
6606
3115
7056
1931
9505
106
8794
4558
2728
1310
5907
961
94
3072
2369
8718
2712
4545
1757
356
9594
1471
5550
6190
1531
7135
7760
5768
4662
1087
2641
362
5639
292
7913
8231
9693
3065
6179
2970
2035
4919
1043
1802
9845
6932
2311
3886
8672
396
3768
2321
6054
8582
6459
8211
6178
1105
963
7712
4540
2548
5826
3190
280
641
7565
7699
4484
6472
2606
7322
7903
8228
1049
7827
200
507
6396
4406
6712
9420
6958
1839
821
1684
51
6372
9821
7944
1923
5599
1312
8100
3065
5521
3117
9062
5027
1478
8644
3173
8382
7247
1978
5131
7961
6646
6522
2496
5660
3238
2321
9930
751
1179
4223
6287
9057
682
5099
5810
7761
2841
1226
2720
4205
4307
1480
45
6723
8492
2530
3043
3124
363
8949
4645
2926
9179
8707
3099
7696
4092
6380
8125
5802
1451
6653
8339
7226
5313
9395
1809
4711
7868
6128
9067
1816
6196
857
5969
950
6505
9336
1931
7483
5691
6127
5373
31
9660
2253
4018
3883
3787
7278
2558
6350
4309
6868
3588
9334
9658
9305
4339
6415
7948
5163
2355
558
1995
4246
7091
6181
1062
7852
4423
360
1939
1100
3802
5238
2863
2725
2927
1095
9889
9853
6902
9567
9190
8161
987
8415
1744
7877
7978
3917
897
5843
1012
5050
9446
3856
498
5525
3786
6936
6605
4451
4748
5142
7071
1912
2409
9579
1767
7231
5836
8160
9950
1738
1602
7719
993
4059
9296
1845
1363
144
2312
5747
4965
6469
1507
56
6689
6737
1312
1043
3303
7944
6685
1504
3612
8065
1401
6808
5686
6743
288
2705
8376
7615
371
32
34
4112
2489
5451
9313
3719
9394
813
112
4247
4244
6255
2987
7740
9119
7463
842
5580
4482
1597
802
9110
7315
1240
6864
9575
540
442
8448
2764
4865
5188
4335
1915
2904
3858
7938
6849
1595
7053
6621
4372
7240
8483
131
2806
3228
9080
1522
359
7328
2631
77
7870
2638
8066
3453
6699
4639
3073
1550
8458
4995
3339
561
129
9045
6976
9529
4675
4445
3305
3392
8327
416
5814
154
4673
211
8849
1908
9073
1339
1681
6289
9044
5941
2542
9579
2871
969
5982
6956
603
6753
240
6885
9673
9112
5631
5968
6983
9547
1244
8069
1381
7211
2711
6800
5188
9948
5319
4538
4002
1269
6097
8349
4735
3567
8288
6396
1112
1434
3768
6287
6989
3908
5
2974
6959
997
8163
1489
961
3521
905
4261
4300
4168
3911
5103
8078
5628
9876
6216
1221
2620
2439
8580
7220
706
3461
1033
991
1041
249
9054
5573
9073
1287
3
7720
1226
1066
3742
5679
1827
9630
5379
4402
5818
5074
7987
2767
987
3971
4188
590
4000
5430
1661
7887
326
113
9356
4809
2786
8456
4355
8956
7108
3865
9589
3180
1549
8345
4438
3137
474
3117
5273
2793
5326
3837
9022
7796
3075
182
8264
230
2005
7296
7395
8295
5942
4831
8731
1420
8297
5103
9175
4377
1716
4824
5905
8356
643
4921
8700
1687
482
4373
9299
546
1078
1524
8604
9107
2249
8394
5929
6521
7394
6718
7932
4643
7144
2565
5263
703
4425
4417
2850
6485
9912
9609
3574
6519
5818
3231
8475
5380
4481
293
4309
3580
96
1439
5012
51
3882
1317
4466
2393
5088
8825
3312
539
4067
8336
6559
8030
9421
1544
5368
7335
9254
968
1480
4733
5138
6629
9127
4612
2878
6784
8663
5016
4624
8866
4413
5858
4955
32
1600
9040
2469
725
3162
1467
7394
5522
6196
5326
1226
8082
3541
854
5082
2777
4483
8319
9771
7684
78
5483
2158
9171
6689
53
8305
7
2559
4688
228
8447
2087
8678
5551
3215
7759
5845
3882
7572
2021
2776
1949
3135
2066
8384
1578
8980
1707
3622
8872
8181
6932
3202
3823
1790
1454
6627
7238
5814
325
3817
5007
7775
3892
1779
5570
9068
9736
1203
8069
768
5086
4355
6155
9497
6289
1428
703
6352
8250
777
2994
1883
2112
3152
5448
103
3057
9222
6159
920
9234
693
674
7591
2010
2611
691
7511
6843
5246
570
6990
3475
2295
9806
3644
2850
608
7730
1739
7947
941
2385
9010
3168
9826
685
5171
2037
581
7788
1939
4869
4637
1922
3067
7410
6459
480
6982
6421
316
2544
947
4010
9853
1323
9563
7334
6716
1240
3111
1662
767
4220
3457
8293
3417
966
5357
438
4476
6248
1936
1756
7910
8461
6680
7031
2398
4193
5137
1990
634
5698
185
6719
1307
6056
2160
2151
5183
3130
5743
706
6225
9839
3872
5272
467
5507
7385
99
5697
9821
3192
2955
9116
6073
6502
4844
2236
3545
8847
8367
6122
5047
5081
5899
1966
7989
1090
2065
8848
5838
3272
654
3250
3036
5350
4246
454
7891
5285
7773
2826
9250
7200
464
2561
6619
8969
8031
7097
1648
1431
3779
281
1684
8844
7346
919
1857
6924
5255
5191
9585
6638
8584
9861
9010
9437
6003
7497
1186
1446
6
2704
2204
1906
345
1666
6975
7819
8035
3597
8547
2662
8811
5083
1717
3045
2830
2757
5500
4980
9489
9099
3432
2376
7543
6805
5410
6894
3688
353
71
3859
2085
429
518
1705
2075
20
2858
2388
2275
2144
3975
7056
9166
1607
7330
6561
5624
8618
4746
7026
2123
7335
6986
8154
9321
1384
1291
460
5563
9663
7003
7814
2504
420
5719
8504
4718
324
7766
7611
2436
4171
4595
46
2903
2811
4016
6629
500
5139
9586
1278
6697
6833
401
642
2733
1923
928
6565
2246
8996
7746
4199
4021
4294
3497
2361
2457
980
8506
5724
6177
9366
4000
1817
8729
4588
582
552
5440
5508
4174
702
807
9170
7140
3172
7043
9477
9993
3611
9476
6568
5851
2265
3663
1280
2001
5319
1833
9505
2433
89
2654
8442
2710
6233
2174
238
849
8471
8222
1172
5123
6416
2699
562
1212
6375
8542
4418
1087
3693
872
2470
3706
5804
8900
7812
776
1397
34
815
5742
1376
7001
8668
5407
1906
6659
2174
243
6120
4299
1841
7679
9812
5738
7399
2703
953
6729
5380
6508
6410
5177
6964
4247
9731
1465
9635
1829
1067
3838
4
9643
8612
8615
2804
9234
8369
3481
212
6444
4831
8925
1007
5076
7674
2881
5180
6715
1500
8138
2018
2710
6756
7957
2187
952
6265
4599
7992
5798
8485
673
8512
1422
894
5631
4639
5495
7132
6299
4343
8733
3242
3321
5957
9181
9826
4967
9577
2717
7145
2505
7776
8613
2761
8193
3216
616
8755
7512
7916
4074
2553
4791
710
3383
152
4922
1743
5187
8922
1120
9197
1409
1114
7452
6704
4321
1481
721
3667
6904
9852
1073
1594
4529
5084
4453
1472
7809
7848
913
5462
1151
5857
8329
8383
2197
3915
4861
2717
3473
917
1840
1279
7615
2751
12
5345
8984
2600
8457
5170
9838
2711
6585
3435
3233
185
5957
1312
5944
7028
9783
473
9516
5728
1307
5186
9555
2541
7032
1653
5207
2275
1945
4505
8269
3580
6735
3940
8588
2356
1607
3682
9864
6118
3283
2579
8896
7154
5986
1736
8980
8140
6778
2760
280
418
6103
2183
7689
1988
2810
9197
9408
3073
1097
5724
2073
9098
1024
1107
1007
6374
1490
1734
8636
6064
8623
8274
5381
2586
3996
3619
1420
3097
7115
9743
2552
160
210
7846
2145
8281
6783
4253
4784
3663
254
8133
2100
7633
6085
9249
2752
6729
1780
971
5590
8607
1555
6318
6247
9531
9037
773
8318
6644
6456
3278
8539
7167
714
2519
4546
278
2271
2281
4214
2553
1025
5098
3674
347
8330
3498
2790
238
1267
5973
6239
933
8068
6299
1980
249
2510
8888
796
1889
7491
7306
8436
7333
8115
3958
7056
2436
6867
8704
5792
232
2902
7395
5428
9531
1199
5542
7016
7410
3864
429
2168
4770
4588
3300
4465
691
3704
8291
528
6478
6119
1260
3839
3008
9736
86
9626
2042
4129
8262
3486
3637
4967
7673
2072
9245
8582
855
1017
5196
8602
8205
7217
202
1811
6193
809
4314
4260
6720
9733
9185
2508
8364
1565
1283
6315
704
1040
4748
9123
6723
6485
4451
4185
5990
8862
4679
1391
7646
1783
2534
4101
5037
6829
2914
1933
4871
6753
2732
6468
2081
3936
1613
2796
98
4301
173
2651
3019
5107
7976
5648
5344
8141
5279
7114
2574
1597
1091
9284
669
3228
7573
5161
2367
4228
5895
7596
4724
3261
5067
9446
8631
4743
2675
7387
4500
9957
7965
6956
8881
7234
5807
1772
1941
8736
702
959
9530
9392
9337
5119
5709
7255
4914
7879
2453
3185
493
1232
3225
5462
1364
191
3557
8775
2405
2658
2332
603
8335
9798
4779
2317
4096
3240
2584
8243
4522
5280
3602
4668
3103
1557
6807
8872
8373
1761
8781
6312
5363
4017
7812
2644
3646
3591
1458
1490
907
3725
914
8008
9709
1331
7375
2389
2590
1124
4372
799
6985
4755
1710
394
8910
1697
1793
8308
979
8674
8423
8469
3048
329
2473
3794
5918
1353
6042
3367
1118
2733
8588
8099
9724
5129
5207
8967
2807
4172
5423
237
7557
9186
2648
85
6111
2907
3992
9957
9451
5599
1383
6126
632
1583
9461
353
3103
1368
3953
6487
1572
9506
9190
3735
2468
4350
6985
9643
2925
8165
4881
7315
2150
723
2615
6097
9656
4056
6046
669
2482
1874
5076
764
796
9632
4811
9632
4870
2818
3713
5184
8107
6429
3110
7467
1246
4512
3293
851
5657
2090
2915
4189
1426
6644
7984
5799
4564
7221
6094
5933
3515
4724
6024
2710
1818
8892
5588
4164
4575
1066
1248
2631
450
6329
1762
8774
5812
9013
2124
8513
9317
1967
717
1006
9729
2102
1472
2638
4215
1509
529
6454
1381
3723
923
67
2044
1455
7112
647
7552
1065
7129
5314
106
6301
4819
4062
7899
9137
1642
2916
5048
4260
502
6544
7852
1846
1499
608
2059
2001
7835
7105
5187
3569
3875
1487
5418
3683
8494
8238
5585
122
9329
1966
2469
9411
2978
3903
5691
2993
3593
2134
9593
5225
5511
9277
5806
1274
5596
4247
4377
5280
922
4155
2194
6843
858
4462
8716
6204
4338
7488
9675
6193
7701
8461
7473
2993
725
8561
3824
2105
951
2018
2527
4329
5
4602
8346
8137
1465
6933
282
1135
319
1862
9940
5714
5258
4263
4312
86
5802
3115
35
6825
7797
7390
6175
352
8040
7993
1675
4821
5806
4496
729
2540
6510
7616
1146
2538
1451
4296
15
9154
6519
5883
1351
7475
7864
3945
7412
6196
5068
7825
3333
7447
8753
5715
9705
6298
1455
6319
6781
136
2120
7571
4969
2328
1335
4809
4628
2470
2538
6338
5593
2128
3801
6038
9630
62
4108
929
526
5842
9812
2956
8213
5845
5403
5415
9259
4372
5765
4588
6951
9405
4031
4263
3319
9370
4581
7897
131
5513
1883
2544
155
1589
234
7369
8899
1007
9596
9364
7291
4600
7028
9541
4240
4924
1696
1779
4393
2387
6784
778
913
3567
3079
902
9451
6374
9077
7229
978
9896
2989
1243
9679
3335
9384
787
2494
193
6277
527
1411
9548
3675
5539
1256
2707
4516
8938
265
5832
1352
2559
6616
9745
2684
2660
7102
4787
6971
8376
2467
6201
590
6837
202
1900
8600
7959
5736
918
9038
7951
2188
3733
1561
5838
4491
5105
9857
3272
3804
5523
7336
1764
3981
1882
9201
2487
5609
2027
8671
5544
6350
133
7474
5979
3368
7792
1789
9180
389
3305
171
8478
8994
1709
6928
2256
9451
4849
1120
7240
1358
9952
6387
2686
3857
6280
5329
8352
7142
7015
76
924
8064
9753
7655
6929
6413
5783
57
8912
1910
2595
3848
7790
4029
4001
3630
6304
9798
852
1879
9371
8290
4643
5652
8250
7363
9888
6708
5356
2229
7407
6409
2581
7788
998
4262
2963
3877
6619
2123
9604
6025
4681
1642
6587
624
926
2723
6417
6701
3323
348
5980
3848
8330
6068
3838
1009
2009
850
8091
5942
2361
8382
3799
2155
4933
2302
3432
1429
2549
3905
2339
3852
2279
9772
8878
6648
483
4579
2434
2254
5883
3854
6691
4588
4010
2358
7294
8817
7069
8208
7220
4477
2540
7732
2024
1481
2210
2481
997
2038
4557
638
5130
4020
1520
1860
4747
8330
7704
595
6651
528
7272
5422
1674
2661
6184
1978
2325
1257
4609
2811
2248
1332
1812
2750
1635
3594
4129
4616
6103
4274
7895
3054
1207
1607
2595
8939
2061
4733
3587
4898
1052
2044
8588
9956
7175
3052
2561
4464
5104
2487
6528
7160
2169
1136
1077
7224
1171
4
1582
5932
5266
2300
1021
8439
9677
2613
1872
3912
1998
4989
639
932
6263
2070
514
1471
7219
6343
5115
2083
1488
4172
2606
2863
7579
287
4443
3197
7161
5910
3343
1059
5551
352
1132
9568
7627
3311
2547
9860
1809
3826
2864
402
890
9558
9918
5215
1908
3183
7323
8127
4270
6135
2217
8937
2384
4609
282
4797
1999
1252
3306
6505
7334
5496
5222
246
3547
895
2934
1734
6529
4335
239
6035
9415
7144
4956
7249
1892
2586
3104
9673
7637
5705
5382
9039
2746
6166
5708
3352
7777
5188
7723
8947
1534
3159
723
829
2856
4540
9232
4663
4499
4145
4247
8817
1535
2211
2735
6573
1128
8101
8939
7590
999
3900
4476
6997
6427
3680
6568
2272
6277
562
725
2470
9620
8838
6575
9932
663
7105
2757
5648
4613
2013
7867
6289
1117
1357
1652
9592
1356
4405
1751
8240
2404
952
6994
5753
1739
3177
7448
7699
6209
2195
6037
7508
1896
862
3215
4428
6244
6195
7183
1861
1833
3997
54
4251
8954
7630
3521
4588
392
9011
2730
9010
2353
780
22
3947
2007
6279
4435
5090
3214
1360
8031
2955
924
394
2584
4982
8563
333
8538
2353
1673
4520
8500
3996
5531
7762
2509
15
9362
2258
6274
1073
8278
7574
6824
3804
4929
4678
2353
2633
9861
8546
669
6823
3631
9723
7068
514
3517
8322
3496
3582
189
834
7926
8902
5498
5997
7904
3438
9936
4561
6576
9396
7303
3682
1958
6012
451
8428
295
2305
5643
3454
3035
4525
1962
144
1608
3737
3931
1583
8326
2172
6750
7500
6262
2308
3197
261
1346
8123
1568
1925
8272
1669
5186
3431
6164
7608
7364
4882
5029
9873
4221
2239
7623
3355
5643
2379
8830
8384
9555
4585
7176
1101
1268
198
2942
6877
9901
4935
9598
3681
8082
5959
266
2140
2908
7601
7003
5799
6704
2525
8650
9360
1712
270
8225
3541
3239
6156
1150
6449
7070
9946
6554
6278
2500
1920
8899
7997
1041
3612
4540
2662
20
1099
2963
3314
8380
8947
7160
2433
3883
7144
930
5814
1163
4894
2047
7187
9393
5092
6962
3714
85
5032
847
1018
1451
9544
1038
374
8984
4629
8702
6729
2300
1852
2740
4252
907
6679
2729
9532
2092
121
5910
5309
9783
4381
5884
1038
8233
2876
626
4222
9137
894
6802
517
7966
8957
5005
6977
1310
7247
8674
3240
2086
5559
4712
6740
2257
6455
1104
8225
9538
5676
9131
7706
8943
4508
9944
4779
8257
6030
775
3038
4455
3328
3516
4609
2437
7175
6238
6267
1478
9938
4459
5905
914
684
8260
1887
5595
5913
5856
7052
6031
854
9343
8358
8005
9212
8498
1673
214
3904
2012
1780
3198
9050
7974
6066
8568
9576
5090
6021
928
3157
5654
1368
2572
2998
8736
763
2071
1906
7380
7486
1930
1070
5089
6412
2197
2699
6463
6215
9227
1451
3204
4797
3924
9519
5042
4003
7842
3310
4474
9516
9738
3809
9735
5387
4159
3867
2997
9291
8708
2209
9485
7349
5376
1801
2593
4799
9208
4570
1114
3717
9899
3688
9193
2992
411
9885
6413
3242
582
6657
512
1045
438
776
3770
6652
8848
1961
6635
586
2218
4870
42
7398
581
5832
641
1947
3651
4700
372
7958
5677
3997
6323
8290
7839
4506
1664
475
7660
3491
828
5935
9729
1101
8243
2967
358
2608
3979
9854
4541
3328
7571
265
5072
7071
5694
71
7073
3883
3455
9061
555
3061
9674
5345
1077
2490
1022
1513
4960
2227
9018
6057
1234
2097
7695
5075
2956
7377
3626
7791
3481
1297
5709
8757
1389
5024
1246
5177
7944
7659
1290
86
4601
2690
5828
3662
1928
3864
1538
626
7211
2406
2942
8781
8274
4764
2846
5590
6982
7260
7379
6116
2068
647
3214
4789
916
3739
9528
8762
4430
9723
6099
5974
2898
9236
7341
9944
1883
7870
5383
8435
2448
6403
9201
2501
1093
9317
8481
1770
557
7788
1309
7577
7493
758
1201
3215
8345
5623
8742
3349
6095
4044
750
9067
9373
172
1033
2976
1069
5730
5375
5730
9256
3892
3131
3868
6869
9656
26
1046
2352
89
223
5939
3877
1928
3136
764
3384
1445
1357
8015
2195
5514
471
9114
2963
280
9700
4276
366
5115
3926
7945
3998
5680
1570
1618
9705
1661
8035
2723
2638
8124
431
8763
2270
9203
3137
8806
4583
3750
8584
94
4446
1003
8372
7743
4219
2701
7634
9147
992
2913
1328
7917
1879
2636
7330
1687
5102
5960
2645
3514
6705
1450
8686
1862
3412
1312
4909
1648
8272
8973
362
5183
5962
1066
9916
6751
5935
3409
635
6682
447
2463
7467
3127
5885
5703
7486
2093
9316
1330
7411
7538
388
9695
4299
9314
2210
6202
2807
2709
9621
851
2611
2662
6784
1004
5686
9814
2515
8447
7708
4233
3808
6317
2874
5697
2312
4180
2325
818
1705
8535
9948
3553
8364
5314
9792
1746
498
3795
779
2814
6053
1487
8278
175
6648
9805
8623
775
3378
9454
2123
177
2430
9006
7673
7920
767
204
1927
7929
4087
314
8517
7728
322
1896
6422
8049
2566
469
5125
2958
3830
285
3517
1917
2215
8431
2314
5361
4018
903
1419
1149
8011
8750
2635
1199
1403
8743
6817
8986
736
3094
6502
8104
2032
7565
9715
8132
1341
6285
5557
484
2526
5010
1515
4814
4315
4300
9937
2225
7712
2864
3579
338
234
5746
8125
2642
449
7595
1784
7809
7325
5282
2405
131
2572
8806
5637
2932
7736
8811
8616
1203
9494
9026
5904
5108
8996
1280
9787
3611
6574
5475
3613
9193
183
3878
9621
2936
9149
4629
7593
4770
6456
1732
7084
2196
1565
4938
2717
4409
8533
3775
8725
7268
5399
235
7342
4538
8177
7982
5283
224
501
4472
2507
7418
1398
9009
488
1233
4824
8841
9272
8503
423
6519
3748
9030
9183
5349
9927
2782
5736
7178
2662
1007
4218
4902
2463
8631
8999
3935
7725
1882
2703
1186
7219
1275
1583
8983
6451
3034
868
6528
7822
8662
8452
162
6261
5535
8904
5023
7737
4824
5514
3175
619
6624
3235
7654
9404
8406
2766
654
769
8575
6932
4256
4501
2519
5372
9799
8346
6777
8461
9587
8513
3163
1161
2400
835
1258
284
7307
8124
2800
963
7904
1320
1256
284
418
5034
4203
478
8866
7661
9403
251
678
4314
9459
4324
7731
9370
7
2087
5510
9821
9240
9927
4948
6043
3151
662
85
1799
5531
4875
6715
5196
1157
3744
7961
7731
1855
4531
5746
5058
6401
3038
7519
5358
3130
9695
9972
599
3210
4017
9095
4488
1325
6462
5975
8337
5570
7922
2371
8213
7332
1436
4176
6738
2749
8066
639
1838
985
5308
452
9213
6251
8977
207
7831
3891
4135
166
999
5982
5360
3499
6760
1466
3231
97
6528
1985
8785
479
8314
3541
59
1302
8322
9860
5486
7177
3206
6709
6298
5828
4257
4741
6769
1475
3435
355
5521
2234
3592
853
7770
7481
4087
8908
1337
8384
7308
1566
4992
9089
1792
6050
1552
1091
7443
2665
7079
8069
9185
696
1742
6695
3914
6128
9488
5181
9846
9399
3126
2720
7582
9470
3448
7097
8191
9450
4335
9411
4196
2596
4357
177
7072
2245
3655
4696
3950
9807
6172
7703
5861
5641
1750
4326
9793
8249
9690
9722
9003
1683
5919
1209
1758
3645
5140
4006
2289
9915
2712
9913
6890
763
8008
9621
4080
3301
3799
6309
5579
6273
7696
534
5294
9732
1655
1974
1384
1878
8777
4621
6054
8896
9794
2675
4505
9836
4434
5461
47
5386
8353
1365
1911
9162
7616
7827
1481
1417
9108
1040
2418
9989
4363
1087
6577
7710
952
1048
5007
9667
1455
6707
415
8218
4809
2369
382
1904
7933
8786
7689
263
5599
4463
902
5527
2632
8042
9442
4287
8104
7691
2441
753
9433
2247
2006
2575
3301
8762
390
7201
218
8404
3004
8913
3483
6460
8012
1119
8316
9663
1882
6149
8488
820
6153
2239
4117
1870
1333
8921
1768
2566
446
3010
5004
9733
8149
1118
7584
2186
6857
9179
3631
498
709
7446
9731
334
6662
5098
6042
3846
795
6725
9688
6794
4016
9080
5379
6515
327
589
9717
5659
7410
1373
5427
9330
4776
2857
1317
1437
6083
4942
805
8318
9158
5128
2689
8593
7960
9921
3176
7156
6865
3935
4326
7958
7020
476
1333
954
37
57
2316
8944
1135
5098
9423
2422
1459
2159
1710
4782
391
9529
4165
8312
8241
472
7368
7815
1412
781
1271
6539
2969
7982
7225
6337
1755
3789
1910
3586
1104
4643
3039
5313
1778
5315
5196
5993
5444
590
8430
8001
4462
1563
3913
7002
3826
6839
6759
5501
3355
7516
6248
9011
4548
89
4602
7640
990
2726
3116
1817
7383
2690
577
2405
5675
6093
2561
4324
1009
9037
2542
7791
5331
8135
9094
3742
3279
7551
5259
6664
6301
128
9044
8890
1954
8039
5135
5084
1556
1168
8740
4182
6990
8034
3320
7074
455
611
6347
2829
6701
3877
2040
68
679
9913
6533
716
2705
9723
6952
9999
9587
6033
1142
4386
865
5102
1665
5576
3694
7637
1406
2047
6780
3828
8288
9858
9932
2220
2984
4221
8742
8044
4614
5492
2253
504
6366
8475
9711
4255
89
7887
7672
1752
5634
1013
1874
2813
3961
2469
1708
8058
1527
9613
9582
8724
7725
3275
1971
1676
1160
6814
386
2728
4876
5641
7973
922
9275
4866
7873
310
2614
219
131
3983
5093
9883
2604
4788
1484
1098
8846
5765
57
1145
5254
2393
2507
9061
7860
8850
1164
4516
3626
148
7137
6840
5350
1292
2017
6106
2273
837
6634
574
4428
4061
3701
2172
2180
1841
5097
3248
6884
5971
6791
2040
6864
5533
1503
2633
8471
3780
2774
1304
1955
776
4338
9098
4254
7440
9132
5710
9496
7046
9476
8977
7613
730
6183
7424
8465
6872
880
2682
6543
1289
3774
2231
8980
2629
9445
1392
2562
6678
135
3991
7606
8879
7411
1641
5200
1536
1231
1086
4857
1167
4340
198
7386
140
7813
5247
2526
8274
9085
4089
5371
4511
7424
2776
7671
6426
6290
1952
8483
6867
7941
7748
6013
2505
5918
2911
8293
5927
2242
8653
2415
6460
2413
9933
1036
316
4409
8082
5232
2699
1352
9661
8797
7534
6409
2039
7746
7928
8924
4614
5228
3840
3135
7815
2414
2438
1881
560
8759
360
8340
1482
4963
9969
748
8617
3740
6691
7865
6734
7891
8883
7319
2513
1841
2428
2707
6747
2749
7456
5630
4420
6916
8970
7031
2265
5251
1543
1486
1460
6943
6465
69
2717
6798
4232
7155
371
3026
9339
619
6544
8843
2760
2485
7743
2939
3143
9903
926
2198
8063
7152
2867
4488
1031
5961
4770
4466
2650
7848
8932
3839
6037
2994
37
3715
8345
2544
4066
4308
1269
2894
6748
9636
6820
341
9660
7349
9327
8302
9733
8171
6588
8394
7899
9536
8975
2328
1832
8742
5141
6536
2745
4501
5517
8753
5015
250
9658
3049
9487
2589
9075
9280
3881
8849
104
247
9026
8216
4208
5344
8391
4892
3661
3954
3912
1533
3624
3557
23
1025
9424
4521
7418
7399
5985
6763
2054
4146
3783
4499
8403
757
7813
1089
7316
5503
4386
9549
5815
3801
3955
721
2191
1916
5406
5361
46
4016
445
1438
4278
7473
6928
8468
1148
588
5929
5284
98
175
2886
1355
1796
6819
1653
1241
4783
8418
7989
6990
9221
4724
2139
202
2022
9237
4498
8304
1891
6699
7842
15
9596
5740
7345
1966
8591
13
8478
4828
4748
1848
153
3300
7101
1136
2171
5962
1318
6854
4732
8246
4882
9487
1446
2863
7137
8351
9110
8166
5960
6121
7797
6644
6576
7753
1387
2772
9139
3970
1400
274
609
1413
1506
4183
963
4721
5584
9263
7555
7104
4991
8682
7658
1710
4732
8331
4088
2256
3964
7259
1801
9471
761
7517
8652
8641
9089
1099
5876
8642
2639
8757
8949
2620
9415
2014
2014
8174
5516
5698
2487
1431
4630
7828
4382
1841
5022
6772
2263
2691
9282
4824
1592
761
9062
1080
2085
5038
7681
1323
3863
9798
2011
715
2805
9662
139
4499
2566
1685
232
8665
9650
840
6073
4908
5579
6507
1690
1669
2176
7362
9070
7029
7784
185
6902
4622
5976
609
3713
4749
1846
1095
9507
8201
9109
2055
8200
9034
1383
4389
8169
9338
3702
597
9998
6073
984
9156
7048
9814
8880
3773
8359
9736
3747
9230
5892
8738
5017
3932
4760
2375
7790
1308
6990
2746
2091
4233
6375
4414
1974
3951
6874
9443
9374
9180
5343
1637
9551
1123
8046
1306
5788
7108
439
203
7599
2796
576
1805
6735
8912
9421
9363
4399
4332
969
7493
8822
421
1231
4659
4298
6980
6831
9540
6990
2094
4838
7140
9445
3334
6276
6797
9150
9580
7922
915
1140
8142
1848
5515
8727
9893
1787
7801
8067
6415
3653
595
1962
8057
361
5187
4765
4144
7637
2445
4180
8057
4998
3985
5284
2893
738
4713
8043
2139
3379
223
5390
406
773
7630
6949
2724
2506
2237
1635
1692
830
9051
9775
8841
2380
8343
8998
6762
1823
2578
9702
7283
600
1570
3666
8198
5073
5090
4381
4474
5938
9998
577
1555
5819
930
7427
1992
3245
5855
9928
1121
8464
4872
586
3212
4161
6165
1836
8505
1033
4904
2376
1492
1912
7921
7639
1061
7563
2976
2911
2245
2985
2445
8916
9735
99
4273
1783
3783
1171
9822
1451
1840
5449
1676
8327
347
6367
4857
7337
8167
7082
9406
3863
3906
8525
759
3935
2887
9426
9500
6739
909
1225
4998
3538
4382
1366
2590
4474
2923
2765
1176
2225
7812
4267
8098
4224
5394
685
3078
6002
9658
6427
4904
1414
952
8282
264
9563
5727
5461
3567
3512
3601
4562
4781
9556
8353
4779
5829
2787
8502
4475
9414
9186
882
5862
3316
3400
532
4298
887
7554
2009
2928
3532
9590
3326
7293
5249
4155
1222
1699
159
4767
486
8983
316
4062
9620
139
13
6844
53
4830
6489
8487
5253
7527
5353
8281
3916
6468
8038
8161
3842
5093
5205
6837
3224
5451
9750
386
6134
4991
2042
9347
3232
5970
2585
7834
8510
4655
7242
2362
4144
7855
225
8263
3011
6724
2773
1356
2431
6425
3973
5975
9958
8829
381
6143
6050
910
9200
1848
5109
7882
3584
8924
3951
794
6733
865
4943
2938
1864
2364
6076
5835
6433
7566
8596
5559
1925
9013
4472
9952
2302
8361
6449
9161
1126
8860
1475
1144
8727
1351
2381
7565
1403
8005
4548
6985
2066
5129
5014
8716
7072
6529
7124
370
2320
5725
8803
6308
2465
6643
7166
1088
798
6368
5591
9575
1756
3639
7909
825
387
917
2836
3105
8198
2222
138
1860
3116
3518
8881
1412
6602
776
63
3028
9261
7461
1075
7593
2893
9063
6377
7666
2455
264
3718
7141
2664
3026
5260
3943
3165
1787
3712
3741
7208
1750
7338
997
3047
9200
7349
6803
265
451
1939
4694
6614
7766
2450
6503
3959
93
2238
8539
8902
5060
578
1867
317
4104
2175
8278
2972
1649
1840
588
7752
2357
1501
998
247
734
3579
6360
5656
2672
3002
4511
9611
2553
7844
3708
8016
7453
8090
8056
6990
3921
8275
8399
3433
9554
3276
4337
2650
7407
7462
7698
6926
5410
5012
5017
1738
1425
8616
7906
913
5681
5005
5413
5938
4190
7296
5581
2436
6157
8773
7118
2203
288
8499
6026
2337
4888
7447
9185
4732
2416
410
8231
7907
7874
7934
8939
9762
6556
330
9432
251
5027
1202
3062
209
5314
432
368
667
6824
3394
4887
8017
5759
3593
4209
5134
3983
9547
905
5915
7541
2874
2756
4411
4014
7361
2436
7962
2331
5
9103
1195
4619
820
2438
3971
1190
4767
8197
9465
5666
7037
4312
3772
3909
1020
1520
3239
8018
1465
3081
2589
9036
454
9252
7942
3697
9125
1735
9674
2463
8516
4191
9053
8435
118
9547
5694
123
5695
4891
603
6199
3516
6603
4033
296
7829
3936
1380
3769
2770
8611
2545
7901
2812
330
1603
2385
7794
3028
7926
6058
4618
9381
2439
3283
5798
355
3544
8574
8205
2623
4697
3068
917
3992
4763
4161
1721
373
4829
844
5592
3121
1558
7116
260
3254
753
1139
6673
4588
4382
2494
2192
9524
3283
7104
1591
8448
7085
7746
5165
6503
2906
984
7768
2500
4383
3961
7223
1621
2168
7216
2500
1560
1275
3346
992
8215
2355
2791
3335
184
1456
7603
1939
1348
9588
2371
9969
4605
5573
9766
4567
3514
9701
4727
2389
878
5479
134
9507
7584
9764
8159
7570
1603
5799
2472
29
4518
5622
9598
1326
1844
1903
896
7978
8992
1608
4394
3841
6162
723
4268
3991
8050
96
4673
9080
2726
7563
6802
1632
1098
2818
1778
9141
4716
8926
6825
3041
6113
8608
5585
2925
8150
1995
1107
9542
1230
3969
2372
1449
1477
5651
4574
1666
6377
2421
9562
869
1607
9841
67
719
5176
7083
7311
1525
6151
8616
3480
5286
9883
2678
3146
1918
5941
6637
8944
2692
4247
782
44
5943
7172
396
3220
5411
465
2784
5435
9530
2108
5683
2482
7301
9173
6090
8528
5008
9422
6994
432
2674
1821
6979
7503
825
3081
7662
4332
1377
8867
527
3983
270
6414
1930
9191
3695
8631
8898
3934
8332
5371
8152
5816
7028
2617
9446
7563
9672
9064
8641
423
702
5332
3966
6713
6433
8459
3833
8117
2955
3322
1175
9120
3351
5108
2446
3453
4575
6596
727
9530
2049
795
7238
8286
2379
2443
67
9386
6038
639
2301
2645
2754
6751
9409
1664
5972
1987
6370
8655
6080
483
7826
456
2844
1235
5
3422
3994
3019
4312
9528
1427
8805
4332
2853
6483
227
8656
1795
8899
730
6415
9973
4567
8764
2383
6079
3704
7365
7891
7986
56
3397
5070
1357
7907
9984
657
2966
248
5670
1769
6832
8716
846
8810
639
347
2187
1983
5425
1781
2476
3582
28
9763
4225
9750
2040
2628
1024
3473
4601
2073
1451
3572
2490
6437
8618
3557
694
9522
6961
231
9941
4897
9394
8685
3036
9045
1945
7371
6505
4185
6215
6098
6884
1551
3398
4442
8936
1714
8712
9592
1736
8909
9741
72
117
5066
9900
1374
3376
7583
2238
5669
1894
5224
5177
1658
9593
1061
7767
2684
1333
2643
7131
421
1059
6561
8422
2707
4514
4201
4437
2414
6313
5224
5231
9094
3338
1929
380
2649
816
8090
8728
1837
6857
5390
5480
5130
4602
0
8090
1866
4571
9658
3140
5468
5059
2710
1604
5806
3828
2064
465
7803
1702
8038
9533
5702
6846
3901
4870
8381
5448
9816
8294
5801
1828
887
5847
7895
8809
9059
459
2168
946
3705
8712
1552
5069
6865
7134
6606
3057
3249
5617
3018
6021
9488
4427
6570
8167
9354
1965
964
7213
3891
209
7933
6639
7648
7315
1207
9407
6548
5363
3095
5256
293
3807
1447
2021
2713
2131
2988
5684
9970
4208
542
3835
9592
807
7857
7663
2635
8525
8020
5267
2094
1153
6391
1186
8638
3005
3248
2806
1432
2394
5754
3424
5372
4943
6561
533
6302
7303
1678
789
3178
4339
4258
3397
7964
2501
7328
5761
2357
2428
1329
5220
266
2444
935
969
5557
6004
6365
159
9500
1320
4566
1440
7454
1366
9051
7203
7087
4582
1651
284
9797
5140
7738
4940
2098
7980
528
4016
3106
5347
4076
6365
423
44
3580
7081
3315
8714
9832
3542
7189
9316
6203
5365
9962
1641
4181
9548
1353
9488
6251
4445
1016
3994
5957
673
4609
7589
9078
1286
8204
7210
4663
2737
1409
7321
2412
3447
3855
6268
2614
4245
525
5430
1703
6856
8882
2590
2437
2595
3267
7708
1073
8086
3998
2079
9112
6497
466
9083
9615
2027
8006
8969
2894
7591
2716
2283
1595
1298
7853
5885
3373
2771
6187
6119
4362
5930
642
2061
1233
5060
2115
2336
7791
7145
171
1592
1559
4756
2524
385
7616
3527
542
5365
3793
5099
661
346
7545
5756
1960
1978
2167
4372
3204
2481
3547
9912
8704
3395
2147
4868
9542
3874
1385
4868
9702
226
4590
2545
3226
8533
1870
8672
9173
9401
8257
6945
2210
4333
1046
9245
1563
3815
8750
2451
198
8550
1935
8955
6967
2017
9216
9164
2305
1936
7387
5625
3199
7759
3655
640
5665
3496
3416
7650
9403
2335
2402
5733
9451
8941
7901
4257
9082
621
9799
2396
9204
4706
5518
1575
1897
3317
2342
1541
7819
1833
1869
8324
6597
3930
6662
1801
2522
4361
7665
9013
2064
4746
9274
6045
4056
9040
4456
1649
140
8183
8926
4335
9082
1501
8066
9126
4870
9237
4949
7573
315
2464
9746
237
3508
5034
8450
5235
7132
3147
5042
6910
5667
9942
3317
1681
1117
1376
3133
636
4635
3303
9430
6556
9340
6895
6658
257
9824
2742
798
6519
1916
8424
8184
1469
1812
8390
2489
6599
9649
3750
9283
5556
8519
5018
1435
5654
7019
102
9668
9446
5664
8284
8778
4853
1842
721
1688
4751
1138
5062
7168
2381
9860
8950
5954
485
5361
6809
3005
3533
879
4709
4672
2001
9367
8095
7457
1899
7091
9543
7574
5725
3360
4744
1362
8708
808
5751
9624
9690
225
1207
1675
86
3741
7923
6845
7526
7801
9659
89
125
6749
1967
4330
6129
3992
1080
2142
1860
3485
366
6440
8894
1063
9798
4036
6816
8340
1102
9184
518
4470
7220
5457
6538
1037
1099
718
3957
7695
7329
6293
6915
2774
1641
9162
6182
4148
1379
414
3430
3477
1711
3639
6737
9145
8816
2283
4324
1660
1593
3455
5516
9995
4630
5516
618
1582
7171
748
9509
6163
5703
1094
1949
2353
6194
7853
471
323
2948
4122
8191
2222
6295
5383
9870
8418
6490
6812
1123
7581
1155
7782
263
1655
4289
8550
7665
3093
3941
654
2918
7536
9984
902
8669
4006
3787
7929
7380
4512
5237
340
2465
1704
9773
2897
1739
9492
3004
2493
8026
3563
1124
3576
4234
8579
9779
948
3931
2877
4917
1938
2346
7645
868
3522
8023
8607
4462
4694
6413
205
1486
4776
3499
2848
5205
3487
4159
655
9569
5599
7823
2188
244
5567
8676
5861
3997
6032
5947
6125
7183
4940
7724
1057
7314
7513
4644
7678
2899
2297
4380
9636
5959
2830
6047
5113
7529
7766
712
5523
8416
385
2522
2862
1899
9026
5960
2868
2572
1281
8398
3149
3529
546
111
1081
4828
1770
7913
6803
1187
9901
926
1005
3943
9595
8549
6897
6324
4129
1640
2621
2801
9746
579
8404
6881
9771
1294
2170
7686
3873
3478
9379
5854
191
5109
2522
7181
8712
894
7743
6055
9979
6821
4020
1750
1564
3130
7897
1339
9812
4487
4744
2535
9027
9668
1223
621
2461
2719
7842
9781
674
4304
9835
8993
5853
2204
1690
1928
3856
337
1850
1638
1079
136
9886
3950
7687
9428
3987
9733
7065
6865
1715
4630
7744
6675
8851
5959
4007
8340
8223
318
7188
8737
186
9659
8350
5428
8103
2123
709
3267
67
9479
2298
9015
1311
1666
3842
759
632
7771
1451
4748
3804
3705
5103
7702
6699
374
2923
4627
7626
4556
4138
5555
1222
6441
3518
9934
1071
4606
4176
4865
6750
5760
511
2723
4215
8754
2836
9663
8416
1894
139
6944
5545
4351
1707
5303
2536
3224
5507
8118
9100
3239
6415
1050
558
863
503
8182
354
4
6093
2290
5843
8543
8672
599
1541
8384
8875
5124
277
3183
7018
2327
7445
2177
3386
1245
9251
2331
8600
945
7197
6434
8599
2435
9221
1858
7292
992
7208
7208
7984
4682
9176
8822
5805
4810
6684
1986
1386
8108
7039
125
346
900
4277
2113
7365
981
2083
3571
2354
5315
5207
6937
6670
6134
592
1938
6887
3724
7157
3362
5541
2103
933
6706
5956
3122
5593
6488
3962
6031
1878
8615
6164
7205
9553
1819
563
240
1397
6813
2999
1790
7919
1332
1832
3319
7647
4848
5601
8395
1698
2168
9678
2123
7656
5238
9242
3371
1897
5366
7122
2761
8622
6420
3823
4141
2753
2742
9594
2905
968
5509
4545
8240
8860
7228
3922
6081
4005
7913
3058
1557
1066
5588
4409
468
6531
6575
6329
8987
3494
5889
5550
6909
7923
8719
3221
7447
4865
4591
9702
2074
5868
519
4311
3658
296
3256
5234
1257
5643
4160
4958
2599
9761
3838
7272
374
7102
3042
1193
8999
9782
8054
9152
8005
1080
5328
4799
5688
1139
3623
1357
5591
4581
8404
2929
7109
5994
1837
7757
6605
3658
5729
9253
9270
5491
926
8904
8763
8502
4374
1119
9741
8895
1174
3702
7563
6223
9003
7842
267
35
4360
9192
2219
7947
6538
1575
4958
5693
887
2111
7390
7029
2163
8262
2150
2995
4650
2402
1769
511
2180
1176
5906
4941
4532
2965
6309
4888
8843
9414
5417
1513
2345
4768
2703
1925
765
1972
7464
632
2109
6907
9799
1561
3180
3794
9128
221
8300
3320
4746
798
2711
5272
5021
9059
2253
2100
4185
971
4121
4358
3734
9803
1381
9338
9767
2066
6040
4683
9423
9085
996
6622
2000
944
7607
2026
6447
9384
6189
8613
2259
8325
2389
2328
7448
2830
8432
5965
4819
721
4281
9128
5117
2336
6293
1084
9819
97
7488
8053
3994
4237
5771
958
8612
2283
7208
4152
8719
8667
9187
2161
5326
995
5045
7347
6378
7634
3712
809
6583
5509
5112
5188
5062
817
1227
9589
5720
1807
2111
8206
9933
1835
3972
1015
6230
3975
93
4676
2326
7761
3654
4775
1414
6305
6381
1401
7837
5290
7001
876
1534
1820
8106
82
4663
155
292
6889
2308
867
4318
107
533
832
1400
5881
7903
5070
2841
1414
4781
7854
9744
6957
2734
1340
6747
7820
6212
1886
8226
9040
8182
1264
1099
1898
7847
5055
4152
1953
6404
8837
5923
2035
2984
4450
4878
7746
364
2498
1139
2727
9189
8874
8629
8903
5184
6599
9424
8768
3194
5012
1105
5102
2542
568
397
9270
5843
666
4492
3441
8513
6860
3383
7281
1772
9117
9489
4024
620
5547
2552
286
3197
3955
9745
2208
3877
2170
4041
2487
6072
8228
7617
1325
1554
1579
5885
4141
1008
9168
1258
8647
2823
3969
561
7977
4222
8292
4102
9059
1070
3095
4816
9076
8344
8793
6313
5396
3139
498
3166
6708
4966
6598
759
1368
1372
1262
7620
7299
8533
5947
952
87
3802
4314
5961
4038
6017
5877
5850
1356
8858
4667
8605
1857
703
6762
9817
2211
6515
4675
4006
6294
5595
1158
4559
4114
7363
3411
5829
9014
3673
658
2801
4443
6834
4402
2728
8689
143
8337
8416
9116
341
4910
5405
235
4717
8266
5526
2270
1231
149
1173
8360
6510
2741
6828
7077
6876
7994
2618
1163
4520
1693
2587
5322
3753
5856
4180
8464
7954
7049
976
228
1093
8058
7940
3595
4890
6918
9735
3173
2025
4722
8394
3331
9096
9856
874
7468
943
4571
4734
6170
4762
649
4353
3262
1142
5421
2744
3210
3629
5948
6499
1222
7610
8996
2508
4633
6856
6127
4232
3924
1792
4080
5095
7711
4802
5280
6559
4954
7052
5057
9093
7002
3682
1687
8694
8493
2031
7726
1020
554
1420
2182
3445
3845
3893
2197
1116
6590
8022
6980
124
449
8170
9030
7049
5780
6210
6056
9238
599
192
2017
4489
7174
7870
9411
8933
8172
3136
4224
1780
6964
1175
1633
2359
4009
396
7259
4877
6019
9687
359
1249
5609
5246
7202
2964
7897
434
2435
819
2400
6282
4839
9888
6277
5041
9922
4948
856
3153
2548
6907
3922
5575
4449
984
7321
8497
4421
2311
5547
7688
7591
761
4717
9090
2405
6193
4966
8487
6171
1471
8043
448
3562
3366
7211
213
8062
4879
327
2758
1625
2923
8990
2897
6752
1913
783
7077
3518
2113
53
1754
9797
4544
1724
6690
8042
1961
1201
382
516
2386
2143
9802
3342
8702
7893
4002
176
7884
1762
6313
9328
2055
270
4253
6165
4938
3859
1471
9503
2084
1552
3389
1306
5035
8567
2545
9864
5669
8599
5563
7466
3014
6245
5136
8928
6020
2315
9858
4109
9680
33
7394
2058
2874
1946
3586
9049
1932
2938
3464
9682
2967
6016
7987
5187
2932
3050
9311
8746
7356
5230
8005
7746
9361
8820
9226
5714
8382
3312
6825
913
5944
6939
8793
7925
4124
3212
4909
500
265
8576
1292
2010
4611
9314
8245
8771
2721
8204
9916
3446
4467
2476
1752
3588
2923
8034
4062
5925
7959
3203
4017
8674
4439
1209
2517
6336
9190
4872
593
7119
1096
1017
7936
4037
9807
6804
9695
5365
4381
1220
5443
7842
6327
2265
4745
5961
1755
684
5321
7959
2625
5911
6148
1446
5658
8499
4258
7346
8861
9980
3082
4242
1077
4675
57
1190
451
2682
6227
9776
1681
3455
1723
8166
2428
7072
9458
4568
6638
4325
655
1512
6601
5908
760
2025
6646
4158
7218
6128
8571
3191
415
8707
3413
3651
774
1256
8617
8930
1804
8313
4944
1486
8273
241
6908
2678
3963
618
436
2376
6937
2460
4278
5445
996
7470
2706
7700
2755
212
1157
1419
6228
6089
9570
1742
711
9905
1015
6365
453
493
7220
527
9349
8833
8543
8183
4697
4054
3216
7951
4721
6267
4689
5615
65
8050
168
2800
9736
5013
1336
5944
1461
700
2034
6909
5885
2393
1766
8057
96
2866
2584
1012
133
7237
3515
5988
2633
792
2653
6620
2073
750
7039
2524
6776
8298
3619
1124
713
5533
6761
7530
2652
2828
9851
1275
5351
4633
9629
1447
426
7951
4432
2010
550
2163
2650
3518
2638
6546
861
5354
5216
1616
2407
1123
2765
1486
6965
204
1926
4659
1427
5786
4699
2551
2025
9423
3554
2120
8005
3463
9499
7006
1651
5049
6977
5444
4180
2564
4114
4705
9271
8053
2348
2450
6518
6907
9743
9624
6840
7267
2650
3165
7800
3630
9807
3159
4118
95
9688
5474
7702
2637
3733
5556
8624
8583
9473
1261
977
4405
4828
8457
3101
1071
6418
3666
2499
384
542
6222
3669
4760
2026
8647
1925
4524
8539
3913
8244
1733
2155
5961
6935
5282
4086
2333
1815
7995
5608
1685
3320
1925
2615
1429
3066
4930
8525
9090
3650
6437
2539
762
1665
1003
2231
9351
2786
2479
8764
1105
9245
9702
8581
1673
8559
1021
9877
3101
7656
5597
3874
2845
6130
3024
905
7050
904
7078
7282
6610
2383
2196
6996
9761
7770
9537
9129
8642
6770
2050
6712
7001
5753
765
7504
1351
71
5556
3256
6831
4659
7866
4741
2578
1733
7207
8730
9187
2142
1890
2220
290
1280
871
6953
173
8243
5300
5032
9478
6612
9399
1446
5365
191
4149
2213
3328
3612
6835
1974
3994
4067
6498
5132
7252
4333
3466
2418
5975
564
7908
4851
8260
7567
6215
6574
3225
4841
5690
1470
5462
3515
2934
2098
5938
7709
8767
5210
6582
4254
4416
1083
9332
8148
9062
3948
9414
8304
5163
9433
4287
3745
1657
5903
4820
5872
820
94
1641
8635
5032
1952
9789
5025
7148
8926
2725
2773
4936
5446
6919
3420
5637
3998
8026
5721
1110
3774
1201
5427
7911
4533
2496
284
2772
5317
8338
2704
9534
109
6884
7900
9051
907
3537
1628
7070
3960
8470
878
2662
1088
3557
8232
3909
6966
5055
3865
9598
9178
7105
9361
8929
8082
7715
4272
8871
6721
5061
7507
6041
6517
9154
5755
3164
274
2906
2919
3811
5891
1886
246
1648
3990
5308
4924
7662
9068
1370
5155
8405
1175
2264
8403
450
3270
3026
6357
8972
8487
1890
6069
1809
4815
4623
8051
8012
2913
6448
8665
6261
5178
3191
8417
2993
3513
6098
7137
4164
4979
1129
4246
1107
10000
4177
1024
8022
8889
5781
8207
1785
9908
2547
2647
7144
3332
3731
1662
7339
3664
5072
3274
6620
3411
6870
1188
255
9941
4977
5918
1232
6683
8288
5761
5443
5098
2691
3101
498
3795
2066
6986
186
7786
8641
2314
4605
8760
1183
7253
2875
9345
3098
1327
3165
2248
611
2622
3919
2770
6111
4191
7227
7285
7
873
1607
2366
2777
9623
2813
2445
9471
9178
2272
9846
6898
1374
1120
5092
9363
9273
518
7697
1674
3750
9189
8942
6375
562
5872
6245
8787
579
1054
7198
4953
1783
1196
6919
7289
8512
4913
4892
6028
1229
2010
5788
9166
9713
3106
1921
7685
2139
327
8439
7067
9936
6823
815
2089
3883
453
5528
4648
4525
3228
2428
525
8949
5497
5846
1434
6806
2822
8492
2329
1670
5824
1767
9645
151
1345
1672
9832
5116
4817
507
6191
92
5983
8024
9954
9713
8937
4999
454
6701
3746
4584
1156
9380
5490
9928
8307
1712
3109
1727
2176
4526
2596
3153
7658
7389
8878
2368
7163
197
669
9287
2786
8427
9893
1847
5370
1734
9520
3779
853
4126
1447
8103
6193
52
791
6391
7823
7844
1183
7621
8106
2079
9842
7292
7644
9060
4812
2097
834
400
8729
2143
4009
7195
7852
873
775
6363
4565
4679
5608
3991
8483
7490
7543
2793
1767
9973
551
4456
1941
321
4159
3168
7536
5218
1928
9146
1573
4548
7974
9768
2294
127
1072
7121
4177
3754
1813
9330
6130
6956
1309
5361
7546
86
3082
2152
1889
6333
4942
2680
1885
1279
3111
7653
9817
7182
5190
4563
2129
6242
7213
6129
1598
9035
1370
804
2026
269
5629
1859
5962
4615
7961
241
1881
7123
9431
945
2617
344
6272
3820
826
5840
9242
8125
512
2646
4465
6872
2759
2059
387
8338
1033
2816
6357
2721
5101
3032
6399
8968
9974
2580
5158
6981
8039
8839
9176
1300
4043
8861
7701
6584
3593
8354
2801
6493
7620
289
1905
9507
3054
8659
9133
3508
4687
8463
8134
284
2121
9194
5977
1162
8242
519
377
6865
5883
6601
4701
8081
1482
2420
275
8794
3855
7067
1072
5689
8825
8008
315
8840
384
6586
5525
9777
808
5591
6690
5547
6175
9797
3250
8272
6063
1789
688
5823
5822
7374
6071
5463
4414
3542
7394
3971
3061
289
1780
1375
8744
7380
6557
7589
8197
9224
8672
9070
7341
4092
6071
2440
5367
3187
5842
5616
7373
1723
9338
7186
4340
5425
3144
355
3717
3960
4811
1984
5972
9169
6916
1298
1684
1965
3672
6939
484
4489
3655
1571
6391
7543
6504
9536
8349
6074
112
2306
8559
4871
8103
6166
2939
620
1752
3457
5491
9094
6166
2874
659
445
9975
3168
589
7304
4292
1656
7314
4195
1526
5727
5289
8735
7805
1106
9848
9705
1159
2947
176
9468
4939
5380
1959
1185
3699
2015
2764
9107
216
6851
5739
930
3185
4013
3624
9856
640
9443
1007
7455
3135
2062
7233
6910
9380
7772
5135
9216
5581
1460
5237
2963
159
4851
9524
2651
5054
3248
7201
5085
2546
473
3141
3030
4751
6354
5883
8061
8351
5407
8252
1744
9774
5541
643
526
6812
7559
2794
7051
1479
1734
8152
317
9193
9243
7063
6147
625
6451
5685
2856
7681
6000
8102
1987
4379
9270
6622
2339
2649
3769
754
9079
4234
8738
871
2784
9748
1429
1955
1247
2929
2503
3022
9117
7060
625
2087
5631
1193
3654
2031
4702
1443
4802
6407
1403
6040
7329
2027
4032
6646
8922
766
5364
3579
1426
1899
5043
5716
6692
7822
2679
2738
2468
882
9986
9431
5713
2651
663
7334
3437
1450
9351
3070
8421
7151
9420
9677
8892
5212
9225
3040
2661
2145
1045
839
5466
8463
6168
2895
3592
614
2284
7987
4117
6928
4471
4328
5859
1823
868
7301
2640
4379
278
1387
275
9976
2540
1206
3340
1747
453
5180
1428
8233
459
7786
5443
1167
3184
6289
4251
9396
2131
4488
963
1575
3332
2133
2587
1516
8707
6379
9129
2651
9115
340
1191
5066
99
812
8317
8604
6703
6006
6303
3980
9717
454
9735
5840
3387
8785
8198
1006
1589
1263
308
3877
6546
6637
9301
9717
7763
5828
9026
5027
5001
1758
2163
1451
4267
179
2489
2445
1705
6339
3008
4879
6055
5325
7740
6942
4997
8389
2365
1129
5625
9897
7712
5343
3304
2928
4041
6660
6161
8406
5007
2728
762
2591
6065
3175
2809
4199
3839
4098
7346
9358
7438
6972
6778
1436
9884
1393
8211
5464
5566
7700
2040
6884
9758
1647
2011
2274
553
1426
387
8375
8010
5608
1203
6614
409
355
6326
4797
7554
6847
257
8888
7361
6844
2024
8273
7614
5806
4147
8257
9547
7491
1467
8518
1290
8156
4761
5532
3398
3639
6996
3203
9993
1508
7582
1014
118
6422
8247
9868
898
5376
1814
2818
719
7157
3060
6820
6166
8191
4199
7368
2400
587
136
7063
6472
4398
5624
8677
5603
6234
904
158
1175
4139
7603
8101
282
2585
2073
3280
9400
9591
6021
5213
7331
8355
2922
9562
3507
9017
680
8518
7923
2091
4346
3520
9428
2362
7886
2806
2071
2689
7097
6947
8331
5198
8188
4241
2341
6133
6901
5935
4079
8031
9918
4200
4420
6955
5778
7725
6921
152
5120
2545
9020
8710
8757
5924
6368
2671
4050
1369
2347
7035
626
5544
3724
5017
8238
1981
3434
4896
190
4703
2511
8930
1466
4082
9382
2786
5860
1269
1951
5923
8262
8176
8770
2164
5332
9986
3467
8405
303
1231
618
2134
7671
6662
3411
6387
339
3459
2576
7253
9469
7961
3293
214
7845
460
5959
695
2998
8893
2400
7583
64
958
9362
254
4399
1212
6217
5098
2048
551
1241
3108
4478
2514
4472
3495
1825
5931
6190
7657
2329
7288
3283
6739
8209
7878
830
7132
2623
6325
8625
7784
4173
9857
8687
8558
6350
8320
8369
4160
2196
905
3216
9444
7364
8523
5010
8519
945
1772
9811
1108
1967
1298
3126
7522
8168
2175
8080
797
4701
6974
3709
1636
1741
658
3747
8731
9942
1523
4699
2219
9051
8985
182
115
8242
7139
4151
6736
697
5713
4673
388
4407
107
8964
1273
7015
5369
904
1999
3090
6808
58
1179
7610
7036
1715
5739
1234
8073
8243
2834
8424
1074
423
2940
7385
6789
6518
1416
5000
3134
3889
9881
6801
1508
3489
868
1550
6303
8201
8827
1717
9474
8336
2616
301
3312
8877
2327
4648
129
5822
959
9814
1340
2392
1807
2373
7400
8814
9992
5278
9004
5210
8989
5310
5854
419
4404
6734
8940
2449
7148
1812
5648
4697
4606
322
7868
7218
7320
4674
2416
5285
6776
1933
1834
9183
2859
3616
400
4944
4054
6646
646
1033
7660
2752
9472
8967
5848
7798
7891
1829
4438
2967
7513
4619
9973
2923
2499
5072
7320
1397
5628
2737
9097
5477
1435
3001
1079
9889
7663
3661
7659
664
8801
6688
4682
9249
1895
2133
1623
8131
7357
6399
5952
3136
7689
1835
2939
4273
5827
942
7769
7740
6432
839
1956
7586
2432
1756
7525
29
3618
3681
6257
878
1028
3852
6626
7753
9691
9471
612
3102
9426
3620
4726
7577
8596
2811
5715
9757
9888
3505
1893
6688
5761
510
789
1855
1178
7997
2740
8480
3144
3040
4991
43
2779
9904
6135
6817
8160
3264
332
58
3006
5599
2637
4379
3094
1622
1908
3976
3539
547
3463
2355
522
5398
7959
8328
201
617
1641
2509
5381
2502
1465
4605
1853
8568
871
7823
1342
9587
756
35
5954
1846
9345
7232
3844
4017
9292
746
9057
26
2325
3397
1889
3999
1050
4558
1622
6981
6923
9458
5444
9386
1916
2985
6703
6508
7335
4988
9250
8299
6022
3280
4653
9279
7816
2653
6709
3355
860
5863
9
1777
6106
9593
4242
7539
3518
9019
7150
795
9062
5026
9949
2034
2271
2822
5369
5024
2574
8128
8926
1990
7196
9259
4434
1161
7095
2763
6292
5725
8244
3276
1675
8572
1272
8025
8992
1032
6804
6636
1909
1469
139
4984
9780
4283
8155
8205
8248
63
4183
7122
621
8100
7801
6649
4684
1988
4008
6981
1462
8241
8291
7214
7863
9528
9310
4139
3524
4988
983
9843
3377
1994
4491
698
6261
9287
2116
2436
6383
2210
3063
4687
6090
8502
2759
579
8208
9838
8691
8621
4297
9039
6489
56
8558
6698
539
3449
3959
6469
5827
1992
8623
8299
8054
3604
7752
2930
3636
5271
3176
2221
666
4663
1350
9918
9453
926
1866
5721
1824
2767
3903
7281
6310
1696
3339
6779
304
9831
7921
6325
3561
8422
2598
6481
1783
3498
8580
416
6355
5678
4380
2731
7283
5432
2864
1797
3894
2954
8703
9765
7403
8401
8128
8681
7096
5708
6902
1106
2785
1698
1769
5373
5045
8150
8141
1750
9944
3010
4576
9677
3610
7371
3634
1015
5452
3735
6891
146
7321
4967
8583
7794
5493
9037
5257
1683
647
2119
9062
8425
9943
5827
602
9277
3599
4941
440
3960
112
2074
3076
2432
5666
2219
9697
48
6558
6383
2896
3698
5133
3425
9260
1980
1179
6554
6141
8521
8457
2937
4756
2118
9814
7356
3783
898
9470
9011
7046
5898
5942
8984
7384
4192
2478
4074
3679
3625
2527
8548
1848
3270
2425
6769
837
4669
8387
5664
4836
5215
6181
9385
1274
2977
5452
8728
3884
2420
7068
4259
620
2227
6099
7632
9544
8726
5403
1527
9052
4003
5835
2704
3452
9645
8454
5418
4072
5609
1586
3910
1370
6047
6403
6367
6555
6434
1517
5215
7744
9815
3260
2096
4480
5019
8092
9216
5863
824
5489
6860
2693
5319
5029
9693
8914
155
6640
714
6544
6428
264
1671
2806
6320
8638
3537
5363
2564
7684
456
8173
9014
6316
2089
8765
8222
4445
3291
1388
6306
6244
6038
2782
6350
6440
418
5414
5927
8390
1506
3717
1687
8279
7687
4939
2363
9327
4234
347
1610
9702
5390
5013
5274
6960
1311
1497
8719
9289
2251
4376
2009
9808
9770
9204
3278
9709
4148
7162
3578
8218
4801
8940
2298
1736
2467
6775
4293
7367
1009
4806
8462
3868
9320
8549
2106
7315
7760
5824
9740
6240
8554
5640
8566
778
5217
372
6929
552
218
1576
751
1388
5115
5152
2105
5586
5948
1585
4957
293
2865
6096
7114
7025
4379
3333
6812
1962
4176
2770
216
6050
3018
907
2095
684
1519
8121
5534
2468
5269
7578
1641
9035
7883
3175
2361
9793
7072
4144
9285
862
6316
4991
7269
4854
2770
2653
2187
2412
9750
190
956
8955
3771
8469
5277
7979
8738
6631
1966
2265
2595
2822
5939
7513
6051
8953
665
5927
5910
7961
4934
5991
6029
1851
500
5290
5060
4065
346
1574
7359
6587
174
1269
62
4291
6282
5283
1676
7973
3739
60
32
6470
4358
7343
722
8016
7552
7810
2598
2520
6118
3999
8653
2159
261
7873
1880
8332
602
4813
4623
2816
5196
8147
5682
6903
7069
4906
1593
1040
1303
6521
8246
9183
1400
3208
7743
9313
3727
8103
8403
8806
9780
1191
49
9281
5707
7157
6697
4952
9883
4426
8381
7619
6284
9758
5546
2509
622
6090
6194
906
1456
2857
3501
2062
2592
5016
2172
5848
6244
14
3598
2069
4944
9744
2535
8935
2334
3774
8573
3224
5077
6869
3623
2092
1106
6817
7404
7115
3715
7767
5164
6703
1165
1883
423
1538
8956
8542
2760
4044
2327
62
7878
769
600
9817
402
1963
3052
8901
2168
120
4102
1059
8382
6921
9208
6116
3543
7163
8613
269
4640
8213
7570
3139
944
6191
829
7546
2997
2674
9372
2546
2712
4869
5058
2971
7160
4324
6468
9789
6683
9648
1425
7312
6078
6205
2010
521
2908
6131
8606
6387
9974
7574
6922
3296
7061
7157
6811
7192
7296
5634
1120
606
7932
5829
4883
4932
4473
4332
2006
8707
5208
1783
9776
8400
7646
6398
9401
5153
8983
3467
3539
3072
2966
2040
5644
1279
4661
1549
8229
2333
2048
6407
7017
2398
3435
3851
4903
6647
7044
8186
7557
6765
8136
771
139
5729
7702
3546
4849
6733
8080
124
8752
9737
7401
6753
2034
2087
6940
5215
1257
1989
5627
9129
8380
2153
247
635
3733
460
7733
4437
121
5617
1458
6831
56
1458
78
7106
1995
9766
4878
5789
3369
1661
742
3679
7329
4030
9922
2740
9274
2105
89
285
1170
7414
3935
3856
1011
8412
8615
6761
4110
4699
6766
1678
2562
851
588
597
4652
9303
6889
6123
7544
4878
5204
5432
9109
5965
2464
7447
7735
1085
6709
1486
5994
6269
1188
2691
4636
3939
6510
6712
1337
9524
183
241
4479
4395
5966
951
5743
6469
1688
6581
9686
1288
6684
2511
657
7292
1788
9691
4830
1497
5973
6694
6386
116
472
7818
6295
8467
1921
8203
8259
1676
1732
7
890
9503
7687
4690
8362
171
5219
298
1992
8018
7528
2241
4369
726
2417
3031
5301
2838
349
519
2235
8138
9674
3120
8699
2053
4571
4735
8738
4996
1497
3377
6196
7753
6445
8987
244
8159
7958
7441
7687
6353
7595
9831
2810
5054
7237
9769
4912
1531
463
9929
1891
8352
8453
2281
2816
4452
627
3224
8513
2162
9636
8076
1997
414
3854
7836
3770
3193
4277
9678
8252
1745
2132
5607
423
6846
1965
6468
2159
8165
7211
8715
4523
6560
2065
2190
3407
2342
8243
174
6260
1928
4663
6745
1978
2924
9039
5885
1487
4114
8615
9118
8958
4870
9427
7782
1821
3216
9626
5667
384
8550
5177
6846
5001
1874
1367
8473
6254
2097
2016
9978
7001
5300
2399
9054
8081
3174
2040
7368
7821
3072
2712
7669
3333
2269
3158
1394
3495
120
7129
1404
7367
7130
2629
1118
5601
6719
2811
1023
2632
1490
5764
3846
1459
2124
9794
6176
506
453
414
9935
4603
9998
9438
445
5933
8474
4514
4894
9341
8532
5928
6459
8496
807
5348
6211
7710
4061
7389
2941
372
750
2515
1939
2235
27
1095
5257
3247
6513
7105
2529
1072
896
1729
4064
7863
9413
5603
6323
3426
8261
5838
7872
6363
6179
30
4689
2887
180
9981
7124
8330
4271
1753
2946
6569
5477
6153
4943
8553
7265
5329
3042
8343
2321
8121
6642
2960
7945
6043
6076
8931
4136
6739
3130
112
5708
2593
5940
7333
9139
2774
4146
3617
8904
2173
1733
6343
2721
411
2620
9697
2783
1993
6185
4935
4136
7214
2271
1614
6620
6373
7965
6441
2592
4112
6752
5441
2611
6459
3
1889
6600
3551
1614
7136
134
8922
2760
3613
6556
6620
1643
6504
5604
451
1791
9543
3984
3208
9308
2475
2153
6347
2622
9479
9549
6268
1990
8012
8741
442
9271
7569
481
164
8637
5283
8671
1889
8367
7837
7850
8654
5166
1534
5188
8803
2049
2734
1115
3137
2081
7981
6481
7699
5804
7912
5295
7118
8075
2804
5639
8104
1254
26
306
1591
4763
3772
6620
1889
485
4824
8020
7693
4019
6661
2397
3301
2560
9720
7030
9629
9189
8827
4644
1377
1148
1780
5139
7874
1261
294
1778
2216
8586
4029
7848
8583
2106
1048
5781
1711
4462
6081
9026
3276
1593
6488
6079
478
2986
3116
9304
5381
9668
6735
2436
9253
7414
1297
7697
875
5488
7510
2559
4772
1782
42
3719
8549
456
9345
7647
3363
9703
7757
6142
5014
6196
2174
8186
548
9167
8477
8824
8691
2355
4449
7051
7939
5713
3018
7661
8531
16
6974
311
4211
5419
410
9082
670
6635
4681
5109
8067
6261
5114
716
5349
8691
3137
1422
4648
8239
2169
9789
7919
9293
5739
9843
3266
2277
9205
7505
6080
9023
4997
7056
2657
3016
2120
8404
8022
3435
1338
753
730
9313
6350
9112
2318
3152
9817
4364
4185
3517
1797
4176
9792
6790
925
4625
4748
1224
8461
3014
8832
3712
8916
8979
2511
2154
6796
3940
8215
5152
4622
9622
8240
6388
1537
3769
6796
2391
6443
3571
1491
5142
4071
7276
3868
9894
296
2141
3881
731
5093
3283
3221
6795
7089
1956
1564
1062
9003
6780
4459
7584
3625
5390
3934
132
922
3204
2484
6250
5505
1475
3642
6667
7581
453
7009
6857
692
4531
1373
683
5286
718
5752
6953
3369
6033
5117
4794
9649
5798
8327
9737
169
4194
5894
1082
6626
8182
1452
5012
513
8493
5870
5705
3850
5619
9966
5732
5506
9158
1622
9497
7100
2741
2995
1602
3694
943
4921
4584
5344
412
8694
408
926
9096
359
2124
941
1075
7540
3231
8773
912
3678
520
9047
2464
5267
5010
860
2019
3767
1764
8765
8379
9885
2428
3964
3349
9176
8489
1812
8883
2795
6082
7002
7321
1077
5735
2508
4802
1242
6959
3076
5774
3495
7261
1212
9522
6566
2981
6670
4335
632
8908
5919
1674
1421
4325
9400
6844
2534
2451
2182
4485
7938
3031
4348
3025
5480
7807
1197
7297
4833
8222
9
5984
960
8899
5798
340
348
5613
3867
1488
1496
231
6076
5513
8206
9215
7949
9183
4391
2004
6988
9335
4259
3503
1648
5584
217
6586
7697
8098
7238
546
9945
4146
932
6291
1187
7309
3169
1433
1650
3027
3143
2921
4157
558
902
4994
6880
576
594
563
1406
7799
260
5719
1375
246
1152
9909
1158
1760
6393
6200
1514
5320
245
942
2114
597
9945
3883
8530
954
514
3758
2488
8022
1307
8297
8955
5404
675
2196
5255
8616
1743
4930
9790
243
598
3495
4319
8917
4126
8947
1609
3197
2188
8422
717
9216
129
1731
2986
1441
6061
7404
803
5190
2986
7258
7958
4970
6145
7792
8524
5538
2875
2360
5880
4680
84
949
8379
3506
2333
1292
3675
9461
967
7707
2070
1660
9836
1421
2814
4817
389
874
7947
9895
3400
5985
1463
270
496
6126
5842
5630
653
5205
7956
645
5884
8232
886
7254
2978
1711
9415
1659
1064
133
360
798
6948
6431
1305
3873
4381
3543
5701
3278
75
5616
5307
3704
8142
5564
953
6503
9379
7694
2583
6630
9662
891
9561
7958
9153
8477
8792
2567
5117
6626
9945
43
478
6209
5538
8327
9838
960
7721
7031
606
498
9108
2889
8238
648
6066
1841
1716
7260
4590
5284
3357
7892
6763
3961
1248
4773
5558
9120
6037
8760
4293
5059
3978
8941
3615
2059
5012
7208
5072
3386
952
9247
749
6845
3627
7221
6969
5877
8692
2841
5356
7250
2593
7786
2259
4154
2493
9114
7253
5181
2127
461
2575
5880
4890
7081
4666
5882
5664
2544
3460
3419
9903
3678
9136
4280
9133
4532
5153
3388
5869
406
8990
6272
2210
4245
3225
3502
4477
7686
4146
1544
9201
3546
309
7555
7958
9053
6074
3061
5712
2351
1525
5986
785
2648
6960
837
6027
4191
8459
2461
7175
836
8919
6845
3499
8829
8708
7518
8855
946
8593
8697
6755
2179
8713
1211
761
2019
9017
8265
3819
6067
1492
7725
6351
8216
5176
9082
7564
160
421
7263
9369
340
1302
2102
9728
9917
2400
2257
117
3618
2908
1286
3503
118
8117
8522
2004
7410
2926
5850
5096
6546
8521
4112
8358
9471
5761
5746
679
9817
3695
4205
9278
37
4378
2100
7853
9306
930
4324
1115
866
8729
892
2903
1772
3490
8937
9403
2625
3790
4342
3872
1761
7940
3937
2456
8713
4479
18
1528
1830
1099
1310
2091
6375
6354
9357
6808
8381
2801
9163
9241
2122
420
1548
6570
9430
9978
3516
90
3803
326
7487
3688
2040
1427
1003
6071
9743
2591
2487
5479
8290
7333
7144
5832
712
1985
552
4745
6414
1159
9997
3009
8321
1666
8691
859
9444
127
8334
2976
1349
570
7662
4539
67
6364
5191
3283
5098
674
1728
9881
3633
7266
817
8591
6971
4293
9297
6264
5028
3792
3361
3770
9134
4410
7447
8583
4342
5600
2775
8098
4406
5286
6942
5632
6408
6472
9691
5475
4347
9273
6656
5765
186
7645
9226
1288
6748
81
6124
5179
969
4186
3573
2943
202
8854
9871
1761
3481
992
2300
28
8088
4557
4327
5390
6749
1180
8240
1334
4739
8246
9702
3383
9865
2621
865
5976
8676
7181
1266
1758
8864
9412
6555
7543
1437
6222
4948
1636
4099
5543
7386
10000
6246
1195
1277
8686
9132
3495
649
6206
3315
5715
1932
2198
2465
6520
6487
9243
119
8917
1881
8247
167
6711
478
7417
1487
1530
8592
5896
8557
7601
7350
8251
2528
7333
649
9610
3952
7658
8984
7205
327
824
1341
888
144
2775
1210
3272
9950
5167
6527
575
6983
6261
2358
5246
7735
816
3640
1443
8801
1216
9289
8914
5495
7830
9465
4229
5019
1487
9677
9813
293
3741
5616
7350
2938
2230
6877
1379
241
6833
8982
9421
6531
1820
9753
6544
6303
5614
2629
7165
194
6789
9143
6188
6269
4099
2731
9534
2969
2976
4177
5105
937
5657
9373
5926
6005
8662
2462
8649
7341
3076
1659
9144
1155
2850
8002
2421
4813
9539
2255
2864
7691
416
5102
4341
9180
5814
1328
22
6320
7524
7246
1461
2547
1554
4153
7412
1327
2195
9196
1295
9091
4081
4961
3321
2786
3451
1286
9588
9626
3404
6145
3091
8597
73
4196
6003
58
3672
1355
1113
8711
5170
6955
5626
7556
9141
1197
4582
7066
3127
4379
5600
9311
1057
7923
7511
1239
6838
4334
2052
8605
7348
7616
8846
8104
5613
6766
3872
708
2159
3077
206
3370
3360
1919
7173
959
2682
373
6662
5444
9159
8627
3441
3318
1767
9272
8188
4217
9160
9652
9426
5583
2525
6915
7578
6522
7058
8169
9007
9967
4019
919
1151
4175
1418
1305
8510
6491
2994
9542
4856
2095
2633
334
9531
5170
1172
4664
6575
6244
1206
5822
6915
8664
1119
1217
1482
9283
9071
5368
7007
2638
3021
1769
2543
124
6073
5878
2112
1089
858
5193
6820
2246
538
3971
1412
7662
1848
9451
345
5258
8411
4740
2557
9154
8041
1863
910
4171
3725
341
7361
6740
3957
9441
1130
7039
4225
5894
1583
5964
846
9043
3894
3477
7263
4556
6699
7852
9099
378
6385
8790
848
8845
4462
8159
284
9884
3722
4092
7732
8379
6864
2847
5409
9144
8410
6920
4652
3212
5064
1056
6847
1440
2164
9547
4607
413
6894
8775
3722
9420
797
9488
8762
1121
1861
4461
338
6004
4229
7070
5210
845
5140
1979
1452
8551
5089
5829
3536
7475
1822
5049
5477
5192
4167
2743
3479
418
2510
2198
8603
7177
3369
5120
4275
5103
5765
6642
8952
2346
425
9012
2154
6887
7415
6656
2715
2260
8331
3240
1702
8867
1194
8125
1614
2798
8887
4302
489
6754
717
1395
9350
6715
8635
1338
6914
5925
3836
6486
6190
3494
5053
2652
7497
1724
4508
8136
5322
6268
4508
5456
4618
3652
5349
9204
2221
5391
55
9515
4126
2149
5988
8374
8128
8024
4811
622
850
975
8278
47
4848
957
7304
1374
9280
8361
4543
1944
1948
4560
3684
6659
685
1404
9289
8708
4221
9329
9559
7089
1988
8176
2863
9411
2597
8024
2095
6097
423
3719
4124
9353
1510
7643
52
6445
2953
3110
4008
2340
765
9755
3428
1683
4653
9477
845
3030
3857
2366
6794
2557
139
8654
7009
1222
6970
561
4373
6009
1850
8164
7540
7929
6552
8919
3687
5956
1372
8362
2221
4031
6500
1399
4996
6659
4207
8534
8982
68
103
7480
4841
4865
992
6246
1397
7560
954
3648
271
3724
8756
4397
9225
805
8602
7080
9514
5883
7565
7048
8570
4281
9369
1498
3329
6658
8909
2551
7198
9221
8486
3518
8764
7021
7129
1393
7360
909
8044
7754
2104
2197
9405
3047
1006
6219
1789
1347
8053
7324
904
9887
802
3562
6144
6220
878
3577
8492
8817
4589
5857
5556
4550
72
5443
5774
3381
3534
2495
2759
7509
4165
2270
9468
2528
2016
9439
5086
5110
1808
6492
3700
3668
9502
1085
6329
8662
1015
4435
4566
2395
5852
6850
8886
1574
3965
8908
8793
6508
6917
2278
644
1712
4433
9901
9259
7327
6984
1705
1904
1446
6967
4723
2904
8495
2552
7563
1508
8847
1856
1369
8912
7198
8513
3337
1545
9752
3147
5780
8223
1149
7341
1720
8267
7145
2867
3403
9262
8006
6233
2997
499
365
7225
8471
108
2250
8968
5208
3231
6495
2438
4399
2422
4910
166
6902
392
1171
4013
602
5213
8226
7469
1022
450
3696
8643
1741
6306
7381
2923
7559
4623
1567
1670
1016
4313
1657
5061
4972
2366
5488
9308
5900
6161
7769
6770
6157
1602
7618
9405
9217
6612
1968
32
6357
5814
6476
4617
3467
5691
9871
281
5606
3523
6152
9666
4581
9158
8457
5511
1012
5275
2164
9933
7840
1363
1318
4350
5688
8549
564
4145
873
5616
9921
8890
927
6759
287
5631
2255
9059
7677
9898
8860
5761
7677
1493
2685
5690
461
7829
49
2109
8733
3758
8361
5611
9946
7294
4347
3928
123
2270
4417
5595
7405
5204
3910
8420
8570
8505
4131
8225
3544
661
5009
8162
3864
9417
2259
6833
8800
9591
6481
1278
8154
6683
6905
2187
286
4527
1428
1456
8863
8740
2104
7320
8585
2969
3217
2482
9982
976
5772
6880
9062
9830
6013
8573
2127
2148
2590
8447
2378
1209
8971
4982
2023
6585
1853
3486
583
6103
8790
345
1806
8786
252
6209
2640
1778
8265
1657
7347
2768
3444
1651
8068
4722
2565
335
4045
7618
2557
5503
6178
4221
7685
9207
4393
5026
120
9310
8566
2142
5963
3598
9850
5797
3062
9553
4828
9584
7205
6917
7654
2813
1298
1045
8769
3790
1335
8874
886
2966
4449
3143
8494
4704
1525
9907
7950
5548
330
9630
9098
8365
9515
765
9110
7908
5386
7579
6478
8879
6927
5782
7582
9264
8604
8206
8862
7256
490
9577
8088
1789
7384
1152
2634
7096
5370
7879
3368
8146
2399
3529
9294
554
1981
4134
9869
6935
8898
9629
1172
7754
5822
8506
6269
6718
6987
3684
7646
6469
5232
4388
3541
2423
1124
3955
750
5903
8359
1125
2719
4791
9661
264
9581
96
169
9774
2099
6679
3158
7978
1335
5426
1018
1895
8724
6229
425
2675
2203
5611
8439
6275
6536
1364
5027
6149
8302
6759
8372
2494
2242
8377
2269
6496
6458
6737
1324
7548
9940
7387
2847
6778
5464
2887
1145
1016
7940
826
3549
543
2925
1699
20
6462
8823
9850
9095
4207
5765
7070
2024
4797
628
9308
1032
762
6975
1996
5256
45
7221
1289
7763
4824
1544
5018
806
4722
8311
2756
576
1764
3514
1816
1389
9965
3548
8335
2923
2008
2458
8137
4672
7401
6267
1671
1874
9008
5960
1284
2213
4705
1936
1535
2825
1080
4694
1241
6106
125
3923
7950
6374
6515
8219
1407
1634
2820
6319
3723
1224
5309
5478
5796
3168
5166
6178
6007
312
4583
9845
7318
3949
3401
1773
8783
2541
3625
2286
2103
4650
895
263
4318
2636
8557
4599
3221
7937
6563
6903
2133
9362
2802
8001
9778
5871
2270
9842
4833
2509
5481
7316
8408
3720
2855
1347
7378
2069
6235
2238
8222
2781
660
803
8988
1703
7347
7995
3899
9626
2042
1997
3372
6758
7822
978
1582
4345
8387
3664
9884
1455
4334
5899
1227
751
5282
4968
8115
1686
9036
6835
279
5582
2373
7651
5535
8273
4225
5352
1853
5826
5605
758
4753
6250
2812
4208
6606
7187
4213
981
9344
3554
1182
898
4227
1303
8393
5577
6533
8494
5088
7852
7323
9633
5
9839
6752
2160
7933
5867
9391
4400
1855
974
4511
264
5921
2500
7546
8965
1470
2057
5081
4799
3474
3698
2510
2075
1979
1340
9093
3009
9329
5902
1229
4724
3025
8862
4646
8302
1854
4812
590
1946
7480
2892
5626
4641
1640
3977
9934
2983
5667
4085
9241
6303
3294
3460
2955
4036
5801
7351
4234
8102
1336
9382
6713
442
219
376
4908
6751
4017
3535
3425
1038
6367
3687
1998
6517
165
5602
7660
4051
7808
1184
2122
7062
139
8189
3567
2419
1698
2865
2377
6233
6393
5525
1316
9581
339
6967
7976
9919
5383
1166
3167
8513
1721
7464
9509
9207
8038
6588
1922
5713
5450
7169
3242
5664
2614
902
5184
139
8712
1304
4864
3277
592
6584
2652
3671
4218
910
737
5335
495
144
3455
9946
5009
5253
6018
2850
4733
7754
5042
3015
4409
7252
6858
8581
2260
3461
5947
5433
729
4077
542
1934
8501
3650
2224
1274
5420
5884
6529
1175
5130
690
5227
9649
1482
5015
305
8237
1606
7701
3882
9742
1525
1867
916
7403
8027
2741
7889
1452
4371
5695
6420
22
6555
2833
545
1396
4061
787
669
9682
5878
4631
7787
673
4655
1639
1427
5744
7417
2809
6429
8412
4664
84
5342
6076
738
1695
4816
1145
43
1423
7012
1541
3071
6316
2021
7309
5754
5918
2161
3740
5033
8807
3268
334
9063
9707
1066
6401
1096
1065
740
285
5478
6196
979
6429
3096
3820
1662
3432
3647
2394
520
6253
6538
2358
3887
3785
2662
8502
1986
6887
9529
3373
3874
1921
266
5198
1176
8061
7923
5473
4940
885
8349
5891
3421
2647
3502
1453
3430
5969
3167
4966
4360
5630
2848
1469
3449
1570
2446
8223
7580
3955
941
1791
168
7460
4851
6550
165
1990
6111
2344
8279
8945
9743
4553
236
4036
9473
1950
3481
5152
6553
9659
5164
7970
2536
8532
846
5678
9319
8930
8354
5956
2724
837
2786
477
3188
9131
123
9047
1280
4068
7311
225
8854
4494
4387
2251
8691
3210
2483
1640
1070
1153
6013
3923
8015
677
1812
4329
2985
5868
171
3490
1264
7831
5192
3239
1146
2469
7889
2440
8165
814
4188
936
5902
4955
1873
9604
7954
1974
6702
2068
3952
6594
9203
7558
1865
8348
7682
8
9707
2272
2582
2278
4828
638
6449
9511
8381
8555
3982
6034
1667
8830
6660
9843
423
2103
9617
7990
6996
2762
5233
7336
7279
7284
9012
6998
1313
827
7089
3940
1239
2774
9880
394
9086
3201
8453
1796
5572
8008
8141
3276
4097
9375
9779
625
1921
1801
3753
4426
190
6173
2770
8785
5860
4222
3401
1019
8224
5181
7034
8852
359
8935
5572
9329
7116
6
5933
1337
7189
3908
2080
8268
2406
5317
6959
9527
9216
1308
6870
1050
6555
7819
9608
7556
2763
2569
2313
6282
7399
1781
7347
674
9167
6478
4089
1865
1107
3323
6449
876
428
1794
8441
1932
8187
7303
4448
3230
6620
342
3533
648
6982
4919
574
7994
376
4415
2140
6269
7223
6022
7926
5139
9721
9117
7370
9733
8952
7026
5925
9129
4572
3072
132
5846
7674
6528
1327
5452
2238
2785
7525
66
8064
9708
1627
5948
3815
1542
2960
2351
4544
427
7034
8418
636
3666
8275
8719
7650
7239
7588
1839
1631
4371
5459
3935
4507
7497
9508
349
5197
4977
9078
6799
2742
7730
8794
8769
7515
5428
5125
6545
2559
4247
2999
949
1554
4931
1641
5260
1611
1692
7498
2434
7406
9249
232
8015
2499
8023
6500
1878
2883
1890
2107
6227
6893
607
3695
2543
8640
6181
9908
4929
7403
8333
9749
1910
3137
1876
1525
5386
9887
369
2839
9665
5953
2662
3952
9486
7338
6469
2648
7202
9236
3721
8042
553
5505
7741
3552
2095
906
6370
2266
6996
7081
4083
1276
9213
4306
7635
8433
3006
4460
2091
8104
7191
5121
2025
8094
4870
9354
7272
8362
7746
924
2065
1994
9869
6503
4610
123
987
3527
1019
7434
1827
4247
678
9940
5038
537
7795
2081
9918
3666
6226
611
8476
3780
1680
7822
1341
3518
9883
9651
8150
3937
974
8291
4910
9687
1706
9060
4284
5033
1024
8800
6389
4486
8905
5398
2007
7271
6577
1408
4740
6008
8218
3284
2950
1826
2899
3044
2894
502
5361
8120
7316
6990
5900
4946
476
2263
3895
550
8548
6684
2502
1730
3
9732
1797
8439
5305
4795
6193
1798
6746
161
5761
1873
6018
178
8351
120
6941
4562
7017
5442
5648
8118
4752
246
4779
3318
5526
8675
3554
3527
5735
3576
7110
4854
5705
4388
5027
3362
250
615
322
1148
8156
493
115
5249
8692
6328
7715
2886
6998
1655
6760
852
9603
5105
8386
4871
9790
6523
6107
4401
695
5369
33
9365
8578
2461
3833
2544
6523
8913
9452
2457
5249
7797
3651
2769
449
9222
4572
72
766
1333
1295
2509
6688
3476
1453
817
423
6607
1746
6402
1521
7360
7925
7415
621
885
7587
4642
8004
9720
5995
8394
1901
800
3770
6732
5372
4509
280
9830
6034
2942
5871
5904
232
232
7553
2461
7239
444
6458
4883
9280
1775
3346
7800
5351
73
3656
8509
6322
2517
9701
1727
7348
9352
9119
6619
9372
5411
1671
6036
7648
2251
5839
399
7563
9463
9845
2982
7829
3448
1551
1756
7493
1767
1218
9484
5119
3915
5381
1258
8330
8767
7144
7107
304
6131
7083
8472
8055
6066
6221
2742
7176
7863
8056
6389
3997
1705
1078
8495
333
1098
485
7188
1083
758
6048
3309
7299
8490
367
3792
2275
849
8310
3820
3862
9417
3782
9350
8425
2593
3763
7583
556
6741
8115
2519
9012
2244
2950
4226
8967
1706
4809
2370
7432
4799
2993
288
2572
6118
7723
5272
3340
1421
12
5799
595
320
6841
4577
9944
327
9251
9421
1509
388
3108
1229
3486
48
5683
2811
8489
3651
8219
6754
2553
5742
9567
547
459
8542
9765
5882
9158
5765
9712
9909
7450
19
5384
3262
6238
8288
5520
700
4301
6966
6103
450
6285
3302
8446
9820
6972
3677
6974
3579
7684
8070
8399
7147
5501
6515
308
9597
8765
4966
7223
9364
3623
5291
1744
9
624
3005
4998
6805
3742
6404
1669
4668
4907
6641
1702
7167
5797
4123
540
2638
8225
6536
7243
5023
2780
4680
7440
8648
3653
2738
4719
313
7152
1274
2520
1508
6118
9165
7995
7756
6249
4234
8641
6629
9311
6677
2094
6942
4127
4632
2651
925
9269
9582
6203
9285
8988
7749
2450
3528
6715
5831
5019
3548
3855
4880
8579
8879
1596
6197
7177
5454
7726
7115
6297
98
8086
9241
5856
5873
7201
444
246
7516
7308
2095
505
4154
5828
500
3663
4048
6065
6388
7767
4500
5625
9678
8464
857
9460
9981
3094
4735
5680
6240
945
2637
576
3848
1572
861
803
9634
1767
2510
4057
948
6025
6785
5553
6077
2608
5511
5686
1297
6022
3244
4903
1010
515
6145
2444
5612
1416
9546
5401
8405
398
7295
9229
1992
5716
683
1264
5870
2689
5974
9867
6697
5461
3448
9255
452
2319
1481
313
9425
9669
25
7440
8112
1811
7230
4040
7402
4638
4005
8255
5998
144
911
4479
1620
2642
1523
3755
8422
1691
2818
7542
7406
2161
3346
5807
6905
4566
9311
7789
7795
9240
4200
4000
4753
2636
388
9137
3347
8667
9638
621
7010
1000
6882
8162
9891
3531
4206
8462
1095
3428
686
9583
9298
6302
7560
4628
2603
8150
140
3938
3703
4857
826
9723
5836
7541
157
6785
8952
1766
4315
487
3966
8693
8565
9037
3180
214
4197
8882
8825
2349
1008
7124
3336
1468
1812
3978
9257
2314
605
8753
5370
4530
1309
1994
3562
2579
9334
1259
5114
4555
7142
856
3285
1511
8636
8326
9844
4110
7135
1823
9377
3346
3475
3756
9705
839
4762
9896
6933
7805
6660
3623
227
1383
7224
7045
5732
2542
30
5470
5768
5535
8036
8041
5923
953
8032
1411
6392
52
3297
171
583
8345
1564
5529
9503
2712
1413
8969
5771
6871
1457
7926
4924
3664
7552
6118
2977
5428
7091
4782
3007
5563
2617
1664
3965
4488
5947
5077
6846
9701
7606
1825
8644
2474
7015
4362
8579
3267
6944
1094
1507
6025
5763
9672
5323
9209
5918
2063
1530
9030
9148
1490
901
614
1149
7427
9563
9380
8131
4091
8911
9833
9622
3525
7055
2369
5353
7396
1993
1042
6700
2243
2708
2225
10000
