488 97
13737
587
7218
453
4351
5856
4819
9975
1787
3006
6045
4935
573
8591
1857
5039
7875
6314
7029
4916
1693
363
5935
8493
9692
5142
3406
3541
6696
8554
6004
9993
853
9996
1053
1643
1129
7897
8154
2727
8060
3261
1544
664
5572
6828
1472
5837
8082
2057
5697
9685
9027
2386
8214
1570
5226
6900
7177
8238
2161
9867
6784
6536
6518
8927
2527
9827
6136
6973
4574
8112
2473
6101
9558
166
2323
4427
8492
2186
2588
8632
5143
3360
8272
1724
4922
5638
1540
1246
8399
3866
7322
5284
159
3327
6280
7864
2203
9801
9349
8578
4089
4295
7012
5885
2436
6922
276
5704
7103
3122
4181
6931
9822
1831
1009
3530
5385
9853
7648
2095
759
3089
2375
2398
1547
2305
1867
1933
2895
253
9482
933
6398
5895
483
8846
9672
11
381
5997
1188
2427
2470
782
1966
2760
8619
154
1385
7057
2154
765
8490
6933
9025
4294
6058
3565
6303
5373
1787
1648
2283
1579
2603
6744
1288
8624
235
6879
2328
7197
7086
7569
2188
3128
2652
7704
2920
6033
1635
4838
4311
8748
9133
8197
7709
6141
5730
7477
6026
8120
5551
2807
1176
3551
6260
2654
6770
9032
7475
6738
4540
3926
2535
759
5948
2608
7971
8284
0
1093
1773
1704
5727
3882
5246
3572
2073
5837
6767
2563
2591
6459
2463
917
4912
6436
5091
359
5564
227
4220
2697
9710
2888
2203
7895
1485
1447
7325
3426
4686
3525
1603
8145
364
6940
3758
7054
8328
2303
5063
2096
4382
2378
1345
4940
9919
5317
3745
4102
6958
836
7673
7934
971
753
5977
1324
6123
333
8956
5949
6066
834
3384
3860
70
3339
3849
998
355
8252
3442
5794
3194
1443
8801
490
4126
9065
9330
9046
5360
3065
51
8455
1255
7980
9617
903
598
6304
3358
3209
3675
3256
777
5005
1810
5900
775
5066
6310
7416
1657
9829
3178
7691
7509
7723
9731
7575
351
2334
295
2055
4119
335
3937
1577
1338
4647
2477
6566
2629
923
4079
7581
2665
2477
4907
6556
3102
7279
8610
1790
6388
5113
839
4264
692
2391
2138
6236
2244
7560
8115
356
1479
3546
2184
6818
1814
5312
7205
5732
3887
7644
9816
8856
6563
2567
3799
177
7178
8492
116
4392
1242
720
5037
1715
7655
3080
6548
2521
2900
297
1348
2393
1517
9828
2375
1700
7590
2105
2585
293
319
1989
7689
389
2444
4601
8048
9041
5423
2393
7958
4793
2287
5995
8046
8004
9945
3972
5839
3868
1611
2569
2116
9999
6930
2048
9625
9073
3194
687
7068
4146
5665
942
7710
4807
1682
6065
2332
1767
3574
2737
3529
5294
1459
1202
6200
2963
3485
2081
2686
4266
7361
2851
4892
9646
957
380
3313
1749
1793
1460
5930
8594
4205
4315
6923
4700
872
6422
6451
5447
5143
1642
1433
7513
5917
3059
2012
3837
9214
7258
206
5966
8826
1595
2036
5213
2918
6123
6029
1859
1773
2983
5096
2344
9063
1991
2814
4742
774
4350
2559
749
9722
4060
7775
3034
2509
5791
2055
799
1379
2181
1315
7770
8848
5708
8261
7987
9910
5113
158
1498
2920
4089
83
455
8378
6684
2666
2335
6311
7746
693
1282
4680
5008
7395
8289
6724
1779
3553
7612
7541
2366
6603
1211
7195
1307
6164
1130
2340
4315
5763
4846
4714
1767
7055
9214
6364
9472
4203
8672
2095
952
3247
822
3465
7866
9402
9674
6503
915
6081
969
5803
1686
9223
4377
564
963
7934
5213
6695
761
9938
1575
795
516
4530
8487
7782
1497
4948
3204
9674
4765
4968
6731
2834
3319
6110
7373
9483
4011
7101
7739
7582
8557
2770
6376
5348
6461
9172
973
4475
4317
1278
2382
7267
2991
618
1079
7938
6741
98
4699
4752
1958
4016
2068
7327
413
4103
2596
4699
6623
3664
3897
7605
5283
5107
1812
4862
8800
9540
1029
6021
7680
1588
8989
1627
2120
6843
8910
8215
7541
4651
1893
8262
4522
2615
1771
4792
1027
8701
3105
3644
7993
706
64
1143
8711
2834
4610
6592
959
9348
9874
2220
1910
6940
6903
1068
8990
1551
4065
540
775
9574
2837
2530
896
3634
948
9153
7107
1194
9394
9211
6579
1046
9798
4016
1279
8522
1421
7710
6841
4027
7701
4504
5370
9374
9895
2475
6662
6505
8805
151
9980
4571
3842
1285
5972
5064
6586
2116
8963
2672
5739
3981
51
1565
8529
882
6559
9009
5451
2321
5089
1363
3817
4853
4786
7965
2755
6897
183
7527
4497
69
4932
849
6715
1771
3854
7250
3075
8699
4206
1899
212
235
8065
8088
6331
8652
9893
2635
8165
8693
8035
7026
7699
1321
6950
2230
1302
2311
8283
1088
9923
2153
4833
5590
5344
8809
3393
5656
6685
7228
1576
1910
6378
7180
1189
494
685
5839
7749
8185
2050
313
9990
9039
7935
5272
1489
5953
2375
6388
1671
1545
1262
3279
3421
236
3582
732
4361
865
9383
6575
7117
7238
1586
8182
7510
6557
9243
5977
9429
4235
3386
9309
4477
5015
3287
3088
3627
1655
6605
960
4743
78
2107
9165
32
4973
1837
4513
5742
8584
6720
1690
2465
3918
9745
3541
3262
1926
6002
1436
1539
5340
3944
7494
8710
8749
2684
2755
4183
6123
111
7557
3875
1281
7923
3306
9601
5954
1539
6815
8504
9632
9950
2539
2095
1197
4723
3249
2196
9080
661
9606
1812
2021
2048
3614
1879
857
6937
4512
4048
9352
2809
4630
7422
3810
1581
2513
4363
6368
5144
8464
60
7188
2200
7926
3312
9821
9710
6988
1744
1144
2033
3949
8048
1835
4283
8874
9626
7079
8728
200
6943
2838
5634
4802
4658
2499
3364
6903
7682
2607
3364
2744
9811
9550
4006
7201
1784
7564
3387
3077
1319
9132
1864
4004
878
5545
8259
5873
9572
8270
912
3915
2186
2346
3309
3146
6842
9005
953
7142
225
9805
703
4341
5304
2897
543
261
480
9884
993
5057
1255
8113
5483
1564
3769
5414
2604
1377
3023
3170
6519
4120
1930
1316
6055
6140
1678
107
1149
7206
8257
122
9924
3159
4369
3004
1632
7552
5206
2031
6024
632
6631
9338
9449
22
8551
5210
6979
140
6031
113
4921
1532
8395
1282
7879
2715
1618
3234
3683
1614
3639
6167
7574
4974
8517
9054
7260
8354
2889
5231
232
1670
1739
880
6670
557
4351
202
2060
5548
5569
8078
1192
177
4926
3158
3811
3205
2798
5401
2929
966
1065
339
8464
3549
2944
1527
9292
6967
7766
9443
9164
8026
7325
1466
7458
7656
8665
6101
6788
7915
588
5634
6755
2923
2174
5951
7143
3162
5040
5981
5140
6405
2535
8249
1193
4045
3122
9850
7001
3766
9666
6131
9384
2658
581
6645
9532
6351
6288
8414
9420
13
2021
6472
8733
416
6387
6345
7719
6778
8441
7760
9503
4087
3937
1478
9853
1316
9916
4739
7066
9674
5722
2729
8485
986
683
2614
5253
4988
3144
8620
8178
8782
1720
2164
592
1086
6645
2525
877
695
8486
348
1550
4544
5699
4169
7855
1616
1695
5861
8041
1685
9728
940
2317
3649
3255
692
4388
7986
2461
6938
601
5318
9048
6641
1507
2202
4859
6947
8510
8492
8173
8477
2519
3320
3845
5377
4103
9187
7756
4172
1416
1812
4481
1203
519
7156
3137
4551
1346
2016
3061
5085
2490
5946
1521
1715
6993
8816
5777
797
2473
7904
6950
7526
2755
9273
2765
3956
8527
4136
4897
1281
5032
909
3909
9929
3754
474
1617
2984
7943
8119
9368
753
5140
8386
1404
6024
8267
4816
2504
8476
2237
6363
712
9699
12
1802
6914
4730
2079
1798
3608
9446
9662
374
7536
7796
3709
9500
1966
9902
632
9588
5868
8666
1924
7287
174
1618
130
9111
2689
1410
1705
8230
7339
614
2215
3622
8050
1259
9503
8903
8063
2217
3485
9389
2188
4218
330
4290
1140
1570
514
5791
9887
3987
6188
4227
5761
142
8615
3918
7868
7003
4100
4791
8393
2717
1928
3520
1824
1373
1031
4640
9944
9327
3793
3205
3056
7349
4587
7364
838
2140
6092
2170
7106
8914
7824
3243
2540
8357
566
295
4118
4155
6434
4263
4651
6335
8065
8067
3954
6108
6220
2363
4620
7332
8052
393
5398
4077
4003
5400
3680
8119
3276
6423
3280
1616
515
9769
9638
3670
1300
8788
8643
508
8448
1791
1635
6914
768
7141
7462
765
7354
5116
3909
6201
1128
2827
7302
2794
1596
2007
9798
3893
5383
612
6994
1764
677
6166
4330
7555
2476
7074
3182
2440
6435
9448
3026
5022
3765
1169
6496
2149
503
7345
1611
2730
7006
7402
5221
627
8643
488
7476
6210
2077
1821
2429
5002
4041
21
4173
7660
8692
2321
3372
594
7715
6233
10
6346
3715
6652
5274
7509
2765
5952
7974
1599
5365
7085
2912
6209
8502
5543
2510
6931
1488
4911
1072
4003
9067
4789
7639
5694
6420
536
6619
8823
7864
3606
226
6162
1922
7873
843
1120
2260
2001
5227
9842
5000
920
2491
4139
1734
4329
1616
274
856
9114
1065
1887
3534
1910
2418
4018
9540
1034
4221
5243
6249
1661
4998
395
1566
5190
8618
1530
896
1783
9285
2377
2113
8500
8911
523
983
933
9022
8346
2065
5913
9560
1566
716
1462
8180
108
3807
915
7546
3945
7730
5713
393
4561
5997
9506
8545
4962
8844
4691
5275
2007
309
4428
7187
2967
4385
6372
7107
8365
9933
2869
4833
6399
4912
3213
8277
3799
680
587
5263
3287
3721
2476
3402
7590
3206
2271
1703
7434
4526
8103
309
2831
7837
2152
702
5051
1101
5822
2999
9911
2860
851
7997
6771
4206
6625
5281
2807
7964
3770
9936
363
6661
5593
8523
2469
8594
1011
2002
8175
161
3564
7947
655
4821
1195
7376
7383
4081
1391
273
7678
478
8512
229
3513
4945
8088
3741
1675
3631
7495
8662
5476
7245
1163
1174
2839
2199
1033
653
7912
8990
9547
8197
5346
7087
3329
1781
8253
1769
408
4487
1483
8767
7810
3837
19
7263
5392
7422
1124
3065
6572
6905
5958
7195
6687
1521
7458
8704
953
7234
1641
8038
1451
3049
1891
9574
9171
270
8508
1928
8837
2117
9027
8344
9551
2900
7359
9552
4313
1008
8700
758
4654
195
7879
9255
2121
649
7437
195
8229
6915
7567
7065
4370
8180
3160
1857
7112
7554
9440
2284
2332
7152
2070
2767
6785
5388
3631
1229
6498
1166
4303
6906
3172
5192
3282
7194
1586
4386
9011
6168
9805
2172
8158
5147
4798
1243
7144
3690
4390
3940
6609
2647
3481
4496
1316
4702
4173
6577
2911
5501
6049
2070
4014
8049
4107
323
1242
8569
6131
2247
764
757
4229
3844
1855
9619
4447
1876
4187
2228
6021
9807
1545
8323
4560
1038
4295
9754
8625
101
774
3832
6763
522
5208
3663
8278
7915
8512
9197
6498
1258
1935
9976
3362
2836
8605
3309
3668
7868
9755
975
7568
5598
45
2874
2010
117
890
2637
8655
6904
1533
8711
3835
831
8674
7868
8753
7590
1638
3153
7592
1068
4114
6
1315
8417
9852
1133
5267
7284
1664
9134
666
5651
6645
6418
1967
7049
4400
1003
559
6284
1001
3650
2155
9289
7554
6660
209
1809
5907
1066
1246
7134
1245
7205
6571
7157
249
730
8979
6346
1151
551
4739
8841
1850
4566
4728
3602
2181
8852
1182
378
3731
5951
9069
341
112
6203
5104
4158
2576
4589
8990
3064
9632
4271
2625
1226
7013
8005
1467
6021
3507
949
5277
6876
434
2248
283
7995
2243
3116
676
1389
247
8411
555
5944
6968
7308
6440
9996
4407
8106
2040
1684
8985
6844
3522
8390
2269
937
6324
3723
7440
692
1087
2589
3145
4358
2789
424
475
8137
8033
7117
8103
375
2290
1739
3857
5422
6059
8573
128
5314
252
5037
8610
2436
2146
9247
5177
7481
1303
6086
5717
5844
5991
8885
2228
5108
8856
7539
2360
130
1733
958
8063
9456
9639
2582
4402
6166
820
9208
8272
8177
5939
4377
7401
8735
6397
4465
3633
2135
6620
6190
48
8816
5414
5969
1434
6971
9262
2438
5734
9958
1862
9145
2391
1518
4895
2546
7343
4273
895
8525
5042
9676
3867
2940
430
8065
3014
307
9801
427
3884
9096
678
2192
9801
5173
7721
677
8944
2965
9081
8648
9052
5209
7619
1748
7284
2152
8248
7412
5292
7038
3676
1053
4679
4883
6831
1866
9286
1402
6285
6144
9931
3552
9555
431
2903
7900
5076
746
5301
7884
3242
1871
4477
3812
720
5297
190
6667
6095
5126
5275
2562
6150
107
4233
9107
6386
43
7513
6913
2723
4094
228
3050
9924
928
4551
1146
6226
5487
2658
702
4176
2707
2626
2447
8467
6633
6695
9512
2220
1602
3708
5749
410
128
5321
962
1230
8847
1603
7133
4724
2875
5467
2002
2915
191
5120
1978
9868
8701
3976
5852
197
3344
1297
5911
835
5718
6805
1620
7549
1200
5712
5610
8672
8195
2130
9488
1386
1933
3247
6892
9400
2110
2209
2330
307
4898
2765
5826
3437
7980
199
8034
269
1673
6071
7362
6542
1833
222
374
6418
2916
773
5696
1884
2409
4072
1229
3699
3134
207
4912
2598
9680
7765
1347
706
3605
4483
5420
1401
9175
6441
7344
179
1932
8601
27
1331
1461
8047
6842
9993
393
7868
3450
6971
9137
1957
888
1195
5387
2500
7219
8906
1724
8082
9406
3363
7801
5051
1854
1434
4688
1974
8622
3602
1293
1087
8260
1395
5931
3836
4070
86
1912
4811
3616
5122
1289
758
3442
958
7336
4512
5434
7174
3703
6034
5013
9887
8090
2558
6291
9948
9654
5765
8688
2092
1571
9044
952
9953
9300
5311
4323
8101
5926
5493
6539
3500
4516
6202
4789
724
1202
5643
1250
9462
6568
6954
1422
1474
5246
8403
5489
382
8525
945
5280
6798
9225
1290
5358
6197
9416
7121
6312
3322
2765
8821
2627
6299
3778
4351
7275
580
7676
8608
1956
2097
9531
338
2807
5503
1920
4530
1805
9391
1244
339
885
6750
5348
7196
8801
822
2384
6373
730
159
2931
7013
656
5390
9534
2025
5229
8500
1028
2194
435
142
1122
9847
851
6173
8168
6195
2135
5124
1550
9227
8908
6099
1213
3910
4198
3263
8102
1574
9193
2608
6036
5597
9466
2440
6030
1910
2192
2047
3997
7442
9643
7399
2603
1596
921
42
4219
9199
30
7237
4198
5995
263
1350
7199
186
7305
1686
251
8159
822
842
4629
6177
730
5092
5773
4681
924
6670
8430
2524
893
9168
9021
8632
4838
4315
9413
2653
816
1355
9444
2547
2317
6893
6624
2560
2234
2999
2481
1253
1191
3569
3135
8139
1721
9721
5056
2409
7868
5698
8053
2338
42
6726
9213
5399
6398
8552
6025
8983
946
4608
4091
3889
590
6707
7445
5349
4875
1139
3288
5680
4031
8438
6152
1412
5307
4206
8434
1331
1445
9290
2291
3386
4072
5613
275
8801
8617
7432
5443
1154
4174
5624
8736
3017
3642
2656
9497
8943
7772
7723
3897
7657
8873
9922
7387
2004
4424
7929
1482
142
9296
5486
6920
5479
2794
7345
7564
2665
8192
753
1990
5448
2619
1771
3938
4324
955
4489
21
9812
5243
6926
6558
5861
7878
381
3485
9232
2077
714
6334
7229
5507
2976
646
3445
8858
4935
2986
4989
3804
672
9105
1454
1230
6390
2341
1897
8461
8778
9197
9437
5499
3367
7311
369
714
1764
2968
7429
2398
7711
7849
9612
618
7278
9588
954
2210
136
6712
6223
3347
4460
7626
6544
2263
7086
2081
1221
4069
5511
780
5379
4053
3169
451
6480
737
2198
8998
2533
9587
6217
4675
6770
7149
1788
3440
6691
3931
8971
9933
5454
8401
7275
1331
1398
1861
201
2320
5769
4907
1499
1469
8508
9252
6720
1301
8125
6046
1106
7673
2736
7910
8857
2015
5112
6832
2263
3134
944
7929
7898
2098
6990
5288
3864
347
5541
710
819
6007
4882
7317
6970
8130
7474
7803
7615
1736
1694
5659
1325
1438
595
9998
5932
7803
7973
7852
5106
8707
6258
5415
413
9215
2067
6786
2388
4969
3509
7856
5520
4351
3126
8559
6209
3973
7005
953
951
6361
7744
3343
5282
5677
5395
8549
7541
6523
5617
4843
6310
2076
6777
8732
1511
2779
558
9354
5071
5665
3152
2411
9624
9586
9229
3405
4152
5152
2372
6608
8858
6332
9284
6548
3286
410
3551
1856
1458
919
2470
4420
6988
5331
1664
7521
6631
845
319
1432
4781
9247
5630
1853
1657
4966
8846
313
3618
9691
2160
4441
1142
1066
725
1939
769
304
6495
3814
787
1997
8185
9649
606
728
3394
9788
8241
4195
7845
3440
6745
5466
5414
8197
2708
7539
4563
4192
7018
5787
5496
2494
7407
3772
3407
925
5517
4665
6207
5619
778
77
1044
2806
4048
6876
516
3605
7550
2927
2084
9484
6837
1479
7520
112
4309
9843
5893
7456
1881
6279
4821
8873
7698
3146
1125
308
3198
203
741
6827
2007
8213
1789
5390
1019
8080
2125
2644
4500
5401
1680
2883
4992
3555
275
5281
2255
970
2041
679
3620
3118
5885
2812
1856
4445
4605
9929
9073
3803
8697
7066
2728
3243
8092
5343
346
4993
7863
7879
7774
1000
1145
6175
4558
8131
2553
5274
2788
8277
9144
6414
7238
6720
4985
848
2934
3944
3206
7783
6283
1461
9221
1558
990
5797
9021
2592
1504
3970
679
4174
7554
4603
2979
8346
1240
9055
3772
1731
7474
7371
4732
9194
8389
1083
8963
9589
2716
650
4274
3845
3093
9342
7535
8360
8054
4763
6101
7983
792
479
4073
3700
9996
403
3846
3124
5860
2047
2191
1890
2791
3182
1562
7236
2313
5907
735
9529
7257
8420
3789
72
121
8255
9405
1125
3911
7288
554
7104
2397
155
4852
1456
8285
8093
7337
2399
1595
238
3852
7528
5015
606
6555
737
2139
2
3768
5704
1346
5542
190
9343
8635
883
8381
3576
2825
4308
2234
7528
8386
7751
3136
5278
8818
1148
1206
8330
3979
4162
5340
4309
6395
3855
791
3584
583
2352
2069
8748
5748
7919
1608
9276
6725
5613
9616
5031
5029
547
8983
4980
416
3712
2354
1362
6724
1309
5669
1234
4721
1759
6552
735
5149
5402
5048
4403
6541
6579
194
4890
2726
8654
2043
1177
3132
7177
515
4877
5025
6226
4509
9932
8035
4840
3717
5972
4167
4102
2335
3409
6830
2850
3461
9847
3765
8740
7030
2743
202
947
4304
3194
8812
7402
3484
8337
6190
478
7325
863
3284
5350
511
2068
5902
865
4512
8206
9283
6076
8040
1894
3959
1892
2585
5807
6231
5625
4132
5663
5172
8367
2811
2791
979
373
2080
3254
2111
7827
6835
807
9019
5717
4557
291
1034
6163
9806
2756
3412
9277
1015
9125
7650
9046
5459
2849
9745
1601
7918
1141
4645
1911
202
1174
6000
977
914
2117
2232
3408
6383
888
5703
7853
4966
1658
8335
6985
3505
4388
7697
5066
3660
7806
6267
5289
5223
3571
5767
6001
6876
1902
2465
2068
4277
5905
3851
236
7227
5858
242
1582
3853
9061
21
1600
3161
9030
2294
9754
7301
3460
9246
302
827
4330
1588
2829
2797
635
7265
884
9188
8827
9302
5667
612
141
3248
6373
720
6329
7715
8581
8733
2696
2927
2299
8555
5129
5289
2767
3425
5930
1143
101
7066
1540
2220
223
2413
4008
408
396
7199
3066
6472
8004
865
9877
9937
4161
8024
127
8579
8047
9997
8180
6871
1840
1955
8481
4813
26
191
7823
740
8899
8321
7024
4649
3430
8849
7550
8402
5883
183
6697
7648
7959
1
1167
2871
9402
4401
301
1883
3790
5461
3022
279
4846
1101
238
3483
6348
6453
761
6889
6622
7467
9289
3248
8584
2957
5186
4893
771
9875
3774
4388
111
766
5673
9745
8917
3101
9114
1794
8735
6251
329
313
2490
8954
1830
9032
5015
4378
6437
8883
4225
9837
8824
1980
928
3372
8147
6088
9513
2166
4801
5073
917
1982
3410
5276
554
8777
2512
4834
5976
4038
7750
5637
9738
1578
1131
6019
1187
3914
2137
5814
3685
4927
5330
5457
8644
2039
1553
3109
6524
4353
2264
4264
1475
252
1703
4634
420
5767
1190
5411
3250
3806
4054
9183
7045
5792
4177
7948
1900
6615
3513
9983
8002
6397
7727
2349
9023
6978
5067
2401
8304
1717
9568
582
288
1020
3470
14
8411
2580
2292
3050
5699
8318
850
1558
3131
7046
37
9617
7126
3518
753
7952
3965
364
1382
274
2293
1224
3943
2560
9612
8174
7628
532
3268
4747
4465
2350
2679
7415
9410
9632
342
6412
9812
8698
8794
3249
8708
6472
5949
35
2409
2259
6623
9874
8117
8142
559
6656
1802
270
699
95
8280
1269
965
732
6037
5784
697
5398
5353
9392
4370
7475
5444
1449
4799
6476
9395
1846
389
3828
2629
4182
2048
9371
1726
1041
3332
2931
2332
7133
1139
5256
8103
6774
1339
3291
6839
1488
7138
8587
2144
7215
2379
6966
615
3222
5701
2962
4992
5897
4343
1396
101
2024
7337
5758
5227
8124
2001
5783
9290
1775
5997
6648
7365
8908
1460
5582
6651
6609
5992
5964
1024
339
5313
8127
1029
5103
2605
6930
8667
9430
9114
9788
167
7301
609
99
5317
9187
887
8726
2025
1566
1360
5903
5546
1889
4098
8542
5321
2557
5039
3442
2445
5597
2581
7510
6925
7974
2114
5709
1744
5605
5115
3830
9947
3027
1010
8686
674
1915
3429
8586
8257
2610
7108
9870
1342
3353
3901
9185
2765
1187
4787
3863
548
5993
9941
4979
2433
3162
9089
4614
4763
5467
1228
9959
2151
8192
8707
908
9196
816
5995
1027
3000
2513
1378
4035
5430
2225
157
2303
26
6916
5064
6994
1452
5832
6082
942
4519
1788
7706
360
3006
9653
2681
9621
625
8814
4891
4149
2459
1048
1306
1203
6874
2089
3330
9107
9406
3614
6799
6006
8216
9072
8427
5064
491
2831
1575
9121
4686
8183
4874
2118
5444
6679
4871
4815
6513
6884
1778
9951
6790
7359
7781
8637
3325
1947
5916
9957
9611
9450
7926
4470
5747
9545
1219
8932
2215
9828
1630
3777
8327
8176
4056
461
258
7421
5074
3610
1025
367
2609
6785
4962
5143
5714
629
1399
5906
342
5618
8838
2313
9518
9660
2161
3432
9106
1917
2094
6483
8865
2491
5375
3573
9738
5651
2085
636
735
154
9270
1496
1646
52
3436
2154
44
2266
212
9285
8843
7586
6327
1610
487
9611
7069
7333
2185
1502
343
5872
6065
8912
6892
443
1897
4881
303
202
6709
845
5358
4000
1413
4848
652
5732
3116
4707
4475
3375
7439
8752
536
2927
3333
7377
8439
3819
8170
7628
9158
661
7897
1708
1238
6361
4305
2271
5214
6824
6958
3687
2825
7587
985
7663
9796
6632
1913
5188
1731
6501
7647
4464
4669
8672
1781
7618
8783
2494
4734
4395
1652
1401
3666
8389
7906
2103
7283
1635
1859
7380
5619
1698
4215
697
4934
212
9442
5199
3593
5960
5123
191
4770
4236
80
3609
375
7
8971
6169
6109
74
2923
996
84
1477
8159
9954
1116
951
6207
5578
4233
3974
8728
3275
1618
80
5676
4133
4423
5351
7860
245
667
7274
2875
5918
2126
7532
8239
9156
2017
2623
4517
4706
1270
2340
7152
9224
5411
7889
1729
3009
8985
2920
4572
6767
7656
8368
1035
9547
3608
2233
8749
8433
7161
6948
8369
601
9155
2017
7593
7269
1502
9697
2722
8438
5986
122
107
6907
8032
1516
2824
3618
7934
8725
9379
8591
6219
6515
7269
1615
9465
1555
6666
5260
8157
6319
5566
546
989
7541
4699
5059
3571
345
1986
7691
7630
45
2319
9789
631
6127
8630
9237
2075
7649
9788
431
3208
1186
2579
3925
3243
3282
8847
8266
7525
2616
2684
3762
1800
7020
8995
3051
9313
8845
4266
5848
9778
7877
7440
7865
7592
174
9209
1282
4283
6502
3563
7181
6609
1502
1616
6890
8073
8985
5362
8195
8455
2756
2685
608
3162
3918
1044
1565
2547
8104
5201
1411
5111
7166
1955
5397
2614
6278
2130
1825
2070
5401
1305
764
1604
2453
6543
4336
1725
2483
3586
4532
2394
3353
2219
2097
4057
2246
1481
5835
3647
6253
9650
5238
9254
300
9656
5384
422
6749
3121
2524
358
2248
6447
9077
5463
1488
438
6915
9375
6440
2017
3790
1814
9653
1619
3300
8110
9325
3771
3653
8480
57
1682
538
2465
216
8222
4031
8472
828
5417
5687
4238
6549
2485
5987
3711
8513
72
5929
3606
4063
9226
2927
210
4889
1493
5466
820
8547
9742
6024
9468
1505
4585
1175
4120
393
9874
107
3533
4684
5939
3210
678
57
4049
2395
7369
2066
5250
2267
4406
1870
6610
3167
2104
929
7841
6672
624
5562
8524
8214
4524
1219
8097
3362
6530
2093
2428
7292
639
4178
823
2113
8525
608
3067
5173
4010
382
1168
4706
878
4161
8406
10000
7507
9335
6935
5640
600
386
7611
5935
8118
573
1168
8435
9408
947
2065
1826
3081
9335
5422
7296
9557
2109
4301
9932
2235
1388
5004
7140
7823
1311
4442
9360
8518
1358
3205
7921
2937
8054
1799
7460
212
1279
1967
7318
1584
4840
2267
395
701
7107
4301
3250
7432
717
877
3780
1663
7173
8681
5817
3623
4241
149
1445
9962
5184
5826
2477
2761
4144
4249
1503
4560
3040
5111
1584
2056
4964
2114
3949
6075
4141
5713
2351
5981
6964
5988
5333
4649
2284
2275
4873
5130
9947
8259
724
453
391
422
5097
2604
311
3714
5517
5935
2484
4432
5165
4467
5825
755
2177
1092
1248
5420
4861
8142
3628
2893
6411
5625
9904
610
8030
5540
3206
7099
2106
6869
1785
4597
2219
1344
1521
6255
6750
136
405
5743
9871
9862
8001
1228
6268
5906
8931
7338
627
2558
2332
8746
3100
7285
8435
4960
6896
984
9342
596
4766
9871
5566
6876
2634
796
521
3529
128
3990
4523
5777
7105
3928
9855
8349
3384
8925
4619
129
4622
1452
5242
2471
2992
5053
445
8575
963
9474
2519
8276
2148
1144
395
529
254
182
8898
5554
375
2575
2253
8777
6155
9763
293
8055
2190
9584
2674
8909
9697
2748
2305
4123
9647
9201
2668
8394
6550
3657
4681
4199
8137
637
3568
8041
1346
3365
488
6889
5421
7531
2409
2671
1426
5101
7063
827
2851
1105
1618
8002
1059
9013
9546
3822
8128
7198
4291
570
3385
9123
8320
6321
3649
4848
7599
52
60
6083
7974
452
1931
3220
1790
9073
6918
2320
163
3801
4272
500
9668
8186
6276
1923
3533
7287
2236
5835
8667
6004
8028
7804
2000
7134
5575
241
9170
243
5667
4247
7342
4761
3607
3327
301
7106
37
1205
3963
5884
1326
7510
7497
4985
3557
8858
9677
303
7275
159
6077
981
445
4569
4835
258
2305
8129
4653
3213
9790
5645
2363
1166
4588
9796
1364
9578
5022
6181
7848
4349
392
5665
1648
2077
3469
6306
5637
4257
7283
6245
3730
4833
4670
1694
9248
6616
8203
2552
1822
7250
6409
998
5650
5556
8813
62
1506
8514
3991
4609
8983
9300
2114
5046
6653
649
6170
8167
5152
3362
2271
3951
1293
7806
8146
7805
8206
2727
4663
5813
906
912
153
142
2063
474
661
8118
9711
2386
4183
7433
8904
6437
3108
1233
8441
5577
2465
2976
8033
198
6520
8635
9834
3836
7906
4456
5224
711
9055
6764
6299
8153
8007
3084
5306
5770
8781
8977
1889
1651
5194
4062
8634
8766
1491
826
9868
3712
8280
2208
9109
1884
5809
2204
4579
7132
8871
3381
2658
2752
1949
8049
4852
431
9307
1706
2391
1358
556
8677
3648
3212
7265
253
801
417
8592
4215
722
2829
1895
3685
2046
3897
9127
2062
8747
2821
1076
2654
5114
3870
3721
2274
2049
8425
1274
8062
879
5518
4873
1516
7522
422
7465
1933
5815
62
2764
7285
6011
976
1180
8163
8298
7316
2492
9401
4188
2486
4152
526
1567
209
712
4132
5837
3729
723
6082
6110
9360
6590
51
4678
1383
746
9672
4630
3027
1104
5238
6613
1593
184
8276
2622
519
2367
9201
2446
2450
8375
2650
482
2453
8003
3806
3848
9922
7880
9868
2264
6827
4832
8923
7035
7879
2711
1442
7041
3647
6679
6006
5863
8395
7017
4064
5857
250
2246
1937
1993
2723
3610
6557
9162
9650
6646
2506
5120
2558
9795
8163
1302
1932
4696
2734
2383
8144
256
2628
623
7386
4055
4074
6790
6013
3200
2973
3853
6083
7125
1874
5465
5295
376
2714
983
8147
7491
2464
8380
882
1403
1587
8499
7048
18
2643
969
2393
6457
486
735
2536
2070
2189
3822
8299
7083
4327
1303
426
2441
4297
720
8606
8778
3466
1579
8186
1829
6938
2048
6114
2760
3696
5201
7381
1663
5303
2734
57
6744
2447
1575
228
2765
6882
3844
1081
4896
383
7918
8521
3430
2755
7016
7546
4040
3032
947
4546
2455
2972
5947
3161
3512
9923
7772
8207
8176
3918
6250
4252
8903
5052
650
4421
9686
7418
5141
6642
757
9750
2243
8439
8533
111
537
8986
9274
5805
5813
7605
9193
5871
2352
8913
9481
339
8653
395
660
2719
5315
2838
5838
7777
485
4674
5113
5141
1217
943
8374
3967
6143
3851
4930
6432
7162
6247
9943
6346
29
3336
9547
1963
470
2233
7786
2427
3594
418
665
1429
7890
124
8339
4740
2446
611
5596
6892
6981
227
9336
9219
3725
8497
6831
3863
4168
1863
3865
5566
2472
547
8050
8601
907
148
1724
8310
8891
2047
6769
6327
8862
1343
4018
1938
8443
7459
3654
7771
1499
6124
7589
6329
708
4477
8890
2812
6821
7587
9512
7311
5324
8114
739
1395
9490
7190
8657
3042
4151
180
7995
1948
47
2001
3905
8303
5402
506
546
9431
1830
7772
4962
6295
3354
3959
5555
4712
6253
1619
7703
7302
1314
3272
6859
5276
678
4339
6588
8030
9529
9788
394
6618
2957
8523
1382
1876
4621
8937
9033
1782
898
5234
5642
6460
8471
4710
1721
6486
8821
1375
8853
4197
6485
6094
9921
7903
6924
1796
1410
4849
8485
3138
5995
1390
3265
9316
2187
8107
2414
943
3374
2998
6852
6080
8931
2631
3413
1799
3781
4377
5044
3488
4023
3004
185
3950
2170
723
9308
679
8606
2482
5031
9160
1088
9405
6337
6470
7177
9853
8406
5845
3805
7802
2003
1565
9253
4201
8846
1424
5162
124
9607
1038
9395
1661
5079
2578
7359
6209
5841
9617
6010
1787
6487
8553
5174
6528
1702
6824
2326
138
2763
8558
2061
6413
62
6632
3385
9026
1508
2612
2495
6489
9651
9087
740
9990
1606
6074
2443
7856
9758
3686
2108
3794
6249
7616
4785
2415
5820
898
8734
8339
8970
1301
1379
5604
2727
965
5993
8543
5924
1697
1151
21
6481
9147
4479
5210
3523
310
1412
7418
161
4417
504
4176
2727
3774
9659
512
371
1194
5377
6765
6580
7423
8206
7641
3094
3467
6856
7127
9924
608
8005
1061
1093
9180
6622
1956
657
2284
6991
3204
1377
9789
1629
3243
412
6227
1036
9759
2906
3901
8063
2365
166
4808
6017
8579
1189
6724
5347
6560
1885
2401
1427
9912
5887
9128
8299
2263
3385
4593
5114
9017
7425
2524
9327
8718
9865
8065
1661
2880
6198
9950
3245
3970
3143
2467
7027
5498
6730
5302
1487
7735
9029
1908
5768
6195
8480
2618
8523
7280
2626
7135
1509
2447
8190
9034
7030
2958
1135
9683
5777
6394
7182
1192
2497
6108
9468
3952
9421
3737
833
218
7653
7244
822
2321
9638
556
7891
8024
1429
8327
2612
2641
9586
2110
1550
4942
3292
2967
4173
7070
8073
9547
6958
4227
9750
9655
880
9470
123
5187
2602
4470
1338
5264
8342
7960
387
1902
2830
166
740
4130
5357
7736
2546
7646
6778
2322
1785
8684
5649
9052
5795
902
1848
2101
4048
2891
5195
1001
3088
4470
4247
1975
9629
435
4913
2152
8575
2926
6173
4790
8065
8057
4477
8050
9568
4187
2841
759
6833
6393
1075
4521
3871
4519
9576
7079
6797
4271
3539
6124
5478
8290
5964
1394
3023
512
8234
2119
1790
1815
3251
676
2894
8117
5842
3109
1326
8950
5635
2465
4050
5315
2038
6260
7024
1009
2023
5106
47
4125
4820
779
5957
551
2110
606
1611
5124
8251
5149
9124
6076
3562
9235
1546
9725
6926
2506
1709
9116
7983
5452
7999
6549
2376
6063
418
6480
6300
9642
2676
2954
4018
975
1926
7
3976
1172
7837
2366
8224
1362
7345
3181
764
2148
3751
2938
220
8664
1633
8419
6873
3127
64
8598
7534
2378
9016
823
3674
2299
6976
370
9429
5552
5053
2609
9778
6637
7557
3917
250
6478
8549
2682
3740
2019
6067
5221
1526
9605
752
1618
1749
3640
6752
7373
7970
8193
5457
2197
6818
9439
2060
1688
4360
8950
213
9158
4657
6992
688
1624
1446
6282
9744
6866
7242
8963
5697
1441
9956
3419
4693
8967
6221
1590
9687
3425
2984
4858
4941
2542
6388
3866
460
8568
3728
8439
3786
416
689
1444
564
273
7767
4924
497
4566
4007
8481
2202
5581
7932
3796
582
35
3589
795
8379
1949
2423
3791
3112
2061
8909
372
6002
5606
7463
1358
6412
6470
9640
8420
106
5466
7420
3854
824
117
938
6354
7498
7324
1187
7254
7053
2655
8556
4285
1925
5545
1150
2007
7115
7509
6131
7430
1452
6511
1570
645
4710
7365
4673
2790
120
4035
216
2887
5001
4403
3573
9280
4146
2696
473
5911
8705
149
8278
8776
7310
4217
2867
9355
5598
1135
3967
2729
9173
7928
9840
7598
1268
7998
6941
1409
1002
1924
6515
4671
3279
6567
963
5939
4303
3431
907
1954
4408
9633
6843
8493
9402
9850
4588
1278
8709
3449
5256
3174
8345
8378
4896
820
5706
463
699
7581
1032
6956
1690
4684
2941
6778
2502
4225
5240
7603
4333
400
9005
4770
5265
5818
7127
4495
3871
527
9806
7043
2533
7649
7097
3787
4387
1745
3616
8942
957
1058
9139
2651
5486
8473
1711
3463
5571
8483
9351
3462
9727
7397
6072
1959
5958
7878
8359
2085
8822
8213
9275
4472
2495
8723
4852
4726
7559
170
2093
3105
8594
811
5547
8879
9898
7184
4348
1602
1712
2270
6912
9427
5549
861
6221
6914
9323
1013
2262
6721
8091
1042
712
2083
8769
8180
4447
9169
3149
5961
1439
3650
6943
5024
6661
8444
232
323
1578
4436
9399
5600
554
262
4635
2605
505
5314
1630
2487
1419
7146
9171
264
1980
10
4671
4257
1073
9733
4263
4579
1752
2298
1799
3861
1238
3262
7872
4701
2869
3462
4030
7696
5267
6438
2068
1741
7008
4921
7138
9836
764
3979
4568
3780
2444
9411
449
2698
5041
3675
6258
1556
6337
4558
2060
8406
7627
952
7508
2726
1953
3969
701
2527
1153
296
1774
2983
7020
6229
8738
8752
7590
777
2866
1267
1909
9701
514
4640
9017
1191
6097
8019
1
4199
140
7253
4825
5478
8850
9639
8536
5033
5904
9457
1734
6058
2693
3874
6102
6280
9013
9671
7068
208
5960
766
7215
8559
1735
1490
785
1587
5758
693
3526
6013
4324
7154
1418
3740
7683
3511
1057
8459
8589
881
9061
879
2606
4791
8549
380
7478
3952
6729
7875
3523
382
6701
212
2378
5581
3252
8810
530
6372
4722
3052
2589
2366
6644
1750
5866
8015
9464
5370
4632
7359
6891
6558
9841
1708
7392
4859
6104
461
1986
8493
4071
9352
1915
2680
404
1222
7206
6977
1780
4682
7373
7686
5370
837
9328
5693
3041
9653
5201
2386
4078
1424
278
4004
3270
3434
4402
7067
5494
1753
7844
4183
8372
1445
8672
1181
3465
6412
5789
7615
5888
3610
1233
5015
1735
6961
3414
1922
2158
7762
8450
9915
6662
2065
7694
7064
7843
8842
8381
5381
1477
9594
9953
7240
1560
1562
1522
8546
3379
3888
4501
1360
839
8450
328
6690
447
2643
3500
374
3953
1744
5368
9385
9045
3010
7193
4223
759
5169
5806
9202
8516
2202
3557
4596
8261
9143
3757
4805
8892
2843
6725
1786
2403
2853
7416
7095
5492
7945
8239
2217
760
4897
6377
487
2055
8913
1954
8611
6353
9722
190
8952
6291
9777
1782
2299
4702
4750
7400
2073
5674
1684
8198
7105
4126
542
3993
2695
9488
4906
2464
9435
9937
9526
7870
3937
8979
3637
5805
763
8447
2638
6545
8844
8653
8965
2875
4861
7658
1782
8743
2428
1859
9738
2541
7410
5635
836
3058
2685
1979
7547
5071
2477
2145
4589
508
9765
4496
8562
2160
5855
9703
2417
3090
5821
3611
5630
4672
374
4448
3705
52
32
4213
3838
5731
196
2626
5887
9114
49
4974
3575
1131
3671
1362
824
3691
5202
5751
452
4029
3706
561
7629
5078
6144
1636
2086
2892
7106
174
6817
2329
1776
1956
39
6100
368
5818
678
7101
8796
4639
2676
7013
4456
2110
5621
23
6801
6813
820
594
4303
7544
6907
967
4331
4595
2627
3907
6255
4309
5778
8079
8341
4007
2548
2626
3001
4765
3028
1760
3954
1307
8222
5264
4736
4985
5381
9143
4900
383
3159
7868
2279
478
16
719
5927
9578
5232
8145
2606
3044
2552
1304
1428
679
3081
3881
9517
4041
6351
3804
1580
531
8329
8020
7997
1129
394
6657
2567
9921
4645
6979
1375
4209
1258
8561
4733
2308
2624
6685
6643
9709
230
9220
3768
4747
9806
3554
1506
4292
6894
2681
3225
9268
4797
2537
660
9468
1023
2443
6661
4748
8906
6941
1034
5188
8825
9163
8342
970
8449
2961
726
7115
6443
8836
1876
7616
103
5983
735
2243
3738
9343
2521
1394
1409
1191
6557
5000
459
9586
590
9415
4313
1889
2577
4881
2684
6992
5368
7909
1094
1056
4624
9685
7179
7604
2233
8680
2278
2333
844
9635
8795
710
5830
488
5633
8715
1391
8802
7493
2669
497
7100
5690
5546
9201
8067
6695
2487
5450
5162
2637
1877
2743
9619
4028
7242
8934
8732
7672
1651
114
4279
6810
740
3303
4287
6916
484
5511
4197
8217
546
6310
3446
1544
9520
9801
5597
2018
9296
6486
1698
9895
4217
4134
9662
8649
8207
3270
5494
252
8106
4234
7305
892
6595
586
221
1153
8708
9432
3355
2616
8041
4512
6548
2364
537
9623
6106
5414
858
163
647
608
4752
8019
1402
5528
9692
3091
3615
1498
983
9064
7619
1451
4173
5407
5417
6225
6236
8316
4517
2450
8716
4313
373
7854
446
4081
1538
3709
3827
6429
7598
7262
6984
5495
8680
4755
2390
7267
203
2102
1925
9575
201
1732
6406
5458
8396
6456
1042
1962
8178
3369
7633
1480
1346
6929
3447
5999
9916
2093
9120
1780
9538
6027
7828
7831
6935
9249
8502
2928
998
9209
459
8144
583
8870
6666
4987
4609
2626
692
343
904
8327
8594
7274
8349
4959
1627
74
4273
8589
857
5448
5911
5052
1024
5408
9395
4760
663
3759
6966
879
8465
7321
7604
1771
8125
9265
4732
4727
7868
9781
8109
5874
6901
9506
6133
3764
9426
8412
9254
1286
199
3214
7562
6175
3727
1543
2594
9877
4077
6172
468
8220
2942
1530
645
4946
4393
9055
836
4733
8664
2290
216
4631
6593
1484
201
9906
3638
521
8984
3872
1508
1884
557
8740
9917
1429
848
8780
1621
5898
3560
486
8777
2605
2406
1261
3351
4441
9159
8302
473
1772
8198
1577
447
5835
9163
869
1709
3323
1963
2867
3413
9289
9598
7483
1456
7666
80
8485
8736
4164
7992
6156
7677
9783
6127
6419
4379
1000
1157
306
6868
2291
9102
999
9980
7914
9613
6119
672
5608
4472
390
3282
5988
1840
179
2565
7495
8463
6075
5773
5985
9676
5680
2003
4178
1125
3423
67
8100
6927
365
1007
1500
6051
1071
8203
6865
9545
7097
2683
3579
568
5861
7220
7390
8608
9997
875
8329
3009
9761
5646
4634
8686
5965
1997
7078
7264
3641
34
598
1781
6253
1171
1042
4418
1745
9635
2855
9411
6170
542
840
5920
9829
67
8866
3680
4845
5314
9456
1277
9526
1712
4407
7558
3129
1963
4408
2186
4037
9874
2676
2436
487
7996
3380
1184
4096
4767
9843
8298
446
6644
5643
5679
2908
932
2342
9471
1851
988
4807
1375
2010
4360
3393
2988
9743
2383
3974
2377
6114
3914
8477
5298
4803
2764
3913
8346
9271
5591
4512
512
3486
5735
874
2130
8548
9368
5239
3616
7357
2595
8484
1951
5629
9950
700
1368
354
564
6515
9339
5267
7988
6990
3702
7384
6351
2681
6736
1245
5599
2869
4530
8064
446
6831
4285
3030
7483
4295
7916
1388
4421
6465
498
2688
813
3698
6016
3200
4463
4648
6175
4192
6663
4408
5148
5629
4749
4365
2209
2359
4258
9177
8513
639
1296
1215
5521
8234
5069
8979
1097
3188
9696
4900
2288
30
9080
780
4413
8495
1624
5631
1008
1185
6009
9005
2358
624
1836
3818
2222
9493
2536
5958
9262
9654
8389
3607
6999
8870
8948
5310
6053
3979
178
4579
3139
98
4557
1364
3735
5668
1950
6894
2508
7376
8070
1784
3923
962
3844
7769
3720
3414
137
2288
1562
5526
4185
6520
423
2482
1911
4805
897
1431
3811
8170
4946
3697
6847
8655
8087
600
1520
7743
946
3957
9156
7539
6421
6160
2125
353
5251
9433
8271
2739
4365
2362
7325
8817
3576
9449
8258
8299
2378
5199
8121
8513
7383
1696
8761
4117
8499
8388
474
7654
6083
3254
1545
4850
7830
4945
386
349
8675
1218
6878
5670
8020
6248
7743
5059
2019
5743
3782
9355
9702
3088
5757
3085
6200
7803
7375
240
167
7812
6837
7981
2048
2126
1790
558
3054
794
2983
1174
867
5276
4641
7698
5332
4190
6022
8923
4627
7408
255
2560
6238
5948
4487
6777
459
5788
5741
3301
3509
5161
985
4720
752
1328
6881
2527
3928
8102
1096
9183
4782
939
1743
1995
6038
702
632
1488
6347
8848
949
1819
5049
14
9966
6348
4238
3315
5644
7836
7578
412
6714
9568
9123
3386
6368
6880
4744
3244
9320
9842
6680
3143
9870
7228
4034
3988
2395
1242
7145
1771
5108
6535
3361
6273
4668
1500
3218
9825
5903
6641
1118
9994
1875
5036
5692
1953
247
6295
1191
1811
9075
3259
3370
4124
3911
3086
8444
4226
1724
4078
8589
6247
1770
1599
858
2155
4487
1043
8099
5880
5779
1830
5332
9544
2207
4870
9538
3515
7252
1705
1418
5843
9664
5243
2205
4482
3029
5813
1492
2520
9682
7767
4502
5178
7657
3990
1389
9840
4904
3959
2890
2114
1564
5482
57
6686
4096
9161
283
7393
5909
5074
2208
3832
5511
7950
6617
411
5118
4382
8921
7480
9683
4720
311
1536
6515
650
200
9660
6520
1108
441
1993
5524
8994
354
5491
752
2639
5335
207
2424
9383
2799
9014
6159
941
580
2649
9577
7085
9578
1403
3030
3049
3693
6653
832
605
523
6693
7820
3518
3090
4580
8659
2020
9915
6480
3274
5739
3703
2473
36
5874
4892
8309
3507
3949
8616
8585
1775
4941
296
3037
613
4450
3932
9166
9068
5609
6993
2471
6878
4097
7542
4535
3473
5243
7656
9392
7875
8006
9414
2008
721
2345
1580
5089
7336
8586
1321
7385
1350
8291
3782
3108
8444
6318
8093
6071
1183
8441
8404
500
9655
8688
8284
3822
1208
364
6657
5942
3125
861
9805
9461
2424
9323
7362
235
2547
3865
4311
3810
1148
201
3489
4322
3180
5159
3783
9967
4170
8432
8775
7976
7230
9480
349
2767
7372
113
4162
4298
8245
1427
8287
1078
7359
9414
7483
2786
868
8976
2036
3752
3808
296
8743
7544
1071
7652
1926
7986
2700
409
759
1306
5799
1597
9320
1765
678
8242
9872
6313
9277
5939
3292
8707
6478
5192
3060
3756
7440
9451
2263
7638
9650
9221
1326
1144
6253
2352
9518
8390
5709
224
9468
8882
1153
4808
2377
6806
1344
9524
7650
8584
151
801
4852
1494
6703
8552
7670
8908
2521
3761
5007
1492
6023
5880
2714
7182
9682
751
1335
9508
6400
3044
4174
2777
9730
3521
6194
6714
3855
4230
1054
4158
2680
1531
8019
4185
9226
6876
1813
9395
432
5018
7419
9704
1780
7438
253
9695
8496
6216
2702
5266
1186
4002
9374
7046
318
6787
9047
5912
3135
4713
2278
5299
1031
9347
1152
2653
3971
1342
157
9407
4438
3740
3370
3962
8981
377
2041
6404
6658
1226
7782
2424
3509
4787
2669
4958
6833
3825
6992
8889
3908
6056
4264
719
1727
4578
8690
4543
9605
1383
9828
8528
1862
2321
1103
1556
1187
6676
7573
7014
3250
9492
8519
7810
7256
8107
2414
705
5539
5735
9398
2965
1338
7129
8591
5584
9174
2197
84
5865
761
2986
9346
3851
7914
563
3877
5372
6227
6568
3272
442
8003
2775
169
9377
576
2169
5594
8752
587
1019
8944
1063
389
5063
3762
9799
133
110
3629
987
1876
4869
9693
8919
2920
1203
8262
5598
7901
6844
9728
2059
7474
6835
8535
6853
5891
7260
8891
1716
1247
5590
8854
4463
6464
776
7980
9723
6486
5338
8163
8822
5058
2302
484
957
5093
7795
6901
6315
1510
5316
2750
3681
6102
8245
2727
6623
6060
3634
8678
6967
9145
9998
5663
6222
1998
6213
3606
2636
7997
5069
3070
6638
9450
1579
2087
1942
9471
5123
220
3378
5568
2528
6784
9109
8978
6516
2403
9611
978
5332
2725
8318
1024
6672
6454
3286
9872
1574
8225
8857
6786
1136
1048
7305
5695
4490
737
7531
4504
7084
4723
3767
8378
1105
8731
1353
2486
8567
6064
9570
9275
2948
4030
3270
5984
3742
1617
9907
2758
850
5292
1327
4562
12
5338
994
4881
4905
2365
8126
8235
2216
4690
4533
1454
9169
2422
9882
1955
3191
4456
1384
2787
2573
4220
6834
3771
5684
4856
5931
6541
9057
6250
504
9216
5578
5257
6241
654
3897
2592
2286
1058
6464
7715
8321
7814
3097
5852
7842
9541
9354
9937
7239
3150
8556
147
4942
6491
9910
418
6805
1367
6701
8408
8821
2693
9119
7903
4411
1578
4621
3969
8846
6785
3178
7467
611
9209
3058
9472
8657
2513
5132
7110
2153
2440
4561
7297
8270
5834
2945
3100
8042
595
3611
7066
4100
4829
1031
3684
6940
8773
2960
5975
4793
3283
351
2630
9716
6129
3008
2367
1143
3267
1539
4955
2271
9766
6987
6376
8415
4144
4248
6535
752
4613
2344
8921
4444
6105
180
9086
3624
6568
1352
9489
1862
1838
3381
3495
6780
6095
2400
8849
1625
2079
4229
1932
2749
7441
1547
2256
1716
6116
2393
6610
6117
7016
4774
363
4401
1063
9011
8374
4329
795
3260
3374
8238
3324
9543
5369
5781
4308
4471
7387
112
8816
3497
8112
926
4814
6685
1209
967
1566
8887
814
3674
8431
8270
9183
9442
7661
139
6359
1753
6023
7640
2367
1318
6499
6284
9633
9059
5762
3487
3383
8595
1229
1517
1342
387
1675
4635
256
8175
8195
4348
4423
269
2691
1225
8390
2545
3442
3589
9458
4190
5558
10000
9188
4955
2474
5690
2684
3490
1424
7499
1930
5512
2189
3398
5547
5843
7611
1417
9525
9031
528
2334
6019
6640
2370
293
2395
3142
3839
6790
3574
2768
6971
4109
5193
4975
7485
4493
2528
2612
8238
7288
9521
5755
9687
8889
9669
368
2649
1313
4364
3973
6505
5513
1964
2528
7072
4208
8069
1583
6637
9047
6216
4214
1042
4760
4197
894
2880
9592
7712
6203
172
190
5104
8959
8537
9617
8723
1575
1085
9627
4287
9888
889
9487
7466
4338
2368
1670
3676
8495
7505
7074
2673
2554
2819
7770
4175
4209
2368
6998
1803
3462
4407
7331
1795
2915
2498
4614
3802
2674
1482
2685
5735
113
9096
6207
5509
3007
9811
2403
9943
5420
1702
4987
1544
2946
8849
2743
34
5627
304
2896
4441
894
5153
5326
5165
5688
3860
321
3778
2470
80
608
7608
9967
8892
3324
2388
7840
5212
5450
8993
356
2372
1548
4742
7848
6124
4779
6374
9546
633
876
4108
2304
7064
1819
2184
3499
6622
584
836
5369
5681
9006
7438
5687
3164
367
477
8205
3123
2582
5407
8811
543
7395
7487
5314
1430
2766
4718
2339
5187
9169
1536
2626
9060
1005
9515
80
3310
1124
7707
5843
292
7277
7981
3786
7158
1505
4399
1833
6834
2124
7932
4442
6834
8863
17
9001
7529
9381
759
2362
2618
7882
6299
2391
4326
2575
7985
7317
2633
7835
3193
8433
1896
5847
3392
8933
6762
8315
3147
998
1134
660
2238
5659
4216
1402
1411
9864
5916
2794
9881
6128
526
7294
2986
6670
6495
7242
8115
7371
2888
8487
1117
8807
5504
8928
7519
538
4694
9778
730
4626
9553
5801
6460
80
1841
5105
4057
2751
6826
7731
7159
420
5041
5091
556
8892
6225
9509
115
558
7491
1021
9671
9934
2101
3463
1136
1704
7085
6752
4469
3417
1587
3410
7361
6251
7391
231
8125
1521
4758
1645
6304
181
1234
834
4691
8088
150
4901
1130
1940
7744
2491
3767
383
6940
8476
1949
7508
4124
268
2230
3670
1007
5912
6930
2985
256
1685
7096
9453
7423
4074
9014
7862
8239
1493
5442
588
6407
7207
6934
3030
1771
2886
2689
4320
5714
5722
4591
9478
2183
3233
7954
2810
3079
3983
8553
4490
8358
9013
7761
1597
9558
7285
8385
4068
5838
1441
640
3855
1865
1232
8525
1789
1114
6837
6266
5979
1148
745
621
8358
1690
1489
3364
36
9045
9331
5309
5249
8560
9165
222
1370
1875
7333
1678
9682
6167
6932
1429
2649
4902
8343
6593
8160
9668
849
9343
2425
4708
7349
4060
1343
6490
7226
9025
8441
8882
4680
7208
663
1787
3733
9599
2255
1060
8532
8612
6504
9248
7149
9499
7330
9862
2630
463
5769
3679
4367
2841
1852
3826
3122
7559
371
15
5569
7749
8415
1305
1018
1184
2586
9614
1718
5377
6095
8063
1750
5832
2788
1925
393
7082
3856
2593
1976
1919
5754
1755
5946
6523
4226
2970
9446
6228
1067
820
3520
6721
3186
4826
3123
3868
3144
5969
9526
6533
4803
5337
585
6912
1529
7227
2371
2489
5488
447
813
6908
4643
5912
1547
2398
642
9815
429
9342
2741
5341
1018
2612
4345
2869
9556
6052
9856
2664
2670
6412
3126
8542
718
6828
2175
5000
8958
4577
6613
9512
6309
6597
2003
4993
4538
8558
7792
769
9502
5868
4978
9606
4349
3700
6311
1420
4376
5458
2219
8339
6844
7845
1405
369
7794
5773
624
7452
7907
5513
8922
1844
2178
8026
28
5726
8458
6399
4139
6515
2818
4466
2751
290
9968
8806
810
4143
5432
6735
7241
2279
668
8033
2818
9485
1246
8109
4752
198
4378
8009
9703
6538
399
689
3951
9958
426
7868
7571
9229
8621
2430
1312
3662
4502
4532
7929
7262
8830
4225
4555
1656
3587
6430
3371
522
9828
2357
3358
8450
8172
8089
1841
5891
1207
3777
9926
1888
8797
982
4982
1534
5113
2278
4065
3871
926
794
587
7444
4463
1965
6835
3233
6271
1328
1907
5153
2256
9500
2748
9768
6495
2321
8292
6469
6921
641
553
841
8267
6017
4396
3086
4290
3454
9162
187
681
6346
4538
5622
6016
9860
7675
8889
5740
1567
2864
8250
1035
1915
2917
9602
1198
586
7606
8045
4296
4329
3185
1255
8176
377
6666
5040
4698
4037
3966
8706
8790
4957
1129
5939
9903
8566
9882
2859
9184
6532
3512
1720
2461
7208
3072
8517
8770
3310
1165
7423
7697
9284
8853
5456
799
8192
5480
1758
379
94
9530
1700
3208
3709
4546
2332
9090
137
2716
29
5670
6154
3957
7915
6617
1613
1636
2200
8638
9760
3188
7379
8693
2407
571
8123
291
7958
7360
9108
6400
1854
8882
1035
6537
2995
6273
1947
4802
8032
180
403
4436
9205
7135
8979
3549
1059
3483
8694
6573
4216
724
2192
5402
4767
5039
6289
5446
425
1656
7221
1612
8184
1505
929
8783
9282
8923
7901
4820
3689
9966
8045
9363
9470
8815
4735
5390
3935
2700
1157
1287
1508
9184
2114
2498
9886
936
2110
2462
715
3322
9436
3130
5931
8861
3485
1828
1288
7941
3108
2416
9952
8975
3197
8971
6814
363
7571
9765
25
5358
7871
6130
8071
8518
8898
4621
2685
6157
8388
7713
3433
138
3358
1857
6113
3329
3159
4962
9339
6076
3689
1889
6587
3327
5694
9187
1645
3216
311
5321
6046
8446
2234
6328
5352
9802
8562
5727
7782
5045
1985
6681
2025
9959
5334
4187
6672
4802
2294
7645
1537
4439
7268
1324
292
5592
3252
580
448
9936
52
4497
1166
6460
2768
7281
5348
6947
332
8031
3955
1159
8710
5020
485
8995
441
3072
6951
6856
5587
1212
2065
9740
7440
7068
7460
320
414
1126
4725
7620
2625
5226
5961
4821
343
9029
8896
1165
7705
2008
5206
4512
2897
261
8880
762
2499
2484
4277
9519
2853
1644
120
3222
4831
6489
1405
8512
7902
6207
7580
1732
2597
4758
3455
928
6486
6252
4610
2032
144
1922
4171
7092
7831
2873
2295
2672
9592
1891
4616
7560
9029
2325
974
2791
513
744
9615
4851
3259
314
1606
568
511
3072
8079
1396
6778
3804
1657
4720
8620
5826
3178
7339
849
2434
1889
3905
3010
7316
3624
6673
1402
6810
8740
5360
5351
2017
6495
4299
9154
3644
6530
2492
6703
6703
3951
6526
215
8414
802
4468
5600
7266
1484
144
9945
5929
2134
4770
8314
3038
6649
4531
2386
530
7017
4495
653
5218
1681
7205
3370
2736
1566
1462
1952
7678
4886
1359
916
1452
9538
6587
6762
3576
804
2377
8226
514
810
5644
7032
7127
3206
784
7802
797
1009
5541
1996
106
675
1429
1578
9834
4770
9804
1306
4577
1626
7394
2587
4462
2486
7512
7581
351
1488
123
8393
2458
716
2501
7729
381
9735
1537
2004
7856
6468
4965
9222
3641
4202
8519
4567
760
7504
4376
8549
4241
6312
9808
4054
3625
9291
979
3971
9742
9107
389
3793
965
3488
1384
9408
5683
2369
3811
1055
6592
6925
2071
9849
4865
9916
1999
9950
9806
6151
3167
6199
4535
3541
8528
2027
9767
135
6327
6117
9386
7865
456
7368
4352
4077
1168
8106
8644
1409
2140
2315
6532
1986
6229
1195
5549
4102
9081
8755
371
5932
4235
5516
4347
7607
9929
8336
1118
1285
5723
5702
7952
7192
2994
2702
3869
2445
4621
3066
1427
9611
7507
3789
1848
4570
2404
9314
1254
1036
8955
1600
3265
2615
8468
2024
3588
1433
6835
7166
553
9549
9699
7621
659
678
950
7446
2645
164
3516
566
1694
8361
107
8605
4115
5376
8400
3465
1330
6393
28
4224
3937
2513
9587
4456
3195
404
1289
5055
8350
2278
3324
1030
5458
6080
8190
8190
8452
8291
757
87
892
4274
1063
5008
9550
1177
4847
9943
3384
5537
7158
247
8008
5250
6911
8575
5127
9597
4547
6428
9429
5669
2794
3829
9614
3610
7796
5585
9230
5015
4846
5380
4257
8126
1766
835
4541
6530
7977
8245
3284
7999
1648
8412
208
3761
2592
3351
2368
5486
9844
3591
3351
931
1610
8178
5888
4880
4829
8170
2031
8017
1583
3401
2519
7621
1765
4572
7355
7594
4087
4905
3450
3002
9554
4282
8208
1525
1615
2022
6161
4240
1335
8445
9852
2588
1632
3917
8068
6724
800
9598
2376
3813
2372
904
7436
7391
5354
4292
896
17
7839
2425
4563
3933
7845
9605
1551
5337
4562
3799
4302
4486
5159
5239
539
1235
7557
6216
3727
4611
3674
5880
3836
2233
4210
5086
76
8997
3276
1485
8245
1052
1195
9283
5562
9401
8239
7420
4426
2530
2082
9394
2847
718
9431
1641
4430
5251
4145
5152
1463
6467
3391
3676
3976
888
6927
172
1482
927
5491
8938
7118
5733
7249
8220
1938
1119
8903
9712
1188
3755
423
1019
3345
5420
5952
4908
7947
6324
4521
603
5370
4381
6344
9235
3945
698
423
835
2007
4131
8409
5609
7113
2401
3626
3480
4679
4318
1689
2523
838
2969
8666
6863
9430
2472
5740
4650
9388
2219
9115
8417
6092
2901
8140
3926
5064
5895
5725
1541
7502
8188
4887
55
761
5479
9085
2518
1325
99
3196
9786
4251
4677
1487
6611
4697
2686
9028
8363
9989
5717
3950
5943
5300
5210
836
4237
6059
4020
5631
7200
4841
5136
5296
8714
2471
1637
9685
7051
2147
6489
6471
3309
5239
6695
867
8690
2064
9329
5260
8660
95
8439
6180
3739
158
9711
5707
1776
296
398
6833
2516
217
6709
8162
4845
4058
1915
7081
7535
9497
9504
3776
4498
9491
4618
7151
5791
7176
4301
3101
511
7463
9786
1965
2161
7149
6207
6004
3271
3022
9193
3325
2638
7023
3271
6752
7892
9213
6843
1294
5928
5692
8263
3825
5404
4570
5648
6276
3814
4996
4729
4897
6772
7249
5235
6889
4769
5483
6958
1431
568
5180
9584
7465
9747
733
412
788
4120
1797
1317
9646
160
2368
9874
1781
4903
3744
9239
1488
2925
5983
1899
4977
2649
2020
8046
5542
6627
8163
8391
2611
5104
1298
9591
1676
9229
5083
5118
9205
4916
318
8016
2291
9664
3892
2843
318
2523
9390
3682
4392
9262
4382
4028
6882
5707
6220
7553
3643
1535
1977
1090
3207
1730
1605
2250
1217
7974
9302
6835
4623
2313
7920
4635
512
2608
3947
5370
263
143
1291
5053
6663
464
5464
6261
3371
4156
4460
3635
2509
2032
1974
869
2274
2121
969
2204
4179
7138
1935
1935
7173
2409
682
474
128
1428
4475
2581
4427
7530
3874
5502
5571
8442
9996
669
887
5800
3232
6720
7993
2156
1462
2171
6374
8603
3372
6347
7012
1083
7027
5428
5139
4711
8272
5381
2559
1768
5678
6534
4831
4037
8971
7723
3985
5540
5292
9020
5089
3560
6432
3306
9841
7451
3067
4663
2992
3089
5732
7646
6237
8443
9642
306
7084
3848
6052
9746
7584
3538
8784
6211
5481
6905
5818
4960
2077
1143
2463
7242
9143
1007
8128
7679
2338
9428
2143
6646
4357
5379
9608
5145
1208
6581
8633
964
6958
4038
4028
1741
5050
2619
8804
7525
1299
8491
5532
3763
5617
604
2579
8192
1609
8538
1498
195
8131
1103
5070
8880
6382
392
1198
5671
6875
8839
1114
1489
6222
4621
4083
8383
7639
6398
1779
552
1957
3509
9399
3997
8736
777
8795
7188
5792
7196
9896
1758
5464
4231
7546
9052
4198
5401
1347
9359
1021
5587
7988
2894
2787
2818
8273
9992
863
6523
2006
3356
808
4558
3344
6070
2868
7256
6995
8177
6974
4851
8547
3819
7119
2064
7998
1775
7679
2798
8303
9655
8733
403
8415
7596
3780
970
524
9146
3070
5089
7571
7104
3187
3825
7939
3702
7812
7134
2382
332
1359
5553
5614
1138
9772
6597
8641
1361
4854
96
482
7788
1753
8371
2579
5992
12
1010
2178
2790
3733
1221
2054
951
878
4147
1156
3922
666
3478
2888
4225
9899
7411
1137
4550
7399
8556
2715
751
1263
2691
2653
1060
834
6069
1691
4355
4277
5519
4740
2886
6862
16
8355
2686
4882
715
2850
4308
6896
857
2998
2883
7224
1947
7036
9909
6811
7408
4484
8112
6132
5571
2518
86
619
6054
747
4177
8579
9431
1594
1941
2066
8076
2102
5323
5413
1075
5807
2982
7558
8106
5459
3500
9951
4745
923
1905
3180
9651
6471
5770
5135
8840
5186
8791
3055
5147
3005
3879
1375
7273
8004
4068
1789
733
8241
6034
9137
7894
4692
4140
8252
7267
4036
195
1144
7568
4003
250
1747
9460
7751
5748
8693
488
7641
3350
1215
6141
2745
517
3105
6983
4930
2867
6833
4829
4449
6160
4698
1720
1575
9763
5704
1885
6290
1253
318
9001
5938
6257
7821
805
130
4231
910
3627
1510
4310
9948
6098
5271
1898
653
6091
2446
3542
8071
3173
2189
6732
1663
8225
405
7904
9471
4243
2505
181
4499
8281
2740
6255
7836
868
7499
7099
5109
955
8592
7234
5226
2519
9677
8934
1830
7246
798
1843
6441
2843
6718
8475
9874
2666
5301
7162
9180
888
7817
1884
8865
1469
594
9886
5531
3860
6473
1627
3825
3056
5325
3758
8623
5470
548
523
7481
980
6578
1303
4012
6888
1545
3513
4558
952
5021
9450
53
4341
1795
960
7813
5276
3090
101
3007
4431
1931
3081
1572
8400
2791
3302
6248
2692
6264
6965
6610
7417
7608
4293
7389
2625
3973
6428
1223
5818
5733
4459
148
8626
1623
3408
3246
1532
5693
399
2433
4269
833
2595
1024
5042
6712
4125
8104
1724
8987
8249
7434
1799
2527
8201
4302
7813
4033
5964
3532
3410
8244
720
352
970
1682
446
5228
4421
4040
352
6046
1030
105
6525
2360
6162
5745
6739
1496
546
9142
1295
152
2782
8443
9255
9790
6
3839
560
2653
2231
8004
4549
9919
8403
2909
223
5798
3247
5648
80
7210
3873
5990
5390
4978
2821
4897
6023
6562
1407
2647
7187
4178
318
8807
1465
12
2733
998
53
7916
7609
5104
8333
9871
1155
27
6758
1741
2434
5435
247
9355
694
7461
3875
9193
1200
2109
6345
9037
822
268
9464
9845
538
7242
9388
2907
8260
1379
2267
8920
1048
2570
9478
7890
3731
6022
7583
5235
5996
8493
2065
8747
8128
2809
9121
67
4308
7199
6443
7490
5746
7208
3065
2230
6397
4779
9183
3066
7586
4637
8132
6186
880
5306
1463
8961
1071
2135
3337
8730
4123
6261
53
4481
4308
3055
2431
9114
8563
7391
7305
3321
7405
748
5390
8394
1500
7089
6497
2385
5982
4217
9327
9454
6086
92
6611
900
681
3398
9883
8362
1070
5878
340
8490
8873
8539
2041
4293
2740
80
8760
3528
8524
9200
7998
784
6277
1720
8583
63
1922
1822
6167
7674
2470
3881
9493
4359
508
5866
7245
9483
1737
6361
3009
1063
1900
2327
5876
5547
7971
1774
1183
7944
7800
3598
9379
7656
7336
9157
3238
9193
914
7417
1425
9014
9253
1028
7993
5585
1
3854
5141
3894
616
1367
8044
2561
8798
4044
8790
9270
3267
6386
2731
9231
8199
4301
7713
9888
5346
1759
6044
164
1675
4752
6510
8091
2476
7770
1598
6421
111
995
218
2613
2848
1960
7678
648
7119
4334
7036
1067
0
5236
7635
120
5893
7158
5348
3105
1625
9295
8654
1736
7186
8603
813
1502
1601
7745
9285
8781
525
8122
520
8638
3162
3846
7457
2408
9744
9339
4856
233
1892
9816
3436
1706
4086
1808
7088
7676
9846
3407
3268
7204
3634
4769
2365
2296
144
4766
8868
7411
9670
8150
6552
8648
6939
2900
6238
8405
7230
4515
2359
6336
6081
7962
989
5152
9190
6151
6369
2125
6035
5912
5400
3751
7007
73
4415
7206
5039
1757
4237
9888
235
2253
8509
1306
3619
6877
8951
1387
9932
8053
2114
4331
6529
3214
6163
9981
1880
4636
9087
6960
9635
6029
3870
3105
6497
9600
8848
473
5572
1812
1535
2153
5358
9868
5219
8963
1584
935
2781
350
5880
1928
9145
3923
2318
5458
3667
3019
1575
4446
829
4662
4146
4857
5282
880
7270
4982
5
7264
3384
2668
8511
214
7968
4215
3502
8707
514
2111
9280
3709
5669
1906
1582
4030
414
280
8757
9459
895
2079
1350
4169
3720
899
2315
1704
4286
587
1925
7483
5239
9467
7926
5679
4202
6777
8810
1318
3501
376
2252
4417
3099
4777
1074
21
140
2380
7233
4554
5024
2295
1798
8101
7627
67
958
6858
2951
98
4511
1960
5780
9227
1384
7455
1703
2824
6284
9555
5994
345
1578
5497
7944
58
5135
6479
8700
3861
8208
6397
9590
2581
4079
3821
7490
147
4982
4925
5702
2695
8420
9036
2008
9141
5508
2813
2376
8651
764
9859
8558
5744
448
3860
9771
9354
975
1673
2888
6999
4105
1439
8955
5274
5962
5148
54
1863
1468
90
8180
1341
2943
5202
3279
1038
5756
4622
5807
6046
8487
3417
1350
3232
5365
959
5829
6993
8263
4146
150
417
657
6203
4513
2674
4914
2346
4420
2285
3572
6604
294
29
9830
4462
2361
1393
2605
5820
4140
6116
910
2341
5178
4114
7845
6610
3160
1097
5296
7834
4755
1205
8615
38
8104
3635
8093
426
334
4183
2234
4313
7931
8245
2226
4507
3318
4086
8138
2175
2731
2698
8128
3483
5966
1569
1010
691
4781
3576
2836
1414
4387
32
7568
7899
1360
5271
6821
2555
9901
9441
4465
5899
8471
4789
2975
2240
6394
402
9453
2290
8434
8947
5454
146
1993
1712
3002
1450
9680
4596
1335
2781
6318
3271
416
2035
6360
8483
2112
6644
4810
7346
2296
2404
3566
3961
7374
3780
1421
6269
6958
3130
6842
746
9604
4850
3896
9771
798
1668
3874
2584
9878
6281
2941
6405
5078
1360
2209
2432
4675
2583
7406
7360
9362
9412
5312
1082
9355
4463
588
9490
1609
1725
2283
535
4220
3798
194
1143
3630
8019
6594
9759
2773
2707
4534
7852
1075
1027
1226
7304
3851
8421
2384
8054
4313
862
2830
5262
2543
3308
2261
806
5965
706
589
6245
8168
704
4525
5871
2334
4481
1330
9356
1258
364
8198
5143
181
5611
9992
7072
1441
2477
2326
936
1875
9064
1221
3869
5789
1315
572
69
2074
7242
9096
5126
6182
4675
2881
8634
5527
629
7551
5642
5205
183
7215
3217
3010
1462
1060
1204
1702
3996
9403
6628
7323
8095
9848
5298
1043
1464
4126
66
821
5157
1105
9923
982
7852
6378
1520
5136
8872
8988
6668
9705
8899
8925
7183
3486
3292
4019
8487
4762
1432
902
5918
9239
3163
1282
4495
1012
420
2824
2698
3641
5578
8664
1639
1163
535
4010
6789
6400
1683
2580
3215
6782
1400
1318
4024
551
1409
1660
7670
5968
2459
4767
7004
6750
5071
9598
6371
4269
4064
4452
34
8041
9703
8078
7833
535
7772
7131
281
5104
9903
9538
2620
2619
9030
4741
5369
4751
6191
5517
9589
7600
1200
8524
7196
2298
1927
3134
7921
4610
4727
4679
1553
9310
4322
4394
4320
2607
5524
9447
9069
7578
7200
9802
6007
3097
637
4657
5779
8884
846
8620
571
3334
9286
2057
9504
1634
7435
3439
1632
9996
9483
1529
8609
3284
7359
8634
705
6754
7269
2548
6570
6228
78
4819
9993
8257
3228
4414
8930
1821
6948
8269
2440
2068
3740
8665
3283
1052
897
9094
8255
2550
6328
5381
7195
4639
5740
6081
9326
338
7401
381
845
4005
5110
2008
4985
7833
4083
9718
3137
1277
606
4971
1866
4102
9096
5706
828
4632
1684
1882
7854
2384
5240
7263
6244
5831
3053
7993
1830
4888
2294
4775
2890
4407
7228
289
9650
5725
8640
5859
2417
7217
9058
735
2720
6661
3569
3951
6309
819
4763
5095
459
9949
8173
7793
3798
9863
186
7130
898
6094
7542
2680
8343
4242
1434
84
3677
8289
4312
8782
7134
8446
2372
9072
5425
9430
7361
6528
1299
7550
697
3522
8186
9212
769
5473
8073
5813
861
4989
4701
6575
5183
7870
1951
6395
8327
551
6075
3279
7734
2312
7823
1549
689
2229
4193
725
7118
6153
2017
1596
122
691
5878
9
5120
8396
9159
3305
4397
7334
5197
4170
3709
7533
8638
6000
1337
4058
3052
910
4750
4337
6896
6425
9743
1191
1497
9619
5939
6192
2087
279
3738
8868
2165
7402
827
5302
81
5275
2945
369
5371
2592
9121
8447
3492
2562
6732
5532
2900
5558
7657
6159
2464
9046
8102
8446
8069
5520
1667
2365
5304
6995
3372
9052
9472
5083
2883
7287
215
2437
1490
7336
9231
773
2809
8041
3484
604
3605
7579
9404
8527
5203
1431
3459
3164
9931
2450
8426
8590
302
5512
1808
7391
920
6513
5710
1968
6553
566
4636
4348
7850
205
1806
4576
3676
565
223
5193
6654
9836
136
815
879
8931
40
5845
6700
8698
8113
391
882
1593
1914
8719
1112
2492
5349
1137
790
946
7530
8345
5438
2456
6389
1258
7073
923
2725
7471
639
7911
934
4819
1863
9787
1479
7464
8239
3119
931
6647
5072
1686
6105
8778
4272
4203
5588
9834
997
410
488
5076
502
8007
58
541
7566
6371
4648
1892
1451
8917
8652
5395
1782
247
8925
6176
9978
8682
3
1069
4810
9225
6742
3146
8030
1419
5708
7759
7321
5002
5277
5735
9360
574
3683
9069
3407
9284
2584
3456
3987
8702
1172
7088
1773
7214
6462
1742
7412
1555
8415
474
5722
2763
3592
3479
1141
6063
7719
8777
8064
8652
5
7591
9450
7081
859
4887
358
4392
6711
7708
2568
4616
2929
3081
8365
1642
52
6177
6106
7709
3038
9666
9881
8739
8299
4742
2432
5384
4655
3681
9039
3170
1251
5695
2754
1482
4504
1263
9574
4310
2903
738
6052
9983
3851
1778
1123
671
298
7566
2751
790
66
4846
1341
3177
2676
9683
792
9837
6107
2957
2509
9962
9174
1172
2382
939
3027
5629
5242
6773
8916
7481
8894
9625
2127
5747
2243
5499
3504
7311
1342
1477
5658
4675
3375
2756
5948
4357
6243
3085
7154
1254
7187
5548
9631
5696
5978
1352
8627
9580
6949
1869
2671
646
5617
9871
2499
1719
9722
736
6790
118
1471
1948
2523
9212
2935
3742
9209
898
8869
1353
9435
150
1000
9865
359
1481
5081
5651
1760
4402
4549
4808
1207
6260
1872
5782
7967
8884
1418
7820
5743
8482
8328
2062
1631
8209
8959
285
965
1986
6062
4075
7313
3682
1093
4145
972
6824
5767
9976
6676
8313
6058
5917
1731
8124
7850
1160
2554
593
994
1601
7826
8201
7169
9768
7742
8346
9595
1655
7127
8079
9104
6653
1707
4518
1060
3033
9548
7797
2473
1964
8644
9222
1467
642
8856
1650
2098
1307
4077
4363
270
990
2380
1152
6086
5160
6637
5996
6678
6714
5480
5714
3814
8759
7327
3315
3708
6295
2218
3786
5238
760
1192
9201
5514
6788
9072
4498
8768
7500
8606
5698
7514
3842
8915
6996
1529
8135
2357
1697
6791
2203
3984
1970
4375
1565
1608
6601
3827
520
9109
7487
8635
8714
8877
7251
1093
39
6275
3170
2074
5277
471
3206
1269
6542
1583
1463
7256
7320
2733
149
198
2753
5238
2771
7804
9454
8542
6123
9890
8479
1162
7670
8365
7970
37
9302
5843
1203
4534
4713
6304
6154
560
3481
2705
4417
4710
5305
8149
7319
3855
1275
9147
2582
6485
3524
3947
3835
3142
7794
2351
9763
7790
5358
2962
3881
1277
976
6616
3440
4263
3955
4101
3146
8016
4519
8797
6859
1729
3641
862
4236
2836
9162
2331
6557
2369
4008
8251
9329
1447
4455
5351
6322
4747
3180
1029
540
2985
4825
1186
2265
4343
7331
3712
771
242
6771
9143
1138
3484
1077
1476
5678
577
9295
2134
3607
4947
1781
698
7586
4991
8640
7773
3519
7961
1544
6766
9068
3811
7563
4838
3842
7237
3524
3448
6755
3959
9324
852
5179
987
1060
2311
7988
3476
2381
1211
1602
913
9420
696
700
1858
4280
9421
3542
8000
4171
9969
8264
3428
8361
9305
6691
1106
60
1688
5852
5854
6485
4720
3728
9892
348
2344
6245
10
529
7610
9711
6076
3868
3892
7798
1160
531
7611
9228
2841
5325
4974
6725
5297
5025
7241
8921
462
2246
5177
1558
9167
6727
9052
2181
7731
3479
5094
4268
3096
8303
6886
512
4706
9855
9828
3975
266
7949
577
3002
7864
5347
2772
1783
1139
584
8812
2054
8282
1464
3488
573
925
5451
7542
2762
2205
8302
5203
7377
3260
1664
1046
1707
188
7121
876
8596
333
4013
8536
5176
328
2359
8895
3982
3699
4997
629
4439
3887
9643
9030
6630
3651
4984
1395
8340
5660
8742
4618
2392
993
9036
8550
5058
550
7015
9482
4232
8015
8666
8152
1180
4898
7796
1705
891
6746
9618
2995
5074
1243
9253
7042
2199
6423
7350
5504
6905
2314
6503
3648
9344
576
3002
7066
1266
1224
1431
3680
4959
6515
3244
5304
8801
3643
6399
7928
3292
7836
5495
954
2544
13
6081
5598
193
1044
8734
9501
1567
2090
9370
2670
5290
7316
311
719
2333
2283
44
4346
1878
7300
1545
7854
941
3277
6223
4357
8996
21
6137
3235
8852
6213
1986
8369
8850
8640
5013
1177
5027
1255
136
2129
3265
301
5699
8376
9202
6738
5840
2417
1011
5622
6000
4582
5627
7919
5869
6147
9020
2908
918
7785
7293
8788
3846
9093
4085
5829
3465
1364
7867
6250
443
6362
7805
6889
7006
9825
4110
6709
7880
2727
6466
2230
9792
1780
6000
3562
4482
2993
8652
1594
9968
4526
7342
3033
4610
2635
6083
3016
9355
754
5792
918
5238
1478
9413
2686
58
9597
2710
8961
5770
9116
4498
7191
9207
3893
324
6375
7284
5716
6383
497
2047
9837
8066
2712
542
5636
998
1635
3816
8606
2388
984
7250
7481
100
9862
2083
5912
246
426
9664
9315
3927
533
5755
2877
1983
9929
7277
5203
7739
4002
82
3776
3647
694
8452
5862
2017
1373
3205
4042
5305
9577
2520
8911
6143
6072
2764
6203
9844
2683
260
1123
4014
1607
5111
7140
6714
4144
775
5178
6981
5806
4986
3915
3391
1732
8455
6675
2771
2947
5277
9223
8369
7229
7635
8669
7022
5530
420
9883
6984
1948
4333
5177
3816
786
5405
8772
2608
171
2933
7724
1578
7872
6305
8744
4486
6273
1219
8743
6684
6387
245
4466
4995
9119
5255
2492
6488
708
8593
49
5033
1844
1969
7705
68
1173
3402
1843
1172
9978
1153
2227
6031
416
3280
8735
945
3881
7954
5566
7625
8925
2486
4833
3722
7828
8590
6183
1498
2338
7748
1782
9711
6166
1032
5005
9302
7953
1091
9644
3501
8466
1683
6438
813
212
2080
808
7431
1523
8710
1770
3729
9877
539
1834
8204
581
1391
6673
8807
4938
6991
9375
1858
2292
2701
1738
4020
9041
1858
1908
281
711
8549
5408
5134
9528
8565
1101
3726
809
8556
2049
1868
1287
8168
3434
7216
9245
724
8194
2843
4052
3411
805
4669
8828
1462
9870
2700
6141
8783
354
5613
8137
1851
5318
2470
4417
2760
4966
1966
3521
8635
5638
418
4519
533
9574
9124
5855
9730
7814
602
6247
5498
3269
1987
7965
2349
2487
849
1980
1872
7620
5950
7863
2240
9649
2271
1959
1619
9732
2173
3316
633
1189
6489
6430
2491
6645
5705
4326
6562
8196
9518
9115
1434
8705
4482
4827
9237
4457
7183
310
829
3851
7336
3360
908
7481
5487
257
9024
886
1193
1257
9554
6366
3164
2135
292
255
8331
3212
8218
7601
8527
1270
800
9972
3471
6417
5484
64
4681
5908
6753
116
3701
1033
2361
727
9043
5676
1313
1427
6521
5816
3704
2724
7795
8836
5415
2463
3487
4005
6711
1593
8069
6823
5636
4675
5391
9909
8823
9841
2299
1807
436
2228
9622
1930
7177
9665
4126
8363
3461
802
3537
7338
1942
9122
6468
930
3497
7306
2783
71
128
6865
7319
9200
7671
1338
6270
4352
1997
969
493
7596
5129
2449
3736
8975
953
9104
665
9496
5663
4907
7210
3577
904
13
4007
2136
4342
2506
181
3892
5399
7410
4192
89
7273
5998
20
8968
3832
707
1221
8357
2718
3963
8097
8025
892
2222
4560
8507
2279
1620
7629
5223
8833
9924
6740
4430
211
533
293
9176
8938
2820
866
9436
2795
2842
5671
2089
3695
3610
2413
2960
7544
227
1579
4052
3680
557
8740
1383
1832
2503
2
6546
1750
4502
6965
813
4764
7539
4555
450
6001
8286
2730
8211
8459
6338
7375
7750
1498
5364
6266
1302
878
8387
6477
2201
7612
7420
6580
4079
5303
8336
7423
7518
698
6704
1247
840
6883
6127
7819
5179
5154
6299
6673
1170
6475
9104
8872
6331
468
1720
8183
8773
8156
9268
1903
2253
4290
7250
1248
7394
7837
1873
2574
9989
3850
2313
9361
4029
1317
3647
1758
8232
8274
479
1085
6865
4923
5742
7315
8384
2669
1264
600
2842
7268
8446
389
8637
336
82
3594
4856
1505
5091
3257
448
8868
2715
873
9218
808
1131
5935
9120
2254
1751
5860
3804
2632
2832
6685
4632
6889
8179
9163
949
7507
707
5761
5946
8446
3257
7026
8256
2545
881
5159
8323
9486
7657
5797
3502
9494
1595
5028
9230
63
9398
6864
2583
1540
640
8846
2146
1812
6713
3779
7084
7856
1764
786
654
1859
2475
2630
8699
5181
9648
1850
9386
5518
8656
5646
7767
1201
4502
1600
2886
746
2772
8698
9293
8805
8648
780
3696
5613
9482
331
6260
6992
2068
7824
3878
2660
3506
4055
2787
9505
2713
962
2346
1793
1125
8966
5626
3928
5765
2278
3524
3891
4062
231
3810
8513
5550
4592
1165
2539
9165
8971
1753
4992
8526
6058
6903
5180
4952
2625
8147
8067
6147
774
5024
1978
7779
1979
13
5360
3280
2627
4751
4106
1049
6306
1507
1678
2023
4737
3842
2916
1276
5816
7860
7153
7255
3617
5655
2595
3777
3934
6190
7582
9703
216
943
4760
9695
706
4886
113
1391
9512
4814
7602
4349
3266
7076
3480
9665
3558
8423
2083
4161
8492
2665
4645
825
9922
703
8623
4249
5076
6590
7223
2349
2279
2736
428
8016
4373
9694
6967
893
3208
6604
8372
176
6191
7936
1554
4815
2987
9008
4222
7293
3358
5281
9386
3787
575
25
7530
8998
1882
44
7560
2271
3364
443
7053
6722
6474
4912
9922
7326
9114
3181
953
2047
1664
5294
2172
7502
2840
1576
1293
1918
5513
3076
9166
7140
5240
6235
9657
3485
8921
8275
8858
6868
6700
8746
7723
5387
6475
7569
1613
9914
9449
2247
5961
1839
2239
6916
9591
2496
817
2277
1334
3177
4319
4443
4231
1098
4225
9358
360
478
2263
6789
1071
2754
3401
2496
9895
6419
8109
2952
1607
7097
9850
617
4555
7031
4737
3291
6701
8257
6973
9139
7399
744
2349
1563
1758
9564
5727
4056
3840
6633
3951
9357
5559
2993
5228
2894
6043
5058
8316
4609
7454
3766
2777
8041
1205
2400
1953
8702
8854
9689
953
7590
4146
5425
3677
2115
5849
1180
4766
2401
7603
3146
7530
769
6134
9866
768
2370
1951
2142
1066
2638
2574
9557
4106
1674
8164
1089
946
1215
2796
6445
286
471
1250
8092
6643
325
7538
8280
7012
8342
4173
9575
810
6845
771
2102
3729
4171
3950
5813
777
9870
81
5024
6536
7786
3757
6308
9222
4396
499
1864
5916
5264
4462
9684
5559
1450
2017
7938
7724
5996
4917
5546
2047
4423
7144
412
5701
7246
7210
5338
4422
8452
2782
2705
650
2815
9625
6864
4076
8363
5334
8499
7315
4088
78
9502
6239
6236
9708
913
2809
6888
8980
9048
9290
4132
7085
1955
6159
2419
1918
53
6655
8792
411
4349
2152
607
7949
1630
8783
8725
7597
8115
2902
9238
4940
6918
7707
1983
6895
4419
7768
1655
8818
2605
3796
2096
2119
3108
8638
5157
1572
4893
6396
6790
9634
8159
1865
9651
1460
610
5349
411
7279
1697
7919
4882
1967
2428
8779
1489
618
411
5983
3870
199
2639
5562
991
7940
6696
2853
3862
2980
2094
4066
7667
1274
1548
5732
308
6198
5580
4523
8319
1300
9444
2727
2596
7386
5539
1481
6868
1023
1765
3189
1747
4966
2870
8849
6225
2693
4758
5343
3283
9027
2254
8826
2136
8619
3916
9285
3115
1514
4972
1315
3893
743
2472
8339
8598
9678
5176
9343
196
6240
6104
3011
2612
7215
2617
6655
5285
5928
1317
3296
1106
7611
8807
5807
4699
6351
5577
5939
3248
71
1755
3947
5138
1913
2175
2589
6511
1691
2042
4626
5638
5798
7498
1424
2257
9878
1267
7952
1156
9648
4079
725
6893
5473
8014
4406
8120
1611
1594
9763
6054
9546
1735
7670
16
6985
868
1199
7366
1294
5200
8336
82
8921
6468
9524
7292
9202
6570
5976
2316
7256
2729
5060
7612
7136
1739
2758
8947
5705
3479
8880
5993
1986
9076
942
3050
3356
79
7773
4068
2427
9311
5738
1446
8996
5518
760
2789
9213
9107
2703
6562
1849
639
3315
402
7666
1911
4973
1990
9630
1958
4831
4930
8929
776
6491
9783
2587
553
5506
2461
4048
3571
8075
6962
1867
3599
6470
5702
7249
6763
6081
9949
8984
3161
7629
1515
970
6059
2187
5848
5783
1443
8747
4903
745
3903
3012
9546
5933
9483
5476
1969
6720
1073
8089
3828
7542
6114
341
4857
9486
5786
5558
6790
2846
7627
5257
4608
1504
1776
8750
7378
1783
1093
6876
9826
1124
3883
3472
4400
8810
6042
1116
483
8788
2211
1729
8562
2957
444
6713
2019
1589
786
4850
7955
84
2286
8576
746
5972
7786
506
7225
6650
9280
3351
1016
4296
685
4043
2961
3563
8621
6512
7771
1905
5742
7510
5937
9213
3188
6750
8064
3594
8146
3644
9805
4271
7373
5080
1162
8213
111
2044
1530
9093
2530
4662
7203
5039
932
5164
7634
4997
9295
9805
8239
2744
4958
1617
8990
2631
1863
2263
6803
548
5375
7602
9727
3146
2333
7384
6206
4319
4849
2214
2987
1986
7649
2416
1751
1440
256
8776
6316
9315
9352
2550
8173
5111
7047
4509
7307
8168
1497
1892
1160
3580
2818
9415
1659
1376
3066
7693
863
6456
1982
5843
5314
663
5121
576
9908
4899
946
25
7929
9646
2062
8662
9561
9533
3734
8143
3207
3238
803
7689
4230
1596
6415
4982
2273
8850
211
1625
5824
7339
3270
6490
7723
1856
1886
3754
7086
7360
9830
1094
7949
1578
7148
7170
3497
8142
7871
448
8326
2185
7711
1293
6513
9578
6643
4470
7555
1323
9805
1625
889
2988
4364
6455
5978
4753
6863
3386
8874
4079
9331
7370
4580
2101
3542
9461
8490
853
9611
3622
2558
3514
9361
4999
7624
3054
7875
4016
1752
9782
916
785
7738
9976
8216
5068
4105
2706
5420
4322
7204
857
7473
8506
2582
3423
6630
2038
7681
6421
7473
3070
1294
5424
2112
5155
7344
865
9019
6792
1839
9366
774
1787
3746
944
612
2102
7152
3233
9375
5474
9712
9573
2344
128
7737
3623
1013
2059
4390
3085
41
1226
2005
277
3246
1527
5631
2394
109
3643
2406
2150
8589
5199
5406
3556
8468
4361
3956
1836
5292
1931
378
7116
7634
2130
6851
8769
507
736
3809
6223
8735
3735
2128
5661
3078
9001
10000
