252 77
5215
9713
9902
5546
3943
6613
4313
469
4623
8849
7124
654
5609
3356
1987
2627
3143
2225
3558
906
2699
5773
694
566
506
2890
5028
4555
9285
1575
3468
5386
887
7629
8547
3755
1587
8671
261
6430
4400
9951
5692
457
6305
5734
4937
6676
5003
2713
5153
6164
4931
3053
2970
5387
186
2070
9821
894
7502
2351
42
1041
486
9993
945
69
5766
287
1759
8998
6709
9171
8299
5085
6175
8182
8318
1967
6580
8193
7637
7740
9534
7533
7296
8641
7397
2941
7350
9000
8367
9635
8218
4057
6395
7194
2412
5028
7523
9286
4182
885
6067
3911
7102
5195
2490
4307
9503
3518
5480
6803
9262
3545
8202
8500
8468
5842
3786
2566
2915
2227
1713
2116
108
1397
1441
645
6898
3914
256
3656
4508
3172
2963
5365
9483
7899
3174
2357
1938
7476
5281
7702
734
706
3275
5415
7355
5335
1449
3502
449
8676
2491
365
7729
94
2720
4491
807
2932
2487
1564
262
9766
9392
8512
6984
1225
2974
7988
2380
4522
1065
1077
1398
36
9452
6851
2608
3829
2276
4858
1870
4600
775
9595
2580
14
6063
7723
3008
3031
5089
3047
1223
9116
6079
3827
8078
714
1757
1494
2604
3705
2178
901
5816
4325
9312
1548
1720
5336
5834
9533
2204
6530
4521
5182
9474
6618
3273
9297
8235
1610
6820
23
4301
6326
5257
8339
8165
2826
2803
7814
5988
4138
8411
2171
2717
8345
5025
2895
7198
2230
4253
390
1697
9151
1273
7154
4825
8201
3185
1956
3678
9756
8792
7346
8659
1039
7894
1805
2339
1530
689
2055
927
532
6584
2615
7759
7788
3884
4445
7625
9717
2868
2378
290
4657
3699
7408
4539
3127
7843
9472
6224
3294
7239
1742
9535
8497
3694
3302
4328
8953
8936
5674
9128
432
2255
2043
6288
327
3826
8867
4893
305
2989
3171
2085
6165
2348
779
8888
8121
790
9400
9686
7272
3511
4585
9950
9536
3864
7401
8612
1963
2357
1356
1134
6980
4193
5759
5055
5614
2381
8998
8680
399
2956
7000
2586
1535
125
1217
395
9977
7075
7556
6512
7655
4081
180
8998
2297
8350
5225
8302
3884
1948
2605
9746
3384
3722
7327
3266
6987
2198
9554
4735
937
7082
6353
5283
9548
7820
2840
7664
1083
479
8016
9902
7916
539
4711
9086
8815
5830
3392
678
13
5528
5861
9365
8453
7084
6863
4289
4232
1045
8188
2118
1220
8415
7506
2298
6493
3044
4407
5367
3902
3524
4174
8924
9688
4066
3472
399
5659
6489
9546
1003
9339
8799
4968
6645
1060
3079
2744
3953
4649
9045
4426
2144
620
4273
2233
978
6819
6828
9321
432
9253
7469
9390
5106
4874
9258
226
1966
4999
9246
7880
412
61
2584
8415
9847
8446
952
4370
9485
3690
9735
9674
3259
4104
5179
8859
4539
5244
9790
1152
4158
5259
7836
9103
6903
3535
296
5079
7830
4602
1759
8086
2496
9597
7298
9330
2243
7912
1448
9401
5036
4318
7946
1036
6163
2236
5924
1202
1419
1882
428
5353
2856
1171
6123
8721
9698
478
958
1075
8110
2300
3187
876
539
7342
9531
5482
5953
2362
2345
2048
4457
7651
7455
9203
7629
120
34
2401
9750
9883
9605
4777
3386
6311
2563
2967
3037
4194
3961
7607
705
1527
1426
755
1990
3613
7169
4814
872
7534
9100
4784
1287
5083
3333
3324
2212
2280
9778
5559
9060
5024
3293
6923
8683
7299
1659
4827
8928
7918
553
9765
5122
1310
5875
3249
8462
3471
1515
7143
7443
1992
6961
1103
3232
6163
6830
1666
544
6723
6153
3095
3043
3357
2589
6694
2227
1884
1117
8307
771
8571
8162
4516
5882
7984
1903
2142
6788
8430
3459
9694
2184
4376
7153
2763
2158
2419
3257
4373
3803
3635
7196
5691
3382
7383
6474
3634
3575
650
2913
5674
7196
9525
3805
6236
8052
9005
9149
5009
2435
6450
4541
7096
2161
4447
6874
5304
5156
125
4102
48
9240
2217
8616
5049
391
3290
752
7461
7300
7010
7759
2984
2695
1660
2383
1176
2774
9138
454
4920
567
7474
5891
8623
511
2035
349
5296
5185
3712
4915
885
1888
5560
5921
1133
6842
9246
1879
7001
6812
1681
7868
80
2517
1250
8389
5760
1739
5977
5698
4259
8803
658
3758
8188
2628
4277
7781
328
5958
2351
4659
2007
7327
1292
7826
460
4142
9867
8663
1254
3308
6510
1426
9538
5014
4842
4197
1049
2709
8245
728
910
6160
6082
2275
9875
5507
9433
8105
9017
4290
8904
9123
416
9978
8172
7314
7805
1685
1750
7798
3861
1290
3409
886
3246
9291
2665
7303
5516
1232
1965
7364
3777
1349
8567
7932
6881
6691
8596
8996
8236
7750
3738
1977
522
2038
5020
3337
3436
7500
5180
8331
8634
8576
2652
1909
8594
7555
1403
322
9506
6162
5999
7224
2788
10
2150
2335
5338
1502
2928
2394
8649
9776
5381
4781
6905
6258
3496
9118
9710
4837
5184
1665
8496
3524
6290
4423
6754
2767
9720
8224
772
6902
4800
2367
1662
1946
7321
9449
3256
1340
1954
6213
1941
9027
4335
1446
3254
1457
8088
3848
1704
5581
7709
7089
3776
572
3025
9854
9927
6524
2724
1096
5
6164
5657
6355
2376
6654
1016
1118
6050
914
9737
9869
8061
5562
5852
8237
3434
7005
8884
5459
5530
4075
3448
1771
4976
1939
6104
2840
5805
111
1982
9679
1475
2737
1456
7016
694
3321
2156
4311
3777
2716
1464
8747
7976
1899
570
9306
5948
5579
1566
3381
1079
1588
6781
6947
7240
386
7130
2285
4164
1746
1034
6003
2389
3189
5150
8151
5113
5301
6107
8347
3900
2546
5160
2502
9211
1953
2172
1157
3942
7641
6361
8550
2036
3558
4066
23
7584
285
7779
1357
1980
6574
5405
1048
126
7402
2525
2297
6209
2875
7454
7667
1289
5047
8914
2290
4782
9333
2492
8181
732
2490
7381
636
4815
5109
875
5238
3201
5489
8086
905
1079
9431
8772
5380
8413
8566
495
3494
55
6017
7229
1831
9927
4345
6414
9712
8733
104
2580
7121
1513
9972
6044
5283
2382
1062
3705
7475
3156
4224
2625
8809
482
6553
9558
9156
1143
7652
7749
4520
983
6099
8448
5520
6728
1706
6944
6159
8893
8969
998
7077
6120
4949
9366
2399
8728
7639
6557
1208
9455
6967
9864
7213
4064
9400
5401
416
5152
1707
6862
9652
9879
2482
7808
8531
488
5113
7094
6236
1350
3083
1697
5032
7322
1124
7194
634
6102
3515
7122
1561
3209
270
2805
5941
2894
8065
389
617
852
1090
7719
1905
5885
7631
6755
3019
2937
6922
4577
6047
5985
3770
3373
3089
7003
8277
2209
4606
542
8766
2303
7719
2941
6762
5582
7379
127
7863
7829
9744
1596
9471
3032
3034
6405
1996
7653
9022
2152
7267
1649
3198
932
2045
9467
8470
4451
8435
9926
5967
6348
5926
8221
5044
7345
4085
2393
4355
1649
2744
237
3960
5376
2767
3881
6292
8160
2960
375
8932
9146
9598
1689
4032
5355
8616
1574
751
6363
2468
1453
9574
1603
1692
207
8487
4221
8725
4742
1197
2662
4645
3818
4552
7589
1270
4174
907
7838
6536
2952
261
4043
2374
912
866
2201
59
508
1866
6839
1793
3501
9022
2655
5221
7286
8122
1548
4947
8023
6502
1097
1371
2285
9627
5511
286
5123
372
8676
3960
924
2878
2670
1196
2834
3046
2681
6470
7356
7160
1858
8373
80
4940
6873
1535
3219
6375
4705
327
7699
2074
1440
8717
7509
5177
9353
1198
6305
4154
7705
633
3516
7297
4434
5619
9334
3127
9027
1045
5827
6038
4805
7478
801
3927
5413
6412
8223
6321
952
2988
6534
6748
3673
8345
6103
7848
8438
5933
126
5985
210
1650
9168
6389
9974
5094
5122
5166
4495
2207
7145
1319
6471
456
868
8554
458
4261
6198
7862
7718
9893
8422
2567
7091
7140
3898
1104
2259
6965
4593
5569
6975
737
5535
2615
743
5800
7743
1956
3367
2541
1747
5416
2288
6439
1087
2894
9685
9188
5788
4312
1542
253
88
310
3724
6151
407
9066
2189
77
7778
1350
8099
2375
3957
9086
1136
8282
339
3322
6476
1559
990
5855
7860
5099
4034
8054
7322
9458
2089
5812
4669
4890
2796
553
9388
6121
7128
2671
9769
1601
586
6036
1941
9676
3285
1264
5714
8103
3357
6768
4621
1232
3743
8051
5137
2187
1709
2814
3093
5797
9413
3150
5687
9639
4467
1552
921
1954
4767
9042
8417
9472
9523
5543
5120
2682
6055
2500
5387
6899
1130
9593
7919
9402
2556
9771
9006
4001
7884
5757
6042
3092
5755
6705
6120
3644
7559
5827
1720
8250
7723
6595
1723
8347
3922
2819
806
8366
8489
2966
4000
1326
7006
2303
1981
1893
9200
1139
1759
146
4694
1431
704
3162
3855
7505
2135
4893
126
163
2378
3770
2369
9924
7919
7253
8720
4020
2139
6152
1550
6251
41
2409
3750
6909
1737
8699
1890
2927
7568
776
7107
7598
7111
7517
140
3404
9011
6389
3061
7323
8336
6970
4296
449
9877
2999
6150
9568
9866
9635
5423
5532
9405
3422
3140
9684
4847
3973
825
2733
8005
2120
2922
4576
139
1827
3018
2902
7726
7209
2848
6037
529
3232
5546
3004
5110
2938
9578
8620
9170
6569
3971
9107
4329
951
3606
7348
9994
1562
2655
1566
9291
5421
2773
3129
1870
1462
7344
9624
1135
1447
8807
9305
8154
4870
7374
6483
1305
501
9671
6309
4555
4401
3043
3155
8287
423
5355
6414
2412
5010
3242
27
5047
8002
2890
5522
935
3187
4423
6779
3973
7569
323
1625
4193
1122
7486
427
8024
9665
5456
4798
1547
3039
4935
6216
8330
9518
6956
6605
5600
9253
4900
3839
3540
3255
9572
2755
2520
1752
309
8228
3907
6290
2383
7945
5420
8158
8333
9503
2234
4947
6033
6693
6699
8259
8393
1942
1683
7516
5337
9145
4075
8925
1922
1074
3205
2360
4713
2863
1773
7782
4739
186
3246
4401
8333
5765
4100
9073
3286
723
1076
4183
3329
1630
4816
3820
6910
6346
5742
8718
1969
3993
617
8351
2288
459
4356
4274
5808
1557
401
4354
6664
8461
3413
2005
6057
3034
3524
3893
7698
8993
8036
8516
4874
7984
1734
4887
7663
556
7014
3498
3918
2614
1793
6021
5957
306
1946
2324
417
4345
3895
7008
1486
2269
1529
6985
1804
9201
6302
5101
3369
8802
2299
9632
1026
7336
7076
3548
7044
9118
9413
5544
9377
5209
2430
115
2103
9579
1102
2091
1700
2706
6006
7149
6589
420
1065
533
7418
5217
2242
1048
4082
5291
2168
2532
7744
1064
8721
1587
660
5103
7022
9087
1075
712
6672
217
3585
1301
8827
2464
119
4092
8746
1406
8569
4080
8426
2685
4811
770
6001
840
69
3191
6110
2762
1051
3755
5575
7714
570
3296
3039
6137
110
2329
8629
3895
8008
1911
2291
8410
26
223
7914
573
4944
7824
4658
8492
5966
7050
4965
2214
776
5116
7239
1943
9807
8731
332
4805
811
9776
6361
7550
4878
940
8964
1820
9427
2964
7782
5437
3080
7084
332
2372
742
3055
5451
6313
6753
8454
7544
7073
2102
6036
3306
6712
8467
3579
6710
8191
1871
1268
2232
1958
4902
5520
9363
5418
2815
8373
7285
9606
1003
8338
1085
6981
4677
9062
3898
585
4820
9176
8702
5303
9158
8805
2236
5310
7085
1864
1154
4604
689
2386
6068
4073
2539
7187
9773
4747
6190
1638
1898
283
9415
4679
1808
3213
7441
4719
4971
763
8939
3851
6132
8195
3507
8631
8302
996
3015
8648
2198
3233
6182
4566
7926
9148
4685
6859
1162
2325
189
9677
125
147
5702
8307
2394
2338
648
5085
3814
2374
7952
1385
4080
8435
4221
3077
1474
3106
4742
7731
3863
7431
3718
2657
5268
2985
2127
4190
3821
9302
5731
6227
5113
9660
8385
7388
5471
2557
656
6509
208
9787
3532
2181
7818
6695
5765
355
6367
8754
8052
4415
8436
7479
5118
5572
2965
4698
189
4807
5236
4817
7414
8446
177
883
6047
8830
1273
1762
5805
8757
1347
6856
8481
2617
3638
5050
110
1033
9470
1130
1563
2742
7515
3350
6943
5635
7764
6708
854
5837
4979
6641
9053
310
7747
5372
2871
3805
4475
3713
2586
3948
6295
1808
4606
5043
3331
2500
5680
5269
4681
6736
5024
5487
2670
6418
9444
7526
3815
9219
2349
5911
5351
7770
915
6451
3185
9046
3108
9460
1830
5690
2241
9323
4292
2356
3141
4369
8003
4976
7349
3865
3302
9855
2716
4165
7550
3278
9319
1042
2679
1274
9555
2396
7970
9832
2482
1085
3735
77
9371
1675
2825
840
2457
4473
9217
579
4325
418
1490
8099
9205
2750
1277
8080
7289
1790
5768
4689
8011
8341
555
2466
1893
8633
9950
9679
7979
3551
6809
5481
1574
600
9027
9239
2905
6879
9590
3578
5054
2813
4183
4419
7316
7439
1958
2313
4219
2880
3023
2808
651
9457
1051
7400
2676
2226
9427
2795
7022
1072
6165
2816
762
5122
1968
6185
9704
6374
1340
4525
3998
9909
7496
651
8672
4094
571
9537
1821
7927
7743
5017
8820
4019
9650
2286
9757
9521
5563
9890
2267
5989
4029
187
5281
98
6971
8376
5422
672
5035
4375
955
505
8337
3204
5006
5707
5281
8980
1239
1684
2141
2857
1604
5070
4770
1119
3817
5595
1307
3068
1762
233
8973
6247
6309
9126
3145
2202
1845
4320
8651
159
3024
5965
166
8177
7269
1445
3362
4244
1979
9355
9460
4804
6251
9712
1179
1200
6668
7033
5105
4132
3828
9152
2504
1248
3387
2830
7861
5453
2738
8037
4804
9454
1197
8090
7472
304
92
1773
9496
1181
5324
8696
1195
6255
4749
8459
2108
381
7425
6389
4718
4573
4943
9384
2479
2172
6126
7811
2274
1139
2786
6603
6283
380
8242
2952
231
9543
7328
567
8535
1719
9210
7912
5402
2305
5539
1418
4372
9820
798
484
3402
48
9092
6516
5217
5896
9730
6641
8568
3672
1419
8215
2221
7136
5283
5358
2215
2778
2040
9592
7208
8333
6112
6707
8391
6682
6276
3816
7720
1222
4333
9349
2673
376
8419
191
620
6018
2239
6157
1654
7156
47
7893
7455
4465
6283
8853
979
8296
2037
1901
9652
2333
9634
6290
4731
3864
1065
1526
3779
2370
8406
2805
601
601
2574
3470
7060
4978
8996
1935
8527
5386
5472
1306
8697
7658
3565
8483
5106
6835
520
9499
4643
7290
5151
6603
17
4202
3228
4484
7112
8827
8991
1123
750
1635
7662
6236
6483
1291
1999
8288
1673
3559
4769
6480
65
5312
3990
2501
5905
3303
3730
1209
1129
5605
4697
6328
9164
3266
5301
8803
1393
2227
2130
6074
6001
5140
3470
6257
6544
8490
2256
8266
4608
9327
1462
6556
4791
9341
2780
1725
4007
5064
3296
979
4406
232
7608
5648
7047
5263
1797
4655
7704
4759
2229
3690
9201
1415
1766
9186
4004
6181
4668
9184
1866
1742
2764
9799
4570
2199
758
1881
1062
8113
5593
7873
8235
4669
523
6248
2332
9619
8156
5630
4531
1913
3761
5984
5279
7687
6297
263
5798
7283
1436
1566
1774
2316
5102
6827
7445
6892
6048
1259
1455
906
8978
1604
2723
8488
6738
254
3005
7162
1790
4905
7769
4203
4029
3700
9130
874
4497
9854
3502
9728
3126
204
5387
9485
9645
3375
8866
5260
7900
8592
1651
8829
2725
5949
5385
6279
4086
2358
4250
1177
9335
777
2421
6508
3172
1850
7730
2060
249
6202
3333
3056
370
1390
8606
5851
8486
3068
1687
6928
103
6877
844
6954
8092
859
6671
4236
3236
453
6098
9112
6633
2192
6431
5960
9692
1420
8023
7550
2182
2674
8917
4588
6635
1859
1769
945
8461
4646
6173
9302
340
7850
2019
8995
5548
7585
6143
6335
450
5645
5781
2578
5984
9394
2379
5768
9389
9368
6269
2283
9845
2225
1279
4955
982
906
2827
6754
90
3674
4461
8625
8066
1985
6419
6648
2015
6316
768
4333
357
1597
5380
5646
8899
1564
4727
2449
6431
2445
6987
891
294
8462
566
2567
5309
5507
6931
6665
349
9134
8861
1691
6626
1256
1838
246
6395
1307
2157
8827
2120
5182
4175
9314
6104
7481
868
3068
7816
613
2956
7703
1511
4576
5382
1915
7108
9667
5784
3757
6483
2359
6324
8601
6671
6376
4333
2578
1273
7459
9327
8194
6033
2010
6293
5977
2011
5508
7312
8001
7844
9808
743
8439
6219
1648
7919
3559
1175
6128
4878
8040
8364
4276
8443
7238
1683
6793
8219
598
1217
2027
8699
6889
9690
6427
3062
3255
8545
7425
735
5401
1945
5755
705
1283
5297
5877
535
3080
670
3606
5200
9213
6139
9222
1452
8796
3508
3457
1598
953
8
4624
1336
9911
6283
7046
7893
167
5781
1834
2458
2268
5616
4629
5928
4111
2665
3050
5764
9368
1585
5082
1526
5611
876
1126
1757
3308
6824
6059
833
4452
2350
2743
5711
39
7368
8453
9691
2658
1307
7991
8443
3377
9950
9634
6049
666
4867
2369
8014
151
2742
2275
9657
6322
8389
3507
7641
3062
844
256
8841
1597
452
1766
2168
1661
9038
6735
5620
9134
3633
4737
2055
9583
3343
7179
4496
5447
1487
7098
3570
5415
5800
2878
6413
3538
938
8827
7556
1947
1444
1507
4030
7056
213
3896
8463
1414
5748
9481
2162
2161
8774
1565
1306
6753
8086
5180
192
1582
7503
6678
4418
3979
8011
1610
6879
7438
1709
8078
1831
6106
1797
5711
8600
7953
9512
1987
2517
4775
7552
7488
1294
8472
8139
7558
1610
2363
8240
5815
319
1896
8161
4608
8892
7977
6699
875
2689
9600
6925
8431
968
3286
2384
268
3007
2810
9908
1248
4134
7768
4570
8586
6018
7254
6176
6916
8555
6139
8995
4472
4140
3377
9634
5042
1023
4558
7547
5634
8211
1292
8197
6649
4581
9016
7575
1317
1500
2609
4946
2006
7756
6961
9757
6572
7593
9096
2725
1724
1307
9411
5608
805
3649
8234
70
7249
8431
2476
3544
4054
7127
7953
1884
4611
5218
9369
9042
2028
9350
2495
4619
9711
7995
2234
1662
3987
6596
9809
5133
9190
7504
1290
1700
441
9100
7310
1306
2852
7194
2737
6040
5808
8615
4708
797
2083
7305
6496
1293
8779
7319
4539
8134
2161
1342
6779
1672
4870
6336
3836
7200
3342
6655
8673
5428
3272
61
1143
7159
8598
2507
5187
6452
6539
5641
6377
6958
8421
5436
3091
9963
6683
5492
7745
3915
7811
7224
4332
6766
4761
3908
8081
6408
1626
147
54
8842
5165
1600
9964
657
3584
6971
2983
1795
8922
2198
9181
1606
862
3323
2399
5221
2357
9446
8039
9601
9171
8649
1940
1228
5175
198
6374
4988
1075
9542
6186
8531
720
2571
8164
4048
324
5060
7064
4683
6073
7769
9032
2431
1766
4844
969
2838
3920
3017
3810
6514
4931
7090
4432
472
6363
1586
6709
1618
9375
1036
2187
9444
1573
7323
2595
6027
5392
6953
8911
5031
8144
1158
1533
6336
8612
4049
1431
6946
5461
2125
4844
7959
3371
3134
8242
4446
5607
1003
6773
8663
1030
8240
9900
6601
9800
6756
5980
8976
3243
9173
1614
1117
1253
6662
6457
9442
5703
1338
1428
8979
8103
9891
7856
9219
5128
7539
2053
6993
632
6878
1181
5997
1201
9399
8299
6146
1744
2797
1789
2785
8986
8416
7750
1288
3026
9604
498
7082
6285
42
1916
3204
645
1515
2016
6498
1483
171
3392
6492
8960
4189
1479
1650
7400
7404
8614
6000
5251
2866
4896
1032
4551
6018
1497
2252
2587
9092
49
1041
4900
8139
5453
7782
4450
4931
5132
745
547
1073
7566
9685
5789
648
3374
1162
2257
5316
8147
7973
1374
3702
1568
6509
2520
3488
349
8021
2269
2495
5663
9556
6742
5479
4087
9881
1319
4624
2996
3832
3842
454
8720
3383
3351
6048
7794
3758
759
8072
4747
8414
961
4773
6067
1222
2299
1445
1283
968
8671
974
350
5604
4884
7616
1470
558
4561
3338
2802
7900
9718
7638
3252
2759
8144
2911
1539
7878
5778
5251
2339
7564
2539
2099
1280
863
9472
7917
1177
3535
9894
3943
5758
3087
1993
3683
9034
945
1745
4843
5905
484
7169
9355
6402
3053
4342
7549
2161
1176
5303
9368
2630
7438
1668
7197
9796
3105
3684
3864
3629
3762
11
1844
1519
3415
3090
5752
8758
2235
6418
6695
3353
9397
4785
2503
6719
2338
3153
4532
315
4995
6915
9285
635
1177
2643
8137
3889
365
2464
9361
3845
5284
4600
6143
371
8920
6609
3300
8697
6753
860
1946
8655
599
1800
3096
532
1520
49
2220
4646
949
1607
9564
1918
7522
1260
1244
2
450
3991
9123
4810
6278
7972
2092
8569
1144
7809
446
7449
4122
1621
202
6714
4805
7041
82
249
9868
8184
2760
5194
3279
4435
3880
880
6984
2055
1110
7036
1444
3267
800
5586
1574
3176
439
8236
851
2597
420
4162
6804
5691
6562
6600
9172
4454
1522
6056
3951
7739
1030
1695
9266
6630
6079
6941
6733
5
1637
9757
5114
417
1158
3014
5013
7529
1250
1188
782
3710
2154
6823
8383
2622
2677
5370
7312
5868
8411
4214
8706
399
8461
8047
1581
721
1883
2829
1241
8178
2228
3685
6912
8977
4365
7248
7093
1554
7322
6173
126
57
3690
5667
4217
2411
8463
5949
7580
8234
3621
1532
9131
6587
7507
606
5935
8182
4422
7352
5051
1790
7776
211
9803
6544
7527
1751
83
2808
5238
4390
4527
1847
6008
2539
3560
6552
4851
3720
2016
5324
4667
8131
3061
9933
1646
9895
665
4543
4229
9859
3827
3089
2492
5949
7669
8599
4096
6063
2912
2053
2606
5679
6074
2703
9198
1533
2965
5281
1040
3760
9113
4328
9235
4673
9460
8331
2618
592
4383
5986
9247
7482
3307
8590
8851
1672
6374
1271
7696
1973
3515
1553
824
2333
4370
1365
757
1114
7349
5863
12
2545
9340
4788
6885
5135
9059
3945
5949
7079
2148
8284
6527
6195
9293
5249
346
5087
996
7520
6592
113
3720
5077
6783
3577
7172
8929
5591
9233
8931
3240
1304
6243
2383
1368
7352
4039
6487
2145
2658
6187
9946
7855
8825
2515
3186
4291
1498
8060
3065
8182
9220
7191
5423
2361
1162
2796
4215
8845
3242
5444
8293
2153
1654
715
4380
5555
9481
9217
908
9806
5851
3386
8501
710
2475
7978
4749
1206
5086
7681
6089
9219
3128
2162
587
177
8431
8600
9984
9684
3428
9851
6085
3314
9883
8752
7917
7780
5051
4575
2614
2534
5830
6602
520
745
5046
5723
8285
1927
7676
9675
4497
8943
6036
2827
2304
8504
8552
2702
7114
664
7741
7572
8556
3407
3067
1775
7560
2534
485
9039
9202
7442
4983
7924
9633
1444
4921
9436
1985
6655
9625
2224
7464
6318
3069
292
8204
6054
5277
333
2988
595
2415
5330
4783
8913
9312
1962
7091
9430
1319
7608
3862
3142
8426
1899
8680
2469
6184
582
5818
9856
4018
439
614
7132
3995
685
7040
5812
3381
9829
1439
642
1091
7630
9446
1223
4980
4594
3977
8726
1552
5828
8151
4221
593
1711
5249
4780
7561
3941
875
3674
3259
3595
1551
7824
456
1736
7638
6730
8665
7510
8280
5381
7582
2287
7290
7060
220
5702
7667
271
1531
8083
925
4000
8650
2998
613
9985
9657
365
1086
5581
8011
656
1565
7184
1503
3425
1655
2029
7950
8335
242
3450
2045
4898
5892
3584
6211
9953
6820
1802
6243
8247
3877
70
6313
1093
5261
7575
477
8489
3209
7959
4432
4756
8398
6360
1887
4576
815
903
3555
9717
1571
6902
3105
2663
1194
6696
2383
1706
3786
3407
3614
4561
7059
8757
2795
5492
6130
6633
971
256
6837
2988
5231
1482
4531
7148
4412
7322
736
4047
9881
3233
4663
7377
5733
2272
9204
6561
1960
9486
5656
294
6209
3050
591
9594
6626
9854
2139
1360
2899
3688
1627
6057
6910
585
1667
933
5875
1574
1572
8127
4057
2921
2191
4403
2307
7547
5998
2081
9190
4271
3209
2792
8470
7517
7429
1911
1830
295
5891
3842
2018
4585
8369
9584
8695
8748
9661
1456
6658
560
1839
4078
4238
1449
2221
7095
2612
1796
8780
899
3812
1208
9203
9112
2247
607
8887
8248
7927
7100
7500
8520
4905
9295
5151
6430
9136
6812
8643
8638
7313
815
4595
1570
2367
9476
5854
5218
6602
4407
2055
2155
4886
5134
78
1527
4029
2748
3585
2642
9283
239
5233
2188
3835
3005
5662
9254
9508
845
9664
3690
5797
2183
9551
9013
1411
3524
9586
892
579
838
8694
8200
6966
2284
4262
1253
3244
439
5739
5106
7464
1087
2106
5057
195
8685
3658
8390
7641
5548
2989
1243
4710
9529
8192
785
2595
5346
7418
8593
6548
7097
8866
1177
8393
8590
9391
6331
8428
7964
5163
2683
591
6240
4817
1394
8311
9848
4020
6736
9627
8078
3630
5516
1294
2082
3131
1064
8170
852
4277
3441
5621
4205
1107
3679
3004
2435
9553
7158
5527
5679
1740
8390
3339
6455
4811
6121
1615
3320
8936
7632
8105
2522
282
8610
197
1329
7050
1706
6937
2885
9832
7388
9085
4792
4020
5323
1190
6375
5287
4778
5126
1725
3713
1213
344
3890
7217
9273
3717
4767
6186
8684
5685
7130
5328
7749
707
2062
8226
1595
3195
1212
7436
3031
102
2030
4569
8938
4364
4355
1877
2590
7982
3080
6631
4408
8329
5926
6379
478
5628
2105
3624
3469
9823
9847
5893
2508
9521
7919
5005
1120
2266
5296
2423
5322
2008
4111
9785
1617
2198
2785
5528
6350
6729
1742
1637
2732
1215
4107
5856
15
7474
2093
7463
9836
5173
5541
1083
4821
7973
7547
1331
3877
3259
1527
9346
7097
11
827
6768
9194
5391
529
9953
2460
1407
5780
8240
4148
535
6905
8425
515
9551
9269
3983
1598
5708
6015
5397
32
4808
5675
1217
7727
778
7694
6437
8020
6730
9759
3746
6235
5663
9558
4257
1385
9463
6577
482
3652
5026
9721
544
6964
2324
4245
5063
1313
6428
9996
6370
7548
6176
4810
2564
6506
1512
6810
3912
1164
4951
9024
6251
8811
8523
2592
583
2531
218
3295
3540
6683
9973
4882
6185
2232
2609
5418
2651
1331
7823
3139
2460
188
101
9065
2285
5549
6584
6048
1201
9198
9339
2822
5408
8965
7740
3753
9233
6603
5933
1174
2652
8475
1686
4411
7473
4311
2922
23
9821
6151
6939
8032
8574
362
9253
2039
1185
4460
4727
3984
1421
2669
9199
3132
5180
241
5341
4090
2485
7715
5213
5998
5892
7469
7504
4493
4041
780
7652
312
1418
8364
9080
6950
1599
5600
1999
8938
134
6050
4643
7179
9666
1719
1244
8008
5123
452
2673
4343
1834
9575
9601
6861
4165
3611
5784
8243
6447
2634
304
7378
8949
5471
573
6335
402
1314
289
2745
74
1866
1584
827
245
7137
6830
3285
4865
616
3812
6655
7992
6538
5278
3404
9505
8346
3144
8466
7226
4927
5612
7327
2924
2008
8775
9558
2008
5274
9013
2524
3071
3252
6300
2584
6688
2064
243
6403
2392
3253
6621
8389
2586
2550
3070
8581
2953
9092
9993
4897
8130
6126
9126
2343
515
4012
2057
9680
3712
366
458
7881
8494
9232
6091
1500
6202
2002
2123
4291
233
2387
2753
5540
7525
3911
3974
8652
4972
2003
7759
4201
122
4290
9334
686
3428
726
2586
6692
969
1833
6035
3438
1311
3091
6517
1850
5215
331
3276
2714
7571
8012
9356
2095
2867
335
5333
7662
7799
3034
6134
7204
7858
5362
2129
2868
1733
5661
5257
7515
6742
2802
80
954
6559
2387
4162
6544
4899
5554
1917
3517
2596
4389
7365
7908
3419
8363
2954
8493
2033
3047
8596
7190
7965
403
5282
3768
8335
1065
7047
3230
4913
8755
1577
8911
398
7883
6637
946
109
8529
901
3558
7394
4517
8740
8055
435
2416
6230
9047
1105
5469
6883
8844
6292
65
6734
7754
3436
687
4897
7379
1346
3056
8622
7391
3531
1841
2570
4588
2152
2466
7727
3008
1350
133
6465
9011
1624
2039
251
6064
8516
6933
9287
9306
5135
2886
3537
3563
1137
1485
7833
4900
8356
1426
5005
4262
7785
8032
4386
9458
4316
3991
4532
8112
2215
8945
7312
9709
6671
1893
1985
4064
8892
2809
4062
9881
6005
5284
8447
2184
2837
7447
4846
427
234
4707
3636
6230
2290
8956
9997
8941
6337
3790
6391
5660
570
5692
783
3245
1711
6233
5809
881
4162
2735
4313
1567
9631
3270
3327
681
2771
8535
4242
1050
7727
8856
4828
2252
1776
5855
1108
6117
9932
3198
7491
2990
4301
8321
5700
9647
2098
9958
5207
4894
1853
2319
3109
6762
423
739
4687
2195
8005
6210
2591
2494
791
2187
9065
2892
6569
1472
447
995
7738
8670
2188
751
2419
9045
6375
8630
2396
324
2132
553
9563
5910
72
318
305
3941
1969
7646
3965
673
1953
2940
3073
900
8705
3730
9828
4522
1765
510
2667
1777
3954
136
1241
8817
912
1312
858
2474
2118
5626
481
2118
3084
6785
2119
4243
963
8500
6151
862
6473
4734
5726
783
7989
6420
2012
752
9840
1294
258
922
9193
8415
5443
1793
1203
6797
7717
8372
6401
126
8930
8295
1047
9344
7923
899
3160
2300
2890
7216
260
9915
825
3802
6853
3162
242
6351
7702
1372
1853
680
1716
637
2535
4696
1870
58
5184
633
2561
8442
8236
7764
6659
6398
1753
2753
1929
7134
8110
8910
6744
4685
9660
455
4348
9470
7882
4539
4942
3997
4185
2455
1683
694
7333
1920
4087
8529
9156
9757
6648
9973
2855
8114
869
7752
1334
9297
5277
1637
8569
1091
2079
7705
2735
185
9695
4163
7712
1745
6643
1052
8732
8299
4955
4728
8539
4895
53
6565
4746
301
5525
4667
5606
140
8422
5664
1899
6847
5857
517
1094
8708
1743
9033
5300
2021
1226
3846
4292
4194
1675
4116
656
4322
6500
486
6634
8259
2992
5457
6281
3006
7289
4078
3844
1673
9551
3797
1305
5135
6489
1796
8112
7144
6705
1186
761
1819
7447
1198
3306
5787
7169
9990
9869
5583
4227
732
5988
3678
1619
3421
4540
5433
852
2011
523
6513
1045
8266
3216
716
4636
5745
407
3290
1723
8081
7268
4381
7032
9444
505
7460
6807
1341
7195
1195
5156
4305
5509
8793
6735
5600
2279
5796
6358
1110
6960
7197
5192
2117
9452
3562
2404
4240
6073
5537
9816
6089
2186
8565
532
7882
4477
6117
7004
3299
975
8161
6476
590
8000
9981
6340
6833
5944
9131
7532
9037
1773
528
825
7031
1043
7703
9305
9706
8794
3779
7789
2983
3802
1115
378
830
9403
5697
3491
684
467
8599
7255
7813
8034
5121
517
3355
6721
1124
1034
2292
1943
6522
7807
5438
1007
582
9489
5109
2326
1115
708
1759
7911
3897
9170
8681
9533
7815
258
6951
6912
2513
6731
3684
1312
830
4844
6627
9484
5348
2640
688
1755
9454
1492
5641
8807
9235
1751
6730
1554
4914
4663
6811
1228
6658
9676
5135
4715
6649
4027
3540
7996
3968
1547
7522
3605
2461
5922
6740
8321
9433
6587
9055
9387
2340
8261
1161
354
1344
5057
1394
5897
4044
2295
2222
7981
5971
1014
7207
395
4052
6364
3294
625
5972
4696
9190
10000
