128 44
19011
6536
4422
7932
8293
2021
9700
3810
4160
6312
8654
248
2002
5904
3347
8980
3481
3314
1822
8007
9692
2087
1677
1567
5981
919
8359
7635
9096
3533
2414
8150
151
6648
3718
7432
2619
3500
9256
6568
4779
5493
1850
8338
6471
2190
9167
3874
1294
1590
1025
4580
693
901
4381
2193
8298
4212
549
8168
960
2400
3422
385
3806
4861
5838
484
4029
4970
5767
8749
9035
4222
152
9451
1558
5439
6582
2696
533
6386
1041
2074
1629
781
8524
117
3871
2288
910
4269
9049
2746
2960
8783
6076
4889
1656
7130
6124
407
9961
3593
8163
5274
4486
6648
4567
4698
9412
1123
234
492
8922
9231
7224
8505
1969
2709
1547
6148
9106
8557
3701
31
1128
588
7225
1366
7166
9287
4755
6622
4068
2599
7565
7874
7072
4866
3346
1845
5740
6918
1889
8682
2366
2198
2751
913
8552
1125
3282
3241
2679
3818
3040
2552
5701
3020
4444
5379
6246
4569
1850
1552
9058
6585
9569
461
781
9214
9057
1592
6859
3337
1155
3882
8665
6240
6795
5980
6371
9255
9013
2998
2592
1951
1264
8673
7017
5376
1854
8284
7892
6945
9885
4909
1869
3567
6196
692
840
3913
6167
1483
8327
4662
7851
2058
2993
9553
8482
1744
2266
5831
2844
1299
1100
2265
7587
5116
5854
2448
504
4067
7928
547
7405
294
6474
6410
3632
2672
358
6118
9697
9131
1673
3431
7020
1804
2879
4974
253
6312
6284
6791
3043
3240
6638
7000
5591
8678
7260
7288
1137
9755
5588
6919
744
8615
2816
707
4992
9722
4800
2099
5205
3273
5462
1503
5104
1988
972
7221
5096
3389
5501
151
3099
366
1699
4745
8349
1746
2252
9500
5893
525
2463
9479
5071
3608
9578
5845
3081
7142
4749
1059
4332
9954
1462
3465
5471
5162
7806
3943
2068
2277
5731
9427
2372
6205
4957
4260
534
6783
8884
4184
4899
6304
9737
1816
7809
141
4176
9462
399
3917
3143
4079
9261
811
181
7694
1185
327
3501
1905
779
5110
1526
6387
8208
729
1911
4477
1840
1842
8410
5759
1389
702
2001
9398
5219
4852
1061
226
5317
8251
3571
9647
2720
3084
6393
6353
9474
3999
6067
8041
8618
6857
3412
9359
6586
368
3178
3438
798
3343
826
1370
9347
2075
676
7860
4110
5507
2361
6121
9719
321
6446
8126
752
1313
841
4338
17
8080
8631
1161
1809
2552
6177
2161
5946
6291
24
6594
958
2241
7631
9191
1392
6933
5067
7484
4602
5471
9999
5097
5830
1233
5594
2815
5472
1164
5777
8627
3902
1982
6672
3014
1601
2829
6113
7932
8889
7826
7780
9564
7474
7858
4586
3943
7071
9298
2361
423
123
5409
1870
8891
9395
2360
1666
6128
6776
5610
4947
8925
1902
1569
3556
4457
842
6683
2722
2538
473
1808
7949
7081
7748
2343
3427
8613
1153
9640
9337
9006
1885
1587
4610
5793
9259
3236
5966
3410
2343
3216
839
8728
1723
1921
2241
3756
4635
411
9770
5636
4395
1524
8862
6814
5263
3447
1864
4441
4278
4880
7893
199
4410
3101
6353
9591
9492
2607
9382
9123
4221
5386
9149
2557
761
1801
3565
6582
9684
5911
9760
7906
2333
3948
6735
8307
2339
6222
1870
9226
2307
1155
7810
8379
8294
4647
6736
2328
8328
6730
689
7895
6709
1880
5364
5954
7813
1954
6254
6013
4949
7910
3934
1051
9074
3560
138
8512
784
4083
6923
6257
8030
6582
3990
2561
1914
3750
8603
8133
3692
7251
1019
9000
7418
7003
8186
2723
6896
5102
8620
7003
991
3969
5033
7800
153
2998
1056
6256
1247
3276
3706
2613
8399
197
925
6402
9727
772
9066
1097
439
3329
2150
9116
32
6181
7812
454
664
7655
6862
1913
3392
13
4539
9138
2510
9645
2
6069
3215
2882
3170
6399
7296
5782
991
966
3964
8906
6738
9103
4823
3336
2685
4032
8785
2146
3180
527
1463
2472
6768
3275
6570
6503
2667
2606
7
7332
9202
6061
5664
4815
7770
6740
8297
3568
1683
7490
2937
4175
3440
1054
8320
6565
9114
8005
1217
8758
7495
7053
6861
7160
4777
2733
7196
5027
8374
4005
3439
1872
2170
44
6407
6583
3163
8259
9139
3003
2850
788
5502
8204
789
2411
6568
4289
5808
8874
9889
4412
4401
693
295
5770
2444
2102
6312
8
4877
7392
525
10000
5842
942
6572
5765
9279
7659
17
9986
4992
6911
1061
5447
8080
4125
9372
2524
6731
174
1726
5869
108
5900
7662
6044
8153
7838
7210
3170
1371
614
1445
5956
6739
4616
7831
8303
7545
1610
2529
9626
5433
8252
5092
3193
4404
5408
8990
5445
3729
1796
5911
5485
5736
9855
1783
7703
3698
3803
2022
7366
8551
2543
5012
2141
9267
8799
2399
7439
2597
571
725
6253
9382
4611
3618
1563
2059
2026
9084
1969
1004
6559
7699
5685
4966
6291
2413
2444
3231
5737
664
2749
5849
309
2497
1226
2953
3105
5808
4778
6106
4317
57
3409
9931
431
3208
9041
7612
5240
5771
4702
641
4690
2890
1726
1923
2733
8996
5656
491
2315
9125
5072
8669
4832
2099
4041
6913
84
6895
1996
5709
2588
5671
1086
2526
3093
977
5882
834
5626
2095
3754
4317
2766
3362
1699
7764
6669
2374
9173
9871
1325
8409
5686
2211
8053
8946
6160
911
4161
7811
6364
5020
8917
2402
5730
2208
9084
5646
1766
1295
9258
9739
7397
4356
5828
8774
4822
6850
7670
3087
2339
8111
724
1127
6008
9356
173
2328
9605
4304
9933
8486
7985
4683
3382
6488
1291
7426
2301
5422
2614
6243
7702
1132
8642
5438
5262
4857
2083
577
3566
4128
9892
7077
347
7674
3053
11
5187
3995
2851
7095
3872
2161
2560
1314
8801
2151
9880
3456
4049
7352
3771
2721
4607
4576
6955
7361
9864
2363
5602
785
7682
7126
9607
3752
201
8985
9435
2826
8105
2623
3588
8877
7094
920
3095
266
4536
6722
5583
8989
7507
4558
5117
3744
9118
830
8250
9516
1361
6410
329
3575
9896
8932
4650
7474
7699
2074
5068
5183
9439
5525
4248
7129
883
1859
3721
8397
978
2749
1705
9541
8789
2416
9369
8300
8638
347
419
1938
5069
1605
1283
2085
1108
5032
2933
5466
6598
8972
5467
5969
9014
5233
5423
8921
1169
2625
5873
1295
4013
2478
765
8510
5887
7905
7601
2409
4359
2211
575
2552
7528
1395
1843
4364
7718
3369
4347
7304
6360
3311
4507
42
2151
3974
2446
1967
8521
9700
6583
6058
6078
2315
4497
4416
8672
3019
960
5298
1261
732
6747
575
6099
9774
2695
8256
5437
1580
9705
449
1085
3744
6132
3764
5198
2609
7103
6341
911
7350
8481
5751
633
66
8320
8134
2712
8597
659
461
9821
4382
4473
4169
3843
4042
2884
343
2711
1464
1795
1954
3989
4998
1589
4996
8288
1693
3157
7235
959
5916
4264
7707
6636
8761
9633
8421
9925
3252
1802
7364
4299
8562
2979
1083
8462
4815
4289
5947
1772
8985
2627
6753
3985
5109
8781
336
9813
4237
8060
4958
8687
3520
2229
5233
9597
5591
2285
6389
2397
6152
4031
9739
2750
5598
705
8661
2298
3253
1620
9123
8643
9798
7893
4902
9099
7131
7384
2359
1954
7417
8476
9413
8759
1596
3502
3135
516
4677
4873
1037
2388
2531
2588
1760
3190
7516
5307
7656
9576
8297
9660
2664
7603
9254
794
1574
1997
2958
2674
7901
2391
2570
3050
3913
481
4887
2045
7724
2485
9833
4144
8187
8505
941
8311
167
1250
7733
889
5649
4682
491
1547
866
3956
6865
5453
1535
8286
7795
1051
5302
2585
729
4115
1364
3331
1446
7415
8516
3023
9036
1595
7074
2288
7712
2104
4902
9758
4894
3539
869
2183
2635
493
6764
4032
1837
5208
198
5444
1861
3457
3345
557
9855
8744
7026
8663
7111
6474
9294
1735
7191
7935
9290
9922
2484
7709
1881
5332
1805
3025
3901
5752
9132
8071
7654
7947
4777
5375
8097
5594
4220
9193
3376
9819
7600
2168
4040
5235
6555
9975
8110
2016
8897
324
8780
2229
973
7223
1288
3910
2672
1099
446
3704
9399
387
1279
1312
1510
7724
2588
8262
1712
4862
4415
2140
3016
9896
3437
1980
9471
442
690
4460
2916
5139
7373
208
3915
5581
2043
1392
4159
8729
8565
57
8932
7447
2413
3528
2028
471
4444
384
20
964
2516
3084
378
8350
5833
1411
4391
4298
8091
4507
468
2438
6490
1202
879
5020
4567
7470
2621
562
1433
2411
1004
3789
4568
7784
7722
1051
6792
3536
4315
2534
9706
4764
2596
3174
9730
37
4863
5262
3513
329
4172
2559
5435
8254
1987
6140
5256
1149
8579
3234
2879
6829
499
5083
9990
2762
5201
1640
2348
1169
6899
204
9511
9258
5035
1988
456
2419
3278
9889
5486
6651
6340
8463
1396
6284
5138
2370
4769
8641
6716
2589
3553
2958
1784
4297
6899
934
8010
2574
7244
2438
2327
2970
6961
7963
7225
6101
2283
1584
2568
3094
2980
3691
6210
3384
3917
7619
7072
2742
6976
8235
1408
923
1993
3381
8065
1
547
5797
8320
8931
4434
2843
1231
4365
292
534
1154
8798
775
9672
686
7099
9233
8223
9954
7010
2129
6463
5076
3586
2776
3716
9491
9751
4618
852
8626
3595
9395
1868
3530
2238
4758
8055
7554
6285
7540
7654
209
2579
4914
6225
2717
2484
689
9747
664
5476
5817
9956
1452
2363
9042
2660
6432
9797
4674
1707
531
2078
6165
4693
7966
6006
4176
1151
251
8988
7179
8259
7470
870
3269
961
469
2665
3592
7083
3899
1369
9880
1582
2873
1069
1383
899
156
5474
1585
7984
8626
2516
2323
8073
116
7429
1002
7087
9889
4505
1952
607
2943
131
2295
5473
7354
1124
4625
7312
1080
6492
8810
3296
8263
2831
6911
5292
2757
8705
6072
6360
9361
336
5303
2364
5398
5679
4200
8223
2042
8762
3340
157
6332
6686
800
8760
4566
6943
4738
5772
1619
7391
4983
630
2621
3605
1473
6483
8779
2331
2266
8155
1437
1037
4042
3417
6158
3617
2322
4326
8370
7747
1558
9978
5970
2660
2715
1696
6611
4796
3621
1589
6327
1531
8659
4821
1494
6652
9657
3378
1404
1176
9423
9330
7929
2947
1744
871
7200
6083
6276
2569
3836
7522
5562
338
945
5573
7086
5331
4066
2196
2462
4916
5705
1126
6924
6214
6501
3594
312
5906
6273
3748
6384
489
1392
7228
7585
2625
4724
9897
7620
2003
1186
2506
8573
5298
3449
451
8081
5351
2530
1190
5660
4161
7186
6545
275
2563
7045
8888
5500
549
8717
3299
9878
5170
5992
638
6714
364
4628
2796
263
9084
9245
9957
2545
8234
895
3245
4987
7617
6440
3250
7408
1524
2362
8427
6039
9028
5838
9821
1546
3756
5468
6768
1750
6025
907
5536
1309
9566
9736
4504
474
4908
4614
4428
2648
2486
391
4645
2210
7100
8011
1617
2342
228
5289
8337
2187
8174
1668
9279
3516
1290
5715
5838
6204
3109
1395
4345
9525
5668
9797
3953
2402
747
2736
4372
8313
716
444
9031
3749
6177
2773
2370
9366
4519
1417
2580
6283
7209
8342
215
5208
9943
2811
346
5323
6651
8786
9560
5484
6196
1493
9296
2554
2510
4073
9
3236
8313
3723
5526
4247
7398
2331
2711
8884
4138
8655
5623
6540
5216
8502
8419
1924
1995
7036
407
784
5991
6662
4797
343
6932
5670
5131
5318
5219
7924
5457
4326
9985
884
1408
3470
5187
538
9911
4509
5379
6311
2201
758
1451
2575
8035
2177
6287
5600
1526
7678
640
209
3746
1230
1915
1155
2509
4674
9598
8606
2131
7226
5931
3985
4233
8009
1377
2857
1309
6886
5561
8916
7974
4626
2575
4297
3281
7036
9913
8171
2245
2388
7516
2399
163
4012
3450
9888
4463
8016
8246
9275
4283
4610
144
6479
2472
631
5207
8058
2608
2630
260
2399
7813
6184
7127
716
1208
5250
8229
282
9263
243
2647
6746
8930
8819
5918
9024
3237
4032
8404
868
7290
2361
4875
9808
3817
5402
7790
7164
2341
4331
8845
9619
8574
8593
3814
2191
4461
9836
3144
990
8495
3399
7764
2837
9468
6226
3668
2651
4763
355
1954
401
8303
7863
6160
6813
5171
5330
7647
37
3581
4372
8938
359
794
2896
459
9624
5756
2545
4826
9687
7835
1891
943
811
9559
6605
4837
1784
9717
1442
3718
2666
8365
7237
8298
4498
5418
7482
3471
2617
8822
2817
9190
6866
9759
9732
584
1700
8933
6634
4467
987
1626
2584
3198
4115
2585
3533
1351
1601
9695
4106
4858
8535
3057
871
9375
5090
4362
6811
5832
328
9567
9526
9274
5546
1671
4851
1292
8712
9609
4092
1517
1965
3431
8520
7419
3974
9230
4857
3395
6974
1038
5808
2243
6658
1854
2362
5735
9450
6555
6153
2703
8497
1208
7564
5415
4205
7480
7424
917
5962
7290
5650
1981
8328
6023
2329
3901
458
8540
4395
4943
9703
6541
6364
1850
1761
8766
6807
7513
3661
230
7937
3938
6403
916
1500
3806
8638
1819
7913
8614
2070
8787
3539
124
2711
8627
8999
346
1416
2393
7465
5463
1279
8207
709
7064
9118
3401
6333
337
5206
1133
2471
2323
7699
5280
169
2720
3269
1304
197
1995
8964
6506
8725
5703
2972
9683
8635
9099
5244
2737
8123
975
1831
1729
8899
5911
74
968
748
9156
1260
399
2423
9760
6583
7134
2850
5927
4987
1765
3273
2265
1881
5690
914
557
5606
6847
1992
7145
9176
7116
1929
8526
9474
311
3343
9354
8233
9505
6892
1642
3162
9440
8343
1082
2268
5966
5852
5453
2075
9951
8494
9087
9372
7176
1314
9260
9560
4223
9417
8874
5463
8671
414
7890
3718
5309
1570
4700
1560
7119
3103
2028
7473
7818
3134
238
5574
8572
4221
2645
8039
7357
6799
8472
2235
1869
7103
7404
713
5133
3607
556
5198
3376
9375
925
1007
2826
1759
2196
3043
278
930
2801
6623
2610
7587
1347
2336
7340
8977
8815
5020
7457
2544
9370
8408
6275
2491
7137
9109
4877
7913
4160
4490
4510
580
2219
7474
8179
3384
3963
6214
8288
3423
239
8267
1814
9314
3168
7230
1966
5403
4589
7618
4648
2442
9841
8077
2491
2133
6102
1715
2442
5271
765
8287
9242
7304
148
3417
371
7626
9530
3443
7751
7897
3350
4220
933
9345
9103
9947
8801
4760
8857
7357
2539
27
879
4739
7159
7714
2964
7963
8793
9271
3331
9319
9280
1552
6878
8828
3151
6963
5829
4884
6399
7641
3222
3228
3630
8296
2725
6255
437
9806
1530
2694
2252
7778
2594
7969
808
9654
2944
1441
8582
324
7751
3624
1927
9604
65
625
1185
4523
1673
4000
2034
7446
6441
6495
8312
4670
9484
5232
1657
4802
3546
6248
7533
2233
8031
2353
4040
1584
3990
9907
8439
9495
7323
556
88
8174
1159
2657
1124
8551
8810
4802
5289
5310
7849
3856
9834
2088
2233
3737
719
7218
9628
330
7931
5053
9342
6854
7519
4165
3370
807
4212
2961
1695
2777
2264
1013
5397
2934
1595
6882
5331
4609
2393
1791
8843
7607
2266
999
5708
7470
8072
4320
7230
4181
5623
8544
8857
7152
7511
6795
3846
4049
962
6498
6215
7963
1491
3374
3509
1926
2147
8004
5033
6818
6881
2364
9081
6971
6134
5262
340
7147
5934
1050
360
6733
5825
1840
3542
6061
5876
2079
1967
5407
4671
3758
8107
5398
1937
950
14
4264
9839
2754
821
7075
6177
2295
6476
8099
3937
3857
2910
9559
2121
4914
9580
1083
9144
7488
7773
5886
4546
2419
9779
8644
8832
3518
2000
2147
3364
6468
457
1510
2648
7095
3010
5397
5010
5591
5497
1305
7393
2590
3133
4808
49
1093
5413
4491
3695
4859
7801
533
3812
3426
8645
6157
620
6908
1639
5819
72
1388
1404
4919
535
2102
9318
4053
8178
9465
8873
9364
9139
7916
9840
776
5966
4567
4942
9441
1281
3975
2813
1693
8504
9445
2655
5566
6430
5706
9232
100
4728
3148
7683
7142
9911
8447
4870
4153
1601
925
7590
6446
6556
1406
2026
4190
8951
756
6267
9814
2919
7212
1108
1599
7345
9089
5224
3122
1867
5751
566
9223
2826
6214
672
6054
6396
7445
6669
7351
5744
4660
6423
1945
3480
4228
3334
6786
8153
4878
5752
6419
1606
9300
1157
8562
3595
6944
2489
3068
1755
9062
4370
5199
8226
5495
4482
929
7597
5536
9124
317
4960
5153
1171
1126
5721
8192
4811
6381
3845
9829
6313
9760
6788
2852
3306
4202
1642
6332
7145
5513
4602
4481
6777
1646
9324
2932
2539
736
2039
8746
4049
6860
904
2860
1425
7239
12
4701
2144
1335
6373
1064
6360
7267
1598
2840
8074
5157
3177
7609
144
3024
3660
1501
3028
4434
2879
9203
1002
1369
5756
986
665
7505
5304
9740
9500
2167
597
5808
1194
6086
3380
1720
8091
3301
1148
2117
619
6904
5488
1569
3465
7864
8634
3675
1307
8272
1249
8193
8112
2887
2939
4054
4542
1620
1008
956
4268
5784
2639
388
1403
2851
6407
1962
1963
9150
2532
5892
743
5466
1460
6043
2871
3690
5674
3498
8905
8416
1329
820
2071
7808
8052
6570
2476
7416
939
5942
8389
1066
3282
735
6207
7158
1527
3457
2225
263
9291
4492
5653
178
4048
2065
9624
9387
150
290
3283
666
6671
3972
405
2810
3716
567
2085
2585
848
8397
7251
1742
6118
5963
7096
5083
3182
1082
1382
4553
8654
599
7198
5391
1803
4939
1534
9703
6648
5729
9314
6902
5364
6042
602
8739
4532
2144
9450
3664
6555
5225
5563
7410
9487
5837
6789
1538
8642
1213
2963
4089
2593
7548
4633
7059
3343
8704
7442
7379
6198
2138
6507
4013
8333
4157
4997
1660
7079
3572
9764
499
5008
4836
3527
125
9881
9713
1589
6457
8010
4495
9817
640
4002
8257
1854
1684
8415
8900
8912
3788
1816
1433
6250
500
2095
6947
5890
6275
8860
3951
97
3482
457
4375
2368
4402
8541
4829
735
3079
4223
4778
1989
133
6050
768
7401
784
1303
4277
6830
8289
2966
6177
102
7114
1536
1779
2136
9741
4884
3029
5986
3550
5516
2488
9867
622
5919
6309
870
723
5816
182
8849
5428
59
8243
9982
4717
4654
616
3104
3347
8326
5760
4264
6206
3310
9230
849
6144
1083
7379
9313
7717
2864
6562
6530
7158
8922
3338
4986
9252
1390
4797
8019
9074
6570
1726
2946
4387
1183
6906
2375
2179
261
218
5107
5150
731
2433
165
3736
5369
4224
9366
777
5251
5480
9422
1010
902
4042
4540
6308
5146
6980
3679
550
864
1852
1522
4008
4731
1929
1361
3872
8647
4711
5349
7393
4414
2203
4776
459
4867
5905
76
3601
9317
4102
6627
1645
9961
7845
101
8377
4115
3825
2738
6265
1912
9906
1109
8341
3679
9384
9516
2733
4276
6750
3410
6925
2279
6387
2100
1186
389
7119
8311
7605
711
8789
1727
2685
5116
7582
6880
6960
8163
5635
5892
6788
5134
3995
1747
2692
2004
8293
77
7235
7160
3437
6822
1051
8902
1564
3348
7715
257
4917
47
1983
4504
165
386
4686
133
8447
7493
5162
5517
2507
7627
2383
691
2879
8117
1208
2046
2593
4546
12
2052
8053
3285
7621
630
291
3517
8775
8185
7000
5907
305
7540
9305
2702
3423
2463
7984
1962
1105
8942
7747
686
3009
2435
435
5071
287
3448
1547
971
1690
1864
703
5144
7794
2177
6625
5863
7258
8156
656
2208
2860
2261
1540
6387
543
8771
1624
7719
3459
2330
3397
8841
2785
6196
130
9339
7934
1449
6566
5668
3230
9781
6615
9386
6040
3851
6122
4666
1277
7844
1062
8855
1539
6706
9242
1880
148
4936
7154
4068
2495
9645
5769
6881
2760
1486
6082
2291
7165
6890
4384
439
9113
7142
6132
398
7376
3264
315
5233
346
1372
8512
1450
1549
4512
9690
5119
3273
1584
7477
7722
7974
7676
7141
3389
912
9803
1996
5470
9843
3440
4948
9175
9686
7269
7484
9984
129
9156
7766
6654
8142
4842
123
7476
5876
6618
2726
6885
7875
4732
3382
34
4025
8817
1299
2441
2146
9091
9465
5059
2843
2072
4172
8494
7756
5463
1254
1813
407
4803
243
3519
3563
807
9196
6287
813
2327
8636
7927
1608
7906
8013
5295
2559
5525
3528
4665
6590
6510
5197
1883
1882
7653
2240
3271
293
708
381
9734
5925
4611
5491
4202
6907
3800
8616
2942
5971
3774
4736
16
6290
3844
6869
1375
503
1385
5087
8949
7477
1199
5493
4173
457
2350
836
470
9493
1207
5689
6703
6647
5817
3811
870
5402
2037
860
1611
8736
3160
4314
7008
7900
8976
566
4615
6391
1759
8734
2441
6026
3222
7303
4802
2612
8402
4855
9779
3414
7142
354
1379
8613
197
419
3946
1494
189
1822
1104
8102
1052
2161
7191
7642
8940
373
7697
9299
8662
5966
8841
7621
7383
2695
4048
3996
6407
6218
9148
2578
2377
8205
4297
3938
6183
3095
2112
739
433
9748
403
2548
5318
6276
3704
8117
1359
4381
6241
8851
3117
9783
7345
1808
4937
564
4068
2508
2560
2823
8608
7199
2759
9891
5103
2520
6745
2821
606
9442
5868
2472
368
7690
2187
7216
5180
1619
305
1332
4981
2452
2807
1918
3700
594
6356
453
2717
2124
3128
8538
5391
1651
586
3950
1911
2038
452
6556
7395
5306
1571
5717
7559
5864
723
455
8509
4609
3534
9557
4350
9115
9952
82
9150
7382
5796
9790
8671
7367
7206
4261
1578
4476
7370
6802
6415
4539
5941
1051
2525
199
9073
3085
9351
3775
5587
4026
7136
3235
6314
8035
8363
2863
5132
1780
8726
8033
4923
2824
1832
6067
6725
6868
9215
9436
3835
1692
6009
4322
5737
3506
8778
8448
9116
537
1587
3148
5977
6405
0
580
4831
5337
9500
1036
8999
2192
1248
5336
6324
4460
8453
2132
9212
1965
4132
1692
7162
2516
9967
1762
1379
5381
2718
8540
8895
3623
6458
1781
4985
334
2594
6650
17
5153
3826
7046
7800
3532
8267
3480
1800
1953
4955
4488
5025
9432
8719
570
3741
1052
2201
7782
1060
6878
9175
8659
7584
1305
1853
5253
238
4529
5904
8382
3726
9056
3103
2085
3378
3988
7884
9112
5134
4915
2402
897
124
9584
8090
3383
9181
3139
1267
6612
275
6932
6762
1149
3573
2137
7541
7983
3259
4737
4706
2404
2554
975
3739
659
4883
8776
1993
5806
3793
3604
3735
4141
534
2537
1151
6076
8303
795
8656
3028
4591
5982
5118
816
6171
2555
2398
2171
107
9911
4800
6747
9550
2723
1249
584
9826
792
7979
1300
2752
637
7597
5840
5113
1614
3362
1523
9617
2864
7735
5121
697
5971
4906
8331
2197
5824
1005
566
9674
506
243
1893
4210
2938
4087
220
5782
2728
4253
3026
2380
5453
8974
5397
1080
4406
5674
5058
9138
6073
3749
7053
9825
2045
7815
5119
2158
8618
2585
1989
1978
5718
4414
5260
8014
3672
2583
4004
8695
482
5778
5344
555
6435
3025
8289
195
4472
7299
3412
1040
2268
2114
8005
7094
857
1022
4005
5772
9969
5468
3043
7107
3475
7888
5660
8890
6566
7239
1389
1805
6988
246
2305
1603
6027
2318
539
873
6877
1238
3009
1478
2887
8416
3230
2166
8852
1031
1974
1975
1261
8161
1937
5216
8739
6090
9893
1214
1147
430
668
9487
8382
4671
6597
6304
1791
1295
5953
3303
5421
7047
2731
1350
2779
4587
1297
3062
4624
7069
5709
3388
1768
9336
6366
2057
6915
4410
7863
1347
9296
1943
680
646
2303
1557
6129
7414
4707
1804
7174
6037
5407
7007
7331
2473
6386
5499
8554
637
2094
446
1581
139
3112
6783
5629
8980
4908
4790
227
4863
8012
6202
810
2556
2366
4434
5738
4140
9810
5866
4628
456
8109
9957
9546
8648
502
662
185
3050
8393
9678
7365
3282
2038
5694
4043
7403
6657
197
6279
1018
6651
7804
3755
8084
1979
620
1660
4908
2786
4611
4818
779
9070
7463
3513
7356
2573
1464
6397
5116
6618
5356
6053
5846
410
1433
7531
4341
6541
4622
7765
8290
7982
3222
5521
7403
7759
8458
5356
4590
4443
2108
2025
4056
9802
3174
300
828
6867
2228
3467
656
6903
808
2039
4547
5212
1244
4264
9643
3209
7549
5068
9895
6068
6336
9894
9047
2292
1783
6916
7275
5176
1536
9373
5696
6086
6235
3430
7744
3833
6392
987
4624
5352
1439
6647
3611
5781
7007
1257
5988
4044
7783
9324
2736
3919
2901
6738
1617
2437
987
1658
6266
6029
3482
2235
8416
6911
4049
7825
3230
5214
7560
9093
7565
6807
7094
888
8185
2103
776
3304
1655
7934
9620
4772
7407
5837
4376
6462
2079
6549
7483
3530
1317
403
1467
4827
7761
5530
573
5336
1634
8933
3980
8465
7332
7611
5227
2710
2629
8228
2013
1274
7756
2499
1145
875
2004
2304
8565
5550
7466
8958
942
1705
6928
4052
2595
1908
407
3937
2493
271
6515
2501
1308
5861
7373
2843
3259
6981
521
4380
6525
6584
5469
8573
5942
4022
8314
627
3441
8269
4875
2729
2064
2283
8517
614
5200
4316
332
2859
1343
1103
646
3022
9840
3056
3968
9088
5162
2737
7418
7612
8583
1195
1569
9545
4143
7533
7335
6000
1623
2193
2535
7964
2569
7234
3484
6083
8435
665
4346
4528
3092
3232
3254
3775
4513
6194
1763
8899
406
1471
2561
2858
6042
3145
8432
6487
6906
8889
9283
8731
3133
8212
5978
7966
5201
2044
5678
1572
7152
122
7621
2676
5793
8988
2778
2102
7670
902
5469
9098
7777
6075
4407
2939
2459
8252
8499
263
3647
2501
822
1486
2636
4990
6329
2012
6494
5305
928
8843
8081
7923
2632
1479
5757
390
6874
8760
6297
1654
7100
2478
6025
4663
628
7499
3267
5645
9808
9420
4810
5237
5070
4817
2203
38
7550
1943
1239
3595
1516
3718
8120
9853
218
4908
318
862
9647
1324
7551
3465
2562
6100
5984
1218
878
4067
1303
528
467
5060
1856
8130
2651
1627
5781
1411
9200
4511
8020
2125
3405
5433
519
5006
1285
2907
2307
1809
7183
5264
7700
4663
7831
7467
3982
476
8493
822
1284
5888
2475
8733
42
9140
2345
9942
252
2177
903
9028
8146
1332
71
48
9756
5790
5101
4159
6637
7747
9252
3926
5946
6884
6183
6643
4609
278
6026
2768
8096
8021
4076
6251
2879
389
443
137
1615
9779
648
5251
2245
284
8674
9807
8359
9625
1001
1608
949
1171
369
248
608
9550
2024
1370
6239
9216
5245
2791
1266
3768
2933
2167
4903
9226
1393
6010
6033
1141
963
4437
1972
509
2824
8242
91
5539
5626
8649
3910
5984
3209
7820
2937
5387
7061
6423
1036
1749
4367
8900
7730
8813
1248
9772
1675
1628
4384
2645
4316
7564
8266
4876
4473
461
8113
5067
7824
341
2271
5701
7975
8540
3479
7053
6062
5968
4128
5311
9427
4800
3592
1456
6298
3854
4059
1087
2545
8802
588
1311
4677
2593
6277
2535
684
8289
9345
4058
6308
1385
8770
1923
3857
6594
2283
9010
7752
5113
3365
7517
92
2214
2332
8706
5953
2901
291
2407
9591
7817
9332
2864
4442
5854
4316
3178
2565
774
2246
5168
5991
2100
5789
7978
8824
360
2702
7107
3183
8249
505
6791
8270
7533
921
1248
317
6039
7882
3233
6974
6498
216
3282
9404
281
1770
8540
5865
7158
52
2410
6438
6462
2359
7733
2871
4214
2561
9880
7706
3054
4119
2855
4689
5695
7203
7572
421
1133
5893
94
4350
1303
999
3659
6171
9355
9154
6330
9061
9137
2451
3211
4615
8993
4811
9324
2551
6698
609
984
5777
6047
2840
9699
6637
1334
2705
5749
6409
2127
1750
9968
9636
5621
4181
211
2582
2632
8754
1286
9950
7043
2814
1824
4897
4758
3370
2387
5438
1571
4808
1961
9263
7056
9199
7281
4124
8776
5408
1741
4119
742
1888
9621
4533
2530
1480
1509
59
1919
6750
1357
1822
902
6491
5917
3536
433
33
9768
7364
3998
7864
8411
200
3692
4729
1537
6486
3744
5270
3861
8510
4778
2163
9032
1771
7567
2769
4007
2962
3395
9390
8757
4522
432
8049
7213
9720
2175
5160
1341
5187
6067
639
2111
5268
9640
7627
960
1311
9950
4230
1072
1939
2576
2967
9683
7867
2139
959
9278
7522
8253
2988
4434
3388
9516
8505
855
1745
514
1944
2957
2317
9562
4272
4431
3022
6368
622
6194
4451
4211
2383
9163
4175
3029
7528
1789
2064
111
9884
8487
146
996
2224
5315
7547
1724
8091
4339
5320
8231
1940
9201
2131
427
819
4624
9422
8652
2045
3206
8310
1329
7335
4571
2391
1102
7435
9835
2929
7807
9825
680
1881
9443
1841
2587
7150
7564
6255
7513
3554
4181
1241
3394
86
7069
8790
8770
600
110
8587
1172
8021
7509
3137
6088
2873
2305
1578
8746
7284
179
280
2792
5650
1951
2184
3414
7842
1700
8893
8112
9732
531
7068
5891
4372
2053
1435
9122
4568
3848
4241
5243
5270
8644
7533
7626
4841
2697
9980
480
211
4646
5495
1344
7313
194
9192
9225
7352
1256
1118
6225
3482
9995
6708
254
2494
2113
8460
2000
6740
104
8601
7596
2769
7558
3004
5451
2158
8882
9959
5733
3347
5549
629
742
9077
6391
3344
4654
608
1992
22
9826
7371
1358
7518
8782
1923
3672
6017
1606
4406
8605
4090
3619
4252
6769
5724
3714
563
9065
1672
3937
1057
1392
2828
7750
1612
1597
6247
4137
7387
7654
3620
3712
8605
5664
7981
8039
2214
5612
9474
5554
562
7915
8732
2967
1713
7427
3840
1684
8733
943
6402
3260
4261
378
8451
4245
9176
9124
5102
9783
192
618
4668
8861
9034
1084
1119
563
8415
2685
3414
2755
1782
7147
616
1266
934
8670
1955
8224
1687
3817
9968
6139
7665
4867
303
9995
8956
1120
1653
733
9792
5726
2373
310
7913
2517
3845
394
3833
7630
8874
2770
3107
8725
3430
1173
5958
1034
3884
74
151
4768
6551
5452
8706
9681
7648
1588
2785
281
8769
4869
6267
1976
7926
3746
9138
6462
375
309
8330
4583
1629
278
3159
2851
6459
3025
1849
1987
2657
4631
6725
4187
404
3874
4140
3801
4485
1795
2666
9852
6620
1570
2430
5300
668
2739
1247
2732
2231
4588
7261
4612
5615
7844
6262
8571
9057
9720
226
5922
4991
3347
5883
3012
4140
7288
3453
3144
8507
208
4185
6380
6506
660
413
1318
219
2155
2951
6157
351
6244
5300
1239
2276
7619
8618
2709
3407
1829
5438
6923
2346
8325
5039
1021
438
3076
5447
547
3851
1543
1392
2496
7029
4526
7842
2582
9883
8571
4833
7638
1923
7030
7085
6623
3977
4113
1066
8167
7296
2490
5623
6007
2634
6788
3481
245
7578
126
1655
5782
9403
8396
214
3079
2388
5993
3363
5806
6647
2618
7653
1391
8023
202
6573
8144
590
5249
1856
95
1337
9754
5469
1116
7452
8312
7906
1553
1140
3297
2929
8309
494
2954
1221
143
9617
2156
6651
7398
5011
53
1277
2178
2558
4988
5979
7345
5678
5774
6643
783
8980
4227
2399
1593
5905
4829
9649
6362
597
1713
2848
1754
3384
8055
2387
2423
8579
8848
1168
692
394
4515
1277
832
9510
4879
5779
2698
6484
8320
5721
2003
6506
9730
385
7533
785
1685
7454
6632
7197
7708
1546
9437
7365
6126
6330
7497
4738
634
8634
5955
197
4761
6804
443
5686
9343
3000
9605
4998
636
4030
7134
8559
8816
1660
9368
8571
1051
4705
400
6077
3408
182
1602
4357
241
306
1780
3623
824
1793
376
1032
9140
5475
5703
6260
2111
166
393
9661
5596
6676
1805
7085
1071
6717
8285
483
216
9431
3486
9681
8624
8174
2662
6556
303
1747
1175
9129
4223
4416
8078
5965
9412
4019
1850
6472
2889
3588
4321
8128
8425
7881
489
2393
6526
5365
6867
4194
7121
2589
7784
3280
2955
3195
6721
9843
6862
9959
427
2448
7141
4059
107
7276
1400
3808
4669
4395
120
601
3103
4503
9465
4801
3731
9332
2238
2908
4629
9357
6529
8728
2967
514
9215
2242
4809
6546
5586
4416
355
5907
9095
3773
9974
3693
4342
9148
3254
935
3747
9566
7087
4873
6948
6470
1564
9404
8479
2911
8013
6542
1089
855
7552
2321
4478
5039
7653
977
1735
6474
6793
6364
9398
3163
7051
5929
7063
692
4482
5361
7981
7098
9081
1773
8693
6560
1155
5887
9780
2725
3150
1069
4100
3858
5070
769
9033
7861
7374
3898
1217
4894
8888
1809
5040
94
1467
1141
6273
2032
4070
4243
4710
3606
6055
1426
3166
8920
9159
3186
9414
6257
3106
1940
2919
1735
2362
2463
192
5247
5791
8050
6768
5840
4626
298
2810
690
9221
2943
1036
8633
5515
2515
1149
520
200
325
5663
2034
1068
5774
2153
7376
5107
2904
8318
4186
5114
7900
4012
2756
7179
9857
4532
7358
4244
9955
5468
391
8767
9689
8304
8897
8390
7945
9427
7532
6817
7595
4890
9034
5691
956
5982
6507
6070
1393
658
20
4021
9349
9753
4209
4444
7727
248
7660
9587
30
1745
4605
8254
653
1849
7573
49
5599
8700
8118
1953
5393
9145
7687
6847
1634
8675
627
9845
4056
8188
985
5860
209
941
2742
2955
3751
7538
2366
4747
4315
7406
8055
4462
9858
1626
2347
1158
1675
2395
4017
3056
6804
1843
5935
9963
3545
5688
3914
4441
3991
8742
5176
5185
3947
2608
6989
5007
2000
9614
3446
8191
489
1420
960
2163
5009
4413
5546
5693
9675
1617
3521
1739
4123
1521
6363
5482
2490
2273
8157
3094
9042
805
3622
5393
2389
5754
1074
7056
8528
7570
1332
632
773
7026
93
1995
3028
4872
1373
937
4221
7266
7650
4837
1626
1835
663
9923
5402
9655
9583
7671
7972
5218
4759
4895
4667
2883
1209
5255
304
387
2804
6099
5749
3433
486
2585
2816
7255
4204
1961
7247
6212
1212
5051
1748
1560
8997
348
982
7793
9263
9732
1525
7940
3371
943
5510
8002
6332
2683
9048
3872
7578
7457
3302
1354
2665
3956
9725
6464
5818
2671
3513
4067
8339
5839
2724
1826
7871
4371
4594
5385
999
530
2426
49
2706
8572
5242
1087
9171
9350
158
7243
4483
2590
5208
3003
9238
299
2791
2520
7108
4757
3380
705
353
3760
2652
1647
1198
5675
6135
5397
9621
5486
4319
2216
2361
6125
4258
3620
712
2189
1021
9308
2516
2692
7783
9330
2778
3788
8561
2270
9140
452
5569
9212
7906
6128
9905
9627
3066
8492
1101
6766
6505
9708
5593
5758
2103
2492
1314
5816
1261
7832
2704
1232
8086
7797
174
4494
5178
9705
4501
8738
3145
8068
577
4171
9899
6122
9304
7783
6668
4834
587
9931
8528
2469
1088
7111
6340
2639
2471
2160
1087
4305
3782
7593
9472
190
5424
2449
1059
1315
60
9010
6710
6460
2792
4436
1790
2149
2122
4960
902
8321
5754
1302
3587
5504
9329
5069
6886
2078
9384
7578
9781
2096
989
7028
2362
998
8343
358
7126
6052
3899
818
3114
7794
6669
4830
9006
4010
8849
5118
8250
7585
3362
1558
8899
9177
6350
777
199
9631
9308
4027
2421
5854
3039
1589
9854
1892
2108
9651
47
8275
8367
4254
4753
2020
9496
8917
9051
3967
6422
2871
6890
4572
239
114
8880
9076
1870
503
140
9135
9564
2202
7881
2686
624
2918
9682
7856
5492
7727
3047
3741
553
7290
1428
7925
1393
1757
2160
5679
6523
2420
9643
1772
4338
5123
28
4954
2062
3926
2451
6035
5838
4302
3290
8333
889
7778
6988
4416
4572
724
7606
8962
8475
7488
3112
2078
5317
7154
5125
5263
8992
5850
1209
516
916
3473
4340
726
2309
4788
274
3555
3882
2964
2332
994
190
811
8793
7648
6551
6285
1758
787
7651
297
8888
7125
9816
407
227
3001
3942
2072
928
9917
8065
3556
7596
5531
9979
4712
2459
8231
2281
3390
4186
8564
5809
1785
2285
6937
3170
3551
6272
9585
7292
6284
774
725
9039
2795
9071
8867
9642
8942
3841
6867
9472
2499
3838
9906
8885
443
5903
7144
2452
1223
9054
329
5296
4525
6534
507
63
399
8462
1589
290
1134
7142
6618
4439
2621
5985
4232
9106
2843
1334
9865
1655
8935
897
8550
9294
6611
8735
684
4177
3609
924
5278
4363
4564
3540
6072
7402
3449
6673
5496
7050
125
4820
7378
5829
5871
9092
5694
1797
9106
4967
2424
6735
4698
4862
8622
686
7433
8197
2558
4538
1959
4814
2086
6227
5966
7185
5712
3721
817
7505
1398
1658
9183
6989
5069
3091
1089
7535
1245
3630
7117
941
1372
6897
1424
2846
4208
4523
5012
6172
7011
6216
8128
3995
828
7794
1740
459
3762
7624
3829
8583
7376
7420
9350
7000
3361
4471
29
1481
1338
5265
6916
96
6844
9923
3955
5751
6325
8717
3805
4713
1603
253
6531
5531
4040
9653
6189
7585
6160
6072
842
8557
7379
1323
8499
79
6468
5515
3181
2123
2295
8281
895
3448
2285
3665
8633
5503
149
4864
3390
516
1675
2233
9263
1977
8418
2667
7030
836
3861
569
8952
2629
7814
632
7912
4393
9150
131
2535
4443
3952
6237
6568
3884
4455
7102
7775
9522
554
2069
3994
7684
4172
8862
2683
7975
352
3093
4334
6483
3894
9276
3988
8732
4781
8002
8464
7213
6714
9536
1587
6148
2019
1908
9330
1700
7891
6514
726
9017
9339
7596
9901
9427
8292
4151
7420
5363
397
4695
6060
1612
1073
2123
7756
8585
3015
830
8912
5987
541
8831
7037
4269
9130
4520
1401
4600
441
8250
43
1749
5230
6215
8813
1897
2070
3240
4541
5299
1564
7688
6987
6247
9048
4644
6324
7700
5239
8499
370
2803
2560
4895
2616
4092
378
2512
1184
2162
3267
2552
9783
8213
3885
6385
8020
3120
1327
5807
2149
9966
5499
8737
2547
5052
9252
728
7266
9843
5572
1304
9071
4390
2479
5734
797
9164
551
3540
8376
4136
839
1435
2736
2687
654
5776
2695
1293
7955
9889
7084
9803
9071
3722
524
2863
898
7104
8597
9809
2298
8764
6366
4884
4378
9421
21
6820
305
1709
6082
4914
8174
805
8732
476
2285
1276
369
9255
4394
6359
2152
3511
545
7740
9353
3627
7572
7797
892
3412
6161
7902
8726
3062
9057
9626
231
8185
5517
3105
2535
763
3598
3872
5270
3439
748
6225
3691
1719
3631
1685
4435
1873
649
5100
1528
1462
5108
5200
2407
258
4829
1132
7742
7872
1686
87
109
7111
1759
264
5554
3654
5985
9443
9652
3397
9415
5938
3193
6341
1960
2407
6981
108
7034
6565
2958
2366
2651
4535
5661
2683
136
1147
4594
7373
2453
5672
9839
4005
3238
9407
840
1902
7518
6393
2383
1492
5816
9418
1762
7116
1755
7894
1575
1047
5988
9344
1907
5267
8191
3860
207
7869
846
1556
3879
9799
384
3018
8339
300
9380
4263
1983
1229
926
1958
8239
4359
5473
413
1878
3743
403
3112
7038
4720
1786
5394
6227
975
1961
4063
510
7432
8178
5185
7015
783
6759
9894
3266
1214
1012
2251
9396
293
5017
3445
7963
5187
2541
828
2195
5035
1369
8627
2629
475
100
355
7185
2173
278
1630
3597
7839
7514
6838
6071
7844
1696
9660
6547
1931
1421
7237
1374
6867
9140
992
3804
5424
8102
5605
2666
9974
8662
5072
1877
5924
3534
1851
5637
1719
1059
5881
2465
1048
5638
5008
2706
5900
1390
219
545
9720
5288
5065
6866
3358
426
5863
9513
7541
2933
5076
9421
2181
5130
3148
2575
9695
4382
8423
4797
2638
6181
6202
3323
4516
7318
2930
6464
7279
7052
603
190
7340
9756
799
8876
5118
4851
1097
2045
2269
266
4322
8181
9924
5876
7448
197
1446
1865
6120
1288
4304
7417
342
2171
7779
8725
7526
2005
8948
438
2672
8088
1344
3363
421
6590
9368
6166
8095
8156
6893
9207
4871
7021
8874
2077
4337
2775
4621
2137
4682
5798
1793
6029
3355
985
337
187
4931
6349
2516
7676
5590
1108
9305
2639
7422
3254
5211
1435
6620
5040
1426
6843
231
4664
2106
3750
4075
1550
5396
5512
3060
2425
9290
4884
1419
4948
1012
1733
497
1632
9767
1612
2415
7629
4291
4450
8980
2763
7448
1035
3738
1395
7966
8901
4834
9426
1814
399
1456
3736
9262
4763
9422
2095
8389
9102
782
6273
6884
8609
3262
5109
4356
6703
5213
4758
5926
1944
4251
4131
9992
5886
2112
2952
1338
795
615
4739
3121
5898
6876
6342
9970
4061
8384
6381
8087
5404
4996
8676
3290
9166
2537
1922
112
710
5469
5581
4854
8612
3314
8726
1398
218
5
5883
7394
3169
436
4686
8559
6371
1854
6819
2297
35
6544
1977
2027
8296
4265
9079
2122
6980
3023
6802
7213
6416
6446
212
9982
3161
6521
3036
394
1576
216
626
5772
9767
1901
7412
9772
6784
9688
6887
9277
3479
1420
5166
1255
5593
7807
5908
5238
2553
4168
2361
4297
5440
9766
1975
8473
6765
9616
8672
3111
5281
2201
6359
9901
2317
6301
7236
5810
2649
7560
7002
7733
4879
805
2880
1459
2891
1494
9091
2105
6083
4635
806
9120
7186
9884
5693
6809
3693
5849
9592
2029
5499
7190
992
3171
6719
1373
5306
5894
2788
7198
6357
8278
8884
647
8878
5735
4627
207
7291
6630
6397
9535
7756
6840
4365
1323
7693
6967
1738
4925
410
8093
1407
303
3944
3825
5795
2370
7889
3887
1039
8688
8412
4253
7072
1640
328
9054
5784
8251
674
2034
4785
431
8418
4493
5767
9736
3038
1949
9030
232
5329
1359
8264
8438
3364
2831
6531
5460
1899
5528
5612
4948
7069
5553
712
5396
3996
6557
9125
1699
5379
5329
4992
3632
355
2051
5194
5310
2765
3013
7214
2670
3667
3763
1868
2379
8907
2184
5609
8795
3842
9493
6964
4498
6026
5861
8007
1038
1759
794
6253
4991
1811
9021
6634
9129
1780
1364
5294
9361
4941
739
1043
4055
2631
2937
6863
219
6200
7667
2167
1444
2579
802
8869
3157
2190
1591
4082
1377
619
3426
3790
2634
3582
6638
4547
3366
496
1687
6490
507
840
8433
3256
8188
6252
5628
141
5644
5136
3319
1211
5519
382
181
3934
7873
1205
8476
8228
8435
5461
9050
4431
4732
1336
2735
497
7532
9424
4151
5285
5733
3239
3192
7990
2550
4738
8755
4672
5174
8815
6972
8503
5754
6352
7465
9790
129
8511
7739
2194
686
758
4137
6947
9751
8925
8419
415
3734
9369
2824
5961
2084
6417
5901
6311
2138
5124
1108
9499
928
7369
4715
2904
7162
7471
2657
136
5307
7223
1631
1894
8586
6105
2569
5125
7930
7232
7526
7158
1591
6256
3650
8876
2210
3389
5703
1742
100
2327
6128
1447
5091
4138
6427
1268
5673
3076
7643
9225
3320
4728
6191
166
9036
8981
102
6065
3401
7582
445
3275
8878
2838
7216
2169
6059
5909
2
6442
4330
857
2946
7889
5447
9494
7479
1844
9199
392
4474
4612
9684
9911
8481
9547
8158
1981
957
5704
364
8334
5828
8247
876
8043
1513
55
238
7231
9992
554
1938
8637
4285
5034
9847
4248
2562
2575
4865
8995
2612
4404
8271
7630
1056
3966
8521
7296
7410
4998
3087
6579
3346
5716
6557
7625
1940
59
362
9346
649
95
954
7648
8562
4112
7267
9014
1861
5568
3485
6345
7864
16
261
7011
5794
2581
1909
4995
198
8212
6965
5387
9226
1782
1338
2458
8538
7488
3175
218
2452
3537
9683
6052
542
5190
1226
4841
3821
8153
3378
9495
1737
6177
2432
3150
62
3180
2088
3037
4706
5686
1928
2090
2423
3946
8150
1301
5986
958
8251
7610
9663
1807
1818
8835
3460
3352
838
7051
3439
3527
1022
6144
4852
8157
7158
2649
2254
8775
9273
1731
8190
5543
9039
7229
2918
2162
8076
5267
6374
2399
7997
4193
7569
4472
1331
6103
4129
2524
6344
2464
6736
2877
4875
817
3529
1774
6878
842
1787
3775
4598
8216
5315
9217
3895
8377
2774
553
4182
3351
9195
9812
7654
7968
2482
787
347
5848
5063
7175
2522
6639
5227
3259
5374
1455
7672
8925
9633
4569
9102
2286
2239
8568
8153
4214
8751
1841
1253
7404
8747
1377
8585
3452
5295
4610
8973
2468
1266
8412
5125
6794
9751
8343
4218
2479
9405
5587
117
2046
6295
6640
1192
8104
1763
2927
3414
5825
4871
4375
6938
6218
6031
1346
555
7945
7356
6831
8164
9865
9116
2026
8877
5235
4003
3371
5567
1449
306
5861
1112
4125
568
1367
7783
3659
7479
9321
2453
9886
4645
8058
3903
9139
1213
2084
4056
7402
4810
544
3910
3017
1958
1745
7229
8609
1322
9025
1095
6305
630
45
2777
4223
8990
7330
2386
2133
147
889
6797
1070
6063
9880
5542
3529
1456
4772
9912
7538
9759
8700
2148
7192
1546
1565
6792
1862
6113
280
1945
107
4911
1028
4641
9182
3695
3551
2303
7051
2511
5899
9844
1836
7180
3862
7978
8150
3134
4003
3587
4617
1605
215
8779
3520
3317
1251
3287
4961
2848
7442
7517
5613
1365
9581
3637
9154
2416
8848
330
5451
994
7730
2404
5186
6120
2766
8359
1457
4601
3963
721
2683
3647
2751
3492
8361
4685
5040
2608
9476
6067
1253
5468
1447
4662
535
8578
368
7424
2481
5817
240
4005
2120
2690
198
9369
853
3150
6070
2370
1191
1592
4618
8187
2699
5297
9469
5048
5699
9763
9227
1437
8436
2776
9752
9743
7669
5680
4069
4879
744
6370
6788
3633
7162
8031
6498
6247
8358
8782
4300
461
2876
1121
8324
4187
722
400
4290
7487
9410
5453
9641
4696
8266
6385
3007
4178
6052
4096
343
8250
3136
622
7387
6717
4362
4215
7017
8906
4249
1002
916
2110
5796
8870
540
2381
3452
7094
9969
4297
1942
6736
8397
1644
4937
2554
4448
5811
6935
6563
2584
3833
6190
8230
8497
3777
4815
617
2473
2329
4531
3820
3793
8709
4613
4571
3023
162
9024
1928
7808
9758
2483
3597
4777
6450
5202
3038
8708
8935
1156
4280
3676
3526
9643
7108
6268
7315
9208
9550
2422
4336
8415
2265
4321
9158
9109
7071
9136
3929
4311
4184
8807
9065
4278
670
3081
3344
9024
6146
4581
8764
9148
2032
6400
7585
7501
4490
3780
3519
1639
7960
4201
8339
6610
9629
9762
8809
5891
913
4491
3975
7687
7988
5361
2160
3986
1696
6450
2160
5098
2914
6088
8022
4752
3067
3024
8042
9743
7574
1042
556
8565
4678
8459
585
8566
226
7067
2228
510
6992
3541
659
3499
197
2325
5437
5092
8883
3038
5561
3627
6465
5880
3119
1403
6982
1894
820
7847
2875
4990
8574
6027
4233
9153
156
5235
7689
5649
434
7049
9137
1287
4410
7595
5929
1482
7267
1728
785
7078
9043
3546
9884
1832
2443
419
3543
4664
9149
2032
2406
2252
5874
721
4736
8024
8966
3539
8380
3552
892
8530
285
3274
9546
7325
6853
1544
6943
7620
3366
8877
934
8059
5573
454
5305
5472
7159
3535
4613
6781
4731
857
8270
1694
9998
2885
1756
7435
6921
1279
8580
4805
9083
8359
9397
8776
5663
8150
1267
9905
9992
992
5163
3578
8667
3479
8525
5355
6879
4017
8872
9785
1142
1292
5259
349
2941
4865
8873
4082
16
9027
3865
842
7750
8707
1182
4009
546
1102
5199
9778
1436
7589
8488
781
3617
4036
2605
1213
4690
2169
3650
236
5018
8206
8321
8739
9428
5635
6256
2146
4335
5625
4624
9497
6976
7031
2191
2114
9010
9898
1205
1853
350
7846
500
6318
3135
7714
33
4844
8926
124
4564
8832
9699
8705
5381
5738
4428
175
4384
9028
3099
5126
5186
3211
3798
9355
5310
5391
8525
3724
2676
7568
6792
2549
861
1105
5425
1500
1448
7632
8089
7795
1767
5001
7845
8532
3584
3640
3084
8488
391
3631
556
8511
9092
7843
5424
2248
725
7640
8646
5935
507
1770
988
1970
357
9269
8011
2075
531
8849
8091
8407
8250
6916
4846
5885
6525
4324
5181
4939
424
3595
1977
5394
6336
546
6466
8356
2519
4163
4420
4047
9284
6138
5044
7986
9844
1962
1145
5812
1882
7353
2248
8495
8125
7010
5409
8658
7010
2026
7908
6151
4518
8063
8126
3379
6126
181
3414
5339
3781
9000
9157
798
4510
230
8470
3019
7479
6317
4399
483
3786
2654
224
5141
45
927
9736
3374
9830
1631
7568
7583
2776
2148
6321
8703
4120
1376
167
2462
4258
4928
2716
326
4729
8728
2655
38
2546
5431
2837
1847
4805
3852
148
1501
3792
5814
1818
4550
691
378
8928
2476
8136
5233
4904
2821
720
466
8026
1245
3762
3460
452
6463
6639
1428
9157
5324
4401
2202
2550
6006
8890
694
9263
8514
9212
3080
3904
8097
2816
5096
338
4620
9131
2669
477
5830
4488
612
2936
2046
9413
377
7042
7201
6156
3250
4177
5699
756
7206
651
2572
265
2519
9450
426
8988
7348
2034
1326
3107
6029
321
6640
4363
8550
3430
278
4255
7329
8248
8532
9452
4668
7121
7463
1173
1467
1320
1301
3868
812
806
2563
1314
6548
2762
2035
8631
7501
3268
2301
2154
3008
332
1712
8033
1229
2412
8412
9776
4017
1952
2153
9429
2350
4647
7394
8800
5708
1602
5577
7115
6601
9413
5627
1927
2359
5897
9739
9253
1163
165
4954
820
987
8177
8025
7172
5039
4332
1105
19
9195
3920
4907
3251
2653
1835
3009
9832
9014
5146
2519
3947
2415
9419
4930
5681
4648
189
6659
4797
1931
1834
5676
5363
37
1828
2609
1645
5810
5415
4463
3169
6501
2485
391
7664
9069
1926
5545
7043
8487
2247
9431
645
9310
2034
6741
2603
3230
4384
285
2040
430
8409
5020
2310
2587
1140
5806
9682
874
7383
8746
9390
1929
4034
1696
6711
8299
3653
402
9659
7407
609
1395
9089
5368
6728
9790
4699
3043
9101
5894
592
7733
8284
3233
6348
1710
1664
5737
4044
775
214
8383
7001
6592
8950
3513
8330
6841
598
9910
6119
351
5341
5104
3987
4647
2284
2497
3191
4141
7894
2064
2893
1937
873
7491
6906
74
2536
3836
8627
3083
3209
258
7363
6722
1195
1081
4996
1635
778
3323
4080
841
7897
9497
122
2705
2984
212
2988
8933
6196
7928
2512
2648
6621
9133
2630
8228
8592
7611
4626
1343
8394
8187
7224
6437
2143
7420
4783
3888
4294
2358
410
6454
8199
2354
3400
1072
1369
6919
3740
4948
4083
5923
4793
7147
9756
1954
3085
6310
3777
9586
4363
7838
1585
7381
8081
2206
6100
4388
1361
6309
9505
4600
5667
2656
2514
9240
7031
2782
9295
4587
8787
7601
1797
9036
3439
5275
2766
3916
8112
2347
4976
1126
7466
6349
2389
5510
641
92
6483
1627
3999
2050
3027
8384
2385
31
48
1791
7055
2369
8586
6587
7914
4659
8699
6327
516
81
1929
9908
2941
5011
8185
1378
9157
2164
5904
4408
2068
6805
4117
9326
6503
6823
5270
679
5082
7047
9118
2192
5113
3105
380
5982
8421
9010
7078
4640
5397
6120
9017
1744
315
4272
6805
5563
4726
6540
1017
8368
5970
4175
10000
3744
3807
6782
7663
5387
1956
8997
8208
5938
8443
9764
1317
2763
5760
8662
3869
4128
282
9442
9590
936
9424
9041
7174
9449
594
2236
3173
3078
7939
6386
4238
1691
3676
2351
2661
8862
7662
4588
3212
3537
4349
325
7348
1083
2893
1210
7885
1017
5738
9309
2997
393
3144
2290
9210
6582
7718
750
7775
3923
14
2742
7111
3287
6710
9924
8214
8859
1592
9354
1903
9873
2971
9803
7155
2027
941
7668
8106
2084
2396
9248
4082
8246
1862
4877
1300
9355
5415
2316
6785
449
6218
4903
3539
1960
811
7396
8824
2827
4067
9475
9455
2076
2807
9181
446
1899
1296
8634
8158
9119
3723
7055
7007
1258
9649
8309
8177
7934
8603
4198
5950
4663
4255
5176
5850
6157
7773
1401
2782
7908
2911
3486
1216
6119
9663
946
6248
8405
3507
9831
6303
2752
8782
965
5897
4185
1497
8150
4742
8567
9501
4106
6513
2731
1047
5458
1010
5929
3928
5605
1109
5405
6871
2280
8881
2991
7701
3559
783
645
1867
2097
5450
9691
2232
3485
1433
7647
5439
616
3308
5279
8691
1248
3506
516
5496
5532
630
9108
6735
1349
1380
6318
3910
161
9846
5287
1157
9744
7892
5712
7121
1392
1441
1656
6039
8618
848
7488
7661
9809
823
938
6823
9103
2985
2513
187
4771
6492
4071
957
4243
9428
3042
6735
2730
616
7850
9863
964
5845
2093
9227
6031
9232
3683
7763
6341
1341
952
6329
6651
6118
661
144
7118
2028
1204
6924
429
2252
2509
4190
6928
4874
432
1737
1765
636
1602
3715
4655
5000
7973
1830
2211
1180
4116
3327
8137
6664
7740
6063
5481
955
8409
7737
6244
5974
3236
2251
412
6210
2185
5155
2487
8365
271
8996
5870
8462
6305
975
2518
3972
2930
3319
1250
7055
4609
5960
6986
4355
1717
694
4700
6212
1449
4275
3406
3951
9420
3638
6688
2365
5880
7112
2742
3276
1271
6097
4298
53
3971
2739
4993
2399
1770
8534
1293
1264
127
4483
1841
7451
910
6037
8884
2933
4832
4507
2557
6108
7492
529
1868
5535
7980
1685
2074
7831
9071
4314
1423
1543
2688
167
8490
5415
3458
1529
9425
2859
654
555
395
2773
8572
1586
9436
9573
9685
6009
8096
3622
4884
8825
924
9003
2355
6095
7014
217
3473
4135
5676
8177
3855
7255
3688
237
8362
44
4027
1059
540
4194
135
5406
9350
6057
5643
6461
4914
4723
1450
5926
8722
3634
6710
7927
16
4864
6651
2413
3973
5264
4435
8133
9417
3593
1
1280
4834
6566
4132
9729
859
9959
3462
6984
7587
141
9147
1334
8266
3891
21
6242
4762
2052
4433
2109
1454
8115
6050
7418
9763
1087
1901
1469
4629
7137
2818
7811
7096
26
1125
4605
9821
766
5336
4638
9026
8220
9475
6570
2505
5121
2714
6053
6751
4855
4422
5993
6005
1563
9012
2021
1426
2504
7395
5650
8058
379
4557
9056
7359
3049
7041
1600
7883
5137
1162
9287
7394
3883
8506
4717
6472
2850
7167
629
9834
2037
2123
4190
782
3762
838
1271
4777
1334
5357
13
6051
4174
844
797
6466
5762
740
1265
1581
1654
613
108
2289
2707
3241
200
9549
1584
9758
3500
552
41
5341
3192
4507
6095
39
1241
4258
1374
5348
6836
1029
2209
6043
7079
7720
9218
1731
1559
763
1736
4860
2835
8534
9479
8566
4853
4433
1429
8366
1984
6203
2819
9760
2424
5387
14
4923
9027
6772
2875
4812
271
5964
8242
1549
5729
5820
3681
9114
2317
3054
2398
8283
5927
2345
7144
6189
7912
9896
8086
2372
1658
2715
5246
6186
7661
468
8098
9766
2748
3385
2535
8019
1876
9899
7152
1964
5604
689
1398
2635
779
2159
6253
2295
4399
2401
1684
8469
492
6960
7323
4366
1889
180
8645
5015
4845
109
228
2054
4315
7620
4562
2650
2324
6892
1127
3393
1049
6416
1065
8869
4358
5089
5981
1515
1524
4308
4477
5650
1116
5488
7743
3966
302
1152
6319
4529
93
7980
9120
6307
8365
1636
8558
3216
748
9847
7950
3441
5734
8483
593
5038
2344
6640
4331
4830
7131
2304
7170
2034
1239
1418
6310
4001
8311
7872
787
890
5869
9999
5850
8542
1618
5577
4395
4874
5400
6680
5472
8454
6054
4836
1579
3483
8667
4916
5179
7099
6540
1381
6803
869
3137
2941
7293
1565
2822
3983
3784
2619
3098
6456
1563
5223
764
5458
2869
5136
6402
6912
9907
744
4959
3109
5894
8902
7427
1333
2468
208
3331
2401
690
3932
3078
9853
3319
5255
7300
56
3494
7825
6293
5424
3001
9843
4569
2515
6755
9399
4050
5083
7534
6898
891
2339
8035
1109
7369
619
210
3730
403
5916
9833
1945
8151
4198
9853
4108
3464
1885
1785
5265
2898
2754
6976
4632
1769
9386
5277
9883
8813
1806
234
4996
1616
1253
5539
2277
1876
810
780
9791
3386
4940
1679
2453
1141
2394
2423
6962
6824
3898
802
8818
7767
374
5894
7795
415
3926
6876
9460
268
5478
9955
3566
388
8273
1332
2459
1741
4961
6618
8199
7226
3881
5661
8124
3951
3110
9396
5857
1148
214
8081
4714
4865
6288
4996
4564
6819
2629
1971
6121
8167
567
9768
3698
8725
3218
1382
9596
9632
4963
8529
1320
9598
9610
4893
9505
8651
1088
257
7104
8465
1884
1430
1542
1091
3515
5120
619
5551
7210
9140
208
1370
2091
4521
4156
4693
1131
4283
8451
8385
6023
1853
6438
1967
391
7236
9501
4716
4383
1804
2984
119
9648
4050
5774
2458
1150
7172
8668
2206
5253
9996
9955
7206
5612
2954
739
1857
5689
8900
1673
8247
8362
8593
6157
2352
1422
4235
6138
3501
8831
3661
46
7424
8412
2181
1764
7915
1600
419
4626
1696
5094
1546
412
6584
5533
1109
5216
3101
261
5022
9797
8574
8274
9753
8000
8737
5886
9418
2558
1002
6341
1050
5281
1005
2774
218
694
5521
2286
8670
4207
8900
938
5541
2814
3350
1272
3391
858
4034
3440
9947
2943
4424
8133
7470
2045
1186
68
9993
7027
8916
2135
2030
5476
2518
4263
1771
4393
9037
5000
9622
801
2481
2215
181
2454
3226
8326
1508
2439
1291
6922
9126
9120
7202
8091
9476
8819
2496
2715
5153
159
9754
9218
253
3391
9109
8568
5197
7046
5806
1020
5510
4831
426
2515
8415
8040
2105
2731
5529
706
827
3156
2759
1453
8484
8848
805
345
9251
7795
538
459
7261
6665
9442
523
1713
1071
2535
7957
6107
467
9700
5454
683
9594
1341
5103
523
1077
5592
7906
1325
460
7495
8191
7252
9942
2092
2918
1824
2378
6537
8783
8764
1336
6149
9872
2291
4087
2277
1549
390
9535
2858
567
4991
899
4807
9826
892
6026
198
7788
2491
2375
6431
7168
7129
3163
2331
1566
8847
1525
1689
1107
4523
8932
5292
406
3827
6854
4894
4602
2688
6668
4013
6805
1640
3573
1110
7978
5794
8018
5150
7310
3350
9370
7411
6870
3616
1908
5056
1761
7212
1695
2046
1292
2207
167
1855
8130
327
5540
71
4542
5499
9155
9499
2301
1651
8920
1762
8746
2453
6338
1849
460
2894
547
1963
5371
7914
119
7692
1537
7598
9039
1817
24
8598
4599
3656
6723
4060
3242
1181
5621
432
7591
6772
3929
5363
5173
7489
2610
5501
5286
58
9966
6664
233
8068
1396
7571
6754
9438
2135
4473
6635
8248
1403
645
6800
1344
2427
3845
2751
9105
2741
6504
7590
597
61
8611
258
8234
8996
4208
5235
4078
1757
3994
2447
5683
3260
7541
2375
619
3533
566
4493
3975
9119
9943
180
6697
4692
3996
1019
113
3159
7371
3606
1334
5046
8249
6266
4859
1386
5253
7108
9339
8802
9710
7075
3983
4396
5715
2561
7161
7211
6864
9548
3617
1979
5489
5937
499
4468
5382
4694
754
9251
6863
3402
2175
7496
2161
4978
8502
3915
4427
7900
8571
35
2425
1994
8594
8887
9096
1734
9525
6149
8143
5665
6536
9443
3690
1338
2960
8678
1599
1818
8496
5745
7921
9762
1910
1996
2016
2342
1219
3071
5986
9625
5633
5898
9017
9242
4352
7639
9326
9328
9298
9304
199
6403
249
2263
2827
1434
6058
5747
2800
8427
2782
8024
9186
1537
2161
1870
7743
9527
1521
463
7767
369
1687
5565
146
2256
2549
9447
984
854
8139
7129
7096
9482
2550
2903
8589
4586
137
1132
2923
6421
2277
8290
2879
898
1856
4706
294
805
5423
51
544
4298
728
9714
7501
2462
3691
8220
529
2371
3300
8819
2205
2315
3857
2355
1305
2465
8373
5204
1403
158
9330
2162
9694
3321
3813
6832
7178
1202
7099
3685
6969
590
2348
2230
1026
7154
260
225
1823
6011
2106
7832
6108
3717
393
555
1478
2820
4009
3657
5934
3694
1029
9321
3898
2065
8151
544
5863
7144
8232
8330
2627
7268
1736
4032
7222
8849
8430
5143
604
4452
4710
837
1461
7724
6536
1499
4249
8413
1415
2629
6290
5244
8157
2856
8230
3698
5059
9646
3139
9218
8662
540
2218
130
6915
4773
5317
4226
3583
3950
19
8156
2395
6003
1949
9769
3114
7069
6638
8085
2267
6998
2212
7186
703
983
1774
866
8619
9437
4057
467
8500
288
7846
5527
3209
79
1093
6895
5850
1034
6150
3657
3746
5765
1221
4979
1232
4264
5834
1218
3835
5903
9997
1594
641
8738
6549
1231
4684
3959
7452
869
6017
7134
6256
8643
9838
7079
1358
7392
3518
3141
1423
800
180
5767
5009
8177
4618
734
905
511
3458
7225
6961
2999
6396
1806
923
6823
3002
8753
7655
1796
6990
226
7132
2448
7789
1638
1177
5948
2382
2134
8440
7215
8714
5919
7302
5580
41
5425
3854
9205
9603
343
5918
7331
74
995
1727
6394
7856
2568
2787
2606
5355
2130
6503
458
9183
6653
6639
6956
1923
7762
4441
9367
6429
2103
7586
3101
2426
3458
3031
9381
2508
5085
8997
7446
5766
6701
9379
3067
1893
8419
4757
5766
2555
4998
3333
2261
8968
2698
7621
4503
8073
3832
9605
8741
1536
1703
4663
3582
8676
2314
2487
2607
9072
3832
1060
3130
2303
2731
9991
4983
7828
824
968
1727
3719
8869
1230
7995
2164
4616
2262
9604
8742
3096
7689
2894
9550
6371
2832
2320
7676
1824
8149
7588
7963
2178
3521
6628
6676
4194
1555
6355
9503
3039
5378
5104
5958
6135
5678
8341
2151
4278
2486
7436
3821
2368
5390
2700
6050
8200
178
483
9231
4177
5056
2512
8979
1688
8817
1582
7853
7901
3943
4708
5297
4289
200
4677
65
1544
2329
54
2379
4002
5716
106
1358
9108
9574
6807
510
6315
283
9992
654
2208
6713
4412
4749
958
4881
1328
9548
9197
2723
2584
9188
5305
3147
4447
8817
3258
8716
7677
9129
7604
8688
4946
9675
365
3454
9943
6943
8579
6046
8635
182
1111
5737
3627
5208
4557
6197
8896
866
9605
2576
4131
3516
1080
4010
4286
1436
3497
5305
1820
1513
403
869
7917
8013
1079
3181
7379
7722
6060
3093
3894
5265
8431
6621
5515
1413
5789
5511
8710
3951
7472
2826
8511
7925
9820
2548
2051
6365
7899
4441
3646
9775
1987
5519
4676
2063
1303
9545
463
5287
9627
3608
8476
8097
9599
9560
4274
1729
2227
6592
4894
1867
1797
5731
8198
418
3991
602
1470
1257
8922
343
7624
3162
9619
9682
571
5029
6211
5212
2797
4915
585
8031
952
1793
2398
3858
7412
2882
4652
6997
1259
1366
3931
9898
4505
6306
2039
9978
7023
219
2441
169
3240
347
359
8661
2353
8269
3332
3024
2348
3005
7277
591
5121
1450
2499
6231
4688
1663
8110
9777
3020
6706
345
6868
998
2022
1141
9033
1823
2102
8392
186
4352
1775
7241
8786
1992
647
5316
3223
9338
7735
1250
1013
8942
8615
5163
793
233
465
3619
4536
3375
5833
7102
5589
83
1306
8274
9918
3148
3910
123
2364
9834
9018
2033
7408
91
4720
9931
5169
2827
1168
1084
5575
4539
9575
3531
3543
5958
1746
9230
6376
8629
8671
6439
1356
4713
3494
8090
7507
3497
7395
6103
2254
9103
949
3538
2904
9716
9489
62
3916
2423
2678
8565
8812
9259
1543
8634
646
8789
6327
6201
9714
3072
8832
1894
7932
8384
3520
9510
3234
6770
3523
1624
1107
7655
2043
8235
7439
854
5935
3721
872
8279
7231
6981
9051
9081
945
1086
5675
23
5095
4526
8931
5162
9141
3180
5423
669
6384
189
2316
9322
6945
2630
2052
1529
9606
2397
5907
428
4259
4031
7612
1092
2626
1123
7344
2444
6189
6628
1314
3210
1774
8468
4964
7517
4403
6837
4108
6158
9921
2055
2705
1672
7058
182
2860
77
9302
2745
2521
2284
1108
6475
351
7640
9498
1755
6831
1950
4893
6114
420
737
5683
8259
5302
2446
5875
7288
1673
1045
327
236
8902
5742
6943
7698
4237
3196
4103
8559
2517
4433
2346
1653
8246
8006
4075
6671
6144
9894
8367
8288
6019
2775
8973
8402
7400
1957
1261
1311
2151
9308
1102
6897
3667
4200
1660
946
470
6859
5344
6793
3862
7345
7522
5286
4030
54
2657
4106
2173
5498
9896
1478
7484
2805
9393
6603
5264
6688
3015
9099
802
2699
4109
1877
6318
2822
7195
6350
7080
2053
1659
8672
3839
5650
3693
8215
8905
2200
9905
6566
5600
4914
6451
4667
9891
382
1995
7603
6692
8030
1743
2138
6475
1819
4040
343
1663
5372
7037
9919
401
5844
7282
4158
7993
912
8840
9162
7654
4459
7781
820
8128
8457
2516
6424
4661
80
195
9349
2209
476
5560
2568
947
7811
5660
2377
2771
4244
1128
5547
2471
1370
7574
7478
124
1618
2920
3677
761
1864
9377
1318
5248
8899
3493
3203
6152
2546
241
1289
4424
3749
9033
3172
5114
9596
9328
617
2029
7061
3097
2249
9968
6790
9669
3302
7827
5952
5109
724
586
9997
2321
5069
7948
412
3999
1049
3363
4503
1211
7141
5911
7256
413
3561
5567
4940
1000
5384
7318
72
8551
8629
1446
9099
9062
8863
9714
9023
8266
8856
9664
509
2607
2288
1003
9627
7867
9420
9936
7691
5019
3825
8561
6279
2699
1232
2483
9389
3939
6792
7543
4757
2311
1175
5634
3072
9614
6304
2660
7340
9996
8981
6870
8370
1821
9167
214
7335
908
1833
6914
9926
9176
2533
9761
6850
2573
6034
4503
1798
2531
928
5398
6753
5652
7025
5897
6801
9721
331
94
5401
8822
2654
4021
6322
8858
1689
9639
4022
2622
7988
9990
9568
1257
427
7920
870
1460
5701
9381
1570
1232
7088
9071
5864
9061
7376
245
1682
8907
6093
937
3571
780
3789
3102
3190
968
9050
9889
1573
1722
1640
9491
1053
4442
6172
8003
8231
8946
323
9510
6947
1801
7127
3302
1584
9476
4074
6859
6898
3999
3005
5136
4674
2825
1416
2447
5577
1007
6413
4305
7096
8900
7198
3154
3837
7501
2697
7703
1923
2119
7872
7457
8422
2653
579
1094
3105
8581
4088
265
465
188
1983
6424
1227
6658
4157
559
8927
6363
8741
8314
9097
8534
4185
8887
8976
9277
611
4030
8459
1761
5912
7665
5330
3977
6776
9237
3779
8978
3972
3458
953
2730
7153
9561
9911
2132
4045
585
6463
5554
4201
7304
5774
6984
4484
943
9779
1442
3086
2255
7453
628
9890
4746
315
4324
5489
11
3885
5251
3697
5776
1944
2480
9669
7563
4332
2145
2707
8606
1956
7165
9702
3217
9491
7057
5095
9279
8396
1269
9262
380
6507
7928
7609
7957
1039
5079
758
2257
634
1200
58
6730
1389
361
6661
7238
2265
4982
4121
7050
2489
5378
3650
9021
5068
8014
8138
5725
288
8861
1488
1250
1857
9320
7519
8428
4004
456
889
3070
929
7074
7736
473
6728
5660
1228
886
9469
3673
5681
1282
1217
7209
5957
5942
1489
3856
851
3990
3168
7155
6383
7681
9434
2441
7662
227
6256
271
1867
569
5834
2334
3763
8566
7004
7727
3504
2891
4806
7700
8841
3014
1843
9741
2503
8993
4667
2275
2829
719
1882
4685
4827
9036
7624
1381
1197
6535
5389
4407
9473
1134
8874
2898
5823
7206
1808
1514
2357
4837
2364
8523
5702
5187
5851
8419
3440
1449
4678
174
1551
4434
763
2818
912
2940
6213
2208
3643
701
2305
8341
8223
7699
2205
9424
8425
1
8512
2039
7100
389
5924
1288
724
1562
3565
1521
4887
372
6820
3673
4084
1060
220
225
2997
809
4681
1911
1161
719
1221
386
8608
1454
5975
3489
6726
2436
7796
2684
9604
5946
662
3123
9013
1597
325
4630
4468
1083
7790
8105
910
3933
6738
2231
2644
2316
6670
2224
2272
1986
6897
1688
9854
1851
6196
1421
8239
163
9183
4132
2186
4455
1452
7604
2499
3867
313
4453
5779
2693
1213
2491
2101
5497
1817
407
5685
5392
8280
1331
614
4542
4639
8988
8220
7660
1340
464
5595
6244
4447
8193
8664
7127
7328
7522
1000
9878
2724
7768
9447
2571
410
7832
7321
1134
8564
5746
2219
51
7010
6632
6652
305
5829
1861
407
4848
2339
2608
3780
2851
6968
1217
9886
8958
2546
2119
9452
3013
1126
4181
9305
1874
2862
7106
2407
3632
5100
3778
21
747
53
1976
9792
6891
2394
9952
2914
4234
8755
9058
8432
2329
5138
7917
4379
440
7235
2619
7907
1301
5809
8901
690
7255
5745
4214
4499
2126
92
2865
6666
9541
7060
427
735
1030
6810
8499
9916
2129
9847
4703
2008
7192
665
8600
7703
8621
6744
6692
8777
2939
8665
7202
442
1920
5926
7803
6909
1451
1051
2499
8460
8459
3548
9797
6366
1328
4858
1105
5382
338
4562
3651
7621
6302
1330
3643
6916
8802
3350
1226
2356
764
4897
2719
4136
97
1672
2965
2541
8322
6031
6707
4920
3319
261
3282
7625
2091
8402
5913
9260
7221
8782
1985
732
4221
5461
6257
2287
7313
730
6794
8527
6729
7495
6395
3319
1513
944
1248
2187
4088
864
645
2597
961
4869
1596
8868
9504
7079
2189
227
4925
2546
2242
1929
1860
1928
5248
8352
1505
549
1478
7824
8483
9987
294
6570
9679
8632
6178
694
277
7465
4007
4011
9251
1969
7427
1275
4390
1078
3741
8470
1093
2826
3409
9678
5830
2919
5022
8381
2521
7575
7046
3134
5555
4746
1022
5677
4659
9315
4966
4622
7527
8288
7615
3183
9840
7561
8857
9442
2216
3897
1032
141
7156
9051
6450
6507
9087
1160
4520
4383
4230
1797
1716
2464
4879
1926
6313
3927
6487
1738
6802
1821
9408
9102
2356
109
9875
2862
7005
4787
8620
7873
3533
8429
2803
2045
6018
3889
288
2694
9343
9869
2586
5666
157
6177
2502
4989
1200
6112
7276
1577
93
8031
4135
6219
7483
6287
292
3257
8382
9382
1116
360
7373
9727
1513
2330
1507
7357
4442
9636
4099
7087
6273
4735
7312
2518
2936
710
1847
2994
1868
6962
9697
9636
1800
2028
4019
7479
5817
8294
9775
4881
7390
2024
454
1932
7790
119
6002
3091
2253
1881
52
4256
7761
5310
3513
9325
4274
880
8955
2367
8898
1892
6917
7085
9900
6701
2411
2655
3903
9975
6124
831
7002
4075
9041
1677
1629
9789
1797
9628
774
7111
243
6629
546
5093
1075
5081
7547
1660
1585
2470
8019
1122
7808
4237
6101
3715
9350
2291
4088
1706
9881
9130
6922
6565
7760
7097
2346
2642
404
7858
9996
7371
1600
2664
6384
5954
7057
3391
5660
1460
1635
8570
2677
802
9341
73
7186
9866
945
8360
8638
9348
4416
9557
1523
4560
5776
5065
4751
6914
2552
6557
1782
6961
8359
7852
6347
2217
9437
4686
4457
4771
3833
1907
1811
8483
3232
7635
2870
2486
5084
4338
842
2925
5082
7015
9825
1968
3380
3954
7441
7766
8182
9620
5406
3492
7583
5361
1472
2372
8174
2809
8892
9388
8505
2461
5385
6936
4884
8905
4746
4992
777
6910
547
2156
3681
3231
8245
7715
8170
877
4509
2817
920
6060
7545
648
4703
922
9353
1837
9678
1194
8561
891
6045
1710
2679
3099
1680
9928
1813
8576
1577
7028
326
922
6758
6111
2320
6798
6101
8917
6601
1084
6376
4481
6755
5429
2450
3471
8602
8487
9573
8395
8760
3701
2443
2638
5704
836
7453
4631
4947
7742
7689
4378
4835
34
1780
383
6051
4763
3199
5423
5387
8516
9371
1373
4527
7079
4683
3447
6096
1595
5464
8082
8369
17
6525
4197
7495
3706
5250
4829
7960
306
1093
7388
1460
2759
5432
8666
7018
5996
8323
6483
8031
3514
1177
3872
1463
9218
9799
7261
5260
7364
5875
1814
1967
2588
2712
9609
7639
9429
7333
4689
3775
4630
9371
8747
8612
998
6373
3160
8505
4370
8692
6923
1015
5883
2284
411
5574
478
4556
2827
5018
1689
4076
3502
3246
234
2728
5301
1219
2653
2415
7969
5487
5149
8459
4355
5724
4642
2481
9487
141
891
1594
302
3553
7884
2395
8367
2273
2807
8548
5089
8081
160
2553
9413
8834
9560
9427
1969
4342
7723
5661
1839
832
1317
4368
1613
1549
2212
2556
88
4493
3290
4387
4451
8644
3175
4897
1941
4384
4222
6963
6670
5417
9763
4711
930
4468
6008
2961
1809
2432
5909
6979
5826
7718
1427
5939
2191
2039
9161
2904
8058
1531
3664
5553
404
3077
7876
688
7690
9370
7763
5059
7224
9022
7178
1463
92
6061
2803
1848
227
879
2645
2725
6281
398
1553
4844
962
5230
3397
6282
6079
342
1893
878
6230
1901
2264
4354
2818
3804
2538
3692
2376
7442
8780
1883
5757
4164
3716
1910
9658
8861
3059
2946
5734
6064
6611
1121
7070
4650
9759
6370
4717
7414
1168
4513
436
1189
3552
4161
6887
2728
3738
3783
4787
1953
5103
8080
7435
3970
1357
93
5744
2107
1972
9664
6305
6547
3764
4874
5628
4854
7246
4355
9660
2173
2462
5142
1332
801
8642
3125
4575
295
1565
4618
7555
3151
3615
4789
4223
8079
590
648
8397
4611
2838
6883
9704
1084
1787
6274
6018
6948
9025
5111
6183
3159
2821
8110
429
3329
1361
708
5682
2535
2299
5551
8048
4361
1473
4256
3105
6497
5117
6188
6262
5857
7099
9527
1052
792
4465
6620
3592
4769
3481
5491
212
3551
2603
7770
7980
681
9708
5592
2360
1176
5531
1530
2370
8226
0
7944
8951
1107
1951
6628
3961
1882
7596
4501
7832
6957
4427
1749
5208
8707
3166
6034
2792
2228
2713
5129
8501
5790
8602
2904
1884
7062
1395
7577
8129
7352
210
8233
685
3963
8652
246
378
9751
1331
689
7108
5504
9317
8627
6456
7411
2029
9259
4559
8889
4600
5737
2481
4318
8190
6990
9412
5675
7810
4305
8902
9196
46
5015
3418
1760
558
5390
3138
2018
7771
661
6599
7004
2854
1519
1666
554
9244
4134
1265
4461
3024
737
4680
4010
4485
4173
2454
5434
4297
5163
2533
8412
1615
1865
1843
3070
1852
8767
8601
3324
3301
3437
3611
6666
2068
5823
9436
4363
8144
1609
9316
6221
8823
9638
5824
5342
8725
4464
879
3870
8160
1963
2842
1739
9483
1576
5777
9402
4496
7154
1862
5508
1243
5546
6103
9873
4537
1468
1566
5029
6230
3554
1938
1613
7847
6482
5380
9812
3544
7088
7967
8687
1717
1054
5148
8647
9611
625
156
1374
6526
7394
9525
2493
6314
4438
1618
6646
8383
6752
6896
825
3457
9349
5775
9963
2024
6445
4316
5472
6803
484
8295
9463
4424
7148
3507
2389
420
3000
2271
2543
995
7459
9687
932
1218
6779
5590
1651
565
5567
4700
2757
3948
2055
4295
761
9359
2001
5102
8634
7757
2309
2616
8712
2457
552
3478
2777
4498
6371
7295
8341
5329
2624
3658
1265
1764
8449
5801
1429
301
9108
1289
5616
1516
3955
8849
5382
105
6754
6179
3868
9828
9433
1277
8062
6362
1645
6591
2351
1355
7626
2757
6077
3671
995
2544
487
7281
7308
5156
987
5645
6934
1710
7984
8608
3779
3143
8131
8889
8844
257
9535
1657
2410
6977
6545
8937
3636
8644
7440
198
7339
1307
8762
7302
4573
2363
1086
195
2137
4446
6150
5194
1434
6981
6701
8424
2235
4299
2425
9821
7539
3252
2250
523
9309
5830
601
4583
5332
1407
5394
1633
826
6243
8516
9754
4364
7223
3811
8164
6464
4048
1205
861
5070
2388
9631
33
3721
731
9091
1380
9412
8112
5188
1690
3582
773
1312
2720
8373
915
4591
4251
2620
2156
2103
7868
2502
3382
3198
3001
261
2227
6792
5104
5896
9189
5661
7727
7376
7037
6359
4304
9394
990
7013
3528
8963
9867
9929
8843
7231
3650
7196
2513
940
2586
9224
4562
6722
9658
336
6218
2723
2364
6481
3687
7565
142
4705
4431
8790
4633
9868
8162
2487
9548
180
7922
2867
9052
6814
8992
9213
8651
866
3340
454
7893
8687
6066
2057
8076
6282
723
9489
197
2958
5691
3800
9512
4934
8294
4473
5590
4365
309
9293
5705
2639
7097
1926
6626
2504
9753
9984
5399
7051
3343
3339
3558
9475
858
9142
9399
4171
4648
8181
6583
4609
5209
3920
4765
3837
1627
1213
4331
7538
4176
3239
7360
4422
4032
6456
8771
4941
3787
2516
4881
8222
7769
2695
2948
2447
4554
4205
1422
7107
7522
7340
7499
6165
706
76
3167
8867
3671
9481
4870
1711
972
592
1145
5526
3103
4284
1256
1176
4304
2612
9584
7875
9851
3600
1782
8635
9490
9076
2382
276
8569
5784
6804
2529
133
7254
2428
6798
7829
666
7398
1090
750
450
2432
2500
5615
4157
504
1200
5056
7204
730
528
1457
4818
8138
3707
2372
119
7549
1593
1173
7720
714
6013
5811
3269
4521
9896
2726
6437
3403
2814
5812
7507
857
154
9801
6801
5290
6879
5872
522
5517
1727
4149
2622
7972
7979
4924
2065
8161
9997
1183
7629
5036
802
2311
1538
158
4215
5625
2143
553
5898
64
6523
2029
7089
822
9395
3978
247
4363
9637
937
8038
1945
1443
5129
9168
4944
768
4197
3744
5839
913
6223
8490
283
8307
8790
9603
3477
6823
3338
1235
7962
625
3061
157
6299
1094
5583
5220
1449
7209
1660
4287
7498
453
278
6871
774
1094
7137
1058
4843
2191
8614
839
3685
9891
1364
8629
5695
7023
6898
2654
8975
241
2564
7245
5249
1978
4237
3117
1362
1500
2153
9091
3152
5278
7502
6385
1307
9033
2728
9479
9295
5295
606
8727
7021
3732
7573
3187
3086
208
3200
5861
1413
6926
2359
18
3618
2398
3666
9901
1644
840
7326
9322
6477
756
7709
6588
1508
8938
4394
4804
5517
6037
4015
3199
5342
1813
5838
664
3392
5828
387
3966
4132
9537
8536
1172
9811
862
8241
8937
384
6391
9118
8408
8146
944
9690
2060
6887
6938
8121
1095
8465
3915
3007
9946
2538
4475
6088
2235
6806
9780
666
7489
2064
9765
8682
6131
3629
7860
1924
1000
6216
4911
5444
5272
9583
3580
7357
6493
737
3050
336
3432
2789
407
6870
2059
7517
4895
6987
97
4924
9939
4124
1587
2392
7663
6358
5165
7336
326
6563
1506
3849
8758
5718
2625
846
3915
9742
6513
7958
4599
4501
6218
8363
678
4480
42
2496
1845
5936
1944
9034
7870
8734
534
6670
3352
6629
5745
4589
9947
9125
7748
5774
7591
8093
1436
8926
5353
8230
7862
5695
4503
45
3816
8161
1869
892
742
8534
1401
1837
4788
7351
7114
2060
9832
8700
2551
3295
4661
1506
9325
6164
7188
556
9433
9458
6465
6029
6046
2091
6448
9941
8514
2375
7146
3147
339
2459
9473
6174
8004
5097
3899
5020
7666
2314
5797
8364
1046
1659
9726
5605
3042
7652
7460
7309
2373
8204
728
3000
593
2950
58
4465
7983
1162
8151
8450
8899
6181
660
3097
8923
9328
41
6880
1497
7300
451
1617
222
2995
4247
2387
4900
7619
2545
8455
2866
4223
1032
3142
2811
316
9418
1877
1562
7578
9798
3360
9569
9707
6136
6469
4262
5173
534
1931
1502
2701
4926
6666
7059
2846
5321
461
5145
3509
6598
4197
7430
618
2442
1153
5729
524
4360
7042
1797
6002
546
2391
825
4746
2372
2295
6959
6485
3719
6102
8084
6561
524
3323
8606
5489
3833
3659
3243
5122
3941
3580
2653
4755
3813
9725
8830
6087
2126
6425
5771
613
8178
3161
5887
3657
3250
9894
2782
1381
6198
5016
5330
2038
5955
1947
4746
8411
6163
5503
7873
1845
8010
3430
6253
5503
2258
4645
808
3576
128
4276
3399
500
3199
6805
8892
3920
55
6363
5864
3952
5595
1223
3780
180
1804
675
958
8894
5242
8151
4162
9248
2411
3882
3245
7703
8679
9697
9577
216
4893
5388
8490
80
8204
327
3196
5366
5950
2111
4874
2555
3325
8675
8718
8856
6065
3724
8319
7427
9498
1748
9223
1427
5394
8383
4248
7700
9472
56
9496
8348
5877
633
3859
4210
2982
3191
6899
2948
4267
859
2374
4285
1826
9305
6347
2113
1369
5854
7974
6004
1146
2309
1083
4191
2611
8161
5474
572
350
597
4143
9903
4420
1425
8981
9250
6646
1784
1784
9503
219
2400
5465
2208
6265
922
7617
8063
522
5134
1135
8117
6193
8306
8049
4641
1594
3283
439
140
6996
5882
9074
4697
6499
2492
5102
298
2093
1133
6088
4693
9187
6018
2373
892
3892
9319
7162
5462
8208
183
142
467
6136
667
6579
3292
2811
1599
3787
1721
9935
1875
3530
431
8263
6341
124
6720
2187
9779
24
1593
8427
893
3101
6410
7452
6158
1596
5424
6510
164
169
6789
6261
8960
7879
252
3076
1504
230
2136
6893
6999
5970
4395
503
1554
961
1084
1875
9367
3024
106
2605
164
7069
801
713
1089
1221
6945
4926
5846
926
6785
2882
2438
4074
745
4903
234
1783
1416
4916
1070
6831
8999
3124
27
8418
231
8833
1234
967
6310
6557
6869
2709
377
8469
2397
3844
8613
2060
7482
3251
1664
568
54
4800
7882
9920
2805
4352
9385
9311
6370
233
7302
4492
1434
3363
6972
7290
1945
8950
7579
4230
766
2343
184
6535
824
8197
6899
4984
6932
814
1369
444
4920
3378
7125
7158
4780
3911
3546
6402
2103
9518
6421
2088
1525
9505
8382
2499
9460
8518
4704
6979
5988
5599
1241
4517
1275
2222
3394
1587
1072
119
7347
9128
2609
9578
9061
5823
7796
3739
1198
6310
8874
2763
9657
2504
9363
3378
277
5210
3135
3195
827
9092
8913
4934
8833
7514
5584
318
2044
989
8386
7739
4250
4260
7325
7915
9391
4231
1271
8239
5614
4643
2510
6211
7131
3563
9023
7118
4444
9959
318
195
1449
8442
4765
1168
1452
7178
807
4389
1913
5891
6839
8604
3764
39
8497
3827
6174
3633
701
1883
6036
804
239
3607
6850
6669
3423
5693
4172
5069
9755
8708
2715
1365
9310
5193
7391
658
7106
4494
2716
9165
8771
481
3546
6153
6951
258
5353
4393
4892
4743
8742
7981
8979
2384
1941
3398
8793
6903
4249
7126
9883
7140
7599
3313
8862
3493
2612
1653
2627
2676
8229
3856
8769
1207
2754
3317
3207
5548
5225
9812
7664
6957
447
4855
2577
1957
5122
2733
6377
1380
970
3738
538
346
6956
4376
3044
2623
5648
9361
2448
5720
5636
2118
3029
1446
2050
8798
7480
1069
1971
2300
4443
1493
433
6665
1810
2659
2522
5532
6260
5356
1070
3538
6782
2401
2294
4815
4793
4735
2703
6762
280
5802
1719
9046
2763
2994
5303
2591
1378
6357
1362
1676
5674
2452
2892
1376
1618
9569
7098
2825
6309
5128
1079
3416
5071
3825
9179
2298
7588
7578
9780
629
7821
8138
1140
8840
5255
2181
647
1249
1740
5686
9820
694
7874
5703
4577
9038
2162
6979
2452
283
7700
5357
737
9583
1558
4354
6590
842
8220
6204
3323
466
2637
3334
915
3110
5574
3704
4956
2346
1266
4254
3353
1220
5342
1010
2684
9664
2238
5634
1781
8221
7685
8007
6815
8212
9324
8472
5863
163
4026
6793
6811
7858
3048
9508
5947
3639
7628
2323
9367
1714
3414
4768
5858
2525
1219
8205
8676
2585
3100
2728
3399
1590
1297
3403
6525
4795
8373
6050
7923
4618
5656
2827
9692
4352
477
8460
726
6849
338
3930
2697
8977
4743
855
818
5758
3661
4419
2752
2630
166
7437
6269
8284
6883
4706
1347
3084
5644
0
4343
7677
4302
3388
151
817
4336
1208
394
1037
1472
6187
9091
9249
2566
8124
7897
7769
2428
681
6616
1178
5782
2617
8944
2537
3330
5140
7028
5091
5001
1391
1816
8509
9999
386
3407
853
5435
748
2445
1911
3809
648
367
6966
64
1395
5289
1754
6769
5320
7941
2338
4750
8640
2330
1525
8370
3530
6993
9380
2
505
6627
2632
5032
1333
2355
138
4276
3763
3966
8111
1735
3408
9851
9293
2877
4708
130
1081
7537
2261
3138
9539
509
4030
752
4298
1984
4299
7226
7
8368
2370
5707
1265
527
6573
9688
1553
5526
8916
5454
1860
1887
1686
7893
7181
6337
3020
9150
9290
6131
2735
8415
1700
4484
9292
2590
75
230
1934
6921
2058
4748
8465
2814
1972
8157
9280
4068
2827
6310
1316
4234
1084
6978
5536
5293
8137
9941
8800
8663
6264
4494
9099
4892
8770
3969
6911
9641
2721
770
6525
4007
7168
3486
1185
5120
2490
2903
2696
2898
4417
5150
2530
8280
5583
8560
9549
9878
2398
4582
965
8403
4827
7884
6541
6252
7248
1479
5821
523
5209
5225
989
683
5229
5852
441
9385
725
7530
5666
5080
7806
262
8863
7919
2563
7674
2207
5448
3987
1908
9355
4924
2442
2100
320
6619
9127
3697
8645
40
8980
5112
8315
2352
1634
7280
9828
7490
3697
875
8156
8256
8264
9558
7544
8598
3875
6964
2063
1776
719
6672
4081
8198
1213
9021
8526
7149
188
4230
2746
4285
9055
1437
2617
1450
1089
2897
4915
6436
8598
7856
9142
8801
9320
5107
7781
8120
1538
9621
7737
8434
5900
1610
6180
2254
7887
5539
4845
2205
1711
6381
1940
2768
3393
6813
2549
3621
3797
4761
4965
1107
4492
2871
4259
7360
5528
5912
761
2171
3919
9382
6207
5430
2157
861
3134
4538
9381
152
8565
417
1524
4849
9260
7352
4595
8865
7891
8775
3747
1853
3979
3214
618
7458
3679
5019
7995
667
1358
8794
5086
528
4525
7046
2080
5492
9937
2083
7254
3611
9036
9154
1248
6793
1419
2254
2665
8531
5725
5558
5955
2854
6884
643
857
5403
8701
5428
3322
9465
897
1147
983
3419
2571
6295
4813
6260
2503
2572
4941
8271
8445
1753
2464
6300
9881
2345
9488
2824
1497
8590
928
7837
582
2581
3730
6571
2396
9911
6371
386
8211
276
2196
1723
8592
4930
6054
852
5963
7750
8815
1501
4576
8588
1605
1618
2554
2080
7115
9306
3486
9522
5731
9337
3959
1623
5163
1369
7260
4060
1318
4615
287
9583
9482
1360
8132
3443
1465
3886
4659
8303
4358
6750
8045
3234
2303
3458
1037
8274
9479
6079
7273
447
1212
4050
9583
8253
8490
6284
2029
7736
7838
4089
8863
2053
2709
2620
5103
6589
8792
6904
4918
6214
4459
774
2298
775
7508
3926
4436
1149
679
1796
9566
3257
8190
8369
9240
4247
8923
49
4865
1239
3862
2143
9354
6858
7449
3575
6247
5098
2979
5613
3984
4115
4946
5348
9150
7792
8426
2056
2778
4995
6697
6712
7142
283
9562
2845
3929
326
9077
8537
5698
4669
6642
3512
1925
4460
8381
76
5609
8435
6585
943
6612
2521
5225
1084
2182
6839
57
2106
8069
274
3680
570
9609
889
3720
491
3866
6803
8975
7103
2824
8565
6156
8154
3192
1501
2064
9582
8361
332
6603
9696
1241
1540
3170
1909
1637
4738
8423
6968
8766
4280
2419
1955
9409
4884
82
188
5716
813
3282
7182
7373
499
6174
2952
690
1451
3522
9036
2509
7731
4874
6655
9999
9161
3001
6762
2294
4282
2273
9227
2542
9420
5582
2758
7347
4633
1856
4335
8125
8436
4069
6281
6067
1253
7017
8957
2227
8425
1361
9751
597
4603
5968
5243
2519
2963
1875
6191
4530
2533
9678
1159
6284
3223
6008
2656
4293
183
7739
8433
3421
9810
8049
6925
2937
5873
8973
1380
6535
6129
9888
5295
1825
8127
5479
4101
2122
1176
8825
2991
7084
9758
9729
9208
6095
1104
1177
164
1189
1376
2986
3207
3152
2961
6575
3244
372
906
1646
657
1556
6155
9756
836
7168
9749
5556
3273
8580
4386
7525
8803
3233
7726
7016
9507
1761
3596
5976
8813
7337
8499
3874
3545
3608
3798
1171
1619
6363
6109
2901
8622
7219
2447
7320
9329
1488
6887
1076
2494
6408
8294
1820
5808
147
5239
2678
2353
582
8056
7168
8210
4869
6100
2174
1265
2001
5053
5241
7272
3434
2740
4391
6801
7131
9603
5281
1503
1427
1226
9000
5661
1041
958
7436
9502
6771
8777
586
7739
5246
5257
4452
1272
5991
7470
6213
5113
4756
2874
9591
3204
769
9088
497
884
4120
6274
2042
6934
7516
423
6252
9132
2663
5558
261
3160
3171
4613
9460
9819
8714
5560
6639
5936
1266
163
9810
3524
3045
234
9671
1260
6560
1119
7687
9021
2991
4531
2352
5740
7589
874
3547
661
7903
5919
834
6134
2252
4997
5216
5204
7636
4447
2710
1738
1328
2179
3336
9103
8959
3519
1101
5534
126
7363
2388
7993
7765
8798
3897
8586
5076
3238
916
7697
9844
5458
1566
1084
2515
914
326
4671
7875
8049
761
6000
9643
1311
2661
6908
9335
8707
8615
1725
9150
1261
351
2569
617
5852
9003
6682
6244
4149
5592
7381
781
9946
7804
1220
4232
2085
8287
3159
1744
9320
7352
6588
5272
8561
2969
631
1929
1361
9879
3314
3084
1580
8348
6154
6765
355
1873
80
2952
1742
4125
1018
4992
3038
1242
294
7100
9734
6383
831
773
6337
5387
7442
112
3667
9412
9192
9245
3229
4439
7092
2513
4767
3115
4608
9579
2092
9649
1083
7133
124
6855
6841
439
3511
2042
5371
5351
6587
4626
3718
8471
587
2416
3051
8893
636
6456
2902
2997
115
6483
7631
849
4295
9004
7958
4410
3197
8579
6363
3546
436
6849
2776
1535
5259
6709
4061
3286
1341
2351
3074
2030
7622
8923
5685
1938
2211
4066
1772
5824
1239
3131
1109
4341
9617
4797
390
3061
927
5087
4844
8084
9788
3730
913
2966
4531
9159
2814
9101
6963
7148
9845
7862
3638
7268
9216
9645
7107
8759
8267
7874
2645
7855
5956
9304
8917
1364
4083
2078
4893
236
1525
1172
8498
5379
3036
2045
2695
709
3097
5525
2388
2101
3612
4355
9954
7219
9769
8001
8304
2543
720
2978
1025
7058
9441
415
1882
596
7079
3400
2591
6968
4717
8838
6682
701
7855
9125
9007
88
9689
3653
5292
2381
6416
6348
7478
418
2309
5833
4757
1220
2691
1421
5429
1788
6612
2420
2470
4351
9883
4766
9400
3924
510
2702
427
2390
8244
2712
2306
662
674
4647
4850
3121
4457
5132
5001
1446
2350
7561
9689
4377
1901
5464
23
4970
1362
8428
2311
9332
9926
6545
289
6092
1073
7222
1793
4165
6771
531
2087
7677
221
5266
1739
8772
9161
1210
1965
6761
8713
4911
2288
4332
5764
6585
1331
9697
9835
6082
8364
2208
8801
6615
2583
1395
1882
9685
7107
2470
5698
7816
4666
2075
7507
5102
5377
6515
5056
4304
9108
7457
5235
7969
489
9956
8623
9948
994
6469
7009
4158
2501
6204
562
2067
4254
6872
6197
2976
4197
8603
8684
5187
9776
1151
552
6580
1148
2849
190
6114
3343
2041
7362
2420
3723
3908
6217
2696
4067
7667
1180
1495
9156
8329
662
8150
5632
2493
585
7286
1332
1057
1845
3544
3970
9603
2394
7722
8709
9770
2948
9260
1177
3657
1081
1252
2922
1579
2277
3952
6902
306
8423
2534
436
5559
9773
3151
2162
7343
457
3930
9348
4882
5465
7472
4456
5064
2144
9383
6448
292
5235
1105
6999
5624
7400
8579
7759
7676
6402
996
6499
4346
886
4545
5487
9720
4438
749
4414
676
709
4291
6752
1679
6751
5237
793
4282
4991
9722
8732
1225
4820
5469
7553
5898
6163
289
6641
2399
3409
1380
507
8851
8502
7632
2186
2599
9189
2131
5307
9155
608
2586
9086
5780
2605
9856
4897
1408
1137
786
6953
398
9171
2615
1938
1549
528
8929
3949
6977
9521
815
7873
3058
7275
1966
7151
2540
9955
2172
2883
1316
1671
3101
7864
5305
6860
789
9331
5238
9629
1932
5715
3900
5444
2025
7139
5351
8669
1579
1094
9188
3413
9754
6482
849
3759
8848
8498
3377
9593
4960
302
5870
9786
1245
8867
9399
4743
6720
6247
4735
7288
5343
1122
8844
7728
5160
5256
9183
7598
922
5463
9541
690
5101
8286
7981
7816
6878
318
1032
653
6563
1376
637
326
2500
1082
992
9472
5540
2920
3507
1488
8804
8017
3368
1506
7166
749
5100
4874
5236
3174
7861
5594
2976
5880
3143
9857
256
8207
8624
2616
3970
3973
9141
7508
5176
530
5750
132
8830
1743
7037
5676
163
5506
2161
252
5169
5959
7034
1367
5631
1852
6708
349
5949
4218
6906
833
3251
9255
1353
9125
8916
6613
1247
6090
419
3672
1415
1032
148
5758
979
6609
1167
5905
9882
6073
2746
5582
9086
2964
3287
7858
5190
1348
1333
3372
7246
3308
1256
9294
7156
3513
9585
2934
6998
6910
2207
6767
5700
646
2271
2066
8396
1589
9802
5797
3265
8004
2689
9435
9998
7157
7744
9053
676
6379
1835
8533
6777
9327
4206
2894
513
8812
3374
1695
6604
3053
114
9281
5631
1607
7188
8419
8693
2937
3474
501
4545
7537
7006
2452
389
6452
5846
9271
4326
5688
5964
11
5525
9776
3158
3360
4174
9446
6900
1244
6624
1980
6548
2181
6497
1775
573
7688
9745
107
4131
6840
6979
329
1386
1924
1053
2197
5566
3849
8321
9216
4855
7711
8153
6089
9242
8266
1903
2302
461
7813
9317
6162
6750
5174
4608
7642
83
5097
8536
2040
9319
2076
4847
8965
9034
3026
186
3523
2176
2391
7571
8302
7154
4943
3966
5774
3653
8389
8497
8431
9105
8283
3286
1384
1557
9466
1771
8158
9824
3757
6694
987
2177
8800
6218
2957
1306
3288
5097
2868
3786
4943
1836
3977
5191
1848
2443
1355
5949
8777
2533
5807
1557
831
5607
6742
1876
4999
1875
9200
8644
9132
8781
805
3153
1749
1891
4278
4305
8122
8796
3218
2392
8582
8077
6968
6042
9218
2173
4199
8522
3212
853
2100
5767
2579
4166
9112
4211
3221
1537
8047
3551
1806
5707
368
6581
989
7513
765
3349
2530
3403
870
6240
9122
2567
6631
468
193
209
6215
6594
4218
8558
9148
1657
7472
8083
6973
7896
8786
5636
7199
6295
4718
1317
9095
8572
9792
3165
1013
205
2168
5684
8196
2992
8349
9848
314
5680
273
1660
7095
5456
3050
4534
8473
5603
1808
7296
1060
5100
6142
1130
552
606
8691
4100
9714
3598
4635
6542
2247
326
5041
2571
2582
7616
2317
8241
9529
869
2841
5627
5372
8764
7999
4223
8533
431
5305
204
8183
825
181
7712
4466
8374
2431
7184
3796
4495
1794
2538
5858
9442
8747
8407
7495
2383
288
1567
4415
7206
3634
4795
7358
237
5031
3032
1946
5418
4499
7091
1222
1201
65
3328
9460
6227
8708
8338
5163
1401
6284
2602
1221
5904
1531
6643
9707
3456
1319
199
3107
4018
6273
2020
9915
9197
7146
2920
1023
7348
1049
107
8080
1363
3688
8013
7450
2776
6466
8269
6477
50
3557
1969
9114
1106
9526
902
6538
4300
4909
5
7900
8141
6736
4799
8739
557
8843
2401
535
3927
30
1584
2730
342
448
1762
1109
7556
1476
1264
943
6248
8867
1371
4475
127
155
4980
5855
3978
2061
3405
5249
97
3352
8035
7313
3775
596
7188
8356
2077
574
8488
2461
2763
5717
1126
6213
4841
7396
2844
5083
4157
3436
5327
1936
8967
2554
9020
1600
1621
807
1079
1308
2389
5103
4038
9663
2196
1615
7842
5876
699
9698
5192
7869
5028
6365
915
3759
9829
5764
9344
3195
8014
7226
9381
5826
1132
7153
3331
8261
4723
6860
1966
1921
1203
558
9761
5891
6471
2612
4889
7590
9616
2302
7950
1801
192
3533
6962
1673
5227
4946
5565
5653
412
1700
98
7395
9349
7795
1166
870
3610
5726
8795
1567
236
6173
4029
6644
2847
5801
937
5982
8922
5645
5948
4242
3086
8802
1652
2045
4663
3956
2657
6144
1252
4293
2308
9298
7260
5149
9355
7772
5910
8885
8081
9947
8577
755
8609
5882
403
9367
8562
4934
4105
2101
7485
4662
2433
784
105
9424
6509
4162
1939
6134
3264
6707
7389
6644
491
533
427
621
379
3790
1834
923
2821
8234
4374
5345
3818
5764
6888
8020
928
9166
1031
4135
1493
4067
6754
4223
57
4819
4903
3166
3073
9381
2215
1472
3881
7620
8795
1620
3079
4924
3091
8056
6018
7657
2373
2846
5073
651
8833
2977
3307
6690
6934
5989
4654
4736
5997
380
2111
4768
2150
2563
6311
1489
7451
9987
4249
7967
3506
6278
1193
2743
4203
6301
429
5957
1059
9514
4509
3957
40
7238
9905
2406
5711
7919
3606
382
4318
2166
394
737
8927
1253
5266
8184
2016
845
6572
2719
3782
653
6449
3676
7489
5837
4769
6892
761
7019
8069
7110
2711
2397
8599
6405
2522
7108
5638
1801
929
4608
1843
4573
6176
2887
4001
4406
5859
1343
6097
909
721
4115
8931
1182
4583
8243
6966
7633
6451
7578
8994
7510
67
5272
950
3894
4403
2344
870
6822
1595
1364
8142
478
1191
1015
470
2780
8242
9528
8997
3923
62
2104
1560
1928
9853
4787
1396
2175
8802
6721
6127
1297
3590
1313
504
5202
4090
198
7787
9245
3106
1317
1894
537
1435
5909
7168
5725
5630
3783
655
1029
3246
2318
89
6850
6980
906
9950
7931
2065
6052
6671
8876
1314
2902
4488
8540
668
3314
9410
1607
4980
9220
447
6427
1778
2210
4946
6102
6570
3248
5673
3854
5294
6821
3102
5616
7909
1728
7141
6370
670
2189
5131
6623
4007
7640
7638
8946
628
2118
9886
7950
8820
5044
2072
471
8967
6811
258
6568
5104
8461
631
1907
6930
9930
7548
3871
76
9307
521
5142
1976
7831
1613
9654
8984
1762
5614
2106
3395
7581
3432
1047
1720
5693
2545
7351
7152
5446
4097
224
9063
6885
5796
1521
5224
2035
4911
4290
237
2627
1332
8722
2456
8982
1818
113
1824
6729
3289
8828
4743
9516
7100
7945
6274
4998
5803
4099
7894
4395
4107
7205
1769
5679
647
5209
2946
6841
7805
9990
7878
7603
4497
6702
461
2195
8751
7826
1893
2633
7517
9506
3381
8281
3533
6128
9919
952
3288
5634
7392
481
6947
845
5868
6165
3882
9546
1980
1360
1674
1120
1799
9837
6919
6563
2807
4569
3777
5177
6816
2025
8836
7949
2658
9249
8214
114
4527
1243
2894
9230
9254
1078
5927
5991
9495
9359
6176
1751
1614
7622
6504
3802
9066
9100
7484
8136
9891
2041
3862
4993
8007
7150
9765
2029
7805
2165
9452
5924
9586
7722
6203
43
8962
5162
6136
4513
9047
437
9126
4170
1309
6497
8934
5659
9469
2088
8761
9139
2280
2802
3274
4369
2374
8884
9273
264
1452
6262
5629
17
9018
4697
9538
2823
2171
1193
3786
5962
237
7039
9073
8732
2401
2166
143
5816
7647
2429
2534
6879
718
3883
4641
6372
6144
562
8309
9059
9172
2372
9017
3125
1589
641
143
2965
1943
2007
7923
9686
4277
960
8809
8018
869
3826
6908
6605
5440
6205
2569
6547
7819
5624
661
8334
8272
5215
1508
1640
2878
6351
895
3007
8803
953
2775
5455
449
9923
7662
5474
632
8169
7577
4198
2862
9514
1601
4627
9537
897
3551
8455
842
6147
6866
3562
1504
34
2719
1886
7426
5654
9203
5102
5943
5199
5873
400
2799
8865
7714
2913
8091
7082
6597
7330
6407
7812
3902
7982
3824
3682
7675
8034
7217
9651
9913
6863
2373
9141
536
6031
6778
9992
6414
1879
9322
928
1562
1319
5977
538
5623
4797
5403
7522
777
2585
6936
5086
7377
743
1507
5899
8056
302
6248
5348
995
4546
8436
3582
1711
5424
7836
7912
3367
1780
6275
8798
9479
263
4375
2725
4531
5420
3402
4530
9772
7495
7287
9305
7370
8488
6817
1343
9790
3695
4649
4058
6910
6129
9980
1337
501
3773
9376
5745
968
7516
2397
4686
2943
990
7026
3752
4883
7817
8418
1783
6915
4707
7706
688
348
2762
2240
5212
7188
3473
9304
4382
45
8159
6609
75
2089
5434
7582
5897
5721
5000
4306
1399
4490
8557
369
2493
8251
3755
5036
8182
7527
1990
7549
5535
2852
4910
8527
7921
1009
14
3441
5465
5625
3158
8954
4395
9163
1586
3279
8556
6961
9947
7938
1438
3106
8664
5486
8367
3509
6507
4399
1257
7844
4996
6345
6215
7015
1190
2977
5759
1232
7111
3229
9764
1706
2383
3137
3059
2569
6827
1933
9983
9622
2980
9196
3170
9759
4900
863
6868
661
847
3141
3766
4380
6204
3793
116
7803
3184
3916
3001
9811
2616
2239
5811
1942
1359
9071
4522
7899
2573
1947
9752
5940
54
532
5718
9097
443
2395
6800
1481
286
4452
9863
1803
1503
8704
3468
3018
7389
5163
2554
6858
2268
5922
9920
7290
8819
7691
4167
9957
8131
834
2450
9281
7562
2662
6837
518
826
5086
1986
1637
1541
9780
630
6762
9142
7294
7516
3293
2861
4328
2551
2758
2452
7132
8949
7068
524
3721
1541
9998
7923
751
1510
308
634
2853
6738
9869
4995
6878
618
4101
1127
8830
2374
5119
4190
5953
5108
2093
9101
2805
2521
8821
6382
3367
8598
6193
5448
4617
1415
2965
1492
6789
907
8055
8671
1101
7035
6681
8720
352
7608
203
1531
5099
34
1953
7898
181
1347
1246
7111
7489
1688
8331
5151
9532
9584
9650
4061
9916
1663
1309
3501
3151
7926
1614
2570
6724
1796
2466
8422
2735
2239
1347
8448
5871
1007
8794
8342
1179
174
2648
4923
1820
3438
1024
4976
5169
1461
2490
1104
9118
3674
1166
968
6978
399
2919
3676
1762
2021
7952
7347
3126
1577
4530
4601
1160
4089
6384
4244
966
6077
8263
8250
4742
3615
8621
7192
7232
8805
894
1760
1043
7475
5124
3264
1754
3941
9496
361
4817
105
314
2154
9093
5995
4052
1456
3063
533
4683
1155
5555
4088
5652
2598
8980
9464
3756
2723
76
5024
1109
1007
8
7253
7747
3175
9433
5770
1702
2504
5510
903
1476
9094
9019
3650
5344
1976
3642
5759
100
8039
1777
2553
737
9448
8285
683
6578
8674
7174
1315
9451
7031
6881
9655
2817
311
5549
8120
5499
5951
1722
6198
8751
9533
4223
1538
6666
2334
4276
4875
8261
681
2165
3126
9512
9017
199
8375
918
676
7693
4948
7832
2285
5257
8256
7803
9406
8571
9301
4145
2522
9593
4701
9725
9962
6198
4438
817
204
1841
7157
4004
8288
1126
772
8035
257
4991
8860
7061
6075
9917
971
3761
9665
8054
793
2151
5835
1612
8170
2028
1072
4582
9287
8436
1986
5545
3201
7255
291
4233
4334
1383
4118
7711
5475
7962
6392
2249
4331
7268
3507
9534
511
348
4626
3681
7464
1758
4571
5190
4127
839
3660
7642
5288
9843
5100
3039
3697
9973
7746
5905
9540
905
7615
1140
8820
6549
6613
7057
7732
3018
2260
9638
2475
2473
3069
4336
9863
4503
8466
1698
2653
7867
9376
748
9436
9178
5619
1330
635
5798
1980
6803
5597
9524
2279
2513
174
3881
8851
8285
7875
9474
9506
5200
4611
4440
5160
3244
9277
1946
7198
939
7004
5996
518
6905
8154
7066
3276
476
2037
2685
1148
660
2256
1704
2262
7569
6690
2880
5301
5827
6032
6543
6474
4130
6916
2324
7036
9121
3922
397
6627
2885
6515
945
889
2897
7560
4403
4626
704
938
3127
4904
9473
3435
7302
4069
7745
7119
9298
1370
602
401
7821
576
3444
3761
7799
6338
1
1709
4318
2199
6619
1065
5738
5791
1012
7936
5774
4110
1355
6452
7980
1638
6257
1036
6448
2088
8067
2467
8953
2257
9026
3347
3349
6049
335
1764
901
2208
9416
1945
1212
8952
1395
1081
4520
9262
84
6490
9449
6818
1940
998
928
2949
583
7301
192
5830
6491
8112
1559
841
9593
2452
683
7776
3868
858
1735
2526
4682
6396
1208
2571
3878
3065
1509
4080
4448
124
8439
1899
2140
7549
1259
233
4753
7990
8802
1628
5617
6149
5838
7032
7999
8409
8296
231
6048
2578
472
1143
8613
991
4709
3864
2603
1298
3756
1758
4986
2671
4975
9154
5221
5147
2797
856
7621
4731
7286
9232
2687
5811
9931
9478
4789
5422
1112
8539
7988
712
5647
8943
3339
1353
3038
8755
6280
8904
6670
8078
842
2123
2206
733
146
7852
6020
923
9065
1612
1576
7977
5114
8582
988
5561
471
804
1566
1883
8209
2358
8626
7249
6486
7268
5029
9996
2730
1256
202
4791
2186
3403
791
2207
524
5801
5948
5275
4456
9648
9585
2323
9421
2021
7290
1405
9345
9854
246
5626
2640
7925
843
4420
3938
978
4906
3749
2710
2570
8195
2387
209
6656
2309
7674
7367
2441
430
256
8487
4015
5672
7376
2303
4234
9946
4632
2258
6502
8019
4720
1848
6661
2097
7551
898
3364
9933
8536
8855
370
9026
95
7127
7897
3086
174
8035
4528
8448
946
8576
2351
3415
5067
627
9402
135
1601
5559
9906
1137
9238
6576
7304
5017
2472
8063
3289
2763
5229
3968
9965
6675
6937
3414
5597
366
9577
8354
6602
3515
1164
5933
927
1135
7978
4843
6719
163
177
3851
7853
602
4369
9437
2958
9537
8224
7153
5488
797
2587
2731
9969
3481
9614
3334
687
1669
6395
3260
6511
7512
1757
8321
4000
2545
5514
3864
4225
4110
6959
1056
3355
9394
7662
4927
1746
3949
6404
912
9919
650
1723
4468
5075
9088
6329
4940
2731
7141
7973
5099
5416
2384
8488
6230
4461
1632
494
5716
503
9948
4516
6593
823
4176
1782
3239
5102
9384
9057
3111
700
8150
6104
1436
522
1499
2317
1778
985
9966
2298
854
7787
1206
2445
3941
7661
3302
8096
8597
7446
5713
9689
900
4362
831
43
914
7768
2566
6962
1305
1648
47
2611
5008
6567
6025
8785
1183
1635
1485
2482
2154
1404
1590
5160
6760
3111
4444
3080
2579
1964
9516
8052
5445
7767
1688
5350
195
5033
289
695
8548
737
601
4952
3960
5067
9100
146
1514
6090
7784
3988
6325
9067
9511
9664
3779
7254
3923
862
2379
2574
5058
3918
5479
3468
3823
2963
2436
8264
2178
5747
4443
110
523
1952
7240
8430
4462
613
9391
8861
1397
4637
1512
2412
1009
491
2350
6224
8765
9210
5650
2805
1644
3101
1751
1885
7997
8791
866
6605
6223
2930
6855
9896
1442
322
2907
6841
1448
4839
5219
2447
1313
2895
4326
3624
491
915
850
3083
6264
1011
1917
2266
1408
7389
4327
2069
1421
5565
9948
2513
7714
740
4671
3323
5265
9127
1960
3798
4992
7273
429
749
8496
6822
489
8198
9665
178
5915
2293
1876
1508
5351
6639
9317
2835
3238
5530
6051
2199
2192
4522
7539
1935
7805
4380
2051
5316
1739
8875
95
5572
4713
122
362
2359
5896
2171
1364
7323
731
6304
5799
6593
7528
1093
406
1464
598
706
4764
1666
8581
6179
4951
8013
4427
5684
6606
5428
819
2190
7356
3365
1548
8322
3543
5040
5550
2134
197
6300
3983
3432
4680
1746
4665
7933
8075
6804
8486
7435
5180
4822
9203
9873
6504
1970
9263
9548
186
6652
5827
1644
7441
4079
5437
2796
1121
3810
158
7981
194
6390
907
9984
7148
4805
3150
1712
5787
3885
1062
774
1372
409
4321
5773
1584
8311
5293
5210
498
5765
1853
3977
6616
4347
9141
686
5392
4440
9539
8450
4395
1785
5000
8133
2750
7019
1248
3063
2606
943
5219
7185
6627
6758
8840
126
706
4740
3764
8840
4463
4667
8631
3711
9506
9540
6446
3297
7869
586
915
1764
4199
2004
8015
5278
3019
6462
1868
398
428
3249
4401
2816
7916
2848
2302
6959
6158
469
2470
3533
3746
3138
5004
8678
5277
9294
4927
1627
2042
1024
6154
518
9369
8714
5496
2979
1460
6330
5320
3734
3983
4806
4783
748
6956
7251
1661
3608
6883
1740
4702
2081
934
6081
2755
19
1456
9218
416
5308
2325
6884
4527
2322
6972
8905
4010
2491
8034
466
4855
5340
3594
2827
4621
990
1913
3655
5744
3486
3600
5237
7541
1436
5066
7987
5542
9427
1167
3659
2537
4723
5110
9944
5478
5333
9672
13
1149
9231
9149
5070
7303
3559
9657
1559
4902
476
4643
3635
9080
7787
917
1910
9087
5481
5450
1231
4427
1897
4840
1231
1934
8891
8769
6042
7561
9312
199
3742
2764
8308
429
3164
5195
2811
5397
8453
7638
5839
4506
3883
2543
3779
5219
1447
5705
7788
6790
3310
5117
2977
1263
9285
4749
6523
5359
7199
6738
9034
2413
529
8493
8997
3952
6715
176
2532
5170
757
1392
2338
1786
7919
4418
3750
4016
2274
7544
8862
8534
6837
3487
4287
2060
1141
910
493
6154
2255
6376
9825
7477
4022
1762
265
6534
8987
6827
5470
7866
633
2988
5992
5980
5439
3157
1589
414
1553
5781
3369
9342
6782
7292
5230
8922
1625
6900
3371
1641
5175
7250
3082
2148
7662
5967
8009
8681
3889
8837
5975
740
5569
7509
8684
1330
201
9090
8969
4827
3478
2613
8433
4327
5999
1689
8518
1900
9830
1929
4650
1525
3333
2009
752
3255
864
9347
2285
7349
3219
69
7886
1114
3493
3824
4756
236
6613
2716
5342
3260
5450
5734
2577
5054
6932
3718
174
8353
2521
1765
3522
1957
5404
6242
853
5988
9019
2870
5613
4237
5598
1793
3882
1909
1075
9066
2716
5372
4198
6417
1766
7322
841
2155
6784
7829
9909
6112
6768
6763
1796
432
3337
1071
6236
1880
9189
8367
1775
8533
4671
1965
3059
4390
7187
1641
9248
6917
3527
7564
4839
9973
1551
5920
2824
4383
3430
2643
3140
5192
945
2915
7428
213
4378
687
270
1030
4870
5718
4764
9352
3068
665
4464
8411
7103
6131
7682
6555
9552
2386
5536
7812
9612
1855
5009
8711
7356
5943
4430
2978
3130
8195
6219
9947
3853
4602
4303
5968
7555
7259
641
4897
4106
1387
9323
4579
7944
2324
2021
8182
81
9100
8409
4528
3114
9703
8041
9693
7562
8915
9465
3366
7061
6818
8183
9493
8665
3066
5778
844
211
6746
9743
234
2486
4397
9497
9966
2868
4474
4941
5790
2394
8942
696
6598
829
7927
5770
5670
2740
3667
3520
7660
9784
5835
7599
1441
9880
5542
1729
4455
1884
3530
2200
8690
5367
1939
6440
7340
2813
2427
9559
4391
4108
2365
1992
5134
9311
9535
6317
480
2986
9819
5287
9038
1656
655
7481
466
8255
710
4310
5764
9400
2564
4119
2905
6833
2712
7787
8586
2028
8865
8787
26
829
3512
9777
1422
5655
5892
3770
7278
3614
5143
279
851
819
3996
9582
3972
1480
6465
6324
5614
127
1629
3105
1017
5136
4626
5228
2991
836
2064
3218
1461
7856
1265
1115
4157
3036
1199
9253
1947
4104
4924
1899
3858
1486
4168
7158
3150
4169
4385
7399
2252
279
8579
2736
4953
983
2043
1107
17
4578
3138
6006
2314
9120
959
9257
8375
2409
2487
4329
9692
8097
8131
5899
690
8418
2315
2199
215
7867
795
5047
8570
3848
9625
859
2131
3718
8539
119
1000
4669
3263
745
8929
8248
8850
5978
7583
805
2386
4831
8442
8930
2947
1447
1389
9685
7947
5437
8409
8280
2941
4665
7627
5373
3813
8526
3762
667
6905
9317
9155
5837
1981
5299
5909
1321
1465
1999
8866
8565
829
5327
9920
6867
4008
9009
635
3905
2342
6335
1992
3574
5577
1238
4360
5468
7493
3820
7608
5032
9149
9163
3393
6118
6137
6265
7180
3061
3492
2104
7779
1045
1642
1886
9634
9100
693
2459
517
3007
6204
1391
3490
8843
4378
4875
1114
2526
906
799
1394
7998
6492
1420
4508
8566
937
6217
9391
3404
7125
1721
3455
2443
421
9318
1353
2513
3301
8034
528
2227
9243
4781
1977
7813
9765
6328
7639
3785
6068
5021
7697
9383
1078
6792
2402
5075
7185
1991
5750
6456
5479
4166
730
268
3894
1165
9871
5392
6877
9847
4805
7352
2296
477
4790
4964
3077
3178
2796
1495
6119
8018
3527
1466
5323
42
5443
849
223
9165
484
3247
6415
6814
6318
4281
8852
9712
1002
8479
151
1605
9359
7475
6271
5658
4758
646
401
889
3913
3985
7034
2820
3505
7926
2565
6586
8347
6110
9286
2048
556
8974
1478
452
1571
8609
7687
8740
4354
9443
1068
2136
3138
9474
434
1769
4028
4901
4274
5577
1900
2890
4855
6729
9457
422
2591
4190
3234
9919
8146
6459
5006
1289
8667
8228
8015
2399
5621
3534
5024
117
6790
8149
9734
9063
1358
1759
243
2992
3679
4648
7838
7632
3988
7486
2519
3727
9936
2977
2399
9117
1702
4181
8370
2010
3483
8401
6286
8109
7948
5355
1900
9267
6455
1474
1845
9742
3976
6254
7599
6055
2348
4456
2978
3704
6139
2629
2096
595
5580
956
7246
6622
2158
1269
6209
9882
2356
1590
9957
1505
1084
6960
7662
8108
123
6296
2347
1083
3290
1203
3020
7680
2169
5414
7686
7147
1378
2904
5845
709
4193
1252
4880
5899
4548
2514
5108
3342
925
3534
7242
1666
5988
9847
476
9263
5368
9154
7047
441
9898
3004
2750
1151
9772
1348
5259
7311
2610
7796
7978
9625
5187
2112
8755
955
7801
5914
2674
7758
4049
617
5467
5451
1977
7014
5072
5040
7914
7236
5336
8481
4466
6786
5763
1154
3768
146
8111
4093
2803
3816
967
3645
4427
1372
5257
9115
9852
9263
4776
2658
8562
3289
424
5795
3969
196
1665
4682
996
7321
2305
9177
8791
4712
7585
2064
3690
3108
1587
702
527
7924
8310
476
6991
281
9889
1004
2528
3561
6598
4503
4987
8173
8724
8942
4183
9869
1499
7121
4302
1305
2159
9817
6437
2153
7530
715
3814
6655
7385
3656
2711
4106
1758
4750
1642
1387
1084
7804
4962
1314
6056
2207
3061
5955
8203
8921
3201
8006
5136
2689
8438
1738
2037
8231
4866
5981
4879
9813
2101
4032
2897
7254
8061
2326
6858
5262
9126
8942
6394
3999
7412
3763
4853
6086
1736
735
284
3066
1673
2553
5866
4176
4284
754
10000
