673 45
14235
3189
2355
8194
6167
3944
5062
9533
8926
2664
3851
6288
6693
9880
4680
244
6410
4686
293
3526
6603
7898
1635
2277
7647
6401
1459
9925
580
1451
7135
740
7712
5849
666
1525
1039
2333
9099
1724
4528
1297
1867
5061
711
1866
6727
83
4250
8512
2340
3951
6353
1473
6186
2592
9888
2103
6903
5637
9529
345
6138
6677
1469
8224
3684
7472
5096
2093
3318
8364
9038
3050
2705
538
6351
1665
6256
2605
1002
4728
8780
6499
1711
182
107
3887
6382
7278
2115
4072
5286
5584
7503
8581
4766
5204
9400
5782
7277
768
3279
966
5040
5596
8773
917
5506
7314
5636
5485
3533
6451
162
6005
7421
3516
9708
957
5414
1440
5682
9367
3636
5240
9671
1020
6552
3660
2628
848
5363
4265
6041
7601
4812
8585
7600
6274
7851
6921
4913
5718
112
1540
9394
3651
1535
2739
7269
9618
488
8852
6840
297
6439
5749
2586
2355
9940
6913
7129
1703
7682
3028
9108
4596
2030
5356
4600
6850
1900
9719
1164
3027
1462
4307
4496
9086
2656
3006
6574
9473
983
7455
1650
5812
7806
849
7696
1970
7736
7499
7955
2022
342
5865
2543
6539
8360
8461
7542
4770
8423
9482
7439
926
2473
2748
8616
5540
2693
9540
145
5623
7027
1647
6824
6735
6219
2642
2417
269
9676
7167
3575
1180
1057
4416
1325
4571
8568
9669
9313
2325
9789
8344
8289
9482
4961
6838
13
1945
1338
7633
9240
9722
4614
568
4189
5769
2410
531
5671
3157
9659
4119
2049
9370
9793
5917
5757
8092
5410
9962
5154
8156
8916
1272
9769
8723
7671
5769
2073
6344
4360
938
2146
8915
2202
4278
7932
1316
8718
9520
643
8615
1275
8538
9318
2483
2586
4909
6583
7526
5807
4008
8194
2132
3738
6067
1136
763
6277
7946
7768
6951
3600
3178
4833
4139
7939
348
7356
3655
6967
2968
8199
1829
7811
1522
3677
1058
8792
7061
523
1556
840
3985
6678
4942
3796
3362
1452
7684
8910
8227
718
6622
3153
3671
298
118
8607
34
4120
2177
6116
4310
1763
66
1184
1686
8547
268
1070
5341
6856
5419
1286
2993
1207
2975
6409
9388
7451
880
5099
7917
6901
2853
8719
4569
5807
7073
8975
8278
532
4739
4612
7046
735
8853
4066
8561
2460
2699
2628
8320
2538
2610
378
6110
4737
4494
9444
441
5662
2773
1304
304
176
548
1013
3621
6304
9009
2446
7529
8490
5543
9740
3035
4956
1974
2231
6422
1840
2807
4456
7396
8795
4884
4456
2099
873
5172
4076
1184
8591
1278
6440
655
1232
9254
2357
5880
3762
958
2118
1159
5011
6199
9333
6975
9592
4241
6678
3231
2695
5226
6383
9570
8350
549
3373
7235
8339
8087
7559
3581
4713
8100
823
9628
6931
5920
1794
4760
1659
1742
781
7286
4996
8489
4533
3626
7486
1485
5333
1697
6155
1990
8782
4670
9904
643
2855
3182
9919
8193
4925
7956
9537
3199
7225
917
5432
2139
8265
6509
6680
144
5388
4945
2937
6070
9796
3349
2986
6095
285
2682
1235
7014
2575
2598
3654
8288
1083
4643
7341
7850
1755
7468
1776
5858
9818
9143
1076
9677
199
207
2538
9799
2585
684
3975
5
4589
9336
7471
5950
554
1793
2069
8853
1994
1614
1304
6567
403
4478
3629
6825
5233
5344
4413
5323
2465
8136
5026
6643
4868
7767
6160
7066
3182
9205
2839
8767
7224
377
5525
7192
7615
6618
9615
6233
1817
47
528
5121
2854
4762
749
9528
2029
409
6403
158
1491
8180
1859
9614
84
3933
8733
2098
7682
5483
4911
2699
9322
8097
471
2514
7106
5664
1009
5286
131
1824
501
7378
4639
2315
9201
7773
421
7084
964
4422
1850
4302
7450
1512
1445
1815
184
3305
750
2653
2393
2322
282
4184
7134
5634
6066
2185
216
1257
8336
939
1903
9494
4417
7641
8425
8016
3701
2623
4527
8727
8195
5216
6614
2670
622
4587
3650
5651
2278
5826
5376
2794
2822
8693
1840
8528
9522
3118
9083
9562
1139
9750
1382
4180
5012
460
4686
1355
6766
1583
549
6413
7629
8851
993
3588
5363
2729
4824
6829
5258
9331
1832
1152
5726
8979
2417
1432
1131
7382
1808
256
1034
7915
9857
5171
647
6943
2135
1824
9531
6886
2936
7377
5896
2347
7349
6643
8432
3376
7082
1084
3435
9473
4854
133
35
3526
7137
3902
7013
7581
7716
3570
3821
3457
1450
4461
6297
5240
7280
7040
2454
9812
8149
5302
6724
9301
327
1619
1432
2671
826
3688
1954
717
4361
6056
3924
5355
4065
8220
7448
1061
4011
1606
1377
7233
84
7832
39
9952
1742
317
7602
6181
329
9366
9711
2520
4163
8472
8219
3417
2436
8172
124
7802
918
940
2288
1379
7244
458
9645
8860
252
8347
594
162
4592
2090
2413
4892
5033
9617
6526
7411
7887
9771
6913
4028
3740
738
7018
2952
9791
1850
2476
6384
213
1447
4395
286
6683
479
505
1222
1119
3474
2737
1532
9134
9538
9176
3094
6251
4772
2381
3283
730
506
78
7830
3535
3186
1070
4213
9506
304
4937
1337
3052
586
1761
7421
9428
3637
1097
380
883
8548
5791
3461
8313
1791
9194
4038
2379
5789
1638
3645
7508
3823
2355
8849
5906
6931
6930
2969
6934
133
366
9515
9831
2595
274
7133
5727
1840
2178
5011
9991
4237
2108
5368
8231
3201
6551
3655
5521
4550
248
1177
5602
8526
2114
3988
5565
493
1693
3352
8933
4492
1314
1456
1592
2531
2545
7669
7334
2493
8671
7481
186
6915
1827
5038
3732
4668
2264
5386
132
5876
4067
8629
8371
6145
3593
2134
5111
2565
1299
9562
1092
9266
4496
9681
8975
3916
8317
104
7505
9553
720
2133
9392
4829
5630
5851
1159
8119
7041
8063
8557
929
8434
2640
8967
4767
1786
5856
9497
951
3938
3100
3273
4127
6317
5922
494
9383
6820
54
994
2468
1576
8058
5118
3633
7507
8490
8357
972
223
791
2725
6580
1999
1624
8221
738
4787
4173
8794
861
9406
9364
5777
5302
2880
5598
9792
8971
1656
9793
3004
7246
8005
2499
7235
858
7528
2002
9143
7204
3610
3600
5219
6039
2256
5123
6760
4193
8681
3615
5428
3207
2512
1047
3171
8982
1682
8874
2858
7364
8678
598
1292
2618
9877
4683
3492
1443
776
8267
6072
1809
8696
1258
973
8221
4476
5510
8418
6288
948
1632
2477
9717
1380
9213
4293
3442
2682
6834
3574
6647
9812
3174
1298
9404
2286
8579
6760
496
8414
9230
5966
2517
1136
6695
7278
8388
4478
2463
8533
910
8767
2125
2605
584
5738
9459
1183
2450
4470
8074
5405
6317
7532
7231
5491
1148
7255
3547
2264
7767
4909
5200
4383
9138
3516
3112
9309
1972
1389
4020
3941
6798
9002
6504
833
2352
2033
8509
152
8034
6389
9342
2469
507
3153
841
7844
2422
8204
1988
350
2117
8044
6555
2853
6974
5348
4631
4593
7342
3181
3819
219
2647
7158
7099
8361
7261
1085
3158
717
8775
3652
4899
8472
5231
240
3206
2769
4349
3775
4459
2012
8110
615
6504
7176
2355
5838
4591
8546
3683
7310
5563
1679
8186
3960
8222
7681
3899
1495
8561
9426
1512
1164
2689
5003
9437
1200
2534
1714
783
1246
3493
2303
9420
7028
3854
6354
9869
1120
1072
6169
1411
5599
5791
1372
2453
7061
7867
1939
3793
2408
4412
8800
1347
6289
7110
8776
3949
8984
3691
4862
7662
3117
842
6928
9893
6699
245
9189
655
8730
315
352
7291
4893
3872
3848
9987
5512
1540
2162
344
6281
1532
2860
2697
5024
63
6088
6999
7088
8846
1132
884
3287
4709
9475
2485
5124
150
4926
4116
8657
6067
1866
5490
5344
7539
2396
6347
823
2905
8969
1595
1646
3574
1603
2708
8589
1613
6656
1459
2321
235
946
2907
8112
2507
354
5856
8342
3640
4311
672
583
5759
1074
350
416
1825
4572
5354
8670
365
5331
1290
4817
1496
9291
2317
9602
3799
4252
7609
7569
3987
7936
4444
5346
870
629
7776
2940
850
5120
1775
5595
3277
691
8090
6884
2896
1138
7380
4416
1544
400
6756
2652
7382
6156
3483
3139
641
6066
7604
729
8004
5524
2761
2439
2878
6483
3421
1581
7519
2809
9895
7231
13
6848
2330
9302
1451
1595
1057
7593
7748
1858
5488
851
617
3935
9191
5678
2611
1639
6535
5779
8551
7581
620
3766
6359
3684
5374
7472
2211
2630
8527
7667
5517
5266
8574
1065
3789
2473
8807
7423
2261
9096
7920
131
8953
5865
3447
3385
3865
2872
8607
4
253
2241
9044
6164
7294
5891
859
4364
9096
5807
9426
7064
1316
4019
8020
3353
7335
6277
5779
58
2059
2799
8068
47
204
1156
8519
2123
539
9545
8193
8473
2276
6377
1134
2333
6410
1876
1743
9326
9639
9535
8136
6983
920
1833
8218
7887
4053
4247
6442
1344
1622
4302
5648
5173
5024
521
460
1916
3515
1029
7076
5091
4913
1128
7196
2967
3649
2770
61
5493
6438
8043
1223
5913
1523
7021
6886
2465
4268
6362
759
2992
3588
7294
2252
1684
2421
6174
9118
2482
9065
7348
6146
1549
5758
5311
9616
154
5404
7589
9728
1024
9392
1529
9046
9273
2300
3016
6386
5432
8375
6866
8013
234
8104
6115
6881
5246
5948
6299
9829
4938
3734
875
6469
81
8003
3068
6274
5679
7282
7700
9298
150
6761
6168
4688
2171
8874
3901
9249
8442
2364
3210
7447
4170
9002
9163
3174
5892
5811
586
8955
2859
4992
6343
9280
1762
3204
3456
6077
5486
1340
2355
262
7650
6875
5162
553
6649
6084
7821
4355
3695
5062
9880
4862
5593
3800
1015
9413
8674
1227
224
9413
9513
5048
9129
2159
9919
7455
8092
8953
7980
8853
399
3224
7139
894
7687
1775
8906
2457
9095
6282
6705
8123
4566
9846
4987
291
311
4052
4716
5303
2376
9613
9565
7037
1438
8392
9483
7975
9034
1384
2963
3071
5795
8958
1722
5582
1657
2806
7604
6791
8871
1487
762
8803
9225
4716
9769
4425
1867
185
2926
1215
5706
8987
4611
6069
6126
371
3166
9288
9845
9820
9934
934
5918
112
1640
3291
3722
6357
37
512
3415
3834
765
4422
1788
1108
8751
6892
1795
2785
1052
4972
379
760
1468
2003
1164
663
6994
4279
8354
22
5314
1361
9440
2276
6617
3683
4799
631
1486
849
9644
9061
6629
667
4453
8919
3203
2071
5150
6993
1857
2648
2534
1943
58
86
1352
945
4768
8669
5595
1548
5222
6954
1211
4618
2455
7545
1777
3154
5868
4895
1295
3078
1575
525
2622
3536
4090
3558
8285
2593
1415
4214
2576
2277
3821
5843
4901
8598
1901
5476
9636
1150
9940
5061
5675
4771
3797
201
3048
6943
6790
5543
5527
9204
2143
8111
8733
2432
1009
9689
962
4011
4641
1410
6883
5291
2063
5715
2379
107
8817
1615
8988
431
6675
6718
9624
2246
7535
5342
5739
8803
7555
1078
6316
7100
5411
9311
1192
279
1547
6959
5303
3079
1466
4341
568
1068
6551
889
6707
2139
6488
8540
1955
9252
2330
4936
501
1197
9402
2249
5717
1034
5627
7299
2762
4896
1772
6672
4382
3834
1922
9371
8548
1799
7897
8708
3014
2421
449
3477
5925
3228
4726
6061
53
202
7973
6417
2580
7654
5677
277
347
2493
8165
3684
7379
9835
4929
7277
9713
8111
8047
4615
289
8523
485
279
9574
1481
2144
330
5961
9322
1124
4062
3533
2428
4360
2603
6306
3344
422
4378
8501
5822
3726
6166
6738
6563
9131
3806
1805
3617
2761
9596
770
4535
6330
7659
7101
3108
1424
4753
5094
1003
6588
8024
9677
1625
9180
5860
6189
1876
9303
9568
5017
3627
8854
5420
8064
1604
9171
7303
2309
181
8601
430
4295
5763
8604
574
1189
1481
7766
6499
3958
1795
5330
9022
6209
6222
7048
3295
4620
5969
234
6464
3477
600
5964
3043
931
4420
8684
584
3319
360
2262
9692
8581
2776
8262
529
8934
744
7578
7302
3838
8803
2111
2670
7886
5668
6743
8471
9112
1275
7211
8515
1724
4161
2690
8142
2803
9111
6321
5887
6725
6028
7370
9163
6464
3549
5100
153
3400
7123
1430
5347
2843
7595
2238
1243
2672
5969
6737
1395
5062
3621
300
7531
813
1048
5305
742
730
8891
4045
1693
4859
4553
8
2608
370
699
3929
2144
1922
9574
9588
5267
2496
2852
4329
1550
5564
1387
7960
4059
7457
2415
117
9861
1591
730
829
2853
9648
9910
9893
5907
4320
1565
4895
243
613
4249
5637
7563
7805
6370
2007
3677
3909
6664
5841
469
4764
1682
7212
4902
9166
2766
2290
217
8115
6463
6626
164
2376
192
2446
8206
3210
2011
1969
5969
9857
8864
1654
4770
3091
5752
44
6408
551
2993
6481
1535
2742
1458
9279
8815
2650
4423
1291
8910
414
2526
3574
5879
5795
701
8072
6627
5603
3566
5336
8430
5886
3848
6727
493
6856
8041
277
2972
9303
1506
2035
56
705
9758
7582
2668
6550
9014
4901
3549
2785
9756
5657
4120
5728
5983
1972
2044
4309
460
3261
2722
7136
1446
8909
8760
1380
9054
7920
2101
8341
8216
4363
6939
5832
4939
762
2546
799
5570
8683
2875
1023
8950
4845
8224
2059
1808
9899
925
6406
5183
3706
7626
8865
7480
4033
4726
7684
101
640
7271
4786
2068
341
1450
6804
1914
6100
5456
5982
3297
4272
166
9665
224
4509
3509
2557
4773
5383
7045
7708
4009
7087
2196
1453
6240
4013
849
1050
7342
273
2875
2584
8360
5685
162
6569
2797
6094
5914
566
511
1090
2590
9216
4722
7711
1743
109
7167
8032
2536
0
8714
9694
8117
5928
8364
4069
5188
2739
4133
1111
8054
8035
851
1128
773
4047
1782
4642
4884
2612
8464
7397
1855
4449
6313
1676
8379
2722
5927
7998
5132
6574
4855
3033
105
5672
187
7205
1394
8276
3153
6079
104
852
2416
9010
2756
4130
8561
8101
4255
5295
282
3701
5267
3348
8185
3326
9145
758
9863
1510
9868
4983
1783
8311
3806
3658
1632
2497
5955
6390
2573
3324
9362
4812
7803
3916
9473
8744
9375
4225
6186
2441
974
4884
5729
3688
1785
6507
5159
2464
7956
9813
7375
3226
7106
2596
1308
3508
1083
6806
2659
80
7118
2395
4316
9867
7462
9280
4356
3017
433
463
995
1940
1245
8078
1739
3690
2352
1994
2285
1205
3831
2992
3886
9097
9456
952
9451
1197
3272
3066
6424
1085
7004
5296
2674
2794
8190
9076
904
9115
2793
1193
3743
7856
912
6491
6339
5841
5087
4728
8367
9937
5754
1677
1228
833
5723
2599
1518
7823
5867
7522
2233
2640
9007
8195
4122
5492
2485
7824
3746
9642
238
3249
5943
1080
7201
6641
3691
1364
2802
4871
2167
9500
9395
4282
3004
3703
9354
3690
1719
9601
5649
4201
7905
1191
5391
1423
4796
4979
9194
6123
4809
4234
4814
9333
5556
387
4741
2827
796
221
5513
3983
7196
5852
5067
822
2234
8948
2050
1774
7299
5099
2334
3206
6853
2980
2212
537
47
8920
94
2351
8858
1268
7885
136
2524
6907
39
8191
7485
3874
9786
7790
646
73
490
802
3716
6545
6542
2390
896
3537
4750
2419
2560
4691
3787
9725
1678
1806
6082
8196
9016
2324
6305
7750
475
9655
2539
885
889
2523
3212
4471
8929
5598
8024
5332
608
738
3815
2473
9894
961
4661
8564
9638
7275
980
8397
3470
3250
3748
8658
5710
8781
7959
3956
546
9999
796
675
4803
2341
4408
1905
7668
978
201
8830
6139
1747
8645
3123
5358
1298
5708
614
4466
418
157
4597
2891
3510
6035
2046
497
5223
1749
4701
9266
4426
772
6806
2024
9297
246
3834
4466
5416
5901
7968
1894
8524
9595
7898
5867
6362
6171
1917
7322
2548
4231
8831
2151
5203
8818
7219
9471
4973
3135
8389
3435
4546
8599
131
6480
9801
4155
4756
614
2175
9703
1020
2297
1524
725
4519
8155
7555
1741
832
5784
3591
8850
1293
7149
531
7086
811
9850
2857
7541
4822
3543
9851
2285
2050
7694
1765
2293
5036
9384
695
8062
6812
6309
2707
7118
400
3697
4164
8277
6267
3026
4976
6210
813
2997
5115
8763
3831
8923
7965
2472
3498
6529
3892
4482
4508
2493
4607
133
3027
7727
1714
4841
1945
9545
2767
407
7121
423
596
749
439
7824
1339
9535
4210
4022
1397
3650
4007
6811
2595
929
840
1308
9166
8012
2758
3303
6478
8649
2953
1816
4911
5782
6333
9394
8371
7726
5949
5478
6377
1536
4407
3487
1583
306
6935
1003
9706
8956
6204
6469
549
4173
2966
486
2228
337
2605
8147
4267
9830
4258
5331
4028
6793
8731
7140
453
9991
2321
2452
7859
3187
4244
9985
3350
3796
1365
6698
5489
3762
4771
9211
7130
15
157
1412
286
3563
3158
7877
9131
2226
3315
7341
688
8426
2908
8603
8685
6381
6895
6921
7570
126
9337
1821
5780
6297
7871
7548
9313
90
2900
891
3611
4530
9623
5118
133
4435
6842
3417
2667
4349
7897
1663
7167
5875
5948
729
8709
2628
3429
8144
7630
4187
2378
6339
3988
9599
9922
4743
4099
1836
7091
4023
8299
4812
8264
4619
9214
2636
6624
4054
9036
9558
5469
4093
9798
4505
1005
5005
435
7193
9205
7359
9751
4606
6614
2002
7355
4807
6213
3156
654
303
1627
123
7178
1747
7148
6613
4563
4196
1548
6374
74
1177
5954
1346
8329
8792
6254
4044
9747
5090
1839
2254
1819
2499
1357
1816
1235
8525
2366
9641
2139
8671
6868
1841
8794
1715
7033
2545
1098
5314
2912
8093
1888
1851
674
2119
2098
6147
1471
526
9558
2357
2466
2501
3019
9153
6474
7148
2483
5611
8168
1970
4068
289
949
7419
4899
2118
2841
4780
3330
2362
6380
4230
4848
4186
644
7088
5563
5862
8689
2731
458
6058
8092
4218
8714
7728
9607
2196
3927
246
3096
5429
2607
3152
853
2405
3219
2442
4719
426
9179
824
2633
8166
2531
108
8278
613
3830
4629
1539
6238
5603
8748
5412
7210
3855
1559
7240
3994
5426
2101
3560
8986
6274
5421
8576
708
1274
6611
8680
3044
3391
6354
5666
7818
7256
5332
3975
3508
6067
3788
8676
520
5822
9538
3583
6026
8516
8622
3640
5172
46
1874
129
824
5943
1606
2185
6308
7030
625
3195
2642
1366
9247
14
7764
8367
8302
6773
4093
7619
9316
2058
9591
1741
5797
393
4430
5121
1532
6383
8426
5122
4051
8599
5581
371
9157
3066
8778
2716
8753
6431
1213
5325
1676
1825
1587
8420
1250
5398
8847
656
125
2489
5823
9963
8683
6090
7111
3984
7549
3591
9287
1192
8611
628
2632
7910
2921
380
7761
2066
6278
716
7195
901
1516
3961
2294
4236
7434
5508
6224
2469
1480
257
8893
3055
377
612
3495
533
1336
2225
1648
5831
9323
3107
5044
317
6868
9368
1262
9256
6748
8073
5478
3322
5751
3659
9135
8609
3897
2450
9428
8234
8813
2787
2369
7859
5792
2536
2229
2555
494
4266
9470
2582
6508
9846
2332
3419
7895
5811
120
8255
263
1921
5698
5697
6008
5935
8015
5835
5947
5740
9817
8242
7725
9753
1596
7184
4686
8422
5644
5719
3442
5003
9546
6493
454
6058
5990
6449
2014
8806
2476
1774
9655
903
5646
725
4084
6352
2144
8946
9909
1818
6256
5143
5698
4139
277
872
4018
700
8050
5283
9828
3034
1500
8582
3532
9414
6729
8233
8176
7993
7598
2964
9833
2298
3387
1755
3655
9312
330
9712
3137
4053
8536
6706
2088
5009
3243
9209
66
9789
7444
4393
2880
272
6089
1368
839
4511
8943
5483
7204
6325
2056
7538
2910
8606
7909
1726
8567
1468
4213
4169
4006
8274
8423
3052
1954
9203
4336
6746
132
4740
9330
4075
1532
1939
5837
1642
1265
112
1773
7264
7329
63
785
8885
5850
3722
4645
1462
7305
1081
8266
4327
1918
1705
6899
4955
3935
6876
1287
9536
7011
7065
7371
2183
6591
1035
7163
9397
4721
4674
5281
523
1423
3252
1552
193
8340
1241
6544
4139
233
4192
9792
3695
7296
1268
4164
2777
7902
4254
1897
9605
50
2434
2736
7220
741
3876
1022
6129
2142
3579
7036
1802
7004
8776
2189
7857
1093
4448
7470
3583
653
7386
1694
1758
1586
8045
4101
4763
4542
5349
6798
480
4096
6217
7520
41
2369
2849
6737
4838
8256
9138
5529
5524
1753
4533
3365
2536
8615
8024
3271
7684
3741
559
2475
9500
7264
5575
5338
8749
243
4715
2221
4427
544
707
5791
2153
3441
8126
6457
7259
513
591
8467
1230
5234
4500
6872
5336
3664
6347
3479
504
9314
2451
2406
2171
7821
1564
188
5986
507
8514
4466
5213
6287
9598
838
6358
4390
3184
7932
3865
8453
1343
8299
3586
4415
8729
9044
2685
2794
3487
2370
173
4596
1284
1184
5467
7779
643
7417
1783
6534
2391
8191
5340
4766
1805
2398
4401
1997
4819
6215
6633
1576
20
8400
6842
6435
2285
4573
3162
811
7676
670
993
4219
6888
3041
7644
9917
1611
3296
4867
5872
3600
5360
6050
7689
409
9423
2086
3214
3129
7484
6272
8705
3881
4118
8665
7546
3548
8225
669
6316
6841
2794
1329
7454
9638
5045
1868
3566
1248
5021
6314
6240
7174
6300
7321
5016
5419
78
1397
2397
6000
2457
2231
4151
2646
21
3546
1405
6972
3122
6791
8930
3071
7898
7433
8214
453
9859
3872
787
9445
9001
9559
2764
1457
1404
3396
499
3769
8984
2851
5782
7389
5745
2699
6020
2959
7127
3862
1841
7555
2458
137
1003
5386
1588
3436
584
802
5743
9826
5728
4074
859
388
9682
869
9431
1730
1680
9325
2735
8669
7008
4565
9261
126
3437
2867
2901
7108
1795
842
5022
5296
9738
5259
5924
8592
7763
3756
8263
167
2495
4411
5438
772
4166
2081
6436
9570
1593
2878
1616
5134
7123
9816
4983
5705
6555
5637
2322
3132
9908
8457
6909
8353
2296
8333
4942
1743
5880
1874
1344
6841
1753
9424
9554
3971
8033
6135
6843
9077
4296
4917
654
6415
4580
7030
3257
3830
1017
5935
5756
2435
8403
7033
5338
4134
2396
1642
6367
6854
2946
3790
4512
4992
7953
2241
8184
3897
4972
6322
5142
7739
401
89
3033
9034
6944
5115
21
8696
4554
886
3846
9577
7970
2051
7598
1729
9250
215
2664
8535
4376
9744
4593
4038
5510
1217
3811
2346
1612
2010
8655
721
8781
2739
4975
7397
4716
9055
1286
2175
4857
9014
8154
5294
5644
2297
3810
7909
8624
7711
7224
986
227
6695
4012
4894
3691
7811
8138
7940
6457
8645
3064
7456
3798
1370
5330
1029
273
4376
5891
8701
6174
8533
2223
9916
8633
1577
9692
4767
4540
245
8180
3531
728
5975
791
1685
1723
6995
1017
9947
2652
6684
4125
8878
1902
6949
5984
1814
6166
7154
5511
381
1010
4589
3282
6123
1550
9771
1029
2077
2050
5337
7349
3375
2453
6696
3021
5567
8154
6849
2582
2758
7986
2663
421
4656
6743
9073
4218
3985
6818
2303
7417
9126
8425
2019
6067
1720
887
67
1972
1113
9989
5723
1296
7312
7678
8517
4390
904
4260
675
3882
352
3178
3665
6136
435
4051
5325
4819
5192
1297
6990
1712
47
206
9825
3473
7922
539
6206
3973
2948
2689
2776
269
20
555
4405
4181
9091
7873
1468
712
4594
8068
79
8284
8890
7817
9163
9028
7144
1606
9985
4099
2528
4697
6699
5903
7240
1810
5232
6844
3564
1035
3093
969
4067
2645
3405
1749
1964
7845
8092
7025
5231
2658
8377
1183
3138
290
2027
4532
2201
8861
7840
346
1920
8499
2736
4680
5599
644
4739
3233
8743
1406
1902
2073
8839
146
9579
9279
8395
1289
4632
7045
8836
8834
37
5810
3328
7510
3993
8236
7841
1581
4890
1821
2316
2001
3251
3108
1281
7627
8397
5854
236
6736
2420
1477
4375
3902
5825
4554
5988
3581
4870
3154
5397
1411
2623
4912
5583
1008
4831
6260
1131
8460
9838
7194
9307
3853
4959
3706
7685
6279
4889
5785
1299
5451
3734
3525
5832
4925
5591
954
5558
2172
3983
8009
1725
1558
4238
6836
288
1636
6767
1173
2555
7301
8109
1790
2751
3727
7031
8208
3329
3706
1741
1405
3925
2531
7386
1776
5192
3339
105
6401
7714
1721
6844
9656
8048
610
9063
1054
8276
5740
662
7526
2184
6079
2261
9947
5716
5086
7273
2032
9089
5478
9791
2221
8841
8453
4615
6241
618
4970
6671
2703
6274
8965
5251
886
8651
2841
6295
8815
173
688
2600
3552
9680
176
4344
7126
2771
9651
8714
2580
3721
6275
2123
5045
5513
242
819
8909
7097
1991
3136
1740
3793
605
7933
6473
8469
8871
6736
2491
9816
7639
7298
2232
5354
6851
773
1621
9986
164
1311
3699
8340
5421
3432
9519
4910
7660
8330
5455
4732
9512
6191
2693
9858
8196
7781
2108
323
6724
3440
7289
5302
6009
1930
7467
7401
767
7452
7327
9404
397
3656
3984
9176
5174
8956
6412
2266
9781
6402
9065
4280
1750
2012
8638
1731
486
2910
992
6623
1833
8300
8484
707
6239
6132
665
3606
6761
1887
5439
7333
7907
2326
186
7582
4141
1714
1033
3258
3939
3986
8314
556
5865
1145
7185
9239
5546
68
1720
4897
2568
3756
9711
1607
9795
2639
1394
4110
8780
9370
2749
8821
5743
5300
3799
29
6628
3567
4289
7831
5730
4197
2053
7320
887
9154
7075
2648
2468
1226
5922
559
8115
5560
1911
9550
1928
7708
3965
9701
8178
8499
4415
2120
3511
7482
8299
5345
3289
4156
8212
194
7302
9841
7288
6859
493
4909
1583
6495
3075
6990
622
8614
6123
7241
4386
3112
8919
694
1901
3523
6479
1186
129
5284
9077
3470
5314
238
479
3667
6608
2238
3532
7888
1298
407
1293
595
5116
4050
8509
420
3117
1947
8887
1172
9272
6848
9772
3418
2415
1074
7086
2654
3477
9568
1327
4793
1222
6539
6429
1127
7177
1176
5851
7765
9523
6025
6244
1707
2145
87
932
8745
1626
1331
5046
4742
8770
1281
2813
153
4699
8503
3570
3138
5349
7732
7410
7140
4378
8432
8482
580
2153
9137
9479
300
9375
6887
4003
7051
9977
2587
8007
1646
3582
4364
1705
1414
3445
1201
7393
6572
9922
8781
8618
1718
6701
1273
1025
5894
6822
2456
2445
9382
2137
8042
2364
6015
7488
4055
9578
446
1513
3799
1179
2974
5633
2056
5082
727
3931
2900
1117
5277
7412
5530
7849
782
9617
426
4133
3368
4279
3036
476
3724
561
5789
1774
2354
6942
948
908
1791
9725
235
156
739
6407
2244
8801
7237
3693
3115
7091
8564
1240
1961
5995
501
3483
2455
9718
8801
2752
9715
2136
4819
3688
9012
7706
6462
5565
8866
7813
9824
8710
8855
3963
5409
5453
3413
1126
1573
1794
1140
497
5653
222
4702
3489
7120
8815
2305
9021
1127
6397
7154
9924
9954
616
5845
6710
9642
9339
5935
280
5531
4338
880
4356
8853
7065
6402
4965
2150
130
3952
2018
9934
5803
4436
4348
1899
7899
4714
7075
7913
4114
2370
2683
4194
8804
396
6361
7363
1754
929
177
8743
6375
1802
4111
5395
1986
4406
6160
8984
3430
5554
592
4484
5227
5264
1052
4942
6915
7630
2700
7478
8492
266
9431
8684
3014
6569
2491
315
7225
508
6775
7070
1885
4791
2563
3525
7412
8505
6900
1578
2019
8689
1711
9314
1132
874
2429
9662
2111
6031
7446
1245
4094
5334
6589
7877
842
3180
4724
3354
4906
923
6751
1432
3533
8339
4537
1426
2515
4896
5076
6571
6292
4838
3597
4122
8137
7314
4714
7251
9802
5338
2180
8627
4704
9949
7986
6771
1010
1608
8175
2733
408
3542
8662
6062
9579
5854
8648
4208
5686
2133
7691
7325
2240
1452
6556
9
5602
4038
7076
2214
1899
5241
6030
432
5024
1604
3798
8150
4014
3674
7279
7162
8552
2087
1233
1265
5588
7776
1770
8381
9000
3888
6387
1567
5922
3017
857
3298
3811
96
5033
2368
1445
9693
6382
9930
31
2918
2666
3631
7005
994
9201
5046
7845
3697
597
9603
5487
6044
7333
5674
3744
8955
8509
9283
4525
9987
6089
6181
2262
6892
7039
3308
486
3091
1645
6255
2857
8858
2344
5384
1675
98
7657
6189
1540
2334
9235
2471
8800
8574
4256
9221
3191
1242
4985
2056
2537
8790
98
1600
2434
946
6187
2235
2200
6866
6785
2063
8616
2277
5226
3355
5314
5609
4624
85
3812
4316
5324
4582
9589
4778
2487
1844
7059
9784
9676
9257
7283
2885
8992
5605
5018
2196
7450
1368
8123
8417
2258
347
4397
5621
3878
6334
8040
4293
5869
5925
9108
2137
1688
1189
3043
45
8525
6060
1519
8728
3852
797
4444
8943
9900
2231
1628
1872
8734
6235
4332
6649
9547
4853
981
1980
5508
887
5572
5482
2651
4295
7267
2355
3026
8095
9952
4030
1598
8550
7486
1817
658
2669
7011
658
6506
2442
8625
7387
4293
2909
5266
6436
6685
725
8360
4040
1963
6898
6462
8949
18
8243
5636
2176
1441
4410
2872
5123
254
157
4031
3440
646
5878
3567
2175
752
3072
1578
208
4085
3542
8195
9686
4440
36
5742
2365
9736
4791
9329
1496
6809
4976
8016
5629
9210
9795
1023
451
5771
1418
499
341
9011
3032
1060
1901
76
1704
2515
752
9940
828
459
1512
127
1787
4315
2643
2720
1067
1154
8668
118
1397
1888
2922
7720
2745
8162
5882
5978
8094
7157
7150
8350
4526
6506
2511
8471
7325
7143
7963
5565
8010
7761
8533
2092
1908
6188
2915
7751
2774
8987
6448
8066
8574
6720
1092
5766
1247
6403
8783
9729
9047
719
5319
8672
1296
4222
7123
946
3080
8682
4200
7607
1638
8633
8864
4168
8786
5449
9107
2476
4740
5474
3380
7033
7263
3953
5056
5077
421
7935
8021
4136
8365
5412
9717
1856
7593
2419
8649
3545
4577
1270
9706
7351
4343
8913
6598
9513
2205
931
3967
5778
3399
3329
1217
2715
2387
5952
2088
3731
402
538
5673
7340
7062
3619
4799
2725
973
3846
7682
7797
1583
3792
1548
5194
3767
5565
90
4008
8882
6860
6428
2883
7436
3631
451
776
4092
2592
1815
2741
6343
2067
8085
1263
3081
5229
144
2441
2308
2378
7375
4555
796
8819
7446
7235
3631
5623
907
2857
5223
7733
9477
9190
1610
7524
3072
6196
8393
1903
7279
7761
530
1498
3099
6092
1294
1054
3214
5109
248
1959
1323
163
1372
8134
7470
5921
964
8950
409
1229
7329
1734
9518
4737
6759
1748
2575
2214
3760
9425
8348
3556
4738
5112
7300
3035
737
3887
1059
6705
9522
6601
4625
9227
1099
2737
1281
9397
3343
1008
7635
9137
2699
734
2543
1443
1499
352
8425
329
8361
1616
2772
595
9580
2024
476
4325
2902
8499
8616
6143
5399
5913
6643
5669
2989
2844
4723
4920
1654
94
1420
1032
8525
6878
9669
6926
4994
8508
1589
8595
4522
2448
657
1222
6216
6946
9451
8749
3445
582
8702
8686
6464
7865
2715
8905
1452
7885
458
7157
4567
1807
3807
8977
1692
462
9889
7914
2482
4219
1773
555
4266
4046
2759
2421
9116
7421
9781
5057
4952
7809
964
9766
1846
7733
4149
9377
593
8210
3509
8177
9589
8400
1105
5000
486
3769
9028
3011
2512
2795
185
3548
1013
3281
3893
5820
533
3826
5761
1318
6935
9831
2931
4985
3985
6387
2050
1314
8679
4445
2309
1928
2008
1137
5597
4917
5647
8294
9085
9293
1414
7907
9533
5932
643
3472
5053
5980
1558
2136
7662
3862
5835
7222
2781
9061
8631
298
5201
1677
9198
8135
2117
5295
427
7940
1065
5568
4846
9216
6121
7410
8830
6057
5732
4324
5962
9921
4057
3812
8301
1158
15
39
552
8064
8283
6878
2080
473
2182
2271
4275
7276
6079
4271
3991
5735
30
7583
2682
9224
9614
953
7711
6582
8967
9133
6705
8849
9375
5926
5708
2532
8860
992
1384
8594
6793
7966
1175
7343
7544
4868
5727
7375
2455
7789
685
875
3751
7085
2386
1930
5862
5389
4319
1651
8157
1787
6769
1220
6300
8046
9275
731
3437
3355
5557
2561
9085
9258
6069
7579
1810
2264
5064
2091
4630
1125
3513
8720
516
3985
709
160
1814
9119
5464
9030
958
1979
9748
7218
3538
3297
9513
294
25
7553
2755
7399
8286
6801
5755
1746
2537
6574
7958
2598
8341
2496
8789
5754
6294
1985
7505
5954
4011
4129
1262
6552
9298
3186
8925
708
9387
2217
1301
9655
5341
7798
1296
9755
9876
5107
8712
3243
7723
2639
9777
985
1679
7522
6135
1297
6847
279
5085
6098
2405
3632
9617
7651
8304
9912
6220
7538
4499
2747
1773
9019
3134
1031
7486
2726
1690
2269
7792
5535
5161
1858
49
1326
8916
3698
8488
266
3911
1852
2689
2768
8246
1663
7267
1353
7376
4917
1538
7237
174
9175
4137
6953
5892
6280
6263
6924
7747
9318
858
7685
3088
1121
765
9672
2853
3164
9327
2116
5194
3476
9251
1180
8959
718
8733
3994
1884
1987
6185
4084
2835
7019
4910
389
4838
2532
2261
8346
588
1925
6326
8824
9539
1109
2545
228
5235
8231
2678
193
5436
4652
5101
1941
4327
2407
4613
265
1465
1462
8394
8806
5725
2616
1156
796
2697
8098
2570
7737
1706
403
4210
6445
223
3525
1233
4713
1867
3084
1409
7913
2584
4200
5796
3167
3723
5747
521
461
8966
6410
6090
5814
2738
766
487
8004
2640
9543
150
7819
6648
2471
6780
874
3415
1097
6839
4059
1968
2081
6169
5992
8853
9201
2758
6661
4403
7160
3674
9412
7024
3688
8599
4266
126
5386
6588
4677
3159
1694
3183
5002
4377
490
5145
9742
5064
342
6296
118
1584
4222
5385
6276
2426
2227
8165
6202
1507
2179
3543
5838
5960
6707
467
2534
4787
7793
3689
6312
427
3167
9544
4911
681
4227
8195
9039
8151
505
707
6724
7407
3146
6328
678
2995
7936
58
9259
2531
4806
1202
3001
5889
4372
408
7147
442
3949
6570
4002
2119
836
5741
9621
4765
8091
8131
352
1631
151
9158
9688
8485
7137
4046
6708
4512
3713
8945
8043
4559
2621
5509
2524
133
3847
1295
4906
5937
7222
3316
8910
2940
894
743
5951
9889
1131
3227
8107
8725
3338
1075
8509
8986
4647
2432
1944
1375
7969
2254
5688
8091
8909
5864
1627
3517
1615
5697
6300
762
5621
5330
7794
5273
6733
3210
1640
2729
2569
6779
1259
8625
678
2168
1898
5432
6006
393
9562
2249
137
1581
69
450
3298
4980
2069
2368
4124
5873
8267
6766
7326
4553
7482
4063
1063
435
1940
9554
6268
917
5429
2025
8278
5720
550
2230
8950
145
8335
7300
8972
3743
2752
9612
1119
8881
9501
1748
2667
2718
6961
5383
9630
6243
5928
1933
384
7702
7490
7277
7966
5558
8004
5596
3267
1296
1609
8906
8623
9984
4339
5429
422
1426
42
5902
6815
6901
6875
2694
5741
7880
3278
1465
2759
6200
5625
1302
6691
8924
9206
9639
3574
6689
267
268
9330
8802
5902
4576
4806
8746
4777
1513
5291
2540
9168
2003
2234
6155
2743
3272
1157
6110
6275
3925
6057
6301
193
7797
2999
474
1687
8266
879
8081
8040
5715
5644
6128
9003
9005
1928
3053
4157
7461
1576
9159
2102
1249
6633
2599
8490
4759
4990
7382
2512
614
9031
6205
554
8544
6117
127
1515
5430
605
6816
5503
343
2412
8097
2936
1547
1819
8366
2582
5618
9362
282
4504
3795
6671
4439
5567
2694
7099
8598
9477
7919
8600
8880
464
9411
1109
8111
3425
7467
5352
8815
9673
8535
6389
8162
8941
2207
3717
7925
224
5369
4226
7369
4011
3212
8123
4253
6552
8593
75
824
6630
8404
3558
604
7572
527
6830
8821
2429
4124
9595
9486
396
4465
7060
5000
4704
580
1502
8284
1147
4831
5534
512
4712
9896
9698
9635
8564
5470
8594
4819
5418
6986
2870
8206
1295
8000
392
9106
9988
4739
7982
8607
7591
9989
3227
4218
7133
4143
931
9304
1188
8094
910
2263
9911
4892
4745
8721
2609
5079
55
8272
969
940
4614
4583
6656
3904
2698
4453
5717
3771
2566
973
2298
6757
6425
2819
2345
9965
695
4160
4547
750
6241
2101
2125
8835
1257
5728
1473
674
5653
5795
7629
9894
9802
418
7032
7348
144
5570
2273
6325
44
7455
5630
9629
4739
3030
2911
8527
1363
1043
1020
9896
9493
3667
7561
243
9105
5416
9065
1482
7604
6170
8956
6887
4088
9706
8639
3412
5680
7329
469
4333
1752
9468
6000
4964
7279
5713
3380
4372
912
2512
7709
1360
5832
299
7166
9993
3856
8622
9360
3762
1909
7868
4959
1789
5005
9747
2227
8681
514
5998
3095
7612
3669
6207
2949
625
1413
4184
4751
5456
1956
613
75
6949
9746
7789
5575
9605
192
8432
4700
4216
7307
1819
7631
2351
253
8391
5206
5706
9645
5837
2158
1096
1944
8477
8853
446
5537
8694
4477
2091
1756
6234
6414
5495
3977
5035
2167
7428
7438
2303
4728
6574
1846
4823
2646
8678
9414
9564
9522
8546
6328
2502
8881
2076
4603
9331
6150
2529
1831
3649
1985
6942
7740
3572
7853
9043
5061
4452
7244
2458
5085
2711
4684
543
9075
8901
3188
8760
4999
2205
2718
2757
4845
5812
5406
8492
2607
3426
117
947
736
5921
392
7794
1977
7371
8354
1136
7789
1559
5847
519
7271
2673
5406
4566
9093
3002
7834
2942
8638
6862
5173
2638
499
8046
1384
5107
502
438
7155
1276
3718
3775
323
316
8418
154
7474
6823
5213
9865
3944
6377
2771
6817
564
1349
4730
3007
5433
6690
9362
6331
2860
1219
9621
8410
2920
100
1298
6118
5439
7829
3264
7937
7795
2533
1179
6054
2073
9886
9703
1507
5008
3327
7771
9251
1133
2340
898
6192
5757
3350
6376
2251
4587
3036
9560
271
2564
5711
4351
6761
4270
6419
5653
3295
1862
4825
9022
1449
142
2844
3593
3851
3436
8081
3094
5693
9214
9428
2476
5056
557
5864
7996
9571
9229
8596
1458
3931
2086
7591
1954
9211
5785
8833
5421
8902
4206
8218
8112
1562
2501
9724
8538
5659
5603
2466
9737
2405
9740
9826
893
3499
8034
5052
2709
8254
4022
2671
1952
9380
6939
981
1042
6385
4950
1124
5363
9031
2313
565
9257
2161
4508
516
4447
5385
7098
669
7807
666
4946
5661
8606
5112
5604
4093
3645
7107
6274
6008
1463
6299
2849
1775
425
1745
9566
5320
7593
6592
3529
3135
7907
9558
8181
6721
2258
5648
9964
1994
4818
8891
8198
8860
6326
414
2662
1283
4102
2715
8885
854
1442
3009
935
2689
9086
9304
264
7712
6956
9716
1006
6784
4153
613
4543
4099
3930
1524
5455
864
1221
9448
162
7316
8558
9621
9528
5571
6493
7742
4826
960
7124
3050
9828
7089
7883
6379
3277
5034
2081
5167
6050
4722
1021
3790
1276
4389
2447
2255
1278
4058
6578
1842
9868
428
8063
4341
1260
2725
3399
2627
2667
8813
9240
6892
1838
694
611
6368
4902
6585
2628
4935
9184
812
3415
9806
3365
5297
9053
1243
9885
9003
5092
597
6412
803
1390
8646
9372
3639
2046
6657
9338
105
2308
3636
1261
7110
7413
4916
7035
2101
9275
5170
143
1268
8116
2685
8627
8799
1541
1586
1880
7185
3903
779
1724
8077
6115
768
1825
9851
4299
1364
6305
329
1874
373
6076
6766
1365
2043
7169
60
3724
3422
646
4661
2074
2531
7711
5606
3204
1602
8147
9037
9262
9061
566
624
5306
8635
8563
2490
2195
2655
637
5417
1739
2828
9006
741
187
15
100
8735
8706
5230
8860
4679
9648
2757
6866
7933
3886
9951
7721
6285
7590
1601
1594
2791
1350
1569
5976
7807
6884
8685
527
1098
2260
1948
931
8000
6241
2708
1753
4074
7970
7528
9401
5663
7071
1791
7935
3965
6161
8807
1620
1305
9954
3400
9706
3191
9365
4120
9673
9936
5213
3684
8707
3546
9288
78
5770
1564
9293
3481
5355
9060
6294
1418
6102
8775
7984
4139
66
6155
1919
6217
5605
7122
2055
5532
6455
6410
1016
4999
1710
5363
380
2432
3503
5964
9695
3728
2832
3401
3750
64
2492
5411
6710
7692
2011
3063
6199
3143
772
163
8549
5448
3593
8057
9775
1323
700
5769
6238
7080
6127
5698
8518
5781
8846
1998
6909
7395
6174
6775
8664
5206
2059
819
8809
9601
6627
2696
4640
1637
393
5918
7224
1166
4248
4607
8098
8472
9663
8860
5980
2931
646
7668
4870
2364
1492
5091
2618
4208
9063
5595
3256
7727
1308
7
4905
1793
1426
9726
6401
4058
2107
2082
142
7733
2680
4098
2184
4159
7865
2006
7750
2047
7735
354
4852
6892
1035
1893
1239
6992
8456
1658
1387
4230
328
8141
9403
5848
7103
263
9218
5386
9156
8823
4998
3669
3219
7268
4601
9940
8193
7509
9018
3619
3546
723
4051
1855
9901
558
4800
2734
3286
3585
8800
160
9274
4651
6665
271
5271
9365
5470
8387
5911
5041
1567
2721
9406
1678
2555
6852
3600
9168
6573
8235
685
5333
4400
3055
3343
737
9766
879
1706
647
8636
8742
6660
3236
7611
8792
5052
3382
7704
4664
1281
5615
9592
7270
8470
14
7895
305
2638
2285
8231
8939
6499
4151
769
2369
2219
824
1918
7801
5551
7233
6980
3744
1074
803
4184
1006
6492
4844
347
836
2538
9685
2599
9387
2383
5606
7111
7962
3927
901
7297
2940
4786
6739
9906
2218
216
5182
828
1271
1399
7322
3494
5014
6699
2996
9352
8973
4377
341
5231
2366
2549
2365
674
837
9570
1375
4099
6323
7211
7792
867
7142
3032
2245
8725
2808
6621
2439
8797
1520
2284
5543
6308
2944
7784
9725
1573
4438
7184
2642
8828
9730
4253
3037
6629
7552
4901
5364
2928
2435
6775
7236
2593
2609
700
3236
6022
3183
8019
7200
1913
176
4921
6115
2664
8473
6942
2399
1394
550
2600
8578
7783
5009
3418
9821
2594
5153
2468
732
9542
6657
5267
9485
3323
102
1998
4628
761
166
9363
8333
2821
6857
8006
1140
4443
8611
4089
2877
6558
5681
294
5624
7853
5301
8647
4039
3430
3427
5574
1289
1761
4363
8165
9056
8756
7309
3763
931
3786
1131
8434
3444
6892
9810
2214
5076
935
8155
268
42
4127
4068
6388
6380
4964
1017
6904
6816
551
1851
6737
4907
3108
2532
1017
9204
82
8842
8633
66
3343
2289
3085
3347
6052
1450
1908
264
4366
7974
1061
4284
4952
7939
684
268
2450
3110
5220
9716
866
6835
4927
102
3453
5925
498
6390
6754
717
7402
4017
5088
4866
2294
8654
485
2180
664
1403
542
6719
3176
1962
2614
918
498
5656
8289
4141
3461
1334
3365
1712
8327
515
5598
2613
585
9639
2010
9702
80
943
6552
6167
6812
3179
4167
1033
8511
5541
970
1882
3390
2644
7248
3562
4065
9439
2328
6156
4325
3476
4240
3983
4336
2138
4226
8449
8088
2886
2879
5666
8659
3069
5436
9570
4048
9480
6565
3973
216
380
6273
3206
1310
1225
7245
8881
1599
7459
4595
41
8873
2210
9000
3605
9570
8851
1425
8124
8180
2630
1884
3703
1576
6028
6850
705
5949
4376
3699
2185
7005
5976
3
4803
9380
7511
2023
1285
9767
9616
2516
9997
2700
5110
1413
4698
4328
4118
6689
6877
571
5811
2572
3070
6489
2281
2248
4044
7294
661
9851
8256
1019
1971
4831
5803
8403
8340
7553
4879
4447
3695
8163
7999
8065
191
6273
8311
3654
2059
1388
7729
1630
3634
7807
2717
4737
7704
1553
4602
3989
2633
324
8932
1910
1426
6358
3115
6485
2052
9770
693
3501
8132
2718
2102
6228
5263
9396
5186
6280
9144
4301
2538
9498
8811
7653
8524
5171
2230
3797
3471
9245
6087
4214
6184
3017
4225
9301
8020
7333
7432
3926
6689
8476
8184
3066
8144
9583
4111
386
228
148
1432
4374
8183
676
7255
7025
7766
327
1973
2655
6761
9103
28
6106
618
9656
900
8545
1284
3012
3056
6301
7755
7365
6997
730
797
6115
9256
7109
5272
5187
1167
2432
376
7269
9151
797
178
6426
2638
1972
9419
5204
494
4377
5297
830
1574
854
8045
127
3479
1429
5707
5675
2832
3584
2520
1118
1953
5686
4609
7769
1883
3944
9856
8677
6182
3169
5191
4434
6752
7472
1410
4784
2258
1192
2975
288
7020
5928
2924
3648
9223
2109
2055
9834
6309
7964
9081
8246
4965
6032
1164
721
528
4544
8955
2667
3243
3827
3629
4531
5787
5047
4304
5149
3300
4210
5044
2697
4835
2577
2152
4138
7843
7687
2474
2715
5929
9320
4026
1218
2552
1844
5851
3320
6408
4514
2265
7075
9492
6253
6013
585
8040
2467
1923
9203
5870
7643
8114
4707
6029
9785
9738
2230
102
5772
2329
7473
2549
7742
2510
9356
2184
5086
5452
2350
3945
6007
5981
8097
5590
2182
2556
5677
4164
4910
9695
9914
6480
1198
198
4945
8438
8408
5765
1390
8266
4997
3915
9883
4910
3493
1938
2044
1125
5973
1971
5518
2683
1352
1312
1995
8170
4377
4870
4869
8224
7722
5294
5852
2088
8373
4529
5725
548
2241
8101
681
8866
5017
926
8760
8580
4242
8557
9799
9850
8516
1577
2509
1754
7517
17
5105
2601
2153
4259
2437
8347
5363
8007
1181
3918
3684
210
8576
434
1429
7923
1999
8875
6513
2278
8314
5301
4003
6391
4906
4803
508
131
3931
6471
1639
8222
4884
8524
320
4487
814
3306
9699
4897
137
4697
2677
1567
7006
9587
9047
2482
72
2299
1188
1050
3025
880
5258
5544
6311
2225
2477
2130
664
3441
7208
1538
8859
1544
1946
7950
5472
9763
2766
808
5315
3121
1918
9855
5445
787
50
4049
5227
4647
1770
7251
8297
1771
6834
9427
4731
8801
4268
55
1746
5448
644
1656
1861
6012
9419
2266
7272
1199
1244
4958
3847
2157
6235
487
5833
3001
2329
3730
5093
1867
9246
7817
8746
9550
7731
3705
2012
2717
1216
554
3723
9341
5777
3576
2613
3302
617
925
7353
8988
922
3282
3997
7976
4242
5814
1027
4780
2885
417
1189
6944
1155
6612
969
5377
1588
1178
65
9191
5217
4435
4063
5378
8312
5608
7140
5237
4449
933
2243
5143
6057
8854
4093
3780
8343
7873
5869
9799
6128
1841
6812
1593
534
4430
8016
1068
9455
4131
6402
3883
888
9438
9447
3409
8595
3841
4299
667
3607
2399
1508
5745
1720
4230
8062
5984
905
5630
7178
6847
1107
5217
9148
3508
6970
1756
6618
789
7018
924
8601
9485
2173
2993
1302
1169
7145
3209
1311
1655
9044
5127
107
285
4217
3575
2662
5263
1913
4981
9928
2602
7044
2133
9920
7411
2780
475
1019
1062
7372
8760
7071
9131
8504
2224
1976
5983
1886
6424
2700
4525
9971
4140
7744
7847
3432
8834
7487
1034
3015
5985
9370
566
5036
4723
1981
8467
2365
459
9147
6296
5488
7090
3352
5751
3102
5656
5798
8588
7090
6745
1351
1576
4919
5865
3335
5394
4953
5262
2195
8684
6243
1159
1672
7655
3587
133
5487
8872
7327
7451
5379
3249
9276
1444
3520
5486
7452
1504
6308
6547
2727
3504
2983
2139
5149
889
2251
2250
712
5896
7575
7866
8058
4418
2223
371
8609
1591
6188
6797
1348
2412
6076
6570
5751
662
4777
5974
6823
7677
3501
5307
3413
3819
617
5987
8473
9493
9074
89
5581
5378
1716
6971
7010
4902
5621
7579
651
8397
5436
1911
9137
4942
4044
491
9343
6892
8867
6358
7509
3483
6585
5437
5638
3645
1168
9923
963
4415
4838
6767
9070
599
8306
364
4374
7616
8448
1548
4910
7629
4648
2624
5364
9862
1309
9900
4645
65
8657
1752
1299
688
3981
9857
532
6717
3321
3960
6953
9795
2556
8667
5330
60
1099
9440
745
5556
968
1380
6749
9682
3604
6081
6788
6154
9109
9268
896
6189
7084
1538
6536
5223
3330
6608
4930
7320
9656
2376
89
3930
1694
8355
3157
4511
7746
8800
2214
3115
2664
4058
643
8257
6623
927
8420
9732
5133
956
6448
1815
2682
1068
2585
5473
5955
1615
2009
5809
54
952
3988
3112
5401
7983
1515
3539
4899
1784
8659
4381
4996
1683
1242
4839
1914
1784
771
6201
6286
9678
2585
6807
1289
7200
9838
8460
5159
3161
2357
324
2761
8677
1582
2263
7099
7591
1247
47
344
1529
2685
7603
345
5951
598
6986
4992
3068
3668
2565
8686
8030
8000
1572
2634
5523
1411
3662
3461
4643
3966
7847
557
6038
4064
467
8370
9570
3365
1953
226
8849
1750
723
1368
1965
2643
8335
4202
4106
2431
8287
4904
965
495
9832
984
368
2509
7489
2595
1816
4998
371
119
559
883
7565
7
1432
759
6012
2463
8822
3273
8615
6112
1659
4242
4769
3488
6789
3407
9756
2254
8557
8050
5851
6206
332
6594
3274
7982
8320
2729
8733
2659
203
810
6497
7552
5810
961
9529
8868
8032
1228
312
132
7614
8610
1017
2392
6213
6730
4762
3442
3229
3276
9971
3759
4453
9857
1283
9783
2911
1840
8785
515
4437
2578
5430
227
455
1672
351
5788
1798
5084
73
2673
1999
9130
5116
7757
6215
8027
9082
6977
8061
8966
7548
1940
4332
570
8707
9084
3939
7185
2454
6098
6993
1475
3926
6475
2708
8002
9642
700
6943
860
8026
4954
4870
9359
2883
7554
4894
2244
4361
3994
5715
4251
5546
9114
2010
2505
2431
1715
399
2726
7746
1881
340
6578
6775
1184
6089
6934
1868
1149
729
2838
2281
4648
1401
4729
6214
7059
9090
9826
7468
3139
3978
6733
8708
2002
8269
7688
7977
7191
3645
8131
4913
8704
156
9691
158
3992
8178
96
9284
7512
5747
9089
9591
5879
9123
2549
4782
4377
8848
9468
6669
9509
5755
359
9558
166
918
7465
1613
2535
147
9410
8581
235
6386
1937
7193
5452
1674
6522
2979
5762
9500
407
9160
4747
682
5830
4338
8745
1245
6427
9925
4646
1833
6485
6697
465
977
3147
5481
165
5968
9983
5625
215
3240
2702
7919
8101
2691
8180
1829
1942
6522
2444
4356
6572
3849
6692
1179
6698
4861
6979
4889
2078
5359
3868
4800
889
3733
8128
1416
5
3346
6204
8999
7981
8135
9628
4836
3690
4169
620
5252
457
85
8044
1009
355
1510
1899
4912
4841
8718
2895
3378
9018
1828
1441
6324
9494
441
5766
6473
5665
5817
3539
2198
8463
7228
1378
4609
3184
6929
5097
1507
250
2199
6606
3580
7080
4437
1151
5689
3673
6105
2502
6902
7418
1860
7247
4272
4401
3863
1502
813
5501
3095
4862
4798
6664
940
3175
5299
1235
4149
1973
3869
6922
9139
1320
1753
4180
227
3258
6974
8229
4576
9620
8370
157
6722
6735
7722
7630
8260
3508
5351
1553
1720
450
6915
3184
1195
5731
2955
1711
4126
7313
4455
607
7621
869
6611
8304
4363
7202
2777
9141
7659
4619
3147
7621
7270
5525
6297
203
1100
3745
6866
2313
6116
2461
6451
1453
360
3549
2262
5987
3043
763
397
1515
4161
491
8929
8079
2974
3842
3183
2639
2090
6134
3529
8352
6715
1115
167
9804
9650
5195
129
8252
5825
8750
146
4972
598
6627
360
828
9435
4907
4902
3741
5717
914
9177
3054
1781
4209
6059
7788
7165
3819
5975
8401
6155
5645
5580
8650
1617
1865
8545
9055
5510
755
2521
5603
7280
4278
5790
3279
4193
6969
4489
8688
6277
6660
1985
288
8859
1208
5345
6482
2623
8356
9400
4740
4568
1422
6560
7324
6212
6024
5209
8094
9423
5618
1409
8040
7277
1313
9550
8536
8857
4343
6223
7822
5801
3271
6154
4996
166
683
2764
685
9705
8682
4118
9086
525
5400
3210
6477
6911
6491
145
3485
2465
9588
7954
7044
6198
6330
9564
3775
4556
773
7712
6506
5754
7316
5698
2665
4019
7588
6115
724
1151
290
2903
9607
480
9170
6178
2354
5928
344
5839
7031
1894
6322
3841
5742
3920
3421
5160
919
7540
5703
5408
1873
3569
3618
3272
4176
2144
1518
3742
9759
8446
4169
9928
919
3244
8967
6657
4037
8684
159
6171
9748
2850
2416
1308
4561
6292
5997
3648
2811
1943
7686
8013
2185
949
3561
6751
7919
4801
5007
4535
3777
1803
7857
9055
4092
2743
3960
1916
6203
7633
7827
9186
1868
7298
808
1429
5056
7899
198
8212
1508
4253
5449
3069
5771
1098
4017
2643
1495
3955
2461
3459
8841
177
4389
3843
7702
5263
9669
7008
833
1198
733
915
5603
618
1848
3061
3320
2063
8719
4489
1048
3313
2359
1429
6557
4897
2885
2682
3432
5636
5696
6027
9372
9555
588
2013
1247
498
4545
3056
1034
9309
2818
497
4085
5015
1581
2840
3809
9140
2511
5048
9155
8616
6427
1727
1302
8555
4616
2762
7000
988
8404
5530
9858
3598
4303
979
675
4972
8919
1733
9984
627
751
586
5193
6107
9638
9009
9341
9924
6318
2150
8295
9243
3066
5908
6835
8720
6391
177
1916
1809
7212
6866
387
8533
4403
5084
9445
327
525
2493
923
2555
519
6940
487
6338
5819
2060
4506
9480
373
6690
1858
2159
2335
9228
8344
780
4711
210
7119
9484
5094
7185
6645
8260
5255
69
1933
3324
7275
6393
2694
6762
3605
7774
3513
6035
97
4095
5024
4373
1468
314
741
3924
1696
7487
1086
7156
1568
9541
7992
3283
3491
2475
8852
3714
3307
6899
1736
1374
3418
9507
5266
5356
2514
998
7027
647
1556
2227
2210
7142
4650
7774
4000
4505
3255
2563
5918
3472
2745
9012
1899
2066
7426
9273
1124
4568
4972
7935
1660
5947
8914
1219
7615
245
3540
8685
7471
3505
2215
2412
4685
1824
5992
9044
5431
698
6523
4114
6527
6857
2284
1926
7130
5343
4855
4659
2115
9227
3216
7999
9261
1927
2825
6993
5374
6545
1237
9837
3270
2001
5973
2858
6663
1199
2589
1026
814
4418
8416
5108
9432
3176
5251
5749
9478
4977
1143
9026
1604
4838
2031
3309
7481
9319
4394
7303
8716
870
3947
380
2062
2471
1365
6141
7960
6779
2563
4786
1318
994
4964
1824
3986
2563
498
7638
1188
7952
768
3310
2204
48
902
2543
9539
2187
7498
1467
6174
4105
1036
8706
5171
2546
4337
7089
1220
7109
7823
1083
3918
9815
5132
3854
5142
8356
7905
8915
5429
3605
8378
7291
1066
2241
1396
5778
2340
774
657
9349
9116
7574
7366
1832
8665
3270
8240
6607
6397
8413
5770
7605
8213
8154
9763
1332
681
8160
2844
595
2875
6394
6024
233
6469
303
5047
8311
9240
7679
7038
1355
8976
6870
4348
2005
5062
809
1064
1673
7329
6709
7598
6202
1311
1167
9868
2176
8455
8321
7240
622
653
1425
403
8537
2287
9094
9941
4074
5571
5088
2734
8443
2786
1852
1656
5631
567
5387
8211
1519
2398
1226
5521
1182
6774
6369
8338
5908
1912
1152
1279
3868
2340
632
87
852
6936
4972
9657
9459
3118
3074
195
406
5942
5588
2753
515
6130
6172
9719
6982
8347
5457
2780
1018
7374
6389
5469
7067
2864
6003
1699
9366
5198
1063
6585
9141
2721
8566
7094
7784
5648
6828
4800
2057
5611
2644
9360
2452
6385
9158
7504
6677
4748
8868
3638
8347
2338
8981
8963
6267
423
5427
2438
8611
6764
3186
515
1440
3721
943
646
6531
7846
6662
9339
1518
5619
9094
4219
5870
7945
2691
6420
5297
1247
2426
618
8259
7343
4248
8399
1901
9304
6246
5048
4492
5493
4290
5434
805
672
7444
9732
2876
1904
5240
2944
8515
4327
6977
1101
4888
6640
8536
5960
2552
5849
1366
5561
13
2805
7418
3526
5678
4283
8489
1044
5126
6294
6784
6774
4657
8851
7668
7554
922
940
3113
452
9498
5698
2604
7564
3320
9222
2514
7496
6990
9391
8603
7508
2561
2832
4364
5973
8142
8504
9215
8496
4495
6055
962
1843
9908
6361
4427
2814
1701
2814
3186
5812
5286
6523
1022
6657
9145
2712
6626
2569
4943
13
9607
347
9015
3509
5022
300
4856
7940
1458
966
7335
876
6710
3652
2307
9675
4798
765
3173
9072
3482
5906
1713
1959
485
5221
30
9530
4168
1833
8815
4221
295
7933
2180
4607
5504
7420
4692
8635
6988
5808
1486
3313
4559
1559
915
5328
9068
4921
227
7710
7147
6729
3457
4465
1807
6651
7812
2361
7380
4407
1558
4115
852
3436
9029
7878
8751
3940
9836
2226
1840
4162
2776
7897
161
7856
9812
5455
4550
2582
4680
4232
2441
1683
208
2095
717
4305
1251
2055
2563
2993
6671
1862
2962
5523
8989
1520
2818
2820
5781
3188
8024
5428
1195
79
3232
9476
4678
2260
1770
3779
805
5067
9985
7106
7736
8506
2740
859
1568
6966
3901
3229
3725
2465
4282
6649
2886
5718
3650
2718
8568
4355
3521
7266
898
61
2425
2466
3447
9073
1048
3391
8749
5854
5514
5682
5116
4652
9373
4486
1381
9134
3463
2628
7312
6524
1205
7527
1241
1570
2307
8639
4782
336
6108
3888
5734
4490
3223
8575
8425
995
7618
3496
6640
1451
2651
266
1973
2618
848
9909
5767
9815
2908
6112
3624
4703
4394
2660
1503
455
9444
8524
7086
2395
6770
5001
9242
9229
6226
1423
1400
9789
9273
2726
4009
8694
136
8358
8479
4556
4433
111
1201
6714
1779
8772
3873
8799
7717
4811
812
9140
6358
2190
5923
9102
2464
6865
3597
9356
4391
6513
3006
6221
7014
6269
2845
8105
3538
7624
875
2685
7834
6337
3852
9520
1973
4810
5346
5141
2073
528
7709
1898
6708
9629
575
6325
9945
1236
8962
3635
4087
2281
7182
7718
3346
9273
3768
9421
4599
4844
3192
352
261
3617
9582
4368
6038
5837
3109
5662
4336
4622
5955
9461
6502
2703
5343
6595
3642
3656
4131
5576
8508
1803
5653
6243
2275
3441
2625
1593
9126
9736
2766
5443
5193
772
8414
3844
3346
6399
1070
651
113
8457
7949
9003
9636
3452
600
4212
548
694
3124
5137
5968
4507
6215
2122
1014
4268
9422
2790
806
1125
5774
4204
2077
9352
7302
5280
1152
4624
8155
471
9283
3357
8544
6917
2357
3024
34
4604
8100
7176
8595
8728
2666
1045
9979
5751
3808
2740
1095
393
6747
778
7880
1246
9101
223
127
9693
1832
7105
2125
8314
2162
2737
6759
6046
8803
2738
2347
3269
5233
4480
2887
9208
7155
8421
303
3118
872
6397
8746
5471
2579
2334
9118
186
8715
2514
5996
4549
2883
9548
8528
7439
8868
5500
4069
3977
2693
4086
608
8536
2387
9483
3571
6947
5873
8278
7685
5814
6693
8273
8696
3835
5648
4076
4539
6831
9346
846
7115
2062
6918
2298
6218
4999
2721
1574
6114
1983
1167
7670
4614
1565
8739
81
1317
468
7611
5196
4870
2731
6194
2428
8665
7749
1824
1692
5269
3226
920
9159
3680
5363
8907
5876
4599
9921
1311
4679
9932
553
2658
1499
1291
1882
4964
727
7553
279
3516
2866
5151
1122
1334
9473
3305
395
5925
1041
214
5315
9339
6886
52
2330
1703
5439
9148
2256
5437
4026
548
3859
4542
989
2586
9079
4950
1367
2336
1627
2620
7917
3425
1076
2808
8280
4192
7998
9594
4330
4359
9104
4766
15
4754
7290
4987
789
5888
2127
5689
5380
1623
6349
8255
6198
987
2814
2378
5735
5418
5155
1838
3321
9608
2747
49
3213
5363
2170
9590
2231
5995
3435
8870
4499
1530
1021
7380
1899
1388
2487
3104
5531
6510
627
5884
7352
5064
1112
1373
3060
3480
4540
2145
520
4157
4651
1225
7957
2251
9270
7796
6235
8432
2747
3761
1136
9998
6282
6034
5087
5529
4652
219
3997
1016
8512
1868
3792
3925
7591
3091
4654
131
1620
697
4536
6374
5375
3243
4454
2749
2106
1210
9061
3820
1545
8584
694
4992
9514
7048
2373
8736
6
3841
2381
6825
6566
5769
5030
7231
408
1894
9030
1436
210
1472
3327
6104
6336
40
142
619
2702
4719
9774
7619
5465
3978
3253
5515
1906
576
7654
275
7236
6744
7779
3602
2275
2264
7982
713
6087
6415
6782
9333
576
9100
2258
8211
7314
5998
1776
3139
9534
2795
7615
307
1912
1034
1628
3026
8333
7427
2232
1665
1685
442
5546
2412
7868
1155
8678
7888
9507
1253
3999
977
4964
7798
5805
1925
8157
2527
1606
3456
5818
7800
932
1200
9422
3399
2418
7618
2881
758
2052
498
470
7953
7592
6781
2021
4594
8847
1109
2855
8045
560
3223
2069
9669
8616
5968
8781
1482
5670
7177
5694
4444
6542
162
2124
2397
8781
1840
8856
1618
7701
3209
9073
1027
1318
8865
7103
2620
6567
4984
1149
6101
1837
1554
9804
9172
2743
661
7464
4515
5501
1303
5283
5327
4843
4837
8691
3622
6598
2408
6010
7875
7170
1246
8567
5686
682
3280
2985
4860
2850
2958
5007
4529
2521
6679
2528
8647
2119
1346
2552
6484
1949
2536
9919
2636
9167
1708
8918
4168
1072
8495
6078
812
8622
6606
7335
8390
5136
4335
7699
1591
3352
4555
639
1176
7267
703
3820
2791
844
4968
3519
6514
1361
2792
8621
9209
4725
2278
2671
9867
7374
3434
8
4070
9333
124
4883
5399
7919
501
6783
5445
2839
1546
7095
7094
5578
8194
9236
1421
7663
3489
1612
6938
3871
7098
5154
234
9665
2416
5412
5286
2749
4726
9672
876
3983
7653
5257
6178
6059
4415
9463
1409
4542
1784
721
366
4157
2347
5252
6708
3193
9417
9204
9884
5106
1228
9734
3262
5714
1951
2671
6496
7182
9564
1682
7874
4662
3886
3628
8930
2077
1170
4178
5118
5276
1955
6231
2286
1791
7115
5857
1469
8228
1333
1501
5159
7249
4066
6260
955
5831
608
8343
5540
9967
4831
1868
8529
3627
1295
5239
8891
2288
23
8585
9033
4790
8238
3932
8411
7232
9553
5956
8117
963
3899
1013
9604
739
8007
3378
6630
3792
368
3620
8728
369
1578
9747
1429
9486
8432
8162
1737
1260
9926
4023
6263
7477
1176
4202
5802
1311
1937
2438
4179
1473
4023
6908
1554
9809
5790
8949
425
1840
9286
828
5576
6970
545
6810
8577
3778
1624
6067
2942
118
3989
2108
2273
2368
9100
250
1961
359
710
1404
2305
7239
7456
4593
2562
4179
905
8989
3130
1329
3193
6827
5398
9373
3875
1005
8797
2689
515
5459
5658
2715
5021
7083
7647
5905
8114
3649
6954
1727
2007
2644
5793
3145
494
8903
8441
129
8241
2551
5125
1018
4004
9606
7949
2678
8931
2256
3270
7044
819
2907
5597
4987
2756
3460
8089
1931
405
3273
8522
1027
8890
688
2000
8722
5510
6441
975
4961
9613
1319
4671
7075
4175
4455
7253
5775
1707
4175
6591
5072
6036
6111
6150
2837
1094
2208
4420
3406
4231
3596
1438
7659
8584
6522
8934
5372
9891
2174
8986
1468
3766
2779
5152
7541
2236
5029
3303
1338
3427
2351
179
2412
208
4542
502
8718
861
7977
7055
8988
2868
1921
9214
7576
8010
7577
9721
202
7101
6670
1732
6236
6376
7041
2305
631
1738
5049
362
4776
9473
1589
8870
1048
6220
4330
2286
6110
871
163
9819
6445
2902
3917
1331
6697
1014
501
9843
9431
3914
559
2743
9638
5572
1727
6988
9202
2304
3833
1428
3576
2156
7618
8791
4196
4735
6140
4925
6750
279
9084
6130
955
9760
2555
1542
7493
8374
8395
2665
1149
4886
7309
7048
7541
884
909
5175
749
9635
6300
8239
723
5188
906
5015
1416
9730
3473
2288
6164
8991
9801
1758
2336
3884
9167
2330
6225
5027
9100
1144
1919
3412
3216
5647
9601
8772
7873
729
178
4443
1903
8500
4696
3030
3906
9441
6914
5726
954
2511
8139
5545
1060
361
577
1793
9625
2157
7412
1137
1380
1648
1881
670
5707
1045
9263
5386
9592
9865
7033
3524
3991
6952
3289
3250
2753
6319
5063
3320
515
5230
7484
940
9120
3477
308
7787
6456
983
1068
5500
8746
4608
6879
1147
6745
4484
8231
6572
7782
8387
1029
6977
3211
1542
2558
1403
7270
3317
7644
8126
9683
3291
5561
3104
5626
2236
8038
2240
3961
270
9291
9370
8390
1102
9101
7113
3892
1470
3702
9571
610
5514
995
5451
5812
4485
6819
1677
2023
7692
5549
7361
8815
6569
6464
4125
2500
2887
443
8839
4806
2984
4141
8163
6722
7330
908
2438
305
7955
4958
1320
9931
57
5931
7375
873
3966
4174
719
3558
9054
2608
3261
8342
912
837
5787
9823
9566
8845
1813
15
8062
4234
6990
4896
1843
7599
3251
1977
9683
4010
8450
5104
3179
9476
2782
309
2437
3750
9338
9343
4897
7292
1372
9818
8143
352
4035
5180
5993
9204
3177
2389
3177
1974
5125
2223
8315
8050
4517
7733
2844
6658
8988
6414
9459
5442
6725
1628
8325
5699
801
6060
7839
7182
3313
9336
9877
2173
4509
9844
3778
4887
6549
8619
7507
5260
1536
2756
5538
6841
1745
9227
3425
9724
6183
6123
7532
3989
7563
2410
8791
1194
9778
2370
2846
5559
8488
6881
8173
16
2541
1537
2413
6670
7797
2698
1727
3012
2118
9766
187
7665
995
950
5089
8291
1922
179
9451
3740
9733
5829
2499
6907
623
3388
2774
4821
2372
4212
6594
3094
2099
2729
980
7202
1631
4220
2491
7943
9695
207
5766
7149
4400
5754
4060
1229
3313
2042
6859
6902
2688
7895
2381
6059
4629
3439
66
4767
8226
6980
2968
2703
5136
6808
6445
6541
3307
1138
713
3785
1253
5781
9188
8267
1871
3794
4241
8436
8861
6088
9281
1382
7487
211
1809
5661
10
6068
7815
5370
2618
5373
8332
4571
5004
1907
5365
4914
1390
3181
519
2534
9004
9106
6960
2459
3871
822
9330
828
3999
8677
5834
1436
7438
7220
8426
5455
1910
1265
1468
8478
8194
708
751
9278
9221
5374
7709
4427
9464
3968
5829
9972
1024
7549
705
1984
2463
952
3468
7585
3856
9851
6282
9783
7457
660
4135
4499
2403
8242
8828
580
8144
1603
1502
2895
7759
2714
7508
1826
2715
4423
8243
139
3382
4925
7170
328
9201
74
594
8908
3253
1635
2745
5489
4709
6167
4053
4582
3255
2654
2815
5577
673
5040
595
2520
7521
2469
2205
4028
4113
6594
6389
8104
3543
1500
8217
91
3
7968
2324
1551
1173
8033
2462
2264
7966
3911
2030
4048
393
4906
7002
7532
1126
8069
7840
3507
2338
8576
1602
9828
2701
4306
7636
5482
5901
9520
829
2986
5810
7245
2833
7767
764
3969
5029
9517
1014
9663
1716
9497
9443
6321
1783
9628
8802
569
3486
529
7440
2476
7851
5424
9777
5273
8088
6624
4540
4916
7111
9190
869
5057
9508
826
7632
1877
7922
3002
6484
7553
1670
1317
187
202
5439
5213
130
788
6523
8227
512
6535
8226
4425
1003
4515
2586
2430
7713
8365
1517
5225
2739
5212
2937
7794
1545
9582
8210
1414
4782
9017
251
925
2108
9070
1370
2280
9330
7036
2969
555
1702
627
7883
5078
4299
5411
238
4828
3361
4228
3628
553
6762
526
9041
6754
9203
7948
6375
2557
6865
1086
7317
5229
1610
1891
859
3464
8395
7694
4816
2495
7023
2783
4335
273
9187
8647
3362
1236
9122
6081
902
6511
9883
474
5884
1288
6992
5995
9725
4405
9761
6392
3168
4924
9267
9617
2016
1569
2630
2268
28
8993
4946
8542
7449
3072
7439
3267
8538
2865
1265
6716
391
9077
4062
1830
6859
1531
8234
4723
3449
2340
1047
7632
5141
7262
8106
4115
834
8512
8950
4805
3602
2604
3637
7128
7742
8411
2434
1151
1085
7476
4049
5375
9798
1635
1808
1439
3034
8640
409
7112
5097
3621
8848
3099
6539
2221
5319
4767
6720
1909
985
3241
6505
324
5426
6982
5318
8634
9804
4246
5062
2796
365
6046
6410
7742
4469
4509
5277
2030
3460
4297
2861
2911
122
1158
4936
3572
2262
4635
7613
5726
9507
7287
5677
3994
9569
5759
8169
725
9548
2859
3260
1401
2797
3634
2637
63
1174
9077
2131
9382
5958
453
1763
2281
4086
1300
1110
8871
5514
3235
392
4098
4767
546
2324
8183
5016
7566
3874
9079
1152
7370
2742
300
3624
2263
1539
1441
1598
6016
4702
7685
1701
2383
237
1209
1557
7552
7344
1169
3052
4828
8767
5803
8627
3926
9158
1249
4880
5721
3428
2725
5711
987
3774
1352
9288
801
235
2117
4256
1794
7302
9432
8651
9925
777
8285
8372
2305
2951
2837
7017
4592
4326
9788
726
3927
2091
9814
1969
5526
1884
870
2095
2517
3656
1908
5920
1800
2023
1451
5445
7422
214
5368
1693
8310
6529
5031
6441
783
4923
6211
4771
2454
1015
6877
6784
7122
4074
4282
3254
5968
7713
1829
9725
835
130
345
3821
4262
7025
1733
9242
561
758
5560
5411
3045
1282
4851
986
1041
45
2940
7843
4789
666
2538
4766
1208
4026
6085
8162
5246
1734
6855
6858
8709
735
6064
2982
1936
3249
4371
1328
3415
2220
39
5784
555
127
8552
2244
6735
1079
2939
9156
4422
4697
9645
9777
8424
6839
4913
4754
777
4363
6311
9537
5149
3451
6722
320
9491
3821
6468
2404
3785
6627
920
4016
6484
4331
4348
2059
8820
9522
7144
6861
3393
7942
1238
3638
9368
4437
4245
9081
1959
9425
731
4346
8587
6057
6532
6921
6338
4223
4241
2009
2303
270
3045
9943
8450
1985
2330
7290
6615
2841
7513
3267
2960
9295
9477
2547
234
1953
8583
5825
9108
337
5294
1183
1993
4006
7967
6323
5576
5056
8552
1933
7965
5415
5047
5861
7762
4595
2761
871
5037
1067
4266
4852
3593
8299
6686
479
1761
1548
687
2129
47
106
5345
6022
3938
2551
1757
6232
2285
2039
7662
2808
1538
299
9346
3756
7706
493
544
6284
6306
6381
4176
3312
4978
9616
9834
9190
8573
5828
7111
6534
763
683
2580
2614
5820
2915
2422
1279
758
8780
9
1339
3214
2955
1092
4252
8019
3129
7989
3083
1003
6284
2273
6216
486
3028
3294
9277
2600
4431
9898
34
4746
2547
4394
8025
4639
2296
8271
261
8975
8470
8673
6485
2191
4624
284
3192
416
3838
6517
5842
2544
1489
9084
9117
8235
7910
3320
1882
1370
2965
409
559
9173
5123
59
9865
225
7685
3104
7197
6894
2189
3076
6043
8797
2519
1356
585
7539
1838
485
5209
4412
5916
7217
8968
7260
4279
9099
8697
5242
1308
5505
197
435
9130
725
4583
2478
988
4515
7504
3688
3372
3874
1123
6187
884
824
602
2296
411
8895
5142
5685
6046
2011
9651
1344
1747
8928
1953
7410
9778
3064
7968
1377
1467
3240
882
6893
9437
8354
6292
2218
3335
5304
7851
7590
2703
3463
2637
227
1778
5384
2910
1041
1565
9829
4741
3483
576
1278
2727
6663
1253
4758
5345
2350
8623
800
9070
7330
703
4258
70
7324
5753
4540
1190
4595
6928
5073
4718
2674
6695
1001
800
5228
5372
820
1976
359
614
6497
7111
9095
3528
7750
5204
9098
9440
6776
4469
2185
1202
5656
572
5825
9416
3397
9420
6093
1250
2476
7332
6371
4856
1435
2702
5821
2920
6162
1552
5107
6832
5102
7269
4690
9723
8523
112
4872
645
1937
8479
8219
1610
8706
3692
2695
8236
5566
5830
2104
393
756
2362
28
19
7015
7523
1527
2875
8051
5065
1130
2082
2252
3152
5208
631
6289
9568
6612
4087
1703
5809
5022
8577
6118
2253
3186
8480
4910
9790
9950
2287
6019
9683
7106
2123
5476
7481
59
9873
4180
3801
4465
8810
7750
6311
6299
8555
6813
2757
3236
6730
6129
6185
7786
5784
1626
3244
3466
4298
9933
3978
2550
3598
3689
5032
6452
2397
4727
3633
1319
2817
4327
5977
1417
2871
6037
551
916
2822
1355
269
111
5132
9913
937
1765
4592
7226
3344
1687
4960
6545
1619
2893
8027
9157
6612
9956
8254
1787
9290
8686
2112
5468
9503
4744
4184
4491
5753
7613
5972
493
5151
1823
6497
7925
9179
5052
8921
8699
1691
9685
2092
2533
2013
5092
2477
1598
9550
7659
1161
1081
6601
4959
4136
9426
3685
890
6082
9604
5106
5005
9278
4771
4610
2168
385
9677
567
4098
370
85
3294
1273
2437
8622
9478
566
5359
9511
3134
1587
1535
7207
8262
242
6768
5225
290
8279
8720
2505
2348
75
8283
6813
2784
8633
1476
6555
836
5425
334
9217
1146
2248
5095
1880
4403
3566
3817
1355
1881
214
8320
6637
7514
4710
3859
3972
5248
1782
5669
7265
4526
9875
4499
1975
6270
678
9571
2884
735
8384
6181
2182
2406
9328
2578
5079
492
9469
9263
9383
8939
6758
3875
485
3674
6895
6292
2269
6946
8255
7325
9826
9233
4282
3708
9403
3060
2516
4055
2099
2620
5162
8485
8861
2866
3971
8695
100
1994
5425
3552
2395
7145
5359
8443
2803
3842
8164
8159
505
2404
8235
4734
774
137
4309
4898
9262
842
3745
7735
572
6626
3541
381
7388
9072
1325
3433
9001
6469
9714
1099
1924
9036
2136
1856
3989
1190
2716
2285
4566
1103
4241
8530
868
5925
2736
4087
2745
1468
1474
3000
1021
3434
6904
2685
6926
6200
5752
6369
5707
4785
6210
3999
6059
8543
2424
3539
141
3910
4821
1296
6889
9450
8008
9997
2740
4120
3475
7740
4833
6481
2028
4600
1866
9804
5933
475
7659
6359
3593
4964
4324
2830
3329
8612
3907
4822
5242
1857
6470
4560
7106
5494
934
778
7719
7244
3665
30
502
2112
6001
7117
2651
7930
3403
271
9674
3100
6326
6877
403
3505
828
858
610
5563
2838
1191
7121
6473
5592
7952
5034
9446
5660
2589
5244
9030
3856
7802
6158
6672
7747
8777
5335
7978
568
2687
7242
3114
9631
952
9897
2457
1369
8615
428
5925
4011
2368
2745
7696
7531
2207
4137
1988
6574
7605
2727
9232
5398
6597
7320
2386
888
1025
8520
377
8471
976
6113
4574
6358
7007
8824
9110
1209
7447
5226
7797
4078
5528
8782
8193
6949
1525
5541
2398
7446
7180
7705
1316
2258
8890
4758
8961
3442
8649
7094
4826
8568
4078
1066
3038
8024
7626
9329
3108
4075
6482
275
8018
6244
7540
6638
1278
5920
648
5972
9751
3067
5128
7984
9402
1335
3230
3781
7601
1038
5068
693
9963
777
2541
5244
2801
2698
5086
1061
277
4510
8162
9216
9399
1974
6670
8646
7093
8390
2101
2224
6327
9256
6663
9532
7194
8642
5948
824
8252
3742
8925
2639
5722
4136
1925
1855
6897
6710
5829
7362
7734
2760
8237
2984
6252
3758
3644
6351
3660
1242
14
1158
3145
5616
2218
291
6284
5891
9450
6862
9596
3700
7498
9938
8217
2316
3870
9708
7096
4645
3225
780
8778
3711
236
3650
7156
635
584
515
4123
472
3533
6291
5493
7247
863
2955
617
8379
6686
6759
1813
8556
3287
9870
7623
9164
5029
441
6667
7646
336
5852
766
6892
3770
7818
1134
1616
4839
6643
6746
5012
5114
7386
4626
5801
6891
1132
2023
9865
8390
7155
6590
2503
189
7870
4761
401
6426
8528
386
5112
7154
793
4471
6471
1754
3218
4239
2259
9624
8397
4911
138
524
860
6070
8428
5990
7648
7452
7693
6899
1345
6055
2469
1798
1356
5575
1923
8573
1272
9000
7467
7833
3037
254
1260
4889
7654
1261
4679
6139
4181
4356
4067
6079
3201
8557
8825
3544
7309
678
4906
9569
1636
4895
4696
1398
9724
1126
1498
3584
4343
4753
6158
8984
1998
6363
5772
9948
1756
2963
3718
9754
8855
5938
2417
4165
8198
5085
6190
1866
8606
8889
6426
4298
6987
8243
8158
906
6055
2066
7069
1357
711
1397
893
8621
774
632
5334
4250
1756
4376
774
7233
3722
5632
2687
2189
766
154
3504
194
4774
1628
1813
592
898
2731
1145
230
9882
6933
8452
2336
6179
5890
698
4445
4444
4313
6507
8429
1187
6500
9974
7798
7602
7301
4251
9161
5892
1475
7543
4700
9971
8030
802
209
5231
9261
7444
675
8244
2144
2872
5803
7678
2219
1797
3856
4536
5479
9432
3658
7475
4605
4761
366
4700
1628
4947
6341
1391
1020
570
1241
3096
638
7767
3745
1916
1938
1862
472
6341
3712
4960
6057
6676
3110
5264
8414
1794
90
4422
1663
2582
7166
9605
5253
6734
5480
6198
6597
679
9503
5879
7081
6738
1592
6195
2342
8481
1902
3001
4785
4114
5531
3988
6239
5768
7263
4900
6608
6178
9227
4726
3007
6837
6926
1703
5231
9106
9780
2360
7813
3
6371
3311
1935
8227
8148
5271
2161
5283
7971
7715
8467
7956
1084
3870
1739
4855
2110
8298
6619
4097
3556
7176
6033
630
5364
338
1706
1962
3338
2434
1181
5679
5340
970
2451
5816
2680
6061
3730
8283
4287
6652
3301
3473
37
5925
2319
9433
2120
1307
794
1174
7162
4302
6866
2720
2699
4755
6838
6372
5612
59
6738
2384
570
2456
6675
2500
9920
1505
2594
739
2669
8716
5233
5489
582
8879
2757
594
2202
6332
8409
5015
950
7751
471
6402
648
3517
5889
5382
121
754
9531
7628
6015
681
637
2198
2482
244
4845
4276
6443
1070
2669
2511
9858
3336
1139
2267
7061
1269
1191
4145
9246
2098
5127
8860
2433
685
9347
1255
3797
8501
7923
8990
8837
6824
6242
6338
8101
7268
5415
3348
5961
2964
2645
7794
1825
2833
3338
8446
1846
7809
5041
4597
7663
1038
4124
4585
1717
4105
4624
2705
3161
865
821
9644
7700
315
610
29
6865
499
7016
8009
4784
844
188
1037
1097
7259
9590
8722
5972
3128
13
563
763
1198
9596
898
4725
2647
3300
7660
2622
2817
8737
5600
5
4379
2268
7603
1218
4210
2907
5614
5212
475
8958
5632
6345
9433
9622
5520
7591
6495
5862
3742
9933
5552
8692
3486
8123
6208
6644
3263
1704
5030
1669
8464
7421
497
9432
7069
7018
1136
2422
1882
3810
5883
5070
2475
2420
6818
1999
9628
3592
7135
2032
2285
1677
2775
165
8100
80
175
91
3107
2290
1758
1222
9908
4822
1176
7
3952
6948
3129
5441
5366
5881
2114
6043
622
3762
1520
5835
3606
5132
833
9369
8028
7621
3420
7788
558
270
2023
1535
5532
8614
2956
4017
4440
1351
5474
6071
7460
8809
6676
2389
4682
9934
8008
1849
6635
9932
3051
787
9436
6573
1630
1170
4784
7274
2679
1404
7812
7099
9189
264
7030
2795
7692
8278
4929
2123
7945
6622
3250
1052
5676
2534
9578
4276
658
2156
763
2843
5562
2589
5343
3782
7356
4905
5587
2497
387
8644
6874
7711
5661
8030
8842
7603
2438
1716
7076
6519
1400
7591
6196
6191
4194
4628
4338
420
2658
2501
9707
5060
612
7520
8977
9655
6865
7730
9917
7513
2081
3207
2063
3520
6456
743
1420
7103
3839
6416
1120
9892
737
7364
5917
5679
2648
1793
1608
1383
1445
6407
4907
8738
1637
2405
9756
2001
4506
967
6469
1657
4114
2109
4355
9145
4846
8480
1669
1536
415
9473
3959
9096
8052
2962
186
2266
9917
7700
4105
6153
1657
1560
1496
1147
5009
7381
5465
3957
1180
5632
5920
7682
1303
7379
3733
3472
5130
3774
2945
737
8096
1297
7027
9725
7521
6630
1523
2119
8462
8267
2904
3512
4486
9814
1053
7448
6210
3128
6719
9103
6050
9667
9867
9636
7581
2650
4073
1359
5394
3323
581
6894
4684
8375
7356
6108
6053
2010
4427
990
6448
3784
1914
9926
4914
5473
2667
5151
895
9171
9733
2516
2063
5178
1885
2213
4282
6575
9320
1931
4746
6283
9128
5607
919
2204
7576
4077
9876
5203
1550
2519
1150
2324
2350
8885
6178
4249
6348
4123
6597
4516
8022
782
430
6732
7534
760
2916
3880
3482
287
558
441
6819
9304
9420
3127
7621
964
5180
943
293
2699
14
9738
3786
2621
7015
4304
1320
2117
3780
5308
6230
3689
6149
3055
8817
7450
6868
9838
8936
3025
8458
8811
3870
5529
207
9266
8549
77
239
1951
35
5407
5129
719
1394
9339
8240
7969
3260
2002
4789
9943
6304
3587
6945
7040
1427
9571
4162
3030
887
5483
3391
3036
9712
9715
5181
4818
1489
3457
6059
9585
1077
4112
3222
4976
4886
1505
634
4499
2587
1769
3846
123
5788
7743
2629
4036
3039
2296
231
2588
1845
4497
5799
2752
7459
2410
9179
4527
7637
178
194
7657
5697
5694
8431
3823
628
7566
7065
2845
6172
1763
5340
870
7824
5979
8506
3556
3302
3157
7917
950
977
114
7147
3460
2207
3756
8911
3682
9316
9759
1228
1378
5391
1095
2296
3590
6763
226
7596
6122
4570
4684
3836
3272
5621
5801
902
4807
5556
7567
4695
3867
3692
4941
2687
5886
1033
4541
2967
884
3385
5981
471
3951
867
1907
8237
6684
9793
8170
7139
7135
318
3879
242
6204
7987
7271
4409
1156
2351
528
5456
4871
2058
6499
404
4916
9167
5143
5637
5279
7836
4130
8552
1679
3759
2074
7077
524
9054
8814
571
2855
7931
2289
8405
9084
6561
8132
2929
5669
5458
7694
6960
6333
8210
2102
364
5134
2113
6591
7558
2087
722
5465
4358
8853
5969
6193
9814
4141
6715
3843
2091
9945
2845
3500
6811
7406
5816
391
333
8335
5858
7072
6144
5641
4349
5041
891
2520
6301
9503
2301
9842
2933
5511
7802
3928
7560
2916
6555
4342
543
915
1386
4761
2476
690
5825
9977
3058
3092
2576
544
983
6258
7347
9025
1040
105
275
8276
7369
2380
5318
9327
956
232
9819
9524
3336
7079
7579
1245
1136
6424
1935
2295
6222
2157
1510
616
1188
185
5575
1674
249
6264
1256
491
6154
823
4421
2239
2940
551
9463
2931
8581
8161
2370
7952
4554
339
571
2751
9162
1030
5477
5523
4397
1316
750
4753
5944
951
4568
9736
3989
4926
9792
7365
5919
6695
9193
9471
4321
8286
2233
6353
3487
8266
1203
8452
1684
2241
2329
5600
884
1368
7537
8823
2065
9471
4421
2827
3126
2347
283
2433
45
728
2923
272
2163
1485
4249
3661
7562
3916
8534
7545
7896
1019
2031
9957
8884
4681
5351
4314
929
8338
1902
733
3502
7509
1453
1359
9668
2832
2772
4398
2712
4513
4616
393
1253
464
267
3729
6872
891
672
6062
2388
8398
8181
2799
5053
4677
8482
6724
8464
3281
3380
2254
3905
4207
2006
7413
9800
661
2048
9959
4439
2237
9655
2214
683
2108
8955
2753
6732
547
2837
9242
7615
8348
177
9768
8309
9897
3501
3975
1013
4572
3335
8546
3215
3460
2588
8599
7826
1767
1914
4836
3479
9452
8523
768
8013
1924
271
742
2544
9338
9385
497
2588
5848
5100
7817
4923
2064
4068
518
8939
2087
5860
4462
7827
1516
7113
5837
1938
3586
5489
2744
713
7884
814
7166
6401
5863
734
4632
1691
6073
6550
8258
857
9085
1052
3593
4207
9086
1245
5826
5431
8911
1600
1787
3346
9747
9664
8889
4869
3349
8626
498
7294
556
9065
295
1839
9670
5121
5522
8006
7445
737
9793
9866
4980
7161
670
864
2928
739
8207
9283
2392
2224
9231
4597
4637
3437
7003
7711
3201
8197
137
2531
6674
7680
2359
3153
2300
9228
9735
1770
6974
230
150
1594
7490
812
4022
4340
8970
1190
9283
2115
8620
2134
9669
85
561
4568
1031
1627
7848
4866
3394
3246
2261
5711
1631
1997
4209
4350
4992
5248
4355
716
3224
9150
1011
3181
6609
6062
9417
2058
8455
5620
9652
575
2904
3065
1482
3827
5138
6142
5201
319
3398
9942
1231
2378
1406
5628
4590
1100
3178
2681
6111
2526
5156
5709
9739
6467
7262
5614
7121
6796
1200
7085
1816
6760
3962
3239
9247
1103
5738
5318
1912
4503
2973
2339
5380
6015
1052
1365
4137
1114
4166
3705
3885
8926
3691
4514
5543
1126
7268
87
55
2440
8014
9396
2940
3690
9267
6761
8055
1981
852
7108
6134
1153
1872
6608
563
656
6011
2131
5049
5992
930
3755
7202
2291
4360
7173
2856
1408
372
3024
5786
3434
994
5507
4060
8153
6641
6235
9995
1159
9047
4005
7520
5027
6775
899
1580
6682
6744
3677
2728
2181
7202
897
7944
6879
3236
5358
6556
2580
6192
1654
9758
4390
7257
3968
477
2434
4661
1772
6740
743
3903
9630
1696
6377
4054
9813
7293
4643
2550
7353
4082
6097
5343
3468
3109
5407
2470
9106
3017
5409
9562
7950
9775
4564
2757
6164
3469
5369
5006
1644
616
244
3375
4904
8557
4775
1483
9930
4443
5264
7748
4575
3048
705
7408
728
4819
6944
1992
2990
2885
9978
2250
332
4286
7852
8466
6311
1339
1291
107
8863
6304
3814
7666
9115
3965
5287
9292
8751
4896
8380
5492
2361
6772
2761
9618
1150
311
7963
573
8242
10
9098
7420
913
1334
2792
1431
1459
2839
3849
5503
128
835
3012
3055
8848
5290
6766
1872
8522
8400
1230
6721
558
1135
8986
3413
7955
1947
2342
9238
5102
2513
2136
3459
9310
1314
858
9248
7019
982
9422
4715
6885
9132
4038
6367
1820
8636
3560
6077
7939
1526
8464
5683
1847
3522
945
8872
5280
1673
1368
3375
4937
7247
2248
153
6060
5273
10000
