458 65
10030
5596
1124
4370
9626
5237
2885
7023
517
386
578
5727
555
6922
6380
3677
1179
1466
5673
3242
6365
6954
2536
3341
3072
4942
3683
4330
493
8994
8415
696
6267
8644
6094
4259
8638
1479
5313
951
5713
7545
56
4531
169
7412
4938
1332
6927
8565
5859
6018
4921
5471
9876
1379
8991
1828
8279
9
5571
6939
2418
9222
135
6007
5006
2300
9846
7768
5993
65
7226
3302
1719
5193
8333
932
4946
8542
4006
1272
408
9782
4881
7748
8632
8560
4304
7711
8166
2320
9830
4588
6625
8964
4650
3430
5406
5751
1372
2397
6527
1579
2250
9803
3914
9802
6976
9892
7372
3358
274
5265
9426
4112
7402
2965
7332
5375
1904
1047
7869
2052
1852
1619
839
6576
6983
2050
2725
2041
1884
3732
6191
2027
7671
7347
2872
5085
5805
9529
1920
2093
9460
963
8137
8759
4191
4197
4299
6106
9904
9512
5329
1873
769
6070
1901
5263
8475
3275
7514
476
1656
1260
1295
6202
9007
977
5476
7945
3371
7919
7033
9317
3276
6942
9652
8114
3029
9056
1063
8821
2288
9989
5309
7388
1784
1578
2621
9256
156
2201
7147
534
5978
1777
4122
9919
2530
6662
2667
1628
1533
8733
2655
3387
4839
4816
2199
1209
2244
3515
659
9849
3791
8583
5988
6076
5118
1847
2841
8277
2753
4845
5178
804
682
4908
8455
2782
7617
5108
3272
612
4404
5707
2996
3690
4189
1592
833
7251
7943
6383
384
3776
5018
5080
2368
59
2597
651
5610
8605
8390
262
4750
2810
447
5875
9578
2658
1629
6243
9531
7428
7698
3708
2710
629
3826
9023
4024
1789
2311
9299
746
1745
9033
1250
7340
8865
8299
2889
2716
2010
1646
5663
8598
2719
2199
2736
8750
2905
6096
911
4977
5836
7679
9376
3481
108
414
8071
2592
8841
3606
3971
3753
5920
3061
840
6143
9429
5140
762
211
9585
1268
238
2868
8574
0
9145
8731
1728
3941
232
9328
8710
8391
3240
2968
111
2015
6155
9717
6004
7870
3233
152
1195
6786
1282
4670
560
6586
4838
122
2382
2930
6867
6064
8589
1869
6057
1017
4535
6078
719
9120
3562
2716
3137
328
5823
1913
7140
3694
9345
8923
4459
7720
1784
1291
9227
8403
1242
6645
5748
5977
3540
4762
5933
3512
5620
5724
5557
1373
3284
2053
6392
6013
5315
8556
2496
3460
7274
322
9639
705
1274
2191
8915
1911
157
117
7771
7942
5099
5402
6958
38
8927
3529
1507
9484
7164
8971
9797
3240
3725
8344
7721
5079
6294
9885
7584
8995
4461
6089
417
6524
1610
5355
9637
743
7046
8205
1993
1772
3160
723
7531
8841
8197
1220
1349
6779
8124
5088
995
5384
7100
3881
1627
2688
6233
6755
259
2302
3936
8812
6517
7568
342
460
792
7146
9736
184
3423
5204
5567
3787
9363
9356
2031
1221
7960
7144
8046
3635
9736
7016
8441
4528
1483
4150
3977
1468
2455
5787
508
1195
5901
9849
9337
9043
6615
9374
1002
382
5569
9727
8163
1844
7182
8355
2134
6612
290
9149
3881
1946
9432
6083
1038
7544
8170
6073
1306
7933
8933
5056
5540
1165
5746
7261
628
4242
9699
3359
181
7288
5625
890
5901
7165
8551
3051
1232
165
6509
9248
9987
7907
6331
7564
7501
2646
723
8478
1879
7837
2815
1693
359
6341
2444
8818
5367
6979
7180
2068
9333
9084
2766
4891
3908
855
9391
7689
5842
3287
1232
3484
2597
5474
6749
6880
402
6482
161
3740
6759
6181
7298
9840
8377
2975
4368
360
402
8720
83
1673
9836
5350
9851
3049
6422
1808
164
2486
5210
5374
1058
8554
5353
1917
2599
3718
8870
9862
2246
9356
1651
8510
1169
8552
8498
2545
810
6670
6167
7007
6739
8143
8566
3655
1718
9037
3379
4989
5227
6396
5136
7216
9035
3502
2066
2288
4155
2034
3054
522
8129
5173
5197
3680
523
3916
651
5160
8574
3825
1556
2694
5543
2358
8951
7438
5190
1644
3831
3142
3468
2639
5207
3771
1894
2498
2896
4947
8997
8991
1365
8661
2002
8928
9621
3858
5345
6289
8555
8918
2616
1318
1816
1650
8785
526
7147
2592
8004
2020
1468
5092
9380
409
506
7983
3880
4829
3701
4330
297
486
8768
5872
3448
708
2845
1756
157
6465
4184
7783
5407
5467
2361
1350
526
9299
5866
1943
9882
1960
5683
206
5811
401
2669
5899
2920
2135
2218
2656
1303
6688
2954
3443
2325
5724
4673
3398
2317
9509
7777
3712
5862
6001
6014
1519
8723
4062
8842
8006
2521
85
9452
1162
2919
9282
3297
1556
629
1180
824
8218
6383
9262
8171
2355
6645
7067
2311
5354
3072
1985
8887
7291
3821
2243
7473
723
8631
4471
833
1932
5781
1194
8683
1186
9221
750
8839
3153
8894
6608
9305
4324
7212
319
2452
4989
6402
4654
4843
267
5445
3668
9797
1566
9399
8633
1606
839
5577
8917
2093
5625
2554
8620
3928
1283
534
8948
8471
3052
4994
5419
4848
3126
8296
1769
3801
6181
6333
1818
7054
5801
3582
4125
6580
3747
3626
1965
5161
1526
8777
4526
2193
4092
1126
7398
382
6830
1045
2282
2395
3310
6482
9734
9288
82
2503
5958
2297
4932
9332
1481
74
1218
1701
605
9098
735
3990
2450
5055
8517
1986
9932
6199
7563
4530
3864
6175
5452
532
3429
4605
5675
9069
4026
9096
5673
2771
5034
6286
9938
270
4449
2444
8040
4088
150
5469
832
5483
4356
82
2560
7325
9734
198
3195
5010
5001
3016
8088
6079
8270
111
3294
441
3419
8153
9212
4869
4350
9602
1288
1534
3882
2871
9388
6152
5777
2073
327
1253
5368
6443
3248
6976
37
4071
2312
8498
5678
8319
1751
365
4190
2191
1774
3036
2627
4980
7799
163
7996
2634
4303
8132
8061
1942
3399
3374
6473
1844
1378
1962
9993
7744
3480
8725
5685
5953
5927
2904
7587
1373
1235
1670
7310
5140
8119
206
8719
8269
4607
89
4329
6799
8458
2581
7619
414
1526
1300
8257
3209
8599
9189
623
2233
3938
3185
8548
7771
9221
8121
3068
6108
176
1104
8018
9809
4554
4522
2175
5824
3357
7209
7680
9004
7397
9382
3841
920
4059
6607
357
1147
6299
9257
302
2800
1380
3808
8179
6944
9827
2194
9585
9392
1696
7083
7145
9779
4707
532
7540
5620
8313
5857
3879
2709
1690
3953
7602
735
3537
7741
3502
6135
185
9412
6131
2505
7580
9639
1158
7447
9547
682
1422
7201
8815
1909
8082
5183
1894
9238
5533
3039
7052
7027
7496
2401
7132
3693
4894
72
4109
9807
2687
2434
8425
1643
5862
3522
3150
7026
2807
1511
1578
2825
6281
2920
8510
5194
1900
4417
836
5323
935
5339
461
717
1834
8062
8150
2452
9595
1016
2172
2447
6116
8099
579
7157
5129
959
2016
6211
9947
2395
9873
2610
4217
4577
4894
2144
3935
6895
4235
3748
1943
7185
9973
6352
4468
3456
1628
3296
7938
7535
5731
8139
3493
3909
1436
842
6394
4566
3120
1973
2604
9909
1485
2181
7639
3133
4333
5268
3790
8590
666
4864
3577
646
330
2362
8942
6145
3087
1267
1273
3761
568
483
8790
9967
4416
9571
2766
5970
7007
4690
7843
1060
1458
1188
4076
5897
2030
8204
1511
5434
6691
6531
1506
5202
6825
5540
4772
1942
8799
7863
6074
4002
250
3152
6421
4630
5398
3897
2475
4203
6475
335
5928
474
703
2971
8943
349
971
4654
6941
5449
4739
295
3755
9441
818
3807
1272
453
902
5496
1165
1677
2712
7119
598
1752
7188
9124
574
5706
5926
7717
4160
2737
885
2845
6
4141
7454
3923
3127
9381
2465
9682
3466
2121
1459
6857
8198
4014
6762
9624
492
4847
5377
4484
1502
7271
9521
4234
2769
4324
2014
5709
5811
3461
2301
9816
154
1271
8319
8145
1859
4530
1685
1901
6139
2176
1204
2745
9573
4277
2375
8325
8652
4506
7271
7417
2526
7086
3531
196
5410
5779
2999
1549
124
7575
2177
4863
4631
4203
9249
6756
9189
3694
3909
8912
7921
7648
8584
5125
8155
1153
6197
2721
7061
6292
9673
3683
9621
3653
8340
1660
6146
3199
4922
5309
610
2738
7434
8188
6561
8984
942
323
7142
8987
4811
3587
1784
3986
7148
484
5442
8345
3610
2088
5025
4956
8232
1118
3649
450
8937
8024
8804
9886
4368
4359
9518
7635
1917
3672
4191
1830
7411
2244
9246
2485
9757
3551
8587
6812
6520
2612
1667
2280
9693
4917
9733
8182
8083
3152
8039
9217
8301
2366
4034
5485
1234
4436
7832
7500
9169
9945
8123
1895
5973
5984
531
8353
5511
109
9834
3621
2400
9190
1333
1474
8154
7208
5197
5531
8732
8816
9423
5478
8043
9752
375
8109
4259
9639
8037
5830
1362
6554
1310
4680
25
605
9235
714
6828
2077
1090
6553
5504
2436
4911
4405
691
3117
8845
6738
1933
4439
3171
3019
2232
8926
7011
2217
1665
5837
1359
7144
5897
558
125
5855
744
5240
3390
5781
4328
899
4103
682
5387
169
1611
8868
402
8782
7695
3411
8287
4719
8922
9416
6339
7851
4422
9677
6047
28
524
4221
7097
7173
4996
5734
7088
7381
1472
2490
3856
1056
1912
7432
6622
5804
4911
8153
4548
9553
3882
4568
6169
9947
2282
499
1052
9233
9269
9758
2250
4811
1464
3628
3452
1885
7002
4800
2383
4590
3459
806
5420
715
6502
3922
9858
5588
4259
2105
2845
9997
4664
6631
34
4951
7601
3129
8463
9466
563
1903
6725
7318
7145
5722
378
8341
5106
2650
9447
24
3597
7246
3192
4494
3915
3624
1816
8600
7842
3299
1941
1130
2416
662
2117
5692
6255
714
7588
8627
4148
1905
8173
8575
9268
3587
2988
2164
2332
6286
2696
6912
4867
6583
6566
3460
8083
2942
4238
6753
8111
6390
2644
3187
4633
2369
7963
958
65
6632
9905
7068
4803
1254
6901
4145
2742
6864
555
8194
646
5646
4333
6842
3457
1853
805
6191
815
2924
4939
4794
727
3235
8224
5612
1165
2097
1957
9609
7885
9104
5522
533
8608
3317
998
7958
9510
8980
4811
484
547
9781
7105
1469
2589
9880
9161
9420
752
9259
2279
5829
1148
538
581
1538
2513
3130
736
6098
1772
3554
2538
5039
2289
3339
9099
6771
7482
6091
8886
2307
1476
5145
9833
5286
8692
1274
6281
4624
2710
2274
695
270
9744
7735
4075
1609
3234
7863
9781
7715
5289
4725
7683
4759
7695
6735
3147
176
8841
3674
2838
7851
9700
2838
1884
1141
7989
9379
6509
2498
8330
2473
2406
6890
2208
2517
2759
150
4067
8860
2345
7345
9029
8381
7382
1376
1789
9092
8399
600
6207
2698
1951
1581
9368
4128
5940
6428
4382
4088
8352
1889
1609
2232
174
1765
1915
4661
4850
2412
2574
563
7767
7942
1262
5782
4988
4731
1131
2343
3419
6063
1999
5158
7374
3354
6986
2161
5223
9662
8807
9086
7
7451
9958
1335
8369
2099
9272
3908
2725
6681
6970
4824
5924
5293
57
1976
3545
4934
2924
8594
7321
1890
1846
6835
8247
3298
4178
253
3504
2191
934
786
6604
3698
7611
4210
845
9634
652
6552
1224
9400
2289
3661
7
3545
9453
8567
264
3021
6729
118
2527
7300
2875
4536
2339
2466
7690
8070
3395
2672
9172
2154
7433
948
9454
2686
5829
7236
6703
7147
2112
8991
6985
8206
990
6916
9462
7119
2048
9240
7225
1071
6477
6048
3715
3327
9884
6653
2149
3739
9757
883
663
9947
7007
2145
7196
8767
3796
609
8509
4034
1319
329
9098
2526
8684
2455
4361
1283
9961
3055
4210
3011
978
250
1734
9297
5272
9810
1775
4502
9059
9438
1294
3648
5709
509
5960
802
1299
2758
6955
6581
8938
7504
1788
7038
7916
2808
7168
4675
1997
381
7076
9373
2858
2095
272
2323
5357
6162
8671
5007
5547
5486
3976
9297
1910
179
460
79
967
7814
6130
9647
3047
6582
571
7855
5121
3456
2399
225
1375
1876
8623
998
2251
6599
6936
543
5623
856
7292
4542
4018
7307
4831
1190
2614
38
3295
5289
3208
4447
1628
1881
7598
7318
4377
2969
8984
9946
7780
9127
4414
1886
1244
1666
9840
7144
8067
3119
4013
8255
9982
7039
8106
8777
5954
7416
4518
9894
6652
1470
8978
5218
542
1252
1762
8681
6196
7781
4264
8950
832
3596
8189
1205
9689
4265
2381
9943
8748
5764
8164
4698
8672
9363
3697
1072
9232
4317
9542
7058
3367
2130
5304
9993
1468
161
3346
8855
2429
9565
1799
1683
6755
4106
8406
9844
9351
6326
4414
5746
2794
4158
4346
2978
5943
4728
5517
8207
9765
2028
2710
9767
5868
4354
2531
1468
682
8625
908
5240
6306
5766
7441
7721
543
452
3231
2555
7984
8317
3787
1964
8292
6064
6817
2338
6731
2049
1604
5318
1385
1708
7035
8235
4464
929
3249
5177
2547
3856
3345
4449
1705
5709
5881
9470
3166
9627
4992
5016
2927
7052
7190
543
6532
1972
1233
3998
8325
6587
542
4849
2197
7245
6927
9128
4587
9287
7187
5009
3578
5155
309
9548
4858
1651
2358
2170
4327
3469
183
7646
4937
5045
799
9028
5837
8929
4649
2866
3136
6538
8694
4837
6272
4607
9254
8326
4022
5966
6322
7692
2847
4548
2847
2816
7117
4965
7129
9426
5235
6552
3282
1785
4358
3924
5161
7794
4975
9474
4873
8596
4222
1977
1264
3391
1950
5261
2282
925
8439
445
5944
4487
2636
7853
8938
2983
4953
4426
2051
6612
3067
7234
1874
756
3890
2721
5838
51
2506
5465
5582
4522
4232
3150
8476
9744
8015
1694
3973
4000
331
4079
4654
3317
6731
4673
6250
760
9958
8984
9533
2997
2035
2132
1530
2622
9646
641
1702
137
7437
8725
2908
3200
8169
2177
2151
4904
3046
185
1980
2782
8373
8391
7127
6639
7651
2875
6618
542
3311
6698
9759
682
6793
1655
1985
840
1800
8766
7703
4163
3038
3159
7152
6397
8922
1352
9136
3771
1594
2506
5355
13
8062
4018
289
9746
9418
1344
1568
1468
9608
5799
8992
9072
9025
7233
4374
1907
3940
2815
6569
6599
6849
2639
8303
5094
4496
9316
9581
1312
4184
4216
8372
7648
16
4533
5439
9055
2027
7230
6793
9131
268
1925
1275
3167
6388
1320
7817
7708
6479
8684
4342
280
6849
3117
3281
6727
784
3171
6951
5327
8371
4664
3940
5799
2739
8151
6125
5523
9742
1467
439
2804
7361
2590
2259
6331
8041
1866
7304
4875
3243
4142
7608
2582
5288
3276
5934
707
7739
1901
8020
6450
4917
1460
7426
4851
9852
4962
1970
1234
5559
1545
2053
3745
2544
2715
4313
9231
1880
8904
5814
2019
4884
7132
1792
2002
5914
2824
7037
134
1489
836
7343
910
8853
3234
1123
6113
1800
2463
8676
5576
8450
4919
3641
2424
8126
7391
9707
896
4540
9665
4958
8672
2704
7470
4575
4346
1214
786
1530
7322
4992
9301
8316
5007
1178
9645
1492
105
7975
8323
4191
6297
8889
5596
8606
8528
475
8057
197
7659
4155
3463
8806
9111
7593
2381
5238
3777
6883
6152
9575
6563
1850
4670
9352
635
1634
1369
7448
2094
6297
2086
837
1214
1613
1371
2809
8192
4903
1852
852
6979
362
5109
2826
8533
1090
3732
845
4531
8412
7230
9969
1366
8026
23
7702
2525
6991
7348
6540
1033
866
7941
3187
978
4572
2771
6275
1238
781
5028
8344
3618
6006
437
7709
9645
1562
3558
9009
9202
4497
7822
1198
3397
1830
5844
5636
3765
7226
3073
4306
9560
8138
242
4654
1836
9978
2405
5959
7764
8132
6772
1596
7937
8198
1832
5546
6074
8022
8538
647
4925
5341
5520
1448
7359
6698
1728
7027
1985
1054
2297
4919
5055
4154
5227
6431
2869
6018
82
1269
6020
6565
5382
5609
3126
5551
1648
5353
3428
1839
7227
2758
9962
2643
8940
5828
6112
3948
4679
8000
412
4222
7030
2242
4117
5611
9299
257
1517
5144
3223
7489
9004
811
6565
5927
7979
2651
4318
8608
6530
2266
5587
7355
2640
4078
4954
3611
4494
7253
4633
3520
6166
2920
5835
2599
9794
1554
3505
9480
6998
3018
3685
648
633
9015
6196
4171
1351
5586
2535
5419
9417
911
9750
5288
9653
8824
6991
3766
6561
5403
640
9101
2606
367
8
8181
8819
3388
770
9693
2419
9566
5408
5415
2334
615
9265
9745
7700
9179
1724
3884
7047
8973
7725
7960
2228
7557
1208
2187
53
5076
9160
797
2519
5758
159
6401
5433
3164
4188
2569
8191
6216
7825
6149
6456
1232
3694
5359
7077
9758
9392
735
1888
3826
2162
7312
2724
6927
3082
8934
219
9774
1285
7979
460
9786
5162
4367
7566
2523
1495
3090
3087
369
4158
1372
7324
6074
2051
7039
6839
6855
5772
2396
95
6908
8650
5837
3565
5087
3581
6523
466
3646
8290
3324
2116
1884
2144
586
9596
993
598
6786
5949
8167
8656
2066
1247
2703
3249
4116
5470
2566
7655
2220
9800
7541
9120
4865
8
1691
7465
1634
8944
8728
3316
56
3238
221
2025
492
7882
7689
2987
2494
1213
7246
1058
6141
5454
9332
7430
3709
5990
3899
90
3251
2821
5693
8444
7979
5675
5130
4986
7877
250
1115
6917
1949
2411
1704
6749
9213
2466
2375
1383
6837
3389
9515
424
138
9151
997
1084
1770
2548
7660
1914
2700
2957
5396
6130
366
1485
9769
8480
5788
969
316
4286
1610
1052
270
6517
1568
904
4408
7617
8038
5344
7323
1308
8590
762
6152
5344
9274
9362
6623
4693
7470
458
4094
6333
7761
1196
4235
7482
5597
8601
960
787
6669
8944
7536
2554
1013
1668
3791
2631
3809
7250
51
2051
7424
7927
2836
4277
500
6245
5068
2077
5859
2022
1585
611
911
9692
5898
3612
1697
5390
4501
899
826
3167
7677
2641
1754
9685
117
8602
8998
405
5818
6491
2264
1967
6976
3827
1338
313
6011
445
4158
1859
7261
2400
9410
9155
861
1219
5411
33
3040
4796
5568
9169
5312
7286
1103
4621
866
8520
5173
648
8715
5016
131
1717
1321
4581
7163
2578
1204
2732
4524
2333
3921
8072
3390
7371
3967
3969
518
442
6567
6239
1216
2461
6564
6316
1593
5362
3106
8312
8273
2178
1567
9042
6035
1401
4801
4531
2187
5821
1138
4597
1573
553
1195
344
6300
2190
4323
1023
2197
978
1891
4688
5877
1392
1820
2287
9922
1711
7319
4076
9253
4792
7001
8241
851
5518
405
1839
1172
3950
7804
3787
9614
4549
9361
400
2132
2590
1479
9802
5320
7983
3711
1480
965
5433
1912
7076
2478
5456
811
8261
5142
1120
5317
3309
681
9487
4538
1016
2189
3710
4696
777
4352
2626
1047
5774
5425
2089
7549
7043
1685
1482
4607
5358
1209
5831
231
5286
2583
359
6011
6244
3517
8330
3848
5969
3024
3472
3192
9510
3856
1910
1279
7067
3955
1244
1244
1400
9557
9801
2321
2215
7257
3484
6749
9706
1880
4960
611
8075
7718
6637
5992
8052
5265
245
5902
1728
7838
1322
7480
2171
8101
3723
1286
3470
7985
1608
2820
9625
158
5965
2618
8575
3220
5211
193
2550
6032
5263
5625
4860
5058
8190
3421
5582
1819
5232
6284
1592
9242
6103
3635
2966
159
1624
1659
772
1229
5845
1001
7431
4464
2597
1233
3166
9397
1568
7349
4854
1088
7542
2111
8847
5942
3661
8849
3670
5158
12
8540
5882
5520
94
3008
8793
8584
6452
6369
6307
7110
3587
8898
1976
7493
5604
5226
1296
8063
2210
8510
1160
3959
2670
8408
8736
6931
8148
2414
6265
3335
8618
7716
7650
180
2025
2071
5666
4173
9112
2593
1197
1503
8157
1973
2293
7569
5430
4865
9291
5660
7708
9090
7245
394
8822
3300
9780
455
3195
4907
7485
7717
6201
7595
971
892
5372
2415
5297
4864
8872
9015
9300
7217
2089
811
4822
802
3647
4686
4504
5559
3380
1327
9699
9457
829
8132
8257
4170
2330
6705
8854
4683
5223
7935
2004
3960
1763
749
2981
841
9539
8581
3782
1220
1607
8353
642
2141
9131
7958
8075
821
993
3639
815
7987
5298
1923
3174
2655
2762
8837
1009
2220
3739
5521
1342
6441
3106
611
9717
2840
8811
7447
3314
178
3204
8183
5478
4315
9118
6692
3876
4203
1532
8505
7529
6138
9960
729
8386
1891
6448
1920
4759
566
5402
3114
1664
1259
9461
1713
8373
5963
1690
6034
347
446
1533
715
5222
6130
8150
4398
7860
7094
9665
1813
8651
7375
9849
9341
2181
317
6265
1693
1082
1565
3935
9447
6668
6564
5632
3360
9232
2032
8775
738
5599
7015
459
9778
7644
1406
1892
558
5944
3342
7568
9048
3163
8470
5600
5755
464
534
9834
1777
7306
2076
8657
7517
5551
4666
110
9976
4446
7246
731
2219
3569
2862
5831
6020
685
8336
6083
1688
6131
6489
8341
808
4689
6746
6208
531
6338
7602
1224
8149
6455
2267
1718
1824
1295
2042
6134
8338
9111
2811
3826
4346
9785
9600
9944
745
6929
1832
6523
1980
9152
1471
4297
2815
1493
66
7971
9142
2221
7979
961
1902
668
1150
5340
79
673
390
622
343
191
6016
2684
8019
5267
8532
7073
4843
834
1178
7380
952
6760
8454
9731
8675
2014
2375
2784
6855
6031
5051
1545
6490
9493
2751
2868
4255
423
7276
6948
8542
6534
4693
3705
108
355
656
5183
7089
7032
6203
120
3035
7265
3466
2620
8815
1032
8159
5378
7677
2235
4663
1928
3246
2643
7172
4954
5064
4895
5490
3227
2302
2684
7221
2712
6227
882
3901
1450
8613
2029
1752
107
2458
4468
7763
5690
9845
9035
9686
3311
1585
3561
6823
7513
1390
8948
9532
5078
4720
5637
4750
4025
1647
9536
8051
1770
3483
941
7591
2267
1192
8035
8747
7239
6655
8727
2291
5349
9669
1144
830
2508
7296
995
5703
5681
4201
7406
9318
5086
1408
752
8938
7595
6188
8151
2184
9601
491
6707
6271
6006
3434
8073
6947
4246
7328
3126
3867
4457
2369
1599
7718
3431
553
2079
7932
265
8374
4422
5506
6891
4819
9371
1628
4168
3418
9766
2401
9466
6308
1555
8655
4724
1824
6400
5602
4988
2151
69
59
3384
1618
338
8079
7670
7549
7083
7068
7079
5719
8280
8675
5239
3375
1639
559
5958
8720
1961
3088
5752
2549
945
4851
9695
736
853
8329
7862
3065
219
4304
653
6209
6412
1893
9644
1502
5593
8066
89
7641
4667
9952
3236
9770
5972
5927
6095
1530
8022
881
2915
4039
3064
192
1405
4133
2208
3761
2391
7985
9736
2498
6772
53
3510
7986
1079
1607
5458
8343
6305
3426
6678
5479
8531
7137
1800
9327
2458
7470
341
1258
5479
4340
2653
6941
9561
1096
5879
3844
8169
6323
4090
230
4222
9416
8262
8489
2062
1323
5548
9474
888
4716
2048
3002
2659
1171
7877
9281
9374
1746
1485
242
3564
5751
2714
8755
311
1356
4688
3834
7619
3468
4256
7251
1941
8449
6405
549
5514
1788
229
5496
984
1038
3158
8052
1697
2484
154
9535
7621
4687
3131
7169
5655
7602
36
8988
9028
4236
568
2296
5999
9075
4989
7477
2548
3657
6616
2924
9951
2229
3186
1843
184
4272
2553
6701
85
4243
6669
2469
9956
8977
2658
6387
7536
9666
4138
7919
293
1409
1155
2813
4164
1533
9310
7282
3410
2194
3916
9383
3957
1259
6360
878
1299
4183
1897
1100
5094
2826
948
156
2823
5180
6557
3853
591
8747
6622
8289
670
7967
430
3338
5803
7972
1257
4436
8342
2511
9030
4242
8952
5581
9954
187
1880
7362
8550
3945
4062
3348
7548
4362
4646
1749
1487
3302
9040
4856
1819
1470
4880
293
8075
6839
7434
4257
1427
1936
373
4766
1791
3423
1948
2339
5192
3224
4874
6577
3454
1241
5456
5190
4808
3781
5827
1196
3224
1783
2692
5038
614
1292
7915
6482
2883
4066
8411
7755
3145
4175
6222
412
2206
7864
32
4651
7090
8666
732
8657
6021
4013
2280
3705
2096
8506
4925
2211
3241
6890
1433
9544
2151
1280
2923
3158
8291
7373
3685
4570
6289
5240
112
1553
4923
1812
4178
2667
1687
2118
1891
1080
4771
7651
5902
5748
7038
1086
8009
308
2122
9524
7976
125
3834
826
566
358
669
4132
1039
2308
1759
615
1662
5410
6465
2829
4370
5272
3280
7820
8940
3682
101
9802
520
6912
5516
3767
7597
8889
5098
1136
6163
38
9620
76
2423
3241
8267
554
1088
7315
5954
1009
3527
1560
9058
9019
1717
7325
7190
764
4447
1411
875
4182
5933
1526
2733
191
2658
6472
7565
2018
4373
4038
1722
573
4818
9319
1208
7869
4518
1903
1822
1293
9284
4701
8508
1797
2929
7951
5292
1810
5728
9873
9541
7825
6475
8188
9388
929
8613
6695
2328
1944
9351
7325
7854
5260
7761
8458
5320
612
373
2658
571
3268
6194
4648
6324
3126
2017
2247
2191
4278
1017
5962
8711
5540
3138
1463
7200
9011
5624
5551
4069
7828
7905
7659
7806
7831
476
8409
2773
4929
532
7662
7202
2896
9030
6337
5890
1042
1356
4048
6280
5649
530
2754
1176
979
8690
1896
8914
1625
7543
6920
2111
8831
5208
478
4102
5086
1405
2043
5913
3685
2473
5441
4968
1363
9014
9822
7999
4129
621
1455
2504
5864
3697
5681
8836
5577
7020
7057
8299
2896
196
1502
8713
7428
3736
8254
3054
9047
8203
7352
7253
6880
5445
4321
5387
5726
8287
4749
5315
1516
3382
8543
5778
9025
868
2527
3759
4075
9327
490
2911
3872
3101
8946
2480
2167
7092
2190
1996
8664
7739
1914
5656
6765
8119
8596
6527
8261
9267
6941
3444
5643
7747
3650
5857
636
2669
6198
2660
8999
7931
7244
8569
5293
7753
7427
7720
6615
651
2234
6523
4285
3334
3960
2919
8903
3704
8535
7481
938
2527
3517
7102
9495
7419
8326
9704
4186
646
4717
9658
4478
2460
8336
9347
2066
2095
1301
7851
8706
9213
9830
8783
4247
7526
1308
5483
7697
8245
1435
73
1600
3385
5010
1173
9369
1699
5618
3593
1799
5559
1227
3510
6894
5373
9051
5873
8791
3288
7280
3698
3098
3817
9631
3653
2755
9298
5191
4427
2565
3378
5041
8209
8838
3607
1544
5188
4870
9961
5610
2062
821
7384
3993
7621
1467
7489
647
7037
4226
473
1661
6257
1583
2163
557
2564
3709
6853
8138
8240
6239
3578
9654
8522
7112
1413
6655
6080
8920
4404
6059
3437
4468
5313
3633
5561
3967
9699
8651
2749
6830
6476
1397
5636
8205
9254
8561
736
6229
3135
1620
49
285
1679
491
1437
3343
7001
5175
2659
2213
8360
4521
1537
1178
4986
1411
16
704
5723
1792
1182
1984
570
5790
2113
317
5685
4506
8884
8070
9249
8407
7626
5764
5056
2565
1167
4143
4253
8116
3908
1527
2459
1759
6735
9083
1261
2658
6607
1306
7646
3071
9825
2002
9545
6499
610
4115
2126
9056
5977
6681
1037
7442
1675
865
9442
9626
4656
7523
4562
6078
3451
4181
7406
37
4898
7711
974
6114
65
1469
2089
4223
6131
6123
8339
5831
6218
808
369
1605
3075
9203
3565
4499
9251
3266
3406
8630
925
1186
4714
2017
9554
806
2261
5889
5682
756
1881
5638
825
9147
2332
5720
6873
514
6639
5686
375
2155
3984
4761
1197
1410
5578
3232
341
2251
1113
3566
8968
2532
1766
2302
5121
9815
4452
9051
2532
2666
9251
4682
5666
1128
7898
9538
4318
8274
581
5844
222
4281
427
926
5154
9832
7803
2417
4048
9356
9564
4396
7091
355
6464
129
5997
8458
3175
764
7152
8226
9269
1816
1539
282
7730
6388
4522
2191
5518
5678
2009
34
4464
5709
6307
6864
7416
5949
5173
481
292
2581
1862
5911
5999
1046
7135
1769
8758
6538
9505
205
102
6260
37
7255
5311
8485
4563
6455
6016
2444
2158
6635
6453
6222
8750
7361
3576
76
7630
3787
4257
8323
5343
7380
6782
6781
896
859
4358
2320
3342
5544
9135
4056
160
476
2487
1249
2545
476
325
4048
1735
6316
2351
5547
3127
3106
9126
6168
9973
3503
1426
557
1677
7108
7202
3123
9814
1852
3204
1095
3439
869
7433
1900
5548
4452
5640
7134
7595
5064
1444
2455
9208
7388
948
1035
1110
45
8887
3477
928
4408
5658
9725
7741
7134
2099
6510
2764
2478
6883
4580
8361
6976
8045
6074
7248
2524
5045
4564
7099
722
8820
7515
4925
5943
5575
8774
9863
1053
4133
847
6629
118
5349
2235
1431
3661
9998
2967
4328
2720
7052
3231
9400
8818
5998
3510
948
7527
1046
6232
9467
2118
8350
2491
9404
6911
8980
3588
337
4227
5351
2241
9555
3739
23
1531
1670
2584
6932
9173
963
1399
8202
9007
4404
6576
7241
731
6979
6661
4054
5272
9663
3610
5145
1944
7803
242
156
1803
41
6299
2244
5035
649
2744
9274
4264
6699
9492
2623
8628
3765
648
418
7072
5009
1828
2467
4908
5840
9378
2840
4615
8144
6485
770
1082
7160
1958
7522
5719
1974
3692
3731
665
7207
2390
2759
5821
4721
1371
476
1012
1240
382
3856
9623
5581
5845
6054
7274
2676
1207
6248
398
9159
1726
4297
5763
7447
4159
1262
1900
7397
2524
2416
8453
6689
5713
8504
8621
7732
2138
4170
7302
2061
6590
9799
4830
2568
6825
4360
5237
1739
3754
5950
264
5210
1711
187
8668
511
1194
2695
2885
1356
312
116
5603
3966
4590
124
8290
4277
3695
2777
4652
4018
276
4065
2363
9619
4366
195
5799
2987
6401
9217
588
9830
1279
416
7600
2845
6255
7675
2712
2691
7030
6162
1676
5785
8678
5781
1955
8400
1050
112
7041
2302
1289
838
631
2463
6055
8347
8315
5485
9081
6154
2015
3100
2196
641
8247
3873
5843
5948
4160
1261
9579
8035
1352
6297
3711
4759
8250
2400
4432
1970
9098
9514
2783
7133
6780
5094
874
1760
2788
1235
7799
2462
1160
7834
4860
1265
8647
9370
7005
1797
1505
9659
6261
5201
8900
9827
5970
6410
1773
661
1001
7834
2276
5659
5699
2798
2219
6996
9208
6419
6048
8590
1873
3911
614
3397
424
3612
4728
5278
4569
636
7765
9792
3364
6339
4768
7044
2277
5686
1396
4767
2077
3633
4208
5386
4282
7750
1571
6971
2189
6461
8338
1598
5637
9103
9996
180
5910
985
2005
7715
2205
5178
4691
1827
3046
9342
699
4321
6
368
1960
8386
8677
44
6588
7983
6094
3031
955
9318
4060
8008
9492
658
5028
2236
4897
4067
796
5904
6642
1906
1362
3736
2773
4194
9924
3026
7382
9906
5369
8311
7043
675
5977
8665
1755
7381
2003
6987
760
2122
4282
6393
1694
1868
1001
3109
9649
7495
4254
7337
4393
488
6801
218
6770
4636
8304
9246
4033
6688
9591
2959
7256
1824
1615
5836
1643
7682
7897
3561
4582
8965
2008
636
550
440
7824
1587
81
1161
4091
3468
8898
9028
9358
5840
7408
864
3894
2480
1579
4964
2741
6127
885
274
4625
7113
8833
7627
1266
9531
281
9979
5030
4503
5721
1753
5835
366
3529
2317
6101
1697
6149
6678
4884
2939
4154
2671
4860
4720
9477
2435
2669
6927
1546
6553
6501
8974
8258
603
7384
4505
4460
6323
3593
5443
280
303
5922
7743
531
5412
4710
8640
23
1056
5308
3924
7977
7051
766
7170
3361
1446
7771
7306
5001
8388
134
2640
7211
7401
4833
3689
2452
4650
4874
2886
4131
6283
6754
4845
8662
2509
4039
4593
3991
8892
8633
1270
1345
5843
6399
4720
1223
8982
5280
7573
2336
2824
873
3021
864
687
2741
2358
8333
929
209
2713
587
6233
3073
8397
1464
5637
5137
1838
2166
1555
7879
8581
5466
854
5179
4241
643
9434
7449
8105
2320
7931
8233
2531
6749
3301
785
6915
7677
3862
6163
20
9790
9632
2934
2428
1221
610
1511
4636
8257
7825
9376
3996
7520
5974
2983
9055
7086
1834
5369
4876
748
4507
1418
1745
7513
5487
245
5533
7562
8702
5165
6352
2526
597
7703
9329
4481
7035
5302
929
3853
9412
8295
4020
8951
5054
2621
8930
6664
2624
5150
1164
2156
5434
1033
5979
3689
9369
9122
7514
8272
8959
7633
5234
1940
5125
994
4323
998
10
1107
5116
5665
1611
4822
753
7178
8503
1060
8383
9551
2883
8975
4139
9816
6324
2907
4237
8165
4472
2552
4994
9890
9173
9854
3879
766
9382
3560
5467
4798
8426
7691
6335
9995
5422
2455
6365
1120
7750
4966
2851
6570
1099
5103
8274
2970
6576
7031
7502
6184
4967
689
2940
172
2137
6102
4241
7918
4174
5639
6414
1402
4956
6271
4646
6554
948
767
5857
1202
5251
7929
2514
899
3166
4044
8107
5130
9380
7557
5971
8107
5195
1468
6388
6677
2732
2052
9199
3599
7718
9073
8120
6780
7774
9467
7622
9119
4001
9879
9827
6581
8955
468
4005
6366
4088
680
6542
1308
653
5570
3527
4945
1373
7192
1499
164
270
3070
9136
6965
102
7956
2670
6693
1602
9590
3752
7642
3971
7688
1707
5153
6129
33
404
3620
4572
2144
2080
2491
1162
7375
8801
4535
4360
2415
8975
5667
8915
8686
2596
8461
1591
7988
2216
2879
3897
5881
3508
6137
3185
8171
4997
787
2300
3766
6773
3965
1670
8877
7759
5634
6108
7912
4104
5361
5185
7770
7880
4184
5555
8122
2866
9182
4323
2650
1742
8575
4194
4508
6576
9266
1375
1379
4324
4384
5724
206
1859
5525
8138
162
509
7490
2776
1812
966
8265
9522
1668
2872
8222
872
4766
5211
8109
606
5969
6302
225
4761
1333
3562
6812
151
2380
1616
2815
9504
350
6390
2605
309
3066
7330
5257
6708
637
131
6439
444
1362
5917
1783
9335
4463
3055
3812
7394
811
2072
8544
1653
3616
5348
8146
5766
9552
1638
4454
9475
2126
7542
3571
2988
7961
2520
396
1708
5641
1559
963
146
4651
4575
2083
905
7219
4565
2746
3512
2294
5302
8508
1949
3839
3735
6054
170
7348
4749
883
9727
4858
4472
7437
87
239
8747
3109
8132
2241
4422
8037
3751
7112
4770
6130
9337
7207
9888
3719
3491
9909
2306
5539
8224
3119
9742
7383
6134
766
6906
3482
908
329
23
5570
161
2427
4269
5097
1828
8313
1580
6212
3790
402
2494
1377
9403
1055
90
661
5441
2626
7764
2089
5132
7797
3597
2391
7657
8121
6898
4068
7453
15
9019
4460
4702
3773
7417
1269
2438
7600
638
9161
9144
6721
1040
6778
6903
2322
5457
2619
3174
8265
6418
9350
61
2844
1985
931
2320
5499
820
1496
3759
9556
2730
8480
4311
5129
2116
6332
7860
4600
122
5676
4391
1580
7597
8318
5898
3200
3780
996
9615
7949
8614
1718
1421
1222
6334
735
3408
2305
5893
7826
3546
5988
1646
8827
9764
7894
2362
8197
9779
2443
3300
9671
5988
3802
3886
2425
6997
6632
8242
609
620
3350
4760
7857
1411
8998
1753
9129
3315
6781
6639
2146
1555
1574
8235
112
3709
4012
511
751
906
1188
2658
172
7798
9990
5527
9796
3544
4196
2300
334
1163
9453
6397
698
489
2986
7044
6849
1841
2185
8710
3993
8022
2738
3120
9304
6206
8741
8989
7676
2212
6118
4365
8571
2794
2821
9908
7095
962
1632
7570
9700
6388
9018
9599
6381
5666
1404
8511
1458
6194
5086
2292
2696
2500
5597
7199
2955
7481
5115
286
3095
8456
1146
3808
4134
2418
8288
2782
8023
4641
2672
3174
583
3310
887
8806
2543
9447
9398
8914
8407
987
8130
8704
793
4509
7668
2291
5509
9640
7778
789
8165
5418
7118
5587
1251
4456
7395
8265
9487
6524
9676
1920
7223
1888
7209
8524
5564
2598
6273
1930
5494
9948
1742
3798
9559
2886
8924
2194
2054
9429
6385
8657
14
4377
99
6281
1138
4102
2751
5008
9893
6813
1934
304
7267
3951
7915
1621
3322
7966
6561
1513
1172
2499
6895
87
1770
7492
6267
7159
8977
999
3908
406
1743
5928
320
6158
8424
3956
4751
27
9151
2262
1198
7858
2425
3210
1775
1035
5199
8365
3426
7007
718
7182
6164
9090
7235
917
764
9412
1603
8677
3859
923
3484
3394
6645
7463
90
4023
4331
5936
380
5123
3380
3977
7821
3543
9815
2535
3782
394
5257
792
7293
9939
4378
3453
674
601
409
2104
2090
5895
8595
2391
1341
9420
5924
3362
8242
8952
5741
2649
6494
8668
1318
3860
8168
9001
4659
4723
8693
4445
9074
7882
4704
1356
2442
1420
9372
8417
8419
3130
7709
6262
5484
9831
156
9376
9174
7297
7334
5265
6539
1210
849
7195
4784
8097
3300
9983
6718
7328
5524
1931
7121
6323
823
4957
7335
8541
3815
1084
1114
2363
852
8025
7977
6620
6272
2424
1571
3628
6945
2424
4830
7201
3833
1554
6003
2020
8168
2584
2475
1852
5839
9762
5805
2318
4171
7844
8287
8723
8764
5293
5569
5068
1798
6839
62
3445
4770
4279
754
3168
1771
1765
4795
7329
1805
8093
3072
7418
2845
9255
668
3691
998
1396
2932
6818
1148
5587
6134
3178
9415
9809
7490
9551
413
235
9047
9352
2231
6150
2992
1474
4394
2032
5632
5606
7101
1414
4839
5288
5288
5372
4402
2778
43
8557
4296
1691
4984
102
9495
7014
3529
6133
5042
2270
4448
3151
2778
6218
3976
7504
2542
551
9749
3844
8142
4407
1847
5441
6021
5846
276
962
4563
171
4572
3989
7090
9083
6793
9009
295
7107
6546
9552
555
1667
6774
3460
2415
5991
1296
1598
2296
6093
2359
757
5378
8937
5851
9591
6558
8523
6007
7924
9821
4235
1099
4224
2668
6528
8335
3504
3776
1462
3698
3611
521
5398
2616
5382
2430
8979
2515
8244
7605
8537
167
8205
2000
4471
5951
1538
7790
6432
264
1091
4917
1695
1462
4057
2080
1834
5434
490
5720
918
3430
5648
6656
330
2320
3309
5074
5560
9163
9979
5215
2003
7936
6259
4918
4645
487
8280
747
4670
3189
7179
7907
9344
2413
6538
8834
8205
4560
8744
2457
3616
2919
6786
2070
2551
6880
9039
1439
8945
4272
3132
7098
5362
3843
5166
2646
400
1007
9538
6157
312
8335
7540
4626
6808
3267
4036
5068
1876
68
7213
6394
8824
6377
877
9574
6302
1349
3481
397
7938
2378
7821
3859
8399
2892
4282
1482
8273
6092
1590
6140
8592
3314
933
2514
2075
3779
8888
8147
4482
5907
1193
482
3112
1221
1094
6136
1628
1431
6011
4134
6945
6753
9657
1325
2883
7973
5901
8268
3163
4761
8975
2515
2246
1921
3527
5734
436
7971
5510
4068
7926
8374
4445
5455
4181
6373
8870
1183
1200
7950
6822
5379
4909
9405
8039
6723
9798
7090
6957
5920
38
3069
7250
9558
3233
9246
6128
8348
8312
8603
8285
4051
9503
7185
9842
3650
1500
9489
1126
2780
2436
6847
4572
2936
7431
1078
6157
4207
6574
3372
6259
5139
3934
3042
235
173
1665
6551
4186
1138
3892
4407
3678
3479
6785
8878
2131
2420
1199
2491
1343
4211
7495
6420
9796
3392
9117
6789
2694
3153
2627
9535
2792
5462
5483
972
1070
2496
692
4697
556
6495
2026
3912
8120
1900
1027
7877
9001
5197
3946
7749
4024
2922
6695
84
2140
9409
1232
7519
121
8811
1055
1707
7414
8683
3680
9125
8387
3291
6091
9660
2737
7352
9337
3323
123
8554
9937
3724
2775
426
3238
7424
4694
6057
2332
9144
9718
1429
9583
5756
4700
1645
6937
2848
3919
958
4824
8500
6311
1779
3914
2533
5632
4426
3572
5880
8168
9608
433
8320
424
8158
3704
6887
4376
2155
5918
1721
4223
3207
5566
9960
8184
6292
1800
3795
2449
7939
8046
1602
1050
6879
6663
2299
1549
7273
5315
790
7283
923
1419
1443
6323
6225
7272
5775
3406
2213
945
2123
3051
7336
6183
89
3352
4310
6390
509
8848
6875
3603
2438
8783
6139
524
1998
7442
3230
5215
1532
6289
5292
5481
5233
6721
3006
1470
9697
7620
1394
1826
8715
5475
1425
8499
374
9537
4190
7900
6833
5303
5565
6293
985
7763
5098
3666
3614
2136
180
9521
7554
2266
4136
9950
6945
8041
2953
3894
2999
3874
7317
4953
7745
2643
3633
7942
1015
4329
6877
8270
669
9707
9590
9274
8724
8978
7927
705
3190
7398
7612
7310
7043
7789
9632
3077
8955
1348
8303
500
4296
2814
3470
8698
6111
1404
3720
7
8183
814
1953
357
6104
6296
602
5773
5869
4439
8490
8240
4657
4101
1734
496
2451
1982
9825
5097
5993
2346
7364
79
8173
3346
4093
5118
7538
4956
932
262
2316
4162
1458
9004
6808
2243
3570
142
4142
2711
344
9317
2590
3294
8659
3827
2203
528
5217
5454
3438
6914
8994
8724
716
5399
2063
5487
3633
9430
1654
8162
5356
9506
7123
8264
1572
2128
1237
1276
3997
616
1213
3434
2864
3430
1215
407
3462
6307
3241
2812
6261
37
2593
3655
9516
9925
2710
292
1124
70
8990
2170
5217
1295
9313
5876
4310
4114
9664
3662
4628
473
8510
9306
295
2073
1076
650
7657
1517
8255
2282
4550
9642
6405
2162
5369
1664
2
9239
1858
5058
7649
7410
8548
6714
851
7092
1287
357
981
7389
6729
6683
1047
7624
3760
2489
5990
562
2187
2147
1547
2664
6279
2763
922
4364
3338
6386
3128
1241
36
4450
2885
3540
6266
9495
4257
5315
6655
1067
5103
8139
2498
3608
2860
5533
5551
4293
8719
1751
3194
9678
8571
3028
6246
9375
2716
5980
2754
2581
5440
6141
4979
2944
3267
1349
2496
7162
6208
1462
9682
7685
8020
8902
4574
2171
2149
3860
4782
30
866
8655
3845
6615
7232
3369
5427
1323
7195
5561
624
831
2749
4051
1127
5411
7907
6161
1159
9968
315
7369
9230
5232
3501
1026
8158
4313
1277
945
1219
4130
6289
3014
4989
9253
2370
129
1625
7865
4785
1726
6520
4441
6735
6004
3571
1361
6461
4428
3853
1954
7114
6849
4806
4431
8630
3166
6128
3001
2298
3281
1453
8421
3212
7698
34
2145
221
1731
4999
132
6457
8694
450
3274
4299
2250
1460
4947
1898
9908
1973
6482
6835
170
8276
5117
6561
7866
1159
9461
6963
4873
1017
9379
4878
5644
68
3634
9481
3050
1880
2192
2024
6275
9462
2684
2038
5018
1828
4963
498
7480
7358
4109
3871
2343
3857
4532
997
2208
1899
5942
8419
6173
1210
3646
7837
5386
8738
321
3004
938
9904
7224
9081
7119
1037
4580
7946
7456
5125
7609
1852
6568
1640
4715
9546
2063
6417
88
658
8875
201
1247
2269
8558
7806
6980
1953
8291
4605
2596
6108
1464
112
8579
5763
6703
9696
9131
6944
224
5857
9257
6095
4953
6898
9201
7637
1712
7650
1074
8634
6143
482
6911
5521
3675
2343
8074
4871
3028
8791
9109
2741
8853
8671
4248
1817
576
5928
4763
3649
4903
6418
5389
1143
6018
9474
6728
3323
8417
2660
4186
262
2359
4836
1017
399
1330
8067
4729
5839
2161
5625
6767
2077
7602
5804
2396
3709
9884
7254
3692
2368
5051
4320
8897
9286
445
7212
7481
1476
8518
616
759
9727
1467
9623
2678
531
6073
9522
7688
3594
2788
8175
1796
7451
5897
680
4769
7805
4130
8875
1923
8812
6208
4960
2840
9529
7281
3931
2669
1132
2042
4099
6774
8986
3008
5469
6498
6470
6138
4663
9567
1241
372
6537
5919
6362
8371
9294
4341
7191
128
5784
3719
1141
4834
558
4921
5254
8405
4951
7291
6548
3763
807
8379
549
3827
3444
6398
8462
4505
1036
7624
9669
5975
1254
1878
8766
1638
9991
436
3795
285
6186
8839
8924
2134
9517
1954
4854
5763
4328
4601
7851
9371
5269
3599
8531
1893
1651
9031
3682
7840
4073
6523
4777
5192
7133
3444
6020
1530
1770
2548
5622
7077
2549
9123
4179
234
1530
6454
2801
6900
7621
1645
3153
9304
2656
632
9293
9719
6927
7604
6236
2022
1558
1099
6842
4750
7718
5408
1938
4795
5983
2048
8454
4105
6083
6376
5858
1534
2474
47
6876
7722
6359
8200
1970
7683
3264
2319
5275
937
2082
3580
7154
2148
9162
5302
8388
1443
820
6352
7261
5693
9101
478
5859
2276
3964
8958
7075
3825
7813
4532
2641
5909
6341
6122
7979
611
9742
607
2228
2021
4194
2213
1632
9765
2142
3249
777
426
4694
350
6895
4935
2714
1256
3005
8094
7640
9017
635
2408
5365
3583
6204
5798
9338
9999
75
643
9857
5916
6449
6741
6314
4252
87
8395
3643
3700
3159
1392
7391
8035
2674
4151
8005
7972
81
893
4528
1430
3511
6268
833
1045
5280
6264
8618
971
8561
9546
3732
2241
4780
7233
226
4232
8809
5251
1928
2822
753
5164
7402
5525
6124
5245
6801
8857
3349
80
6314
393
2363
9137
7807
5407
2596
1780
6193
5676
3424
8300
2139
9283
139
8464
4751
3244
2070
2290
381
8658
6564
2629
252
5500
5701
8280
6053
4019
9617
8949
653
8362
785
2899
6698
7032
4195
9651
5573
4535
8822
1576
8206
5852
3224
8234
9149
2343
8309
2387
4737
6657
9668
274
7440
8896
6789
8060
2300
6502
6239
9804
3943
519
9298
6954
8569
9219
6662
2778
1769
1761
1364
1552
1883
930
3575
7176
9712
1901
4598
5930
8620
5204
9689
7419
9198
4906
8933
5841
9967
1226
6645
8843
9607
9663
5346
4380
6835
4380
2658
9665
238
9828
1828
1326
2067
5379
5747
1520
5940
3316
8763
1459
5240
6268
6798
3449
25
9281
4139
9330
1359
7755
4810
5093
8749
258
3309
7477
34
5098
5393
3346
6232
9465
2389
5977
1712
2989
371
330
4364
713
7259
5026
8458
281
4474
3350
7634
497
8576
8212
2846
3054
8022
4889
2269
7153
7256
519
1821
1362
8619
755
973
2426
5972
4268
1660
3906
8624
2737
4724
303
3475
6369
1724
4024
2276
7704
6760
1881
2575
8624
9741
1499
8582
2923
7040
9626
5420
1470
971
2273
2164
6125
4423
9787
1375
2473
5104
1204
4994
6234
8261
8261
3255
1674
3610
4448
7539
9925
5352
1193
1690
5917
1412
2107
3162
6725
1436
6274
2962
270
1379
9869
876
6520
5281
5347
4321
2257
5888
5371
4513
8382
481
76
6608
1874
6099
3145
911
3495
5624
5514
111
1893
5119
8536
688
3888
9804
3956
4737
549
6530
826
1203
4606
9275
3935
8523
8324
7446
3235
1056
2339
101
9503
7704
1586
2469
1880
3587
7496
5761
8476
7250
334
6001
4612
3394
3135
7991
6082
2528
7914
555
936
7380
8644
9813
4166
3560
768
8331
7329
7984
1334
7337
1315
3172
7408
9417
8764
70
6605
5453
910
1149
8709
6023
6043
5119
7727
583
8793
9516
7186
2710
1690
1415
6962
98
5678
1472
9959
4979
2061
3025
4189
3907
8550
6571
6857
5987
372
942
2801
5888
8500
2313
9226
566
3174
9190
2050
9199
2017
6870
2404
9073
6455
1400
722
9308
9134
8463
1655
3419
9248
8929
5327
269
8028
92
4961
6349
9631
1798
1959
4229
6889
937
5019
4599
9290
7774
5032
3130
2237
4394
1290
9135
3240
1497
6685
2590
3456
3190
4659
328
5343
4515
2000
5614
362
6680
433
9790
6867
7075
1723
1905
8276
8618
6732
8211
4018
3583
6725
1470
5900
1583
783
4743
7461
3652
7206
4889
1356
5714
3158
1970
1446
6388
8769
3403
8895
7912
1203
5185
2582
8991
868
6318
5883
6641
3160
9375
2691
5407
14
3754
1536
2097
2566
99
6410
354
1945
1592
6568
8552
8855
2498
6061
9992
1314
7539
3520
9528
7177
7593
1920
3073
5470
3604
1193
458
7849
5653
9752
7049
5090
9309
406
7583
2008
4524
3079
170
8926
6825
1085
5618
7133
8417
5098
8550
8157
1718
7923
5258
6419
3362
9136
8162
5495
1405
2242
745
3554
2495
7047
1153
3267
674
322
27
8162
5223
4045
2212
9003
4507
7927
521
2592
1349
9109
3068
2350
2849
8515
4701
33
2259
6948
6407
2687
1628
9794
9573
9484
466
3833
8147
5931
9126
7358
4934
356
8992
4348
6139
3097
9002
3897
9330
9051
806
3287
8923
842
9340
1027
2675
1748
6404
1657
4973
7150
9388
8402
3179
1297
5254
4006
1766
4531
202
8608
6440
6075
509
2610
447
495
6176
4062
6742
6773
5887
233
976
648
1099
3924
8167
1098
270
2505
5399
1819
8535
9173
256
9398
4899
8870
1823
1647
8185
2193
2847
4783
2339
3156
3123
551
6160
41
9917
8005
3574
9953
5697
1616
4010
4981
7088
7478
8982
3369
8705
7995
9953
8709
9194
2343
2562
4367
3146
4398
3323
4494
7679
5159
3872
2185
9287
5449
2294
6184
175
1442
5971
7093
4566
6427
5458
7475
2277
6084
4487
5535
7520
4278
4966
4634
4246
6203
6523
3850
9405
1025
135
1206
8622
2331
7909
540
6308
2973
2184
625
1299
4997
298
8178
5145
593
4327
5700
3506
7509
2150
2167
9488
2104
4698
5599
423
3495
182
2546
2047
7079
9112
7994
7527
3411
1313
6469
4869
6503
2175
8058
5701
3030
3370
2668
8303
2462
8242
510
235
7086
1392
3832
1093
1270
3478
4041
8603
424
9294
8618
5835
6467
2242
9836
5939
1957
7128
8391
1728
6724
4581
3135
1017
1883
2647
1900
2690
1506
797
2720
6092
6600
7815
1271
9366
8877
4373
656
4884
704
260
9341
1604
5931
3022
9973
5095
5215
5219
1072
4188
2681
8751
5362
6282
1583
7946
1853
5800
1737
9857
5228
7158
9816
3846
1572
9118
3151
4715
9932
9532
8971
9076
9396
2442
2283
917
2667
7629
7939
3337
2215
97
3489
7237
1441
2990
1373
1436
8676
138
2765
2017
9194
8151
1418
9796
287
8472
2387
576
1845
9739
6306
6854
3635
5806
7931
4131
443
8636
5804
4354
6929
7852
3859
6861
7394
6796
5238
5938
394
4290
9795
5382
8502
6246
3603
5565
2080
4388
2185
1233
167
6860
1305
9826
8791
4169
8114
662
9612
7372
9231
730
2197
4687
4100
7654
7500
285
8086
3862
7972
7382
8102
1259
1889
8313
2250
7234
3492
8848
2033
2996
5219
7474
6250
9345
6231
552
905
3424
272
2787
9560
1105
9649
2854
4589
6675
9831
2971
9570
2736
5951
1855
1321
5225
5292
2617
6927
2177
4001
7140
8727
3676
7288
9559
9868
1880
262
9580
2741
5124
5256
5232
2877
2649
1079
3446
8536
6956
7947
4059
260
7975
7343
6225
395
1591
3963
7120
7471
1184
7726
627
1889
1527
8744
8019
105
6259
4305
5363
4595
7209
3944
276
1717
1475
165
2570
4747
267
1968
9685
2713
4580
1503
1258
7390
8938
4179
6710
1879
7398
3425
8459
9512
1834
4685
4688
4122
1957
9184
6383
1332
4332
9510
7657
7832
521
3516
5175
2098
2646
7504
7380
4224
5442
726
9327
1673
9050
7712
8733
129
6318
1737
5855
6884
5856
4000
3859
1059
2509
3128
607
2358
943
617
1269
6658
3376
4090
3990
591
6100
3956
7136
245
1330
1945
7818
5451
5217
2887
6405
1410
1325
8999
3052
4894
9118
6603
1221
977
395
1777
3139
2672
1934
6959
1943
1139
452
545
5057
4768
1376
7277
8637
977
2609
3972
5726
9287
9466
3525
927
1365
922
659
4660
30
3113
3426
9394
1446
9389
9880
5804
2874
9231
2011
5728
2380
47
5122
490
293
721
619
2966
3067
4758
5789
1530
3813
8088
2762
4904
7614
5968
4045
4772
4376
8080
9198
6217
957
3913
7886
4795
9162
7962
278
4540
6226
1106
1291
4658
7376
5121
4751
3664
2378
8378
8254
845
2496
3347
3702
7864
1464
2437
4948
6324
4553
5752
1369
5403
7217
6276
2592
4088
5032
4762
4522
8288
4972
9403
6106
6298
7346
9827
4873
2906
1224
1955
2397
6008
7164
6248
8765
1795
6203
1425
2742
5560
8311
6602
9479
5884
2675
5612
3733
5441
2349
530
8527
8275
2897
5825
6791
6398
1606
532
1033
853
1134
6329
3890
960
4182
2056
8631
84
4330
6384
2501
6507
3466
5370
3028
3522
704
4466
2918
9450
3042
9377
2632
9971
727
4679
7976
4787
7154
2729
6012
9067
8382
7460
3046
2954
3809
9250
5003
5811
2035
1412
5648
6502
3434
3
838
5577
3891
2211
1927
7257
4637
2438
9907
1300
110
1565
1698
1841
1056
5114
6375
6035
4631
895
7584
4259
3606
570
610
1748
4720
200
6539
1723
1698
9952
7223
1766
2331
6104
1653
551
7496
1296
9973
9884
2968
1027
6343
5716
5977
7888
6950
7177
1821
5600
9865
5982
3968
262
6440
9303
5296
1556
4174
7835
2866
8930
284
5972
1512
8520
8691
1569
4810
1800
710
1973
4908
8904
1522
642
176
2752
9117
366
5578
125
9656
7015
884
3015
7266
7868
2066
9411
2193
4870
3322
1095
9153
1769
4431
9719
5980
8621
5370
6830
3791
6282
7988
7213
7669
6928
1983
4617
6984
2114
738
911
8600
2323
3180
6075
1653
5472
843
5574
1644
7881
3342
404
3975
9661
535
6785
6633
3324
8034
4177
9143
8448
715
2033
916
9897
2561
5423
6744
1385
5829
1218
1276
4652
5278
7134
3660
2602
1125
1450
8216
5227
502
4019
400
4312
5721
218
8401
2319
7257
4198
7719
1039
1873
2857
9272
946
8669
5847
1791
4077
9650
488
4143
2825
1665
8150
1134
6672
1626
6327
2236
1345
5216
3368
6155
84
5102
7344
9211
1082
327
7688
1496
6317
105
1531
8153
2023
9899
2540
363
5778
3624
4988
1062
6211
9667
4288
181
9259
3037
4609
1442
8455
9019
3088
8932
1029
3004
6134
8862
8403
131
2475
9005
5175
2625
2257
7615
5617
1438
890
668
3473
2219
6103
5008
7486
2200
509
3462
1634
2502
3060
977
2082
753
2081
2978
2598
2972
4152
1796
5318
6858
2361
8740
6496
9270
4355
5121
3058
5782
6081
226
3845
818
337
4656
7112
7783
2220
6365
9233
3616
3559
625
8303
9329
754
800
9937
2233
9610
2630
7240
4587
2648
8514
7797
4624
2266
5542
694
6549
973
9294
501
4024
4848
558
1624
5001
9090
3598
7182
9186
3107
7576
2031
4780
2718
1456
7881
5524
310
615
1829
9175
1846
4400
9051
2485
8316
5624
949
7427
2696
4674
6745
2886
3612
672
867
8037
9527
8129
300
1236
6589
896
3198
7212
1382
3971
5432
5740
1939
6887
8352
7600
1025
3494
7160
3104
4418
9519
6791
2172
9879
4198
39
3200
1259
2068
8000
1140
3441
8417
4810
8241
5714
2590
7810
9560
5068
2215
1285
3283
9773
2744
8325
6913
6171
6682
3191
8708
371
6021
4498
136
9889
1192
7544
1682
9244
282
8429
4160
6715
9478
6622
3419
8370
8242
9654
7595
7425
26
5532
9478
2502
6900
2106
2526
3063
342
5138
2447
1096
6860
897
9037
6066
1061
580
9794
9667
1668
1933
2541
9499
7349
1342
910
3741
4666
1358
5448
2541
7795
3490
7627
5643
9938
3366
1623
3455
4643
3452
4981
1099
113
8889
3889
8782
3650
162
5445
2517
1043
6071
1797
5147
6329
8740
6834
7192
5027
567
1790
6011
4168
4636
249
5358
9850
787
812
600
775
2749
653
8304
6794
9154
8077
1613
6414
1471
233
4606
5104
6185
274
4049
4504
5511
6523
907
9894
3766
9182
2163
8820
9850
6315
4638
2035
4663
8473
6493
3722
1809
258
7457
9792
5686
9518
6879
9538
2140
3265
630
5186
6453
4681
2565
983
8048
1764
489
4475
5218
1958
9595
5212
7995
4007
9887
3770
7532
8582
1859
1190
9104
6573
1190
9403
3023
22
6688
1463
1206
1802
3171
7269
1603
9030
5792
7607
6902
792
2837
6919
2502
1112
108
2301
3806
726
7097
2499
777
3478
6167
2976
33
8821
19
563
4544
1469
831
4427
7397
3381
4398
7502
1378
8457
330
1062
2323
6587
3789
4483
6503
2175
2539
8361
6
3085
7381
311
3562
42
3148
1600
2456
8207
8522
1147
1408
5807
3366
7213
9133
930
7133
6675
9891
2640
1515
8003
4249
3048
3247
1831
8655
743
6166
4395
5186
4149
6973
6700
6655
1808
2508
609
99
2387
216
2612
2558
578
2614
1337
9000
7650
1018
7456
3505
9621
3421
8868
1255
1587
1761
8270
935
9074
7298
7961
8689
3434
9988
3036
309
8555
5453
7340
4678
2701
2684
9347
3009
8926
108
4869
6510
4899
3585
2685
7426
267
4388
7888
7138
4533
5001
3276
6929
1192
981
2110
2960
5198
7368
862
3621
9482
9164
150
9307
2470
1389
5916
6619
4058
8880
1371
8105
1543
3011
9841
1873
1052
8729
7551
7092
3432
8226
969
6942
9493
1000
6449
5673
4623
6234
3596
8996
8328
5084
1188
4026
9760
9681
5993
9495
2018
698
963
9920
7373
7065
3811
8675
5747
6727
1370
1536
1811
4578
7344
8413
6431
7110
8840
4190
1632
5002
4827
6621
4430
3398
5332
1336
791
495
658
1055
9977
4366
9255
5016
6918
3104
4122
1906
9250
8466
6648
9523
6880
2323
5802
1036
2830
3334
5407
4507
2603
1030
2787
2758
2720
260
4011
5137
9295
4658
5636
9561
6874
9127
8410
620
1163
1900
7711
4486
3765
4467
6178
9796
594
4842
2680
577
2343
5196
8827
5081
360
210
7585
6982
5436
8860
9682
9019
7158
5346
9584
1051
5546
5725
8854
3653
2012
6581
621
9878
9858
6758
6545
794
8598
5107
664
3351
3162
1428
35
1294
6945
140
2262
3879
5942
2823
3056
736
1010
3621
270
2113
6132
6411
9270
725
4407
2627
4601
4856
5395
1630
888
7885
2980
9507
2609
1745
135
5029
992
8225
3611
2479
8977
9647
4903
2813
8639
3269
2230
2899
109
2643
1600
7697
4893
7084
8682
640
3275
3976
6608
1348
2308
596
3342
1251
6013
8696
2650
7736
1917
2346
3597
1240
54
2730
8585
5463
1955
992
4819
1718
7212
1379
3286
3776
6455
3197
2679
9105
4906
7870
2559
9681
463
8154
7443
4201
8544
2152
5691
2784
9582
7063
1058
6615
2462
3179
1614
1672
4026
9682
5817
3732
508
6545
5353
1401
1241
3699
2399
3332
2402
477
5145
6364
1560
3942
7783
1807
9746
4436
9840
6622
6253
1000
2131
92
3342
8828
391
2784
5190
5865
3188
7717
158
7969
9272
535
2028
2914
4115
4810
1606
757
9094
2640
1776
3806
3314
2640
3806
119
5746
5488
7987
4185
2168
2102
6179
8054
7972
9937
1281
1938
6874
2037
5435
6027
4872
9875
2621
6568
5021
1853
4708
2037
1966
4017
3837
7755
2204
5919
5082
2616
9658
3302
1861
3569
8499
4372
160
2544
1952
7478
9158
9992
501
1237
7487
1639
4817
2384
3374
5606
1526
7896
6831
9898
6923
9209
4259
9958
6306
451
9809
354
655
6547
5981
5800
9376
9278
820
7301
5525
1254
9465
4572
2443
1155
7633
9038
7370
1472
2902
2374
2020
4255
7745
462
9953
8434
5055
7047
4981
7404
4390
3368
3415
2143
9472
1685
2266
7078
2159
632
7480
1381
8341
4392
1992
1045
7364
5765
8094
5872
8081
3382
1343
4603
1856
4227
9881
3409
4786
9813
8513
1351
9875
6709
2683
5754
6956
1730
2148
7625
1758
1396
6675
8419
1247
9561
5951
5280
7285
7143
915
6465
9573
3127
8019
4968
8217
1174
8365
7357
4748
8743
6399
933
9185
8737
3274
2833
2372
601
2152
5886
2901
1758
330
9955
9136
8176
2042
5057
5402
4573
5359
9458
6299
4739
8083
4792
6046
125
9893
6705
5553
8486
2882
5437
5417
3888
6656
9281
7921
5421
157
1951
5217
1666
2970
9550
1218
4202
9971
2223
7134
9998
8252
5973
971
1041
8489
7575
9208
448
4553
2148
3307
619
3126
2032
6305
1617
544
2499
1294
4714
4960
6559
1272
7144
4715
2268
3260
9597
8652
3745
5300
1438
2018
2455
7324
1787
8174
7467
675
4823
8030
3118
669
6416
4275
1953
6993
216
2074
1391
9504
9462
5634
4506
1039
290
4048
4676
2050
2179
690
1707
4599
1931
1916
265
7351
891
2521
975
1890
3708
3309
550
3029
6838
2685
5373
7265
1289
153
6361
5054
2041
9406
4007
836
5456
6756
10000
