6 42
17540
145
1563
8052
6314
5279
8899
9918
2867
8515
2466
6690
2461
8288
5136
8857
9545
2259
1360
5655
1170
1340
678
8870
2475
992
7077
5445
5277
1657
920
898
2347
3840
9739
1893
9964
2453
8639
7836
9989
6361
238
909
2787
1797
8927
9303
3769
8351
8292
6043
565
16
1412
4125
1092
5544
4568
7589
5473
6750
6797
8826
7807
6260
3116
463
3949
1655
4491
5534
2358
4054
5511
5971
9921
2832
2883
8669
2340
3616
8700
1282
1903
8078
6873
1036
3423
555
9054
8744
8241
4258
2909
4878
8560
9960
6694
6960
275
6114
2605
8284
4057
8196
9441
3826
4076
8941
1499
606
8025
1363
8097
4093
93
6636
1909
8767
3581
6995
1351
4001
2020
2584
1601
2980
6555
4525
3729
2569
7401
356
1008
1904
5819
6885
8681
7181
9155
5551
2203
1018
4713
3633
7484
8598
9908
1925
6019
5319
2336
7332
2243
2621
4467
4187
9861
7604
9336
9986
8503
7110
2998
9556
662
8288
2919
1431
6436
7373
6567
449
7066
177
9133
9501
1656
315
9153
5296
7806
6479
7762
7
9064
786
9688
2177
2075
3764
7279
635
6318
96
6718
1241
8876
9876
6231
175
6937
5434
5877
6541
2800
608
5310
8483
1958
5516
6561
3220
1576
8576
763
4968
171
1612
1000
2018
46
7025
6359
5039
3504
3500
9135
8063
3129
9654
6693
4665
9907
2089
4161
1848
760
3676
5638
4363
2465
9107
2840
7289
7986
1251
609
892
7717
3434
942
4296
7447
6258
5384
9435
177
7924
5564
552
8309
6681
6371
3478
1623
6699
9416
2282
9706
8528
8104
2426
1042
156
2388
1446
3388
221
1106
729
6574
7693
4030
4712
8122
9177
5992
2624
1950
6432
7776
8833
3943
7802
4637
8404
6623
6608
4382
3339
3038
384
5233
6696
3813
2955
1578
1995
6014
1748
2717
3398
8177
6582
5698
1325
7795
2981
2656
3851
986
1779
3986
3677
6966
3168
6458
2728
467
561
8250
5638
7095
2247
3446
4402
6218
3195
6003
1412
3207
7111
2150
3793
4977
8163
3364
78
9595
9243
9918
6628
4946
2592
7160
2681
6189
9010
9634
1243
9739
4234
3897
7681
4561
431
3699
2571
6429
9024
466
3473
775
9194
8297
1071
456
5720
6423
2033
6820
4546
6209
435
8042
1011
8415
6857
594
9335
4796
7477
2046
2991
1708
3088
8292
89
840
1437
6405
7224
695
2601
875
8661
9061
5896
3586
6703
5193
5077
1883
8789
1734
1789
9980
2283
6379
4040
1040
1463
8178
927
8788
9128
227
5074
5785
8628
8728
9972
9131
2564
9926
1104
5833
9488
704
4898
2657
5487
7499
6039
7367
5179
7829
411
4256
4113
3366
2715
1322
3262
8841
893
4088
6338
5505
4732
4709
9526
639
4175
8613
8449
5078
8115
2617
6197
7857
3448
1456
3377
9325
281
495
234
3126
7526
5390
6661
3670
959
1581
8674
3152
4347
4158
6302
7278
1043
1843
2339
8864
3259
7119
739
2289
3416
2838
9385
9681
1185
7558
1371
4161
2109
5899
1019
156
327
8926
5961
8035
7495
7661
2184
4133
2530
701
9335
1732
9814
6905
1641
9580
5171
3469
6695
9676
9144
8276
7429
3705
3717
4029
7397
9186
2652
2850
7910
455
3046
1429
6029
3654
636
4514
8829
3816
950
915
2679
9803
261
1485
845
6270
4889
1977
8800
6274
5319
2587
2019
289
921
3258
778
790
8160
2498
9061
9451
5880
493
9520
6938
3818
4503
6950
8125
1086
1316
8803
6105
8432
1820
1144
780
598
747
8171
5866
1552
6838
918
5391
3115
360
3297
1818
10000
1691
1468
5405
7767
9203
4307
9041
1122
7394
967
286
392
6681
6039
7237
1016
1549
9808
5022
9225
8906
1146
8685
5341
6733
9675
5034
414
9772
3666
2621
7427
3626
9911
3882
9146
2726
9666
9271
691
7597
7553
1888
585
2808
711
717
7065
4485
1886
977
1955
3839
2700
1410
9298
8149
4376
8079
6141
8656
7524
8943
9283
4437
2476
8809
6428
6198
1798
1683
6848
6924
4983
1823
4887
3756
540
1572
744
3551
5741
4517
1483
6722
5793
5471
8394
6072
7192
1744
5121
7965
7438
4035
5060
2130
563
6944
3055
1303
2129
9550
738
9069
2079
111
9726
137
2940
1280
1342
4606
5808
3289
943
9754
9256
3215
5481
8430
3598
554
6444
2440
2905
4838
1075
9360
8883
7880
2914
3519
5188
9823
1394
658
5445
1309
5796
5293
6724
2240
7736
9857
4306
8830
3266
3392
4375
8969
3003
5021
9620
7396
2409
5084
349
267
7062
8945
7159
4041
6922
1049
6257
1439
201
196
523
1100
5294
1883
5928
7126
2214
7211
9528
4452
1824
1883
2132
3511
1290
288
9059
5220
4053
2685
3124
5693
2338
5584
3958
3451
4732
5889
2015
5314
3665
8065
5011
5239
3626
827
5986
6764
3895
6453
4782
7359
9789
497
7673
2364
1318
1612
4563
2579
9443
7527
1508
5699
8582
6913
1157
4198
9207
9349
3307
516
8939
7580
972
2309
3226
8538
2025
6729
5308
2007
2220
4820
772
1
3067
9207
5359
2715
9321
857
2616
5682
5478
4082
8117
6913
8416
9971
3002
9942
3435
3629
2
6699
2722
6494
9739
746
6103
6281
3043
5707
7302
4177
5417
475
7320
5225
1864
7497
4305
4272
3588
7012
1935
8329
5623
2500
8701
7290
9222
8263
2628
4917
8721
5257
654
2043
3072
8679
7202
9423
4340
4025
503
1130
7577
4735
9122
5295
6111
21
9328
2635
9400
9636
9180
665
899
5235
8292
8272
5230
7636
2515
6626
2076
3261
8471
1569
1876
7349
3999
1077
4321
3605
1142
4214
5369
4909
1332
6269
6789
6237
9217
5831
7538
9933
736
7009
3334
8552
4015
5104
9898
704
2712
7452
2172
2594
3185
7756
768
32
6572
916
4937
203
6318
9266
2883
5858
6502
8686
2177
6727
7642
9337
5285
836
1527
8017
5731
8823
8771
5568
8066
5605
5941
2541
700
5309
6827
6113
8637
1025
4687
2293
1548
2513
1967
3249
8478
1761
4110
5064
147
2248
6052
1466
3130
774
8934
2504
482
8766
3240
281
3312
8735
2908
9021
3
8102
3030
7753
337
1178
574
3307
3579
1103
3517
432
9247
6763
7799
4373
1984
2671
1972
3364
3067
7491
1733
9561
2336
9566
1417
2691
6249
5807
8487
466
307
2308
446
6619
7762
4073
7857
2978
3866
1183
3526
6211
5492
7088
3668
4798
1323
8036
709
1771
8588
5932
5634
6431
6689
5989
604
1845
5162
5267
1709
2435
3134
6673
3803
6723
3241
2608
4325
2306
7600
8136
9571
3280
7312
4457
9218
3736
1396
8552
3646
3500
6394
5890
1565
5105
8526
5737
8651
4092
901
2111
4072
1405
8949
1815
8372
3204
6142
9647
5755
4271
5093
1983
7008
7172
5246
1617
1640
7803
8845
3543
9946
3722
218
2653
1857
4023
719
1153
9482
9673
4759
2362
1228
8597
5040
1290
2735
8503
6269
134
3793
8
9010
4624
36
9015
6868
2335
7821
62
7135
2503
4844
7678
9767
7004
5766
840
1258
1990
2036
601
2292
4771
8530
1682
3820
530
3259
7895
5991
4515
5306
3693
7136
896
3399
5532
5722
1403
6043
31
384
6804
4128
675
3479
9041
9478
9663
488
2636
6864
2785
7799
7406
9959
7551
5581
9612
7912
2250
5354
4250
1328
2126
5141
1981
5150
754
4090
7404
9815
1967
9536
7987
9657
1915
6831
4358
6105
3810
1108
9363
6759
9434
4309
9361
250
2302
5737
6011
6914
8041
1435
1831
7053
5148
1048
7528
1125
2600
5756
4411
4040
1052
8944
2234
5541
9607
5739
5105
1219
8585
6469
1371
6126
6589
3594
7987
7247
5727
6526
7383
6563
1801
7284
3534
134
755
8004
3530
3235
765
6004
3055
553
7211
2554
7607
263
8615
7619
6159
4556
2970
2271
6979
1618
8656
1690
8897
9539
2356
6367
7723
9230
5669
7452
3895
2389
8923
1503
3391
6701
3305
3329
2224
8118
6817
2196
5101
4556
8345
6923
1714
7250
5169
6575
7438
1495
107
606
1489
1587
407
500
6733
5067
4610
7994
5711
2562
8843
2166
682
1760
3873
6019
9065
716
2698
9292
7590
7993
6561
5778
4227
5656
5363
5322
5877
1798
8248
8323
8955
3077
7316
9290
3222
4775
3660
8169
1095
9093
6155
4024
854
3022
6191
2806
7278
5439
6895
5907
5351
7926
3863
8872
1646
294
7417
6810
65
9113
3215
2617
2740
5092
5258
980
6173
5126
6217
7034
2126
7346
8483
2403
3997
4580
9577
3924
8823
126
662
6467
541
7787
3684
1336
8473
8615
4414
7220
7946
6100
3511
1710
2552
8407
4568
6174
6445
3443
5746
1326
2966
4087
9896
6047
3138
9370
6184
6640
3919
4020
7237
7749
5487
1551
2286
9806
235
2227
4180
2322
9335
3204
7702
853
1887
726
324
590
7833
354
1310
7576
505
1305
8153
3284
416
870
996
5895
9340
522
774
4417
9922
974
6004
2414
3483
731
5462
8539
1457
9708
4425
5741
8029
2212
4056
7834
477
4274
7571
8288
5425
5150
8520
5861
5376
8639
4597
6430
4585
5496
7412
3487
5455
9420
2294
6035
261
4066
6221
9115
8944
7145
3443
1863
991
6131
9272
1099
222
5218
6491
1936
9428
5939
7184
6818
4969
11
7634
8957
1240
8965
5265
7097
1102
2500
8687
1805
1932
5688
6401
709
1066
1421
1821
7918
106
9266
3165
1467
2022
5455
5632
4029
2477
3677
2312
8139
3552
108
3590
159
3621
7882
6136
5267
522
7433
10
8544
2589
7686
5158
2337
1739
692
9461
4105
2966
7035
2146
2368
8236
3330
917
6048
3855
8068
1287
3103
7361
1181
4311
3754
7066
1658
1041
373
7543
3689
7753
392
5642
9079
2570
2601
5046
6425
7386
9363
8185
9019
4605
2358
5868
3262
2810
5444
2806
209
5177
1168
34
9442
4475
9428
700
5576
213
7147
7870
2343
2408
6408
4467
8577
6225
7992
4183
1691
1161
4129
9874
21
5379
638
4855
1923
5662
3935
7896
6426
9794
8619
2621
5467
6061
5606
7442
5666
335
5436
1849
9488
1131
5442
7287
1819
7395
114
5285
6284
4714
7581
1457
9009
2994
470
1483
352
8367
4743
3181
1671
7400
9622
3573
385
9414
2216
2935
6595
5597
5741
2765
7288
82
5083
9526
1374
3804
8463
6358
7134
4803
394
1860
9113
3486
8532
7738
1844
5412
4296
9276
598
3944
3464
457
3104
7707
5158
2142
2723
2818
8151
246
1221
2079
6130
5925
3974
7919
2117
2820
6183
1020
9223
3793
3157
3808
1088
9187
8532
2416
6054
9520
311
120
4553
3772
1368
9716
4597
2759
5338
1854
5109
2389
1782
8
3644
2249
1571
5893
2517
4727
3159
5791
2215
989
3657
2897
5056
9866
326
4003
6683
3809
2083
305
9649
5897
5179
1514
9436
1795
9891
3485
2473
8107
1070
1292
4192
2524
1989
331
7276
9542
2157
4372
6262
5444
1765
6138
4174
2918
455
1456
4353
5828
5818
858
7868
9381
6139
308
7316
8993
7056
467
7396
2011
6200
12
311
9033
1039
1345
5305
9370
6760
383
2520
174
9384
894
2834
8897
8218
3360
1501
1988
4937
7354
1740
5883
3634
7839
7378
3409
3376
6479
5974
6124
362
4788
6041
612
5930
7206
1694
957
2155
1984
5353
4751
1520
984
5014
2995
7931
1132
6533
8022
5968
6284
621
1
359
6974
1972
2364
6147
2709
1129
1575
7293
9837
6924
1594
798
924
2829
3986
8547
1222
3389
1474
8405
6673
8108
578
2750
4553
3831
5155
7894
4419
1750
974
2321
3415
3244
5905
5769
6796
903
6905
6805
4970
1707
5629
9477
1967
6803
7251
2214
4688
3997
9200
4430
7441
803
6122
849
705
4807
5638
2156
3918
7486
7151
3308
167
3784
6163
627
2827
1221
3585
962
72
6173
9096
2722
6247
238
4186
2746
94
516
7805
6449
4749
735
4273
2006
2270
6844
5508
6067
7214
9776
2581
3181
8598
3210
3527
511
1342
4834
2203
8962
621
2072
2161
5458
1659
3175
1164
280
9698
3318
2661
2709
3744
2359
9853
1016
7526
6064
1828
2160
7663
3983
429
7881
5670
4352
3883
4897
4860
669
7987
6725
7696
9898
6019
2300
2548
770
3668
8263
4111
3215
5696
1157
1552
5254
4023
8749
7583
7326
9921
9899
598
2296
1264
2832
2887
4301
9669
7429
5114
7248
6333
1776
9675
4404
2883
4792
5238
536
117
7922
2315
819
9858
1132
1750
1349
889
1090
3620
2519
6129
2905
5041
7552
5825
594
8409
1656
1579
4206
7524
2678
46
2188
534
3555
3230
1405
6974
2340
5279
6560
7826
9947
3591
2730
4365
5992
9193
8296
5179
3977
587
4501
7520
2175
6729
5979
9404
5456
1337
5493
2254
2954
1046
6577
5382
2347
6852
305
9746
6697
6854
4791
2521
387
1894
9149
4168
1351
2317
2875
9105
8298
1690
4932
2720
9245
8469
9873
6930
1769
4451
5718
388
7482
4182
6870
1094
1748
742
1057
1993
949
9951
3776
1113
4493
8023
6044
9618
7485
8291
3409
3366
819
8855
5845
7308
5894
1239
944
2116
935
1925
1765
7757
4201
6186
8307
5677
8698
9507
8447
8608
5851
1556
5220
1145
2291
6257
8767
8384
4035
2545
9029
3240
1143
5285
6871
2692
8204
4347
9467
8925
8203
4081
7450
9405
2756
1191
6671
7203
4404
2186
3130
9224
1747
3295
4139
5762
8080
4667
9594
4591
6827
683
2172
9597
9317
2447
6279
1204
6314
4503
5199
4146
4147
3971
5217
1295
1325
7976
8293
9343
1574
9906
3749
7163
1337
6968
1625
5405
4889
6817
2201
7105
2979
186
5826
8907
2415
5594
2029
4391
8248
5827
2272
173
9790
8436
8269
1376
4264
2723
5578
5835
8891
2046
3113
2194
7972
9012
3788
8883
7255
2822
2725
5715
3025
410
9051
4941
3491
2709
9010
5776
7151
4313
2596
2229
7650
5338
5674
2335
8282
6259
1479
6016
1006
3487
8190
3305
7352
507
2810
599
5684
1060
1462
2187
9852
3649
1454
9837
9859
6624
9037
5336
1284
8894
3098
8369
1749
3566
8958
7785
9681
9578
9494
7585
5136
1187
5644
6992
7537
9944
4186
5028
7715
8167
1168
271
8703
6836
425
1324
2042
7368
6385
9499
1267
4846
2311
9483
2084
5798
6577
549
5408
2787
9194
11
3407
2073
6302
2374
4469
448
6722
6710
1327
4564
5999
1870
2703
8783
2190
4440
2068
1526
1199
6669
5602
5915
9312
9292
5681
204
3914
5435
4769
6169
5170
9426
4978
2387
6213
1615
6446
9792
4238
1310
1536
7230
2565
1926
100
8472
760
9817
8994
2236
4375
1702
5145
9426
961
9880
8
8746
517
3696
2187
4641
3616
3730
510
1103
7297
7795
6884
5915
9398
4566
6560
342
6114
773
1495
6761
3455
6449
2318
5365
2677
8673
8637
2876
192
633
9567
4403
1155
276
4441
530
5743
1952
9403
3748
6693
3211
7083
1400
5406
2281
1650
5692
7114
725
2607
4681
906
7871
5808
7806
5329
865
4409
6700
3252
9303
2064
1187
3702
390
6192
8042
6073
3191
1495
6871
8474
9376
7935
708
8784
8620
5266
9503
198
8841
4278
667
7055
8743
9203
5766
1247
5252
8678
7676
4166
3704
2242
4128
9549
4645
7224
4313
7967
2139
1954
5281
8105
4250
8215
8469
3829
7817
134
2848
2457
3098
2465
9505
858
3793
6508
5420
7983
6316
12
9992
272
4488
810
6516
5956
1157
6907
8362
4273
6326
3626
7579
6279
541
9053
3954
918
9703
4952
6766
4086
692
5484
1675
115
583
466
2261
8306
6694
7633
768
2217
7903
4453
8197
2641
1727
5263
1080
4976
3345
3620
7854
2320
1877
2227
1078
3736
6941
2685
1612
1560
3562
2297
2306
8701
2272
9794
41
9155
3768
7583
3477
6726
3026
6888
4506
3487
7373
4668
9062
9545
9155
7786
9520
8013
1100
6342
6690
3749
2262
9505
6003
1696
7332
5929
5634
9974
2087
4705
770
4393
1371
6555
7287
5538
4537
5036
4574
2066
1090
9852
5247
3524
9780
3473
1479
4831
5798
7887
1220
1265
2292
5849
6811
6533
1312
5580
8833
1664
4380
2451
3012
4815
5316
3598
7716
3702
7182
89
8549
6119
9564
3429
2747
1300
4078
4005
897
2885
7243
1232
804
8843
2662
3661
1934
7803
2321
43
3717
3756
5280
5192
827
3669
2335
115
3216
5111
1301
9209
4843
3076
1452
3136
2081
2276
2035
6970
4257
7508
5923
7578
3448
7880
131
853
5827
5871
3630
466
3978
599
4804
7651
9296
77
6673
8159
6884
1436
7309
3823
2889
60
9107
9060
5644
6399
5410
5931
3535
8196
8777
4298
4570
5851
9822
1310
8432
9091
9428
5880
6244
6033
276
521
55
3912
725
9370
3690
2129
3975
1333
1439
2832
9617
3644
6000
2457
7088
5950
8967
1372
4723
67
6990
2483
8629
1479
721
1685
1415
434
9018
2736
1850
473
3000
913
7167
508
8777
2720
143
7880
6447
5137
3762
2746
7592
4255
2787
828
7342
390
1893
2499
5406
6342
7338
2720
216
5864
7742
635
2681
6698
809
8439
6284
2045
9592
3457
1928
7578
7487
3865
3182
9353
4299
6286
7799
7202
8295
5868
3708
8297
9343
505
1924
6540
1275
6188
9938
2470
244
8107
551
1688
5738
1324
9086
6906
8042
745
334
555
6041
5668
703
7554
7673
4828
346
1723
7759
5110
4139
9535
870
6411
6056
5498
9659
9013
1159
2041
2738
2358
7821
7554
8054
303
4372
316
4543
6199
3063
9881
3144
1167
800
1505
5070
6825
9131
8793
2632
8565
8495
1006
2253
2130
1952
6187
6244
4293
4477
4808
8254
2489
9854
4687
2007
9757
8898
4025
3097
2586
2117
6029
1735
9745
4579
9903
8600
7553
8220
8221
9963
511
2131
9309
7428
227
3938
4886
382
4927
8746
7929
9037
8248
1127
1261
211
1095
9384
1179
1395
2266
3081
5554
3112
1222
3112
2837
5115
172
3558
7601
5163
6731
4193
9670
5072
90
2683
8419
7027
4254
5549
2723
8254
6207
9055
9818
8112
1703
7397
4620
6341
4422
2770
1082
3112
7988
2318
5625
7920
8493
2966
7838
3711
8976
7612
9777
5845
4523
4560
6923
3958
7116
1317
7444
9346
6353
158
9623
8457
467
1706
6882
1287
4417
4348
258
8700
2866
5318
2216
6768
7620
9966
3145
1156
4971
814
7011
1325
5918
7816
3845
1794
2620
2448
32
3909
5499
6665
4310
2357
9482
5927
4661
1571
9969
1148
6802
6908
2953
7314
4546
3393
1603
7191
5519
8643
2237
6018
7386
5075
9023
2576
411
1218
317
9126
8126
8286
1106
4380
2531
3757
7871
3640
4349
1741
5619
5616
7744
4835
4080
9002
422
5980
1314
1917
5796
2911
5976
6462
4903
7103
6469
4667
9457
1275
2320
2559
759
2502
2991
2048
1778
2197
732
2215
6499
32
9324
3133
659
709
8050
2103
5639
1927
2749
1590
9828
6304
3945
6410
2198
2163
8772
9025
3299
6611
1183
511
6661
1330
6089
8584
1793
4523
7430
2809
1357
6660
8631
3722
6436
62
3699
6598
1857
2321
7020
1063
2306
5698
4348
1147
4366
3167
3274
5228
8630
6406
963
3473
1487
463
7689
9247
6690
5939
535
7605
3335
1053
8969
4813
6507
4020
3069
1784
5963
5754
3122
1535
8471
9099
6892
6989
7898
3299
729
3029
4388
969
4454
5725
586
336
202
2234
65
1721
6889
4277
9302
6330
888
2947
2850
9309
2470
2454
1769
1742
2409
5437
1341
4579
17
1267
4509
1136
8719
6817
8356
3443
8715
5338
3473
7839
9452
4857
2656
8270
2062
7057
287
7583
4530
7601
6285
9958
1419
1660
4490
1779
8588
6015
12
5810
9198
6814
7312
8292
5470
5627
6095
4272
4014
5873
9354
3541
9792
124
9153
3761
371
8432
1489
1888
681
128
2647
1121
6464
1772
1794
6577
3248
9455
4126
6530
349
5775
6350
9008
1569
5897
2009
2263
4887
7450
8831
5528
4519
157
4146
260
4865
1915
558
7243
9724
2054
1082
2493
126
2359
8281
7764
3101
2107
9398
1604
3656
8558
1358
565
2718
8708
2752
1822
4605
8442
4969
2800
6524
4485
1713
7140
93
4809
9314
3623
2682
4016
9577
425
6428
603
5477
7247
7211
3912
9325
7674
8038
3830
9000
8400
4211
2547
3819
4655
7942
5487
524
3578
1046
41
4772
9366
2111
9908
9265
218
7412
2350
1133
7512
5364
3654
6307
5086
6999
6036
715
2502
1150
4045
2864
2693
4755
3309
1248
832
2878
1772
6885
823
1214
2872
4022
1973
2944
6560
3318
2672
5179
6978
2065
5768
1196
9680
1686
8851
7297
3227
925
9455
2155
2681
710
4546
5412
5998
7158
3258
7191
8746
664
8420
2509
4724
9002
1125
6120
9611
6843
1368
4076
6283
1996
1748
6924
3407
8395
4269
9765
3172
3383
6434
1711
8713
5513
5336
4069
8556
1444
4901
6336
8880
2638
2229
5532
9222
4266
7523
3902
456
4898
2086
2843
7764
3861
4840
1516
7819
1203
1811
1179
5432
2064
2467
3688
429
8886
4593
4791
3564
1784
4330
5565
140
511
7333
8768
4630
446
2993
59
1517
1175
3641
2577
3559
3906
2792
5449
6922
750
3928
6206
6976
1491
9419
6221
1618
2133
1066
1234
8249
227
5712
6102
5341
8916
5258
3055
6620
1485
6668
7094
5180
1828
3005
6729
5978
3392
3422
3459
219
2898
3991
4624
2178
2260
9217
8946
9854
3487
1011
6645
1709
8309
3279
5142
1731
9412
6750
1591
2740
6340
6040
3482
1442
2700
9130
9398
1971
5187
144
3495
2061
435
4587
8572
54
2749
6623
4709
8203
3640
6076
4917
1513
9166
6862
9680
1408
488
9001
8218
6239
5574
8671
4732
7502
3800
2948
1508
369
7172
9207
7771
1231
315
3048
5305
7028
4648
4764
3385
9054
1916
8182
7830
3280
3721
9126
1618
6432
3094
1185
3603
6713
7530
4954
2323
9875
9299
6313
1870
2934
542
6924
1706
5833
9185
389
7200
1396
2954
6832
823
7522
2864
171
3986
6623
3441
2801
8191
5420
6809
1693
9068
1164
1099
882
3707
572
3060
5821
2705
541
5333
739
521
524
5089
6844
8987
8867
3216
1616
1609
5278
2429
4103
9877
4738
8634
1747
7071
774
3671
9836
1047
9531
8484
8043
603
5395
1407
4521
4768
9769
6593
9868
2639
7161
1295
9094
3279
8079
9817
5211
1830
5016
3486
4014
7107
995
4621
4361
4669
394
5414
2429
2804
8097
7958
5329
8998
1164
6533
1909
4991
8009
2683
182
5223
9682
5235
3037
577
1257
6630
4836
6310
4923
1367
392
5170
3401
2802
166
1665
3201
2402
9981
3780
3321
2814
2758
2553
5729
1379
9465
2661
3887
5276
2093
6937
286
8504
9315
5441
9091
1897
7780
1375
2505
8335
177
382
7374
7887
8756
7473
1905
224
9446
7477
1828
7951
4890
1965
5195
4761
2350
2185
2375
6589
8846
7946
9433
2388
9491
5843
5851
8879
4163
9326
5236
5282
2285
9713
5733
9602
2553
7480
243
5869
2523
809
2125
7752
7407
9431
2220
7947
475
7559
8615
7681
4809
7155
8603
7870
4342
2111
4275
6906
9705
6726
9902
8327
2085
5244
5942
9277
6817
4105
2972
8780
7363
282
4591
972
6063
352
2197
6373
7432
3428
2390
1861
1656
9438
3067
7329
6626
2457
3446
3096
190
8879
4318
515
6927
1418
7342
3260
2402
2975
344
2565
3037
7523
2542
4148
9443
7168
9832
696
8794
6794
5362
8514
6661
1172
1884
2837
5552
1919
2620
3405
9771
4294
1790
6292
2312
5031
9444
3973
230
1217
9168
528
8891
9273
1173
1593
8964
8285
2561
4677
1056
9776
4892
5865
9926
5768
4079
8926
6778
6184
5693
8804
9895
1277
2182
5323
6787
761
9164
7151
2352
4699
7271
7369
2424
7397
5849
9232
4406
848
9906
5595
987
9613
7454
1626
1622
4311
757
1523
7942
6057
3968
6339
377
1343
3612
5911
4283
1173
2532
3543
5357
785
745
244
5883
8878
1044
2470
5618
740
1350
3833
745
8664
4161
645
3050
7685
5757
724
5897
1934
3389
6369
3867
4743
2459
1578
6247
8420
1278
8268
1428
8347
9467
3242
7965
3055
4172
1088
2515
8112
168
4995
2766
8877
6300
4490
2811
9979
2232
1843
8418
4861
7308
9799
3076
8759
1657
12
7807
9775
6245
3168
3881
2223
1573
4613
6580
9916
1758
2643
6141
9082
3423
8852
403
2850
9799
6334
5105
4021
8832
1595
787
8236
951
8076
9084
1115
2398
300
3307
395
5679
7221
7800
5996
6227
5064
8855
3505
3260
2478
2076
1274
1964
4864
8992
8302
2461
2661
6964
2436
5228
9152
4740
578
2482
5964
3033
6569
4132
9514
9073
2265
2471
1651
6635
7508
3612
3938
2837
6816
17
2006
9795
3815
6609
6659
315
2538
5027
7739
1017
5526
2119
2318
2930
9999
6411
1531
8902
3084
2864
3362
2348
6310
9683
6530
2196
577
7702
5799
9612
1369
8007
8721
543
9036
7491
4789
2610
3515
113
6377
7200
7858
3991
6889
5522
8019
2950
3397
3501
8422
92
7244
2359
1985
9485
4175
3598
525
728
2139
2891
394
3377
5128
6695
3537
8532
2266
8856
6016
7743
2227
3804
8269
822
4527
9131
2986
4185
6253
4768
5255
1105
6254
3075
4929
6986
1277
2787
4170
8715
3086
3898
5654
6921
9812
691
2654
3619
6266
5717
8234
2580
3959
7490
8800
1912
4882
4054
3900
4083
2573
5178
1583
4979
9649
9387
3129
9174
2306
72
1543
3176
3990
3070
2320
1305
4666
6103
5991
8726
5363
1839
5190
3932
1844
6686
231
6524
9003
5338
2110
2306
8142
2804
3083
3518
849
5399
4167
436
6749
5831
9704
9417
9893
7293
3453
2133
9366
5505
3593
2549
3353
6789
2554
8510
5643
952
3140
6001
2102
1713
4089
2105
2053
1317
9701
5082
1262
7198
3506
2575
5697
6037
1685
6530
1705
7141
8937
1356
6896
898
5303
3108
962
4876
1114
3197
6721
2678
5780
4422
4615
1123
8663
5191
1184
7221
2879
1819
8167
4555
7262
9263
8025
6733
2021
1867
8329
7930
6539
9390
9084
3290
1404
8387
312
2392
8487
1224
6988
4324
3435
9650
8375
3495
2540
9625
4017
7087
2803
1372
1297
9220
2841
1579
5915
9559
8455
3806
59
1429
9147
232
5
7579
6451
8450
3222
3782
5697
4287
8901
9475
129
3337
4909
2438
2024
3636
1283
8612
5628
2406
80
2158
6598
778
4863
1751
1287
8981
4124
5857
4769
818
2579
5969
3729
6094
1201
1003
6129
7666
8228
3488
5858
2631
9908
3542
6827
98
2557
4033
1774
141
2580
8024
1709
4459
907
7853
5738
580
2972
1410
6531
5489
268
9025
795
668
9922
9696
2755
9573
1281
2853
2117
1233
8754
1614
3488
9293
2426
3950
402
2527
9317
3445
3708
8685
637
3528
9582
53
4920
7502
9915
461
9849
7379
8413
7016
4751
1952
9198
98
7686
9653
4671
8338
3760
2380
6432
6136
9852
4560
9410
4065
3265
7036
1540
5868
9477
1750
1039
9871
746
4467
2756
6594
5874
4497
8845
3769
7985
7373
1431
5036
375
3273
2490
9694
4165
1840
5201
2958
3279
6596
2662
3046
3275
5562
976
8591
2340
1085
2598
762
917
148
9070
4917
8977
9443
5860
6113
6079
6481
553
994
67
8700
6047
3778
8905
1386
4457
3961
9994
4686
1060
492
6181
3300
5673
4078
1274
5701
2717
15
67
6075
1402
1101
332
4111
9196
9199
2422
6248
5544
3047
9082
6514
7317
1153
8308
2684
8455
6284
5064
759
4243
1213
213
976
4405
4195
3346
9829
9652
405
9757
225
1241
5461
4429
3231
5623
4729
5623
8391
2208
5381
1991
7367
7012
2345
2401
1085
2093
8944
5163
2342
2288
6571
536
8535
1067
979
3398
3301
6569
8503
8475
2560
4137
2949
1829
7129
2355
8198
160
1076
4236
2355
9444
7504
7346
7197
3667
2862
2630
2833
6448
9797
7839
658
9239
6837
9145
8345
7883
6017
6435
1896
1637
5016
9053
1457
2584
6199
871
591
8500
8923
8731
202
5397
6006
6505
1047
5987
7327
5206
1780
6685
6314
3976
6886
868
4255
5534
7610
5502
6237
8187
9202
9887
7689
4541
7987
6642
6431
6920
9450
1740
8527
1325
5328
4356
4786
1411
3023
171
1944
1785
1491
1418
7920
8052
1394
8606
5612
1196
4736
9326
2289
2263
4529
6967
8183
1509
4182
673
6650
6688
5043
675
7407
9364
3250
1372
1355
8786
3276
6723
6163
4985
7842
2270
9002
6152
4113
3622
2180
3267
3092
1914
8103
7841
4071
1843
7789
1515
4623
191
1278
632
6959
3027
3355
1483
5186
335
6055
260
215
308
3116
5302
5821
5877
8486
338
1523
2953
4449
5710
3452
4666
7671
5596
3984
5943
9775
1235
5765
4017
2039
3476
3045
1738
2320
6972
1466
7388
9298
7265
8806
8051
3444
7297
588
7716
6425
6936
72
8862
9355
370
1231
2291
3351
9416
9745
3795
3862
1406
8707
1518
9022
384
9408
93
2231
235
9828
277
7090
9965
6740
1239
1476
1707
4709
3810
5705
3773
1056
7771
5816
1452
3721
7279
7567
2981
9557
679
6220
1708
1951
5375
7909
788
5942
7656
229
8035
2646
1767
1039
4497
8264
5326
2459
6096
5390
730
9280
1886
205
3033
9203
8275
1149
8197
2811
417
944
3278
2235
5882
1410
6046
1687
5624
3567
7097
9910
2251
2472
3461
5584
1268
8648
8218
4682
8677
1716
1120
2935
3813
861
7696
4096
5279
2857
1392
5469
115
4160
2435
2037
8316
7635
2831
1709
4560
1460
779
9611
2650
965
4744
5230
3892
1422
1989
4587
4485
5708
5406
821
6357
3568
6202
4297
7555
1120
4817
3698
1967
8776
4215
6677
5755
5819
48
9392
3241
2588
6287
5825
1351
5488
5548
81
3010
3906
5641
597
9209
1260
4560
4388
2296
8186
8219
52
1487
90
5910
9550
9076
9857
555
6419
7299
8563
3618
4514
1577
943
9841
9794
64
9749
4643
3074
2474
1676
7868
7587
3653
6913
1158
6215
5908
2835
2048
8064
2405
8562
950
6845
1570
3491
4143
746
2695
5871
1713
1395
979
6008
7353
1969
6678
7626
3053
2744
404
4097
1526
2407
979
8610
30
3420
7444
6661
1213
9773
2461
2736
2294
3301
5557
6793
3536
3884
4047
9628
1347
1010
539
6588
4427
2020
3139
405
6170
7694
6419
8797
9168
5600
2231
9701
2078
4247
1421
2594
3401
310
8930
8984
4547
6700
3112
3430
9749
8214
3046
1885
7316
578
7436
6978
8070
7774
9283
1251
1637
4885
581
1657
270
9684
2515
942
8754
7007
5565
6299
7699
4021
4203
22
1155
4894
6108
9797
723
861
2035
6576
487
9505
998
2502
7742
92
2825
732
3175
8587
2751
646
8479
3625
8646
2205
345
81
7398
2754
1177
4464
8559
7038
1641
1331
6862
6080
1332
8169
5711
564
2279
6203
352
5034
9835
761
3839
9588
5050
1428
3230
933
7127
5610
8730
3529
9397
2977
7647
5201
9548
4414
1863
2031
7780
7823
9190
6252
611
163
3889
4301
1886
7451
3359
6413
4901
5251
7515
434
366
6108
4881
9766
9245
5802
8761
5124
52
2503
3014
5137
8207
3096
1867
8234
7420
3481
1176
5310
52
6086
4270
9465
2877
5620
3855
563
3188
9306
1400
530
1718
921
5479
4361
9258
5286
2618
3549
8712
1069
9998
615
9486
1715
8679
5224
7249
255
4114
982
5312
9924
1378
1315
5541
3153
9940
9665
1871
9591
924
4541
6066
9760
2597
6780
1288
2657
6533
1062
3378
3915
2772
7947
8170
2397
3050
9989
3445
8454
3560
5844
8976
3820
390
5286
4534
855
5687
8630
2290
9222
1108
7302
8155
1055
9781
6288
1915
1899
1857
1800
7070
1878
8074
1702
4915
2012
2563
9684
9319
5688
3812
9669
555
190
1598
6981
2298
4067
6673
4453
8241
3294
3151
2759
509
7130
2075
1464
3584
2803
5063
1774
1649
5865
3082
7477
1130
6647
5446
577
4903
697
665
8786
9258
2374
7652
1115
9055
2024
4445
6859
7684
8885
9547
2267
7258
7611
500
6385
9497
7783
7741
7169
6755
2378
6480
7417
4092
6070
2284
9109
4599
2289
3126
6076
1217
157
6318
2575
6627
1263
346
4888
2741
1222
3440
117
4783
7720
340
4444
5957
6765
1071
1573
2575
755
1212
9166
3536
2033
6015
9123
592
6575
7231
4387
3967
5310
7722
8125
9095
8389
636
7548
7997
8579
3093
6944
8306
5515
90
1765
7255
6124
6884
3218
5372
398
670
4153
6124
5504
7462
6343
2848
3554
4988
5883
262
1578
2633
7463
9376
3899
4131
5929
2195
1851
1889
3557
829
1884
802
8260
1847
8685
2129
2212
1953
4604
8043
4835
2684
3896
9803
6663
2935
533
7143
988
4259
6395
4180
9400
931
2829
5622
3851
6538
2209
5566
8170
4196
3314
5680
2099
2352
6490
3345
1598
5204
8443
9722
1924
9267
1078
6864
616
4675
4887
8709
1151
9804
6410
5079
152
538
8577
3106
1686
8099
1746
7745
872
5265
9124
485
772
3847
3559
7721
3533
258
5344
3604
7160
7788
130
6533
7851
3494
7878
7907
8843
436
4721
8696
6111
2751
1842
4380
2538
4702
7298
1636
4693
4207
1464
9722
4499
2806
7599
2033
3107
6622
1573
9089
8833
8156
8881
2874
6480
9837
5311
9986
7559
1098
9172
750
5540
966
4454
7679
4356
39
9385
1102
9006
7266
2556
1094
4521
8163
5530
8183
1760
6052
1758
1545
7963
6145
6075
6780
961
7455
1350
642
9054
6420
8526
2082
4110
3594
8308
1037
2291
264
7746
9594
8884
1234
216
3815
8636
249
6254
5949
9397
6380
2298
611
4890
8284
9676
7025
3161
6178
7467
8132
8872
728
3527
5888
2135
5125
8132
165
8047
1220
4097
8445
8514
3450
3389
1360
133
1854
2357
7470
9502
1513
3484
9131
2682
4203
2389
4739
7882
6382
6255
8386
3579
5278
6900
8774
4569
3354
1487
570
4351
2916
3841
1345
9491
4560
2792
5944
8858
2697
1171
1
1262
377
5678
9745
962
1522
7844
8937
3506
6221
377
1605
3533
2720
2289
8644
9303
6628
1534
969
7721
9523
1595
2634
810
8523
271
2987
7383
3895
948
8685
2980
735
4836
2773
7611
2025
1646
985
6886
9930
2568
6728
1818
5401
8083
9583
573
3835
1497
7108
7401
4904
6722
709
6117
7078
4973
7707
7600
1786
1921
8250
357
8133
4219
5564
4298
8892
5855
7376
1214
7812
3920
6957
8075
888
6356
2497
5554
2706
2966
5174
4721
2618
6739
149
6455
806
4408
2999
6896
6874
770
8546
2038
8661
5450
6972
952
527
4507
9714
2626
2428
8360
8704
5730
2621
3929
8944
6059
459
7599
8390
974
3152
6674
9593
7513
8069
8921
1556
9210
1059
1689
72
244
7252
2984
9056
1292
9501
855
4727
6366
7942
2646
9881
940
6494
8541
69
5782
1445
9883
3183
4009
1154
2476
1090
9622
7772
1684
4807
1211
1468
4259
7390
2900
3853
6875
8141
4530
5306
6309
4262
613
6298
842
2669
6418
5330
9913
4906
1347
2267
9907
3014
5460
5438
7602
6285
3282
7664
8710
4623
6124
9388
2809
1235
2572
7254
4478
6527
3665
4368
5316
2522
5424
2750
902
2455
8661
1647
6978
368
8498
2840
589
7314
2458
2804
900
4701
3636
3272
8837
5436
8193
268
880
1937
938
4022
1512
779
8253
39
478
8827
8264
3103
848
1658
4134
9361
7889
7432
375
9153
447
1487
392
8687
4261
5456
4939
671
6503
2123
9924
4785
1232
2177
5376
1273
6529
6201
575
2602
6381
7617
1235
6466
6007
374
4149
2078
7245
3252
300
7740
5303
7972
9501
5449
490
1080
9910
9248
6217
1060
7613
2246
307
2523
9612
7728
912
1300
3942
2029
4058
1217
3851
5263
2828
1263
9984
3103
6096
1807
6229
2918
9338
5173
1690
5145
6085
8162
2086
4459
846
2892
5811
1653
6528
8663
3070
1593
6113
7151
977
2458
6522
4308
7498
2462
5069
2953
9468
9900
239
7727
7996
610
6802
236
9246
2290
5046
6707
6237
9551
563
1470
2863
1698
7534
5869
1526
9917
4711
9735
9803
7721
3238
3923
6499
4343
7613
7283
1454
9626
6391
5229
2844
1753
3073
1811
8888
4502
7830
9074
3475
1071
6667
4912
8134
8006
4648
70
3688
3055
3822
4833
6797
8575
2885
2215
7057
496
9879
3121
293
838
6011
6416
5419
7832
5303
4515
6654
2916
8575
7210
2322
6122
7759
7309
3718
360
3939
2311
2907
1914
4457
4199
2127
9943
592
1988
11
5528
2416
8075
6886
83
4246
5747
540
6404
4534
0
9608
4536
3399
3714
8707
639
5274
9784
6561
8243
7926
3225
4410
707
9397
1086
6986
6440
703
105
3611
5649
3076
2956
393
2538
8223
5562
6610
1104
1877
3124
5835
8824
7640
3539
5962
5579
1774
1134
3570
5293
47
8568
6362
1430
2552
7489
6355
9612
6780
9609
3511
7618
5306
1142
3765
7546
1517
558
3258
7820
5747
246
8916
6641
3080
9522
6533
5207
1596
2722
5442
7615
6784
4742
3270
2155
665
4133
706
693
1595
364
6
3206
918
919
975
2433
4158
552
3697
4042
5685
9232
8984
6835
720
1322
8567
9864
2965
6353
6662
2704
2
7742
5348
4263
545
486
4307
9558
4375
2888
8037
3031
6262
7608
8727
5931
3679
7714
1314
2278
4063
3912
7198
1358
8011
2019
9321
7672
1412
5330
9977
520
6319
5914
1918
6917
4602
281
2442
4061
3559
4523
9943
1014
8813
793
5806
930
3009
4864
2428
3876
559
2391
210
2916
4381
7041
3460
2827
831
9993
9153
5183
8799
1022
5240
8120
839
3222
8659
3461
6803
3257
5476
6099
3350
504
3729
2780
2586
4411
4178
5201
8744
5976
3991
2848
8478
1408
3056
7311
2416
8354
8983
7741
9720
1652
3917
892
4566
517
3057
6708
8213
9437
6264
6065
3016
1038
564
993
2060
3885
4931
1456
3956
5772
7241
2185
2629
791
4820
6412
5727
5460
8049
8937
7813
4276
9495
4329
9453
9345
1232
4151
3872
1289
4104
6476
1020
8191
2641
4776
9242
5935
9404
5628
2668
3326
2447
1652
8383
3213
2870
4258
3152
7862
425
910
6554
484
8154
8072
4767
1150
2566
8597
3553
9402
5434
1733
8935
3732
7311
4734
2210
1093
9717
4013
1416
1690
8654
609
9264
1819
3204
7233
7153
5314
6743
1025
337
1457
719
5070
4317
3353
4702
2544
1772
3945
1337
8492
2869
934
2950
9458
9972
2247
928
6218
5099
8179
4867
6402
2484
2106
1985
7793
8549
1838
3124
5280
5538
1791
5425
1589
5799
402
1834
7129
1199
1274
7535
5010
2827
1806
8959
646
6271
4641
1678
2395
3156
3316
9412
5011
2763
222
24
4468
5464
195
2245
7658
4983
5669
7905
4435
4215
4426
3654
1470
7547
1799
9921
4565
3347
7093
2996
746
5779
1399
9073
6010
6152
4658
8872
7638
214
9141
2769
3574
7149
1882
5043
8013
3477
9631
2911
3728
7401
7347
874
559
1914
9350
6264
9272
97
4573
2040
842
5143
8005
6564
3835
4719
2967
3622
6886
5222
2482
5840
4734
159
9898
711
1421
2276
864
8127
7368
1550
4297
7999
1845
150
1811
4506
6262
3285
9701
5797
8945
2991
7823
539
426
2323
508
9528
2284
6330
3458
6735
883
3882
5976
5000
7125
9087
3384
5881
2094
165
7440
553
5233
1785
484
4467
1509
7006
7728
4998
8288
1637
3808
9265
9180
792
1047
6247
3057
2353
8695
7593
2736
8831
592
9152
8526
3594
7381
375
2430
5106
2145
9559
2027
3862
1790
6134
6002
9898
9879
6927
738
5375
9568
5648
1272
2022
7089
4457
8120
7500
1643
722
9852
57
2955
8197
1486
1935
7109
8750
6207
8304
5286
5353
4933
4342
8976
1372
2333
6192
3348
4363
7858
9419
1058
5529
5662
7977
9874
8630
5022
3485
871
3075
9564
978
9307
8191
8796
6697
4703
7256
4567
7284
2470
3771
7405
402
5932
6691
5350
1251
2365
6638
899
9257
6596
1100
5677
6217
9380
5961
6538
8479
2836
6246
9758
5074
3565
3449
4642
5210
7421
2316
9200
5173
3575
4435
1532
8436
1676
1531
8737
9445
7131
8579
8047
5769
9614
7486
6895
2667
2616
5732
9602
7097
6346
9231
7156
6955
9449
7605
5672
5727
402
2229
5105
2398
1684
2461
6334
4049
7576
4451
6725
1797
3815
6036
8880
110
4194
4452
8208
3317
4270
9956
8081
3172
8093
2908
6263
5770
3878
1489
5461
1245
8378
8231
593
4985
4148
9518
521
2065
120
4173
4092
9404
5622
1412
8203
7119
1244
3644
4581
1462
8827
1663
2765
2518
4361
1088
2130
6263
810
784
1746
8446
3963
666
1754
7321
7054
5536
6969
992
3681
4067
1692
7896
1729
2606
2216
5320
9558
2406
1524
7055
3975
445
4143
1866
9319
9460
5883
1542
4641
1135
4724
5991
2126
55
756
1096
2460
4232
3774
6848
9457
2142
8159
9563
7285
1305
6818
749
3046
8900
5097
9053
1674
1384
9628
5460
5017
8353
9193
9256
6800
4739
5990
6230
5722
6028
311
6365
9461
7584
4903
3806
2057
1049
5437
1231
4467
7456
2066
360
738
2517
4667
309
2618
586
8032
1227
333
8269
1513
939
4687
4821
4066
9018
7194
6678
9208
482
351
8591
9545
783
2922
6373
8782
8092
1429
4791
3241
325
4023
8998
146
979
6241
3475
3392
783
4793
8820
6667
5434
7208
2861
2698
9605
9634
918
1250
9168
8935
1277
1051
3149
6900
2814
6759
5401
5061
5306
4260
1558
4934
4252
291
2343
709
5440
1142
3249
277
2555
5198
1650
2000
4131
4267
3512
5726
8894
6319
971
511
3459
2470
8253
5668
2476
5716
1249
3752
7548
8731
8659
9566
8832
8873
7459
2931
8425
6410
1434
6553
6665
2022
2388
5443
4924
844
9949
8801
4329
369
43
1888
8441
1009
1596
1548
4871
841
2090
1868
2792
7191
2679
192
5166
204
3272
4079
2631
1251
4599
2971
216
7070
4987
5415
9795
6961
4571
9016
1120
1607
5069
310
6086
8042
1725
6459
4150
2338
4442
802
8870
9870
3885
5914
1384
210
6799
1298
4814
7415
6746
9540
9683
6347
2383
1297
1554
3017
5020
9942
3336
2611
5864
58
1748
2928
5337
197
1872
6486
7659
7923
4635
3925
51
948
1962
7063
5122
3236
4459
5283
5563
321
1708
6406
346
5678
5100
7399
5383
9210
4155
974
7838
6911
101
896
8348
7682
1475
2875
3927
3804
4437
7916
1580
2928
4313
540
3687
7276
368
3227
5192
1088
7580
7111
243
5414
5291
2659
8964
628
6929
4834
942
2620
3020
9637
8651
6186
9329
8877
1029
8818
1941
5619
1912
780
4960
2671
8008
9540
4076
8251
7281
3380
7694
6105
9039
1625
777
2745
8281
4834
9650
8407
9018
7679
9991
6526
3355
8104
3680
701
2345
9307
780
4981
2644
9613
3364
1562
6430
7651
3667
2580
8870
7679
5385
2638
999
3113
3997
9596
9539
346
4950
6453
445
6841
7698
7581
491
944
4656
9579
8561
7586
9433
5341
117
1356
861
4159
8427
734
8253
7078
7273
4056
8628
8210
8756
8474
5646
1015
3686
802
5636
7042
9203
8073
2147
6802
8364
107
8081
2810
8721
3003
6343
4030
7124
8593
666
2422
5246
1123
5202
5060
3490
4938
39
397
2240
2274
7446
33
8124
2195
6388
8793
7629
3603
2072
6826
667
7813
6129
1010
1939
5349
3744
7011
2906
3492
4457
8860
9260
8181
2907
9542
2207
3402
6878
88
2514
587
4905
3843
6699
5640
9295
3632
5366
4401
1055
2745
1372
9698
1141
2574
5692
4209
7657
9940
8685
6109
7496
2054
5676
4480
3551
2165
8384
9348
9338
1479
703
5454
9029
6564
2477
7367
1084
9565
7657
2935
7114
1052
5369
985
5635
1973
7525
2377
9597
8167
2132
1619
5215
6666
9768
9623
4809
7037
2370
3325
3960
6549
770
3184
137
9246
504
1493
8659
6844
8103
7650
346
697
6763
2022
8472
6988
5049
1383
7634
1204
7373
7551
3217
9604
2408
3655
3676
7952
9263
1004
221
586
2271
6060
8520
2628
9509
8963
8029
4565
2080
8487
6348
324
8875
1036
1449
416
4239
4261
8097
2729
506
6553
3454
6618
65
6419
9876
105
3371
4879
9476
4957
2069
7864
3780
1619
7437
6892
5379
7899
1623
4128
7268
7210
7006
5849
8241
6661
3903
1075
8337
4406
4088
6393
6341
4006
2043
8201
9686
3917
8223
3624
484
1572
8152
1118
6547
816
1447
3700
4299
4268
6066
7522
7981
1088
140
2161
5459
5140
8444
6801
6731
3767
2649
2725
5877
1374
2180
6315
4877
5673
1026
2736
9412
124
8574
9845
2943
8983
682
6745
254
2699
2048
2058
2685
5860
9246
3563
8825
1348
6805
8979
2679
803
4407
8026
8997
1640
975
1286
6541
9648
3740
5599
7068
6379
4226
6803
2882
4572
7967
4683
1648
7237
2866
3688
3833
644
1738
464
8702
1327
1821
8354
6605
2435
6797
8188
7275
5503
6228
670
5732
8751
9239
7950
8901
2180
1594
725
7300
2968
2576
9582
464
762
3590
3278
9377
432
8719
1165
1156
1662
3632
7173
2720
2509
6466
8690
9694
9738
5806
5230
2822
1112
2380
645
7766
1622
7233
140
8156
6484
1296
3100
7154
8414
414
4252
3816
5438
1564
4611
5833
5015
7971
6422
7969
9037
2042
135
9878
8899
8705
7230
9210
3498
10000
9662
1161
7641
6058
1253
1196
4358
9069
7546
1277
9696
9606
3244
5443
36
9807
3807
5317
4594
642
1352
8611
2486
3075
1009
3327
6383
8458
435
1784
7897
2620
8860
6755
6480
289
7304
4903
2759
5579
4818
9805
9128
7494
5625
2514
8298
2192
7940
2359
6917
1340
7659
6400
256
3858
9386
8478
601
2490
116
8463
458
2743
1691
4093
2166
7745
7500
7070
2019
6964
1932
4345
1779
1540
1030
8134
5691
4977
255
3299
3518
6006
8066
2410
8378
5135
1225
2878
8807
1
1984
6478
1498
6556
6724
7360
7567
4603
5319
987
458
8575
1026
9444
1557
6507
5072
5369
141
2575
7411
171
303
2763
4038
4914
869
6865
370
9777
6032
6848
1546
5792
1025
4990
3179
8151
7801
7112
7446
6502
9500
4978
4886
5993
151
2752
4859
1078
6504
1378
2893
9655
5428
5981
5774
7033
3147
5457
4725
6005
622
7892
282
7392
8739
9899
9866
8227
6826
8823
7595
8949
8555
7191
357
5059
2560
6236
3476
8672
3796
6994
834
3069
5888
6687
2211
1852
7560
9302
8374
4095
4232
1890
5644
1583
5741
7879
710
1231
1911
7176
5456
7458
8432
2680
4936
2344
1564
2982
1038
1525
730
4244
7725
3612
3696
3209
3789
1775
8908
7707
4988
8455
9062
7669
4880
5872
8352
1978
1998
5445
8109
6919
6688
9413
6871
3659
1235
6493
8786
1849
3633
7863
2945
1637
5170
179
9707
6710
9683
4700
630
7493
3359
898
623
9647
2917
2609
8765
1695
3426
6556
6543
8393
3983
5991
4068
6023
4226
9727
6390
57
554
3106
3009
5192
9899
8017
2552
3948
7807
2315
4152
9166
7400
2354
4974
9551
1713
9644
9923
8508
8752
7660
6121
2010
3241
2154
1616
4886
9527
9970
7090
2130
3659
4762
7652
9080
991
2538
6944
7281
7575
7329
6767
2443
6141
2214
1481
7466
1963
315
7874
344
2381
9258
1826
6543
4628
2831
805
4574
6816
7024
6909
953
2482
3067
8829
2219
5417
3802
5371
6368
7140
713
8228
3498
8204
8983
2825
9079
334
4521
9420
4347
1075
961
1951
833
7046
7799
2616
8632
9187
8097
2417
2245
6351
4811
4363
2745
5259
9272
6400
9233
3391
4460
743
3243
5622
273
2229
7376
7760
5944
7229
1345
9481
2556
2570
6555
8136
6798
9427
4286
9321
5036
3494
9029
2276
2276
64
9710
2195
3815
1907
3963
7485
4354
2393
3516
22
4936
6229
941
3911
996
9194
2443
4598
3996
3069
3742
4275
6122
6076
3509
550
7097
565
8215
2591
4301
377
9678
5783
4179
6023
7013
3783
7200
6479
8132
8148
5397
1906
9490
7197
5410
7371
1368
5780
1584
6143
9737
578
325
1564
4726
5799
8178
2898
8492
1777
746
4969
2896
704
4518
8
4903
8154
8063
3231
120
1862
1491
9653
1740
4762
412
7979
2126
3033
87
7798
238
9192
514
1822
2809
3104
9580
2009
2439
9644
4202
4905
8832
9523
9153
4614
4220
726
3033
9808
8964
5385
8756
3170
306
5253
8251
6930
5170
8716
5092
4586
1017
2703
7762
2471
4612
8395
4482
1021
2702
6441
6577
8181
3396
1625
8757
9431
2681
7607
4754
2001
3357
817
3543
9473
633
6056
7731
2595
4638
2010
648
3607
675
732
7986
6062
7909
7185
9002
5310
9233
3922
8040
5248
7251
4287
9699
4593
5303
870
5832
9121
1212
5384
671
590
5470
6055
383
1978
6652
1045
2683
8034
6177
6108
4307
9309
747
2873
8365
1853
5870
5342
2547
5191
1974
5431
229
3548
2703
2392
958
814
9656
1424
6837
7393
8692
7345
1530
1776
6545
8009
9002
1586
1790
3159
1928
1384
6568
6745
735
5412
996
2691
6785
5085
1126
2566
472
289
8330
1721
317
4719
9499
8107
610
1296
1478
1815
5812
8380
6102
2972
342
8530
143
3247
8781
94
9084
6909
624
4058
8589
3935
6758
636
7482
2798
9018
9355
1227
8207
7884
2635
3533
776
736
7026
3369
4564
5068
5108
6323
1126
9324
9205
6700
5410
2115
8469
165
2123
8242
3643
986
6834
3964
7247
265
6642
2509
1357
3277
4401
360
3290
6531
8839
6129
7091
1209
9425
455
2207
7423
19
3202
8969
6990
8485
9147
6463
9191
6265
2911
8860
596
6826
9222
8
7918
6967
1585
4694
6425
4361
6533
2341
4185
7880
9284
2839
2971
4499
1391
1324
3302
5080
9409
2020
2142
1747
9174
2668
9225
5568
4126
4947
2661
9146
546
5414
8094
6235
7701
9363
8215
6412
681
2371
6931
4778
1163
3398
3927
3861
3848
2091
5371
6859
7249
5867
8881
7038
4223
6428
9784
8618
3258
4923
2488
9470
804
5178
4899
320
777
2088
1788
2082
8113
5660
8893
5358
1841
1209
2186
3086
3758
2775
5960
8261
3434
3033
1235
1108
112
190
5125
1886
4614
7885
6514
7744
2825
9651
4420
1923
4318
9490
355
1642
5152
8649
3406
6739
8798
9259
6981
6487
9143
1336
9381
4544
4848
4885
4361
507
9212
1625
431
6965
1611
6238
8475
8177
1520
4402
9191
4391
292
2147
2723
2389
9155
7470
8556
9454
6921
6605
4850
9878
747
2664
3627
1619
4723
567
715
7755
3854
8096
5626
562
2310
168
472
5423
9004
6403
5433
663
4252
538
531
7596
8494
9659
3342
6389
2972
7328
2398
5044
3109
8575
4206
7748
1987
2537
8357
6874
5693
5599
4321
8982
472
5939
1911
1167
9470
2317
9644
1564
212
1863
8254
9270
2572
735
8751
5554
6651
7109
121
805
4554
577
4780
783
4687
6562
8173
7861
4642
2591
2106
9170
3441
357
557
5831
5374
2971
942
269
8538
7693
3193
8159
1812
2088
9449
7309
6769
9413
3057
3658
1666
7112
3753
1993
1033
1720
9415
4974
8870
7221
3787
431
4259
3544
7011
3044
7430
4414
4257
5076
9765
4612
8254
6509
426
7567
7614
9901
9544
5483
1837
2659
2053
8014
5984
2234
3885
7636
5871
1215
3103
9033
7854
9956
612
6163
4701
3469
140
8566
7138
4932
9067
2518
9172
8071
5359
710
6345
1165
1362
5405
5457
7308
4348
8343
5543
7482
737
4479
2460
2790
324
4504
4779
8991
6534
2189
9895
3737
3503
2566
4648
5607
9030
4620
4513
2566
2867
6460
7956
2352
7726
7046
7450
1372
8206
1793
5716
6068
6494
8495
4167
8465
1776
5332
1483
7728
7285
6146
8922
1983
9597
485
1063
7994
4110
7435
5681
3984
237
2211
6740
1538
7072
7110
9712
7355
4307
45
6242
6974
3466
3709
1571
4685
5256
4614
4103
421
8946
8629
2008
7847
466
7793
1581
3630
1706
8027
6908
9521
4719
2290
3441
1916
9711
4557
2500
9262
4355
3414
6072
8767
3073
7460
2559
2163
4054
9609
755
1971
6063
5251
8387
4171
1945
2412
8909
6411
8324
4007
788
637
1173
9657
5254
7331
599
7186
7849
4306
8314
9143
3373
7904
2440
3160
3378
348
2484
36
3240
9635
2294
3232
3945
831
3656
9202
3908
9823
640
9061
7224
7536
8896
5258
1352
1215
7627
3339
1678
6732
2699
9698
2763
3193
563
4768
5873
2956
4179
2541
2575
3022
5938
7571
1878
912
6244
7176
7717
5233
9978
4654
4474
9153
9269
1439
7361
4888
5030
7437
9982
6758
2286
3413
839
1327
5557
1259
1957
9674
2738
7935
6228
2393
5465
1047
8211
1764
5850
5048
2392
4659
2296
1095
8104
8692
1929
3004
8120
9256
9984
6150
8819
3336
110
6613
5120
8591
1230
5977
9140
3397
5546
6719
9176
364
3986
2518
1800
6709
5167
8457
6443
6945
963
941
2039
2564
4777
3391
7682
5876
1537
7756
2609
2453
2994
7017
3397
9151
6037
7284
2235
2348
9307
6325
4549
6374
2020
6916
2632
6102
7914
7206
5886
6053
3989
1123
5805
8683
2262
8495
3789
5897
8912
1075
8610
7773
1550
9275
1620
2294
7543
1322
9948
6897
690
8349
7463
8806
1961
4187
9701
738
3302
6319
4895
6595
9553
8054
6228
9228
8802
3903
8925
1111
3205
2712
1375
2754
6355
4964
480
9664
6249
8603
2757
9974
2919
6842
2242
103
6376
3121
1420
8448
7097
6693
2389
6
7712
2519
5733
9587
3661
6605
9261
143
2921
5346
9358
6829
2833
886
1592
783
7297
1890
5033
480
7476
7256
5197
7830
9707
286
7981
265
3323
4445
3735
1139
400
4791
2342
9414
8833
6044
2945
5027
1206
2200
2778
8168
1903
6946
4080
300
4942
23
8451
3295
2395
7501
788
2963
3801
2798
7934
1494
7029
2619
3517
1670
8017
9511
4146
4335
4569
3064
4581
4621
4141
9811
5751
6440
7216
1034
750
9687
1903
2388
280
7558
8442
9649
3756
539
680
3847
5426
3409
4287
8427
5535
1157
4542
6337
4833
1479
3207
3733
747
5671
1390
5258
9696
54
7264
7974
3629
6588
4484
1679
7862
1148
2934
2700
6993
6246
1475
2700
1910
4315
2193
3240
35
7045
4131
8238
3686
2240
4283
2750
6181
2805
1083
1700
1626
3392
3275
1217
3953
5482
1921
1138
9661
682
4214
5350
901
888
254
8110
4437
5727
1633
6418
6485
3604
1104
1492
60
1221
2179
4509
8657
3007
4931
74
8627
628
7500
2207
6649
5962
860
2848
5917
1515
6119
456
9571
4863
7432
3198
8416
7896
8987
3191
796
8517
6136
2927
6140
1762
8480
5861
1341
2850
3111
4630
8907
6385
5975
1020
1384
5505
7058
1140
3527
500
1803
569
774
9214
1888
8871
6563
5339
4420
1247
3629
9058
8359
2677
2474
1469
4087
5057
7676
2320
4912
160
2450
6781
5764
189
4278
6710
6440
6426
3926
3231
9916
5169
2561
4576
6087
6576
7189
1310
1891
7965
6562
4853
494
6954
4148
9450
927
39
6492
8231
4265
300
5898
2205
9424
6412
7902
1764
9577
5189
1381
6802
7364
7897
3900
2235
8190
1074
4205
5039
850
2124
3156
8945
960
6986
7377
8021
9186
2916
6896
807
5271
6466
429
6254
6063
3313
6804
3505
7207
1694
1287
4279
375
2088
210
298
8238
3203
1588
7252
4537
9433
6186
1201
52
7311
1205
3763
69
1015
8915
4337
3909
7855
2819
4023
5816
6978
9220
4358
9184
3518
6343
2996
7907
772
8892
288
8147
8813
6149
2945
9982
820
4876
9374
9945
1307
7513
1997
8577
4771
1790
6520
3563
2503
2677
7644
7077
2122
8129
4636
8294
1547
4841
9023
2701
5613
3794
3320
2770
2598
3059
322
6940
8615
7667
3566
5745
7372
8246
4015
7965
8134
2275
4645
7790
6230
7976
6921
2027
8688
7432
7003
3673
9981
5146
1637
4058
9024
3510
2859
1601
4266
7560
1853
1723
9311
2213
1770
7203
9974
948
5374
9750
924
9746
3889
2021
929
1222
8694
5578
776
3009
4774
2922
8031
1219
7150
4005
6524
7556
3024
3247
5132
7724
5979
7198
1855
5387
4331
3181
4129
5998
3136
1999
2655
3854
4544
3566
1805
3291
8538
7489
6656
5487
5325
9988
3752
5382
606
8357
8857
4662
284
2013
1525
7222
2645
3428
4894
7742
9478
8242
8166
2133
7568
1043
9768
704
6495
2670
9079
649
3530
7483
7051
879
2208
6223
8511
7262
5791
3956
3691
5538
701
1319
323
9793
531
2561
2938
4579
5028
6060
8193
2632
3204
6998
1161
2848
273
4219
9047
2601
3955
9074
4086
5478
5805
3154
1451
9317
5223
8666
2861
7343
6517
4755
5
7537
2586
5005
1252
4886
6687
481
1922
1899
3317
5475
7134
2052
8770
7742
1315
8516
7131
6798
2342
6495
4376
6948
5031
2366
162
4139
7895
3689
1264
550
1306
2623
7729
2189
3736
9627
2513
4463
9320
4407
2680
5874
4911
6537
4459
4642
1567
594
6344
8980
3329
5884
8541
2882
5018
7302
6132
7523
4481
2931
1895
6050
3799
7289
853
1040
1215
3454
1212
9428
9191
7462
6509
8620
4177
6499
6000
2026
4973
9405
3621
2203
2721
6524
6801
1934
488
7844
1864
2518
768
7109
476
7061
4837
7663
1117
5036
6975
2998
1081
7618
8121
3964
5346
5160
6016
8587
6107
3347
1070
5578
2489
1314
354
3269
13
6963
1069
6076
357
8320
6305
4715
5903
8505
7850
1645
9183
1444
8464
6872
5539
9737
6008
9651
4648
730
1203
8663
8146
4992
9945
5345
7980
7707
4053
5723
6919
2698
4163
8621
6114
7912
328
6220
481
7178
6813
1032
8918
262
57
4605
354
2840
1587
325
9665
3297
206
9043
5074
2462
6697
5004
1092
1039
7512
8877
3084
6809
8782
5992
6840
5301
1775
1309
8877
2814
3484
2154
1222
8040
3061
7712
1950
9680
3085
2918
8855
2911
2130
1254
494
4193
5270
6451
4333
1990
9646
7997
255
1606
8951
3242
4511
5520
3739
6120
5339
2553
1224
6943
2969
9586
8474
4153
9100
9359
329
8897
4946
9584
6829
1572
368
498
150
7179
8941
9499
769
2034
7000
8510
2007
6551
9840
1859
6247
3238
4771
7116
5647
5689
2531
6265
1454
6636
2932
1147
3696
858
9400
2649
26
1659
3008
9097
6373
1985
7659
9058
891
6394
4245
1878
1365
9402
2274
6927
6251
7232
4429
8454
1205
8752
1492
2167
6861
1552
2464
4489
6870
5937
9652
4168
7142
3455
1848
9585
2279
6792
1966
1654
9714
5692
9094
711
982
8108
5531
532
397
1880
6689
4868
2900
6561
8464
5177
943
8981
6299
5175
8553
5157
7404
8285
3284
2584
970
4494
2291
4826
2082
4828
8335
9291
9944
8650
9835
112
6532
7332
9498
1887
6281
4826
6276
670
8031
9727
7945
6508
3688
4696
9053
4085
330
1874
493
1122
1284
5468
3080
4913
9724
1613
313
4708
5844
6739
8500
162
3704
1947
4053
2229
8584
8678
189
7174
9048
215
738
5407
6241
6419
3692
9412
372
2835
4970
3122
1580
7086
5685
1472
2582
1600
6135
6973
6492
7903
8106
5834
6973
5553
4261
8805
8568
6938
9572
3291
6338
5892
9128
6166
7920
5589
3870
2366
2677
2853
2611
1854
8536
5805
3400
8996
5381
4339
7684
4796
2880
8002
7560
304
5002
3113
8950
3959
6322
4769
1605
6311
697
3203
5374
8489
3336
7621
4296
8071
9427
1875
9006
7040
5652
9959
8359
4803
3285
6998
2067
6107
4945
4772
1842
2345
7960
2321
2173
4787
7055
1970
7844
6354
2720
678
5901
5762
6691
8102
7462
3421
8771
6400
8374
4848
9845
3579
7708
4581
8491
1175
5028
5285
6682
7826
6484
799
1983
7423
2147
2065
1094
2985
2092
9139
677
9578
4062
8885
4541
8966
9168
1967
7600
8422
2927
663
7618
7049
203
4081
1932
555
7529
1451
2738
2477
7559
7340
7477
3688
1252
5786
3887
5191
4230
452
2636
4951
2901
9677
6858
2316
1291
9036
1539
957
3510
1853
598
3684
9616
1887
7753
7082
4697
1886
7348
386
9980
2002
8054
4648
7090
5159
6001
2313
7449
1677
9871
2869
6865
1934
434
3194
6254
8314
484
814
3422
2232
5529
8678
5791
9420
7123
956
5825
6909
2630
3386
914
9361
4358
4856
5896
1371
358
3780
8248
9796
7924
5958
2855
3144
2715
224
4261
6323
3063
293
130
4830
4274
1864
6356
6457
7188
6169
2660
9463
1356
3478
1898
7883
241
5419
9131
9297
7763
5362
8147
9093
1072
6809
7466
8298
7972
4963
1592
5179
3879
3777
792
6365
6582
8781
5013
82
6597
2205
1115
0
7590
9014
1190
572
6586
171
4121
258
1377
3006
268
4978
6804
4565
3163
546
1120
6378
600
7070
9037
5614
6731
5532
9025
5780
6012
5742
5497
632
1267
958
8808
1278
4181
1561
4718
9507
8948
325
6717
2826
2750
2933
2400
4926
3163
548
4966
5308
3129
2541
3377
3943
8960
3007
8827
7680
6910
8949
7247
219
5649
160
373
6199
1282
2285
5761
2071
324
9252
9945
2814
7044
8505
8351
3551
2082
7119
6370
4
919
6682
6009
687
2657
3152
5563
8412
8579
813
9468
4581
3722
5706
1710
7110
681
2539
1277
303
1895
8771
9581
2840
3439
2836
3884
2658
5934
9347
5609
6120
9668
5704
2011
3270
2695
2309
6696
2076
9670
2516
1284
4534
1877
9380
5655
6456
4940
2189
7099
4902
9760
7067
6499
5709
7241
5437
5257
1016
5955
7242
8082
3950
2208
8653
2438
1192
3639
7739
2041
4653
4908
3596
5032
2977
5140
2181
7398
2384
8869
1168
7796
4820
1417
8775
6693
8866
4303
351
1936
4595
311
29
6009
5669
6390
4644
8139
8393
4216
1448
1004
2291
9567
3663
73
5538
2050
4326
4487
9388
3354
3302
2201
8335
6824
509
4039
1634
2082
2752
4890
4209
8566
6150
2260
9150
608
8389
7640
6423
7318
7425
1936
3016
9464
5160
1744
7164
1490
2479
5116
4896
7066
4187
9596
9212
101
8099
4772
743
288
644
1058
643
2741
3258
4827
8612
9334
195
2029
4034
5530
576
8951
2260
9259
8889
4119
5530
326
5286
1541
980
275
3314
9051
9482
9535
1058
241
5859
234
6572
7177
6761
9024
8225
6819
8448
346
4912
7308
2059
3894
7789
7872
5629
8626
2958
5538
4867
2358
2312
4962
4352
2743
4713
84
4959
8628
8120
4155
228
2721
6970
7661
5391
525
1605
8171
454
9210
4042
4803
1298
6087
2401
8584
5070
550
3836
4784
4898
13
633
7872
9130
8600
3538
6480
8014
2288
2755
868
2799
2919
8342
6721
5919
5583
8702
4995
1072
4797
863
755
4632
1008
9730
8855
8238
4095
8062
3200
4666
947
1011
3416
8545
6990
9483
3524
981
2350
6598
4327
4396
3781
23
9011
1513
5637
8498
231
8618
9292
2546
3966
7673
3426
8779
4337
1893
6101
5004
9810
5943
2505
3420
2621
4293
370
6134
2473
8280
3103
1551
830
486
1568
1419
6215
5314
116
9196
1939
1576
953
5267
6444
2584
1625
3295
7508
5736
9486
9631
666
4288
5138
7053
3341
1652
1745
1615
8853
4290
7475
440
93
9473
7560
3061
5991
5302
2612
977
8824
5842
291
4626
6169
7027
4232
7948
4259
8578
4948
2505
7794
9051
2814
4784
6843
1602
5721
9649
1394
5479
3612
2543
1420
8868
4640
2781
261
2194
3644
472
9182
1951
9424
762
8156
2448
7858
2148
72
6635
2028
4263
7487
7840
8135
7002
3983
4234
3627
2317
3097
8276
1063
1879
3705
828
6238
4012
1394
7727
7897
764
3667
2313
8247
9410
6152
1319
3278
8998
8314
3533
2516
8369
9245
6523
629
5011
7973
7044
3928
1773
5696
8430
1832
6155
2020
446
3565
3019
1552
7426
5275
4149
3579
9514
9967
6373
7116
9902
8198
6338
1937
299
2573
1120
9598
4755
2287
2100
2673
7700
7341
236
9666
9948
2087
7821
5498
1924
1141
1662
3341
7843
1554
2138
2575
773
8339
5816
5036
7184
14
168
1785
2607
7846
9944
5521
8747
3728
8006
1536
5748
655
1053
6979
5097
2160
7484
1157
9637
9566
9109
1927
1022
3262
5458
6664
726
3192
1974
9873
1475
4759
9528
6580
8005
8351
6803
3785
1907
799
1679
8660
5375
1210
2109
8349
9934
7607
3260
6663
5365
9980
5649
4625
5562
31
1287
9740
8643
2135
7442
3090
9343
9216
6081
1871
6976
3592
9258
1603
5258
3506
1288
4968
937
2416
9652
3224
4300
5379
9717
6507
2
1308
1643
6841
1084
9481
6018
818
8436
8856
9355
4887
5613
6036
9001
6623
1880
209
467
5985
4256
8787
1450
2037
1435
2704
5526
2555
771
6595
5106
3065
7377
8551
283
8894
8235
628
8022
8504
1426
2054
8738
1436
8901
7566
6677
9388
2485
1562
9189
4381
9208
504
5998
3794
509
2108
1643
6032
1238
357
2423
3832
429
16
7597
8134
389
4950
6592
2047
6341
4804
1155
8707
8846
8609
3949
1072
435
2616
8717
5748
3147
9454
743
2052
3676
5678
9986
2077
3088
8876
8352
1424
7801
4563
5205
648
3007
2555
8531
3058
3781
2427
534
343
6111
5368
9344
6000
7546
1648
3471
6069
2897
6118
5185
5450
4918
1774
6426
619
259
5110
1554
8045
4480
4355
7564
1261
9805
8777
8798
8264
7287
793
6399
9792
6853
3738
8893
2553
3036
1950
708
9009
3541
7915
8036
6039
9037
2069
8609
322
6658
656
4377
9313
8391
2108
1961
3536
7229
346
9859
3981
6743
141
2811
934
9313
6543
9554
2526
8006
5655
7749
790
6714
3654
9990
8226
9298
8781
5309
1351
1035
6802
6679
7672
3805
1078
8519
5299
3811
9218
7868
2705
4972
198
4961
4690
8930
3535
259
7305
957
2677
7514
5319
6782
4609
2658
6006
5313
2967
5367
7082
4873
1762
6471
3449
3460
601
2955
351
811
3213
8195
8229
9438
2294
870
712
5993
1394
6398
6161
5038
9006
8520
3526
193
1742
7931
6792
2397
7939
3220
681
676
682
6513
4859
9204
556
1055
8466
6042
8145
8186
522
2243
12
8631
1863
754
3729
5333
717
3563
8411
6587
5084
596
7417
3087
2052
9446
5843
6142
5764
1977
5636
3247
9702
7527
1369
6969
9213
5576
1220
6112
6380
135
8539
1927
799
7257
1077
879
4955
1727
7975
8662
1165
6488
3689
5679
9437
1055
9378
1470
208
8856
8389
7862
899
2325
2307
2147
2602
6510
3813
4985
480
2797
843
46
622
6095
3667
540
3502
2130
852
6232
3386
6328
9543
1417
656
9229
1783
4907
3396
4127
7633
5230
6494
4903
2122
9171
150
6963
5284
4271
9861
6258
3206
9578
1465
3357
8660
2090
3342
2012
7985
4674
5923
5131
889
7991
834
9552
2378
2221
679
9921
3463
9440
5175
1203
6702
5154
400
6079
861
2647
2201
9482
2450
5469
6665
6158
4609
5931
6578
8786
3617
3904
629
6173
571
7832
1918
8840
8260
4780
6151
1096
8430
1031
2457
7343
4186
8344
9576
4027
997
2480
4778
3311
5949
5506
3830
2633
5297
5503
4901
8977
8076
2200
1922
9279
1120
1532
9272
7490
9837
6783
930
9070
4777
8053
1742
5784
6024
4286
3697
1999
4779
6408
7217
8760
2678
303
9304
7475
8666
2403
654
9278
6700
7910
1895
7005
9237
7191
5082
8837
828
2497
3819
748
3381
3944
8783
1924
9741
6890
1990
2210
9279
9696
2559
5951
1099
544
8165
5337
4058
2973
8535
3793
905
4974
6909
8463
1307
6592
2186
8090
1031
7319
6178
5123
345
2417
9983
8569
643
134
715
7901
7439
647
7910
7946
1282
806
4232
2959
8802
5
1122
8500
8185
2935
4825
1021
5124
7971
245
3396
2491
1178
9810
8385
5931
5343
8570
400
113
3594
3807
3333
189
2959
3783
2447
1075
4673
2825
9809
6097
5505
588
9547
1044
1402
2242
5838
6462
1542
5102
9249
8860
2372
8022
3280
7332
2100
8424
6740
78
9677
7764
1031
9861
600
3049
9035
1639
2385
765
1907
7130
5165
4222
4961
5304
53
1734
2329
6968
6737
6655
3077
1570
4794
1149
9106
5903
225
8540
9849
3012
3622
2289
7307
2943
8462
8170
4692
7444
5958
846
6301
4484
2188
9965
175
5620
2455
2902
938
3508
6670
2690
4188
2601
2402
7209
7889
8223
290
4742
8331
4700
6269
3063
2258
8389
648
2254
6577
740
1297
4598
2763
4908
5166
2578
8028
1669
3952
8558
3127
4352
1966
1642
2057
6
9228
1246
8212
2269
5498
6265
6493
7001
8523
8322
8716
2074
3247
767
3721
2621
1613
584
3153
372
5732
242
5999
6438
3776
5777
6917
224
8644
8770
8039
5152
423
9810
1384
182
9321
4699
519
4027
4122
1217
8828
6807
6027
7057
9801
9196
2948
7809
2057
1482
6437
5195
8975
8985
5702
4847
288
6013
2990
7218
893
4418
1215
2656
3566
2090
8921
3992
5706
4259
5168
1933
236
9557
3504
1297
1425
5411
9707
9543
7853
1301
3521
5855
3719
8919
4628
3082
543
769
2218
2483
4023
3026
4129
3807
8116
1226
5142
3207
5812
1194
6594
2154
7137
4223
1116
9843
1552
3998
3596
561
2704
2585
3496
4698
7166
3627
9993
3772
6008
8769
8285
714
999
9510
8347
8788
4944
1574
9107
6531
3711
1641
637
6772
3690
7162
1807
338
3310
3760
7453
4375
4269
9487
1029
4853
891
2104
5124
1707
501
2920
4064
4884
7273
4651
4827
3565
7753
5753
89
6030
4152
2955
7896
7712
8905
8893
3916
6612
2764
1285
8648
465
6763
3090
5536
4564
3878
2829
7893
4886
1631
1354
7180
1378
5699
3604
123
3903
5736
3309
6582
6129
7586
8565
1801
103
4517
6865
8817
9317
9562
6471
5683
9819
9891
6936
113
4432
6984
5887
1763
3867
795
3601
8938
643
6539
3774
1917
1537
4643
6249
4584
840
3573
2445
8620
6111
524
5453
3278
2516
6284
2523
4360
7686
7149
5964
7076
179
8475
4673
1328
4122
4884
6119
5388
9306
9167
4172
2428
9705
5717
739
5488
7594
9084
9120
211
8340
9008
5965
4341
1574
2921
8725
1611
9762
3056
335
3481
2644
6786
4836
2954
3685
4578
7825
3505
816
8658
8824
9474
2086
3988
2643
959
3404
5726
9184
8506
6426
2011
6631
9968
3558
1339
6613
6139
1535
3157
8847
7309
552
2231
6392
1370
1032
4345
9034
5005
3744
1963
2302
6469
7689
5512
9220
3585
3174
5283
8251
1031
8746
5368
8144
7335
4068
809
6560
540
1707
4018
9987
8518
6687
2529
1610
9666
8907
6914
9752
8055
4543
5146
784
9660
431
7369
7422
7932
1395
1409
775
8148
6879
8701
9828
5600
4885
5245
5018
243
475
466
1938
753
2776
7277
1599
8235
8788
506
9682
4507
4789
2735
5464
8127
6794
4897
6661
2251
443
7936
4521
3046
2204
2654
6231
4841
4612
5967
688
5215
9543
1117
9812
7933
4608
6240
5249
304
891
5427
9923
959
5644
8372
845
1018
936
7223
7748
2306
7814
5038
2268
1754
6543
3370
534
5410
2501
4466
1114
9314
3818
5609
2881
6602
8622
9359
4760
4700
9703
1946
4033
459
8922
335
4745
1375
1282
4498
1184
2012
3355
1356
5638
8659
5982
3541
1142
3050
161
8580
7148
3700
8007
4604
112
3581
3607
150
8410
5841
148
9652
2497
2505
8790
1553
2758
1244
3289
7898
1637
33
7568
4645
1268
2685
874
6886
622
1014
1555
9083
4658
5137
7259
7026
4638
9374
712
603
9490
983
4184
6391
7202
1340
9006
647
2086
9333
91
4089
3467
1480
540
63
165
6652
9254
2616
8472
1770
1294
1389
1120
448
987
5585
2046
3701
8969
1815
132
4683
2507
5505
2489
9362
9506
2590
2183
8883
4620
1827
725
682
1952
4647
59
7915
8949
6497
1113
5943
814
8323
6259
7590
7346
1250
2087
5497
2526
2289
253
5391
4549
2419
2394
6478
1520
9759
1341
1499
247
9828
6099
1180
425
1132
3047
2193
6523
2553
1900
1663
2202
1816
1406
9054
5988
8782
8679
148
654
7937
5840
3329
8478
2523
9587
9049
2462
1937
8400
8859
144
596
262
2969
5877
5841
6247
5272
1749
3068
1114
6281
9900
9504
2910
5695
5305
1196
957
5020
2215
6545
665
2612
3965
7759
9194
4351
9330
9081
9979
5466
7924
3192
5288
5256
8876
789
5611
1300
1434
2409
5964
8066
3464
8131
3192
1202
9660
8065
3932
1161
3951
6071
4573
1892
9420
1092
6037
2705
1477
7492
1539
6955
1464
2169
176
6463
2341
7113
2113
4496
5588
9378
6116
29
7576
1851
7986
2094
4919
1687
596
1605
491
9115
7957
3716
4751
3751
9100
7054
6147
9173
6323
3497
7383
3104
858
1465
9845
1640
2800
1906
1254
7624
2637
1638
2035
2224
805
489
3978
919
5344
3067
8820
2918
1753
2401
3076
749
1529
7853
5696
5239
3647
862
1032
2599
5719
4351
9019
2025
8030
6179
8685
3527
3521
1570
8995
2684
8478
8575
7413
109
2262
2537
5508
2129
212
3393
7311
8125
8932
4770
4837
4212
7845
3182
4797
3808
1782
8424
3672
9911
8707
29
2396
7255
9220
7720
8494
9604
1137
1366
2828
5688
9600
9633
545
8801
892
2205
3574
7411
1076
3924
6169
4783
4854
1891
8741
2616
8525
8967
4439
4994
3515
7299
114
2764
1584
8901
158
1230
4996
2247
9335
1287
5302
1479
3507
6864
7428
2714
6726
9459
7426
5122
4644
4757
5630
1257
9958
1461
2355
9420
9840
5440
2745
3601
9360
9506
9394
4204
7031
453
1281
7430
9246
2621
4238
4419
6326
419
2940
3332
3126
7848
1603
2912
7570
4873
7204
9440
1514
1039
6609
3497
747
1288
1703
5681
8097
719
6649
3639
6215
4804
4533
7666
6381
8135
8210
1243
4347
2682
7687
3601
637
2712
6930
1059
2901
4984
4386
3606
3509
307
1549
5832
5921
9985
9008
5877
8557
3433
5986
6431
8226
7515
894
362
8823
2825
5944
1195
6976
5331
4174
5895
8623
5211
886
4249
951
7877
829
7583
9247
303
4370
274
9237
852
6586
3832
1707
7406
2499
1019
3168
2635
3229
4704
627
9949
3097
5495
7034
861
985
9892
6890
4761
648
1911
1619
5452
5200
6966
770
9268
1955
5420
1399
620
9675
4787
7254
1712
2680
5060
9034
5444
1539
3763
1826
3785
2255
9051
4164
235
15
6393
2277
1802
320
2691
8221
9780
5008
8483
1625
4756
2589
8017
9289
6190
4060
6815
6403
924
5480
5424
6167
4804
5311
2387
2243
9641
2930
1515
1426
764
938
6273
3125
7801
933
8921
895
7574
5543
8925
9623
2586
7015
9561
6612
3573
8837
6351
9098
6166
9540
2665
32
5277
5637
2080
4910
3843
7093
3460
1469
5455
6740
469
981
8010
448
2143
7667
2950
5403
684
5781
6834
136
762
2195
4482
3646
7134
4020
1289
9374
2085
1213
7774
4153
6121
8833
6509
5349
2969
2061
3667
6482
1051
1660
3175
3752
8651
4445
4671
6501
8984
2620
891
6553
8782
5514
4212
1438
5735
1353
9468
246
2671
2649
6140
7516
6147
47
6015
760
9045
560
7691
9771
7388
9713
601
2664
2890
6727
8903
1292
1880
4164
882
7792
7228
2867
3760
5713
9853
17
2130
3291
5387
693
1626
3984
9397
562
8997
3318
9904
3267
8934
6759
1681
5663
8612
1456
9581
5131
922
2781
262
3173
6720
9543
1693
1205
5999
6043
4489
433
6204
7629
7651
2992
1832
9598
3175
1125
5877
9943
8511
5015
4499
911
4497
9832
1026
274
8836
924
1710
44
616
1142
2104
7189
6983
7068
1206
9781
7477
6233
5166
8250
3327
3372
58
942
7622
9512
868
1715
8749
6815
7840
3471
6467
7452
2688
12
1039
2199
4122
5471
9497
8306
3466
3043
1587
7643
1539
7593
2249
839
6285
2602
8265
5252
1481
680
1234
1177
3679
9413
6481
6503
2580
55
1058
9082
524
7439
4736
7696
5654
6467
9055
9166
6552
6345
8743
9709
2088
6220
5069
8123
9558
593
7523
4401
5918
2020
2583
8610
569
3503
6786
2563
9751
2998
98
195
5896
1773
8741
8511
1209
9276
7040
4193
5372
3262
9841
7927
7058
7417
564
6218
1533
763
7086
7242
3358
8715
302
5797
528
5856
8428
5838
2256
6243
2719
8825
5013
6405
25
5331
334
690
1269
2599
4956
9657
6547
2081
822
4547
5134
4761
9787
4108
3209
2547
8433
7828
1392
9936
4630
3560
7680
2284
3176
7041
3647
3446
6814
9942
4777
5019
9981
8049
2393
7861
8595
5554
4213
8778
2397
3224
1836
6599
152
3026
305
8683
4883
9736
5683
5252
3911
2341
8972
7453
7465
7661
3209
6803
4027
6863
6694
8500
1739
1997
6659
9427
3369
5142
1876
802
8206
7900
5501
1605
9486
7901
4767
4664
2152
5357
5837
9183
8729
7615
1477
3071
245
9213
1799
373
404
9634
7628
7349
7376
6495
3147
5483
144
597
6083
531
6546
810
4849
5630
8435
2221
2201
4624
1561
8927
7353
3429
4933
7259
822
2163
1288
585
8175
7142
720
6589
1411
5493
5001
6046
6534
5717
2521
7199
1536
2694
8654
3030
3143
3258
3138
227
7431
5050
9072
7984
8559
5666
2162
7780
1844
3930
2235
6746
8393
3295
774
4051
3857
1981
8425
5702
1565
4084
3412
8216
3211
9908
2110
651
4770
576
1819
2029
1728
4786
5285
7854
3381
7834
1079
911
5834
7166
7667
438
4111
4820
4627
6978
4464
981
3338
9353
5821
4982
1230
1079
4241
7139
7435
3075
1420
5176
7138
2959
8347
3324
3741
2699
8580
5080
608
2548
6062
250
1273
487
2585
5380
123
5547
4708
1780
2834
3140
5239
7075
5408
147
2504
7243
2550
8544
382
7852
9365
2514
1460
9747
9855
1701
3746
9586
3457
2749
2246
7746
6918
6261
1136
1199
8900
1337
9754
6020
1885
2048
5830
3293
1932
1180
6797
2663
4494
7551
1777
3668
8735
4353
9986
8254
8154
113
8541
9503
598
1267
3324
8272
341
435
8213
6180
5322
88
6745
460
8398
7134
6434
7010
2286
688
6193
6492
473
2196
4089
9191
9274
7358
9292
932
1631
6505
3751
8956
9553
7547
4680
1100
2982
708
1274
4022
308
8296
2038
2514
9392
8942
8725
8632
8976
8285
7920
4178
2336
6830
337
9722
6029
9046
3963
2224
2391
9985
7466
9101
575
5196
913
7855
9863
1908
7200
1630
8568
2792
5679
3650
9292
2387
2737
4534
8294
8809
1184
3522
2103
172
4672
3771
7839
6625
561
4452
4415
212
3373
7066
471
1987
3077
5280
6177
5588
7407
7414
7537
8397
5221
8753
2695
164
3048
2597
4795
1260
4412
211
905
429
1310
9645
1798
9763
3808
6766
7386
2921
7995
8716
4306
916
9731
8005
54
4903
3380
8518
1205
4095
6373
5063
6075
5518
887
9437
6821
4335
5240
2287
46
179
64
8857
3264
9526
5930
1731
97
4390
681
1418
934
3611
4825
7483
5971
791
499
3588
4589
5800
2352
2174
546
4997
6495
3172
3738
889
4992
2910
5470
1486
8054
1658
4145
3907
5608
1500
8750
8681
6385
1278
234
6924
2586
1346
8574
266
1444
2776
960
9115
4536
7564
160
8467
4002
7893
406
3474
9737
3124
527
781
3520
5332
1843
594
7971
3348
6950
8693
2889
3137
342
9104
5396
8523
7154
888
1729
2201
7383
1045
1807
1065
843
6335
7609
9192
8242
1568
9228
3566
3211
9517
4778
7603
3080
6969
127
5195
181
5108
8045
6102
7656
8094
380
4119
1168
7997
9699
3958
9177
1053
6736
7632
7636
2321
1582
4163
6914
6051
5199
2753
6154
9688
2970
3226
4544
1808
2873
9024
6863
4685
828
2490
7888
6001
3881
67
9193
5773
2061
2701
2688
5530
3871
7335
1276
3457
8554
8639
9887
5786
3070
1560
9396
2128
4841
167
9472
820
8982
232
4525
4725
1994
1647
9484
7391
8690
8949
9968
6178
5594
7998
816
5028
4212
8130
7148
4553
3983
7187
8881
1038
241
1509
384
5458
7200
6187
4894
4935
7681
3807
871
315
8950
3364
7441
990
1284
5698
9643
4484
7142
1978
6424
9795
5212
4800
2507
9262
637
3112
6640
3469
3325
950
1205
1603
2454
3958
3332
3717
7408
5382
5481
5378
876
4462
5015
9693
2885
4840
3480
2039
4674
4448
7223
7005
6298
2774
2020
6249
5175
1223
6934
2731
8152
8879
5826
3039
8610
1480
1097
1952
5819
7419
867
1620
8084
498
6487
1609
3930
7081
2442
2444
6231
2246
8124
7999
586
2603
7757
260
1554
7830
4554
9871
1472
1118
3909
8314
974
4430
5526
297
9785
3027
5894
4058
948
3006
9928
726
1307
4418
6602
6432
7156
3713
3357
3807
5938
7192
6430
2115
1041
5213
8083
2866
7545
2433
1467
3757
3219
2753
2212
7394
2625
436
5122
3784
5445
7781
8898
1779
2823
5031
3440
1458
6682
3161
8176
5156
6663
4563
9394
4882
4319
4392
1595
6623
1551
3355
4685
1775
4612
7894
3303
3285
4112
4700
2227
6906
7616
6593
752
2606
9327
3923
5078
6586
1345
874
6093
6932
758
5098
8172
473
8319
3416
8485
8504
6180
8891
7152
2556
1724
35
6441
471
8762
4287
8291
8372
1865
2714
9395
1801
9820
3981
3809
1419
518
4171
8881
8189
8199
2587
3402
6876
6625
780
2110
4506
5043
2574
4333
2361
6725
5333
293
84
2008
7257
1798
911
9903
918
5933
1060
2519
3213
3802
6115
1932
9103
4863
3201
941
2120
1421
4325
7362
2007
2383
5851
965
8590
9102
763
7381
4210
7314
8483
4035
2314
8644
7802
1795
9186
9084
5598
7626
4747
3869
1368
622
2166
624
7641
1861
4964
4915
1901
9780
8595
3004
7922
8753
1771
1738
2353
1524
5824
980
6186
8707
4992
3833
3922
7683
2530
2000
966
1786
4062
5757
9486
9986
5184
3774
1346
8582
1975
9504
9228
7670
776
5935
7499
6896
1013
9927
559
5354
5307
5797
640
4636
8709
8073
3640
6066
4700
5451
3471
864
4524
323
9492
3489
4890
5709
2142
5172
6365
9919
9240
3183
3052
4157
9354
8631
8623
463
2122
5132
2057
1759
3460
1354
4763
8415
5694
2746
2653
4634
8053
9939
9091
8600
7548
196
5053
555
3720
2156
4759
3828
2651
6834
3131
8914
9654
8113
6499
3083
6035
7193
6975
8185
1479
373
6813
4849
1071
1891
377
9601
9342
7773
8600
3491
2065
9237
939
4521
4998
2035
609
778
1786
3675
5754
5237
8732
4246
1657
2159
8423
8994
1402
9880
164
2419
866
2006
9602
7733
5071
3129
1666
7876
1777
8077
296
868
1026
3783
6290
996
2484
4956
8450
4355
8866
9183
9376
2379
9001
3944
2134
2534
3713
2679
208
4671
818
3628
8896
7339
3724
1787
3513
7442
4171
74
4510
9889
8057
6597
7605
9972
4073
3482
6056
651
1915
7829
8542
4315
3020
4860
4389
3703
3785
3441
935
3520
155
1922
2638
8902
1009
399
301
2880
4745
9082
5816
9456
3509
1184
8643
813
2481
9828
5798
3350
8621
9280
2873
1070
8857
8735
7421
5693
4700
5575
4129
7339
8540
5445
2296
2388
8627
348
9906
5345
2051
4864
3103
5562
7603
7852
503
2884
3341
396
7710
2659
5903
9897
5947
5642
4005
5745
9540
1763
3809
5222
8499
8185
6929
157
2647
8893
7015
8507
8835
4147
9765
4596
1337
4265
4819
4104
6745
3702
1231
3472
1313
557
4954
9832
2735
4713
5550
4531
9603
3539
4434
5076
9687
7331
9697
9427
7310
2341
2587
2773
6057
6104
3910
7328
6031
2752
85
2293
7854
1059
319
272
3263
7390
2934
7494
6199
6944
3991
2847
7010
8240
4166
3324
257
2501
805
1262
4917
9494
8785
7599
231
8958
3930
2279
475
2749
8125
267
5714
8140
4363
5597
2466
6330
1272
7848
5169
4684
9418
3088
7242
388
6565
7473
6945
8927
2102
3844
4650
9942
9495
2929
8653
5191
3326
7785
9569
7107
6867
1368
4669
5636
533
2712
8377
3388
4607
1350
3697
5024
7038
583
3554
2872
9460
524
8937
9997
7788
7230
4528
3345
5632
9737
6603
976
9014
7877
460
5979
2978
5490
5988
692
5591
1230
2051
168
1840
2249
10000
1508
7180
4246
5283
1407
1121
971
2350
1080
9949
6118
352
7727
4087
5542
7997
4462
4732
172
6375
5120
159
6316
7872
6901
4183
6466
2329
5582
6141
285
9222
8600
2525
4220
2307
9017
2382
2159
1938
6760
3026
2612
1235
6706
6015
598
6443
250
4873
3518
9377
3114
8080
260
5448
7072
543
78
5832
2428
8358
4517
3435
1034
6408
4231
5053
9849
1751
7393
438
835
9344
1753
2365
8442
3016
1713
5244
2156
6179
7576
1018
6909
9619
3055
8006
5992
6793
3901
5254
2517
9135
9499
1641
7238
1747
939
22
8121
2007
1006
4753
789
8051
9401
1180
2217
6484
6717
1864
445
514
7713
4455
754
7450
5925
4531
2137
169
7171
6602
7080
5088
806
2534
9318
6586
5649
1497
880
2956
6648
3184
1617
8949
2642
3960
152
1021
1697
3462
4599
2098
1168
3392
4499
7458
1120
3701
5961
3034
1003
9193
1885
1570
7808
1737
4127
6848
1539
9836
3541
2085
7932
9255
9232
9719
4913
3060
1666
5498
3768
1359
8843
5797
2591
9311
823
7025
7444
8355
1601
98
9450
7361
2771
5439
8128
9036
4970
8051
1960
5942
6051
1147
556
7887
8764
4871
2585
8616
7309
1990
3833
3807
5558
6070
4034
2536
8006
5039
6429
8263
7945
1196
2906
4279
6702
2284
3179
1144
4365
6357
7669
1265
2253
3396
184
3697
7322
9562
8378
8544
4929
9607
1050
1512
1871
2492
9429
1173
4392
9122
6161
121
4795
6810
4708
3668
709
1966
2635
10000
8517
7522
8535
566
527
3590
4560
992
2936
1302
7944
9603
742
3426
8373
9348
1359
9762
110
3873
3926
2868
2986
3087
9467
1481
2829
9792
7424
2021
7194
642
8374
2419
7363
4682
4850
9692
1394
2718
3911
9963
4344
6330
1029
7268
4242
6347
9579
7694
7589
8128
6149
4143
9804
4948
7430
401
2652
2992
6779
2549
8576
8867
1336
2572
1598
2228
7563
3932
479
7037
6707
6057
2517
2104
433
9216
3656
1238
3006
3988
2483
9209
7906
9545
9476
8716
4429
3883
5905
1392
9833
9619
2289
1865
8488
9094
7801
2368
8308
44
8810
9044
9764
9691
4807
5321
5371
7797
9873
2443
2865
3172
2819
170
7166
4408
6950
8801
1600
119
5547
9189
4949
2509
2104
993
8423
5450
8228
340
5090
2204
8226
7995
736
6090
962
451
1682
4099
7172
9783
9591
3183
2323
5670
6441
5573
9902
6543
353
1367
8119
5595
1619
293
48
64
657
5759
4251
1930
5983
7147
3297
75
6496
8365
9847
9747
4214
6888
3622
5533
4542
8787
2776
8149
9366
5850
5326
8503
5784
3296
3098
4195
1105
5254
7467
9822
9450
3727
176
6232
1892
9288
2383
1165
363
1979
6021
4299
1706
1961
2788
8901
6585
8161
9953
592
2411
2316
181
9877
6674
6694
1839
8060
8565
8409
8435
5169
7217
945
3894
5652
9322
2837
4868
1305
2108
281
3161
216
2964
3854
4786
3256
8274
3544
3208
6531
6584
5256
6276
2786
6547
1941
3101
1865
9220
5045
817
7941
6647
1359
4523
7612
371
5214
8394
231
6247
681
2348
5212
4099
3073
7993
1661
8610
589
4837
1102
9550
1986
2615
7345
5380
64
3051
5304
8361
9184
6268
9665
1352
9563
4764
1138
4447
5338
4390
1840
8217
2297
4833
9251
5113
1627
9043
8578
1342
67
9009
1694
3510
8562
4761
6768
2365
6153
2496
4141
9644
820
1932
6030
4158
4211
255
3040
9313
866
2548
5255
8197
2775
3744
8374
3311
5791
1125
6454
1139
6812
4533
9007
6266
4241
2062
9492
377
4238
6887
221
9554
1452
8748
7950
2634
138
1275
3437
5568
3722
9112
5466
55
5942
4088
4696
8833
5049
5689
6374
7414
1833
3157
2577
8450
5317
4891
884
2569
2412
9079
7639
4645
6843
8673
2207
2506
6239
2745
228
3881
9038
3052
2684
2402
2451
6571
5350
175
3149
2439
6349
6029
5733
5741
9727
6292
1291
6351
476
4717
9416
6568
2093
7070
5962
4692
8041
7012
4820
1461
154
3279
3446
9897
1288
4771
837
1009
3544
380
7050
4872
9611
9299
6996
549
8321
8856
8694
8862
253
5636
816
7023
7065
1812
2049
3577
4386
306
544
9923
4973
2861
7848
6196
5347
8673
287
4629
5796
6376
3504
273
8029
8752
931
6018
2302
5272
7265
3104
839
9536
1122
7225
6580
9455
1548
4831
4337
4056
4899
9739
8045
7320
9115
9525
329
4834
1280
2060
1934
2397
9708
1419
3163
7897
9030
2460
3393
3034
1008
782
8078
896
610
6890
740
646
701
7274
7921
848
8316
9925
7748
1419
90
185
1396
3197
475
9810
4041
8275
4360
4880
6268
3928
6840
2065
9393
9704
7138
4623
1977
2356
4028
4845
7431
1636
6193
5219
4854
2483
2521
6904
5772
5519
652
3331
8932
7389
4124
4555
1330
6672
3189
8245
2761
3255
560
5489
5878
5674
2664
8378
9474
4062
4657
2855
3373
1502
8973
9536
9019
2743
5421
8975
4350
5576
6649
6842
9190
3019
6359
7618
5269
319
2368
7364
7753
4267
1509
6969
36
9703
5038
4058
1666
9847
9189
1795
3072
2158
1495
3820
1225
1860
8980
1843
4560
4851
2665
6859
8115
4908
902
7724
634
313
2336
1877
517
1804
593
912
8537
7847
8745
228
7643
9993
3907
5478
1579
1115
6655
989
4741
6518
5814
4150
5255
495
4789
6076
6878
4329
2128
5475
5516
579
2268
2448
20
4390
9372
1899
6892
4530
8709
8182
9596
6763
8510
6827
19
5950
9909
2217
4232
5376
891
884
3074
8673
608
5445
2517
1770
1234
1646
1311
7877
79
7998
2159
8061
1753
3623
6688
7005
9654
1295
4938
1636
6754
8936
7300
2604
7156
4174
4059
3549
9832
7205
6259
2200
922
9708
7293
6935
5597
8888
9967
9033
7948
4002
2522
9770
1241
9944
4528
9831
6744
2910
8013
9775
3046
9542
1168
4320
8562
2847
5509
5363
5078
2913
5304
1197
3557
1865
4864
5976
9417
21
9501
6472
1261
8666
2565
1218
7515
9368
326
8690
4943
5687
7327
8322
6912
1021
4388
2705
266
9718
6798
4362
6958
5217
2306
1383
2314
3178
4113
4263
9251
2511
185
982
6910
6748
7265
2261
4316
5039
73
9337
9654
5015
1078
3637
7469
8689
5798
2197
9909
7291
3071
7773
920
8729
7148
5780
9732
4223
2557
9143
2305
8461
9428
652
3284
4030
7465
5795
6033
7510
304
355
547
8366
7161
8528
4480
1441
4784
4537
6631
1863
9166
7570
4766
7175
254
1300
9848
8309
169
8886
5374
4616
1356
6406
276
7320
6465
104
6646
7504
863
5929
8798
411
2098
5019
66
3874
6806
5360
8313
750
1317
2175
6947
9981
2597
9398
8205
2531
1087
6504
8666
660
4469
293
988
8918
8968
985
783
2090
6615
3072
8785
674
406
4348
8702
5225
2340
4837
8806
2297
986
3698
2739
5685
6753
7119
3553
5009
9143
4228
6452
9859
2280
6137
8318
7677
2130
2389
2664
1277
1260
1633
9156
5872
2467
4206
5511
6610
704
1502
8992
7573
8265
1756
8069
231
314
9878
4436
7654
2328
5207
3649
3939
4381
1653
72
710
2805
1305
7156
2474
4579
1528
58
7575
6652
1496
2441
6550
1762
3958
198
9735
5703
6889
1214
4207
8658
7622
9842
631
8332
98
297
6510
8142
4624
2153
1687
6477
118
3185
9444
8600
1035
4851
7313
2728
9573
2091
3736
5922
9169
781
194
2780
8850
2813
1133
1525
4195
261
9606
4533
484
6023
289
9774
2902
2611
4237
1088
3187
8625
4407
4192
4030
3921
3175
4629
6536
9414
8738
6904
1402
7836
3096
8670
2137
1382
8114
913
7977
3215
2320
6948
9924
1102
3696
7741
2700
9290
4074
1511
9619
2641
5940
2772
1691
3629
1505
1510
4170
4480
9532
8973
522
4428
7433
1176
2171
3326
717
2128
5708
3904
9252
9577
1190
5405
7026
4875
7534
6007
2408
2311
6675
580
5548
9068
8031
9073
2437
6690
710
2481
5968
9705
4757
7891
2157
565
3586
1872
862
9318
6966
7322
4662
5056
6275
9446
5217
6261
4813
847
1471
6686
9128
1848
1086
5585
8188
6850
1601
4885
9137
3730
8070
2751
9637
8767
7253
9557
5762
900
3401
1643
1392
1672
3840
5714
852
3329
613
5824
3719
7868
1756
5821
5435
9264
8877
907
1837
2299
3941
3271
6114
890
3267
4017
6290
7391
2014
6743
1761
3876
5063
1580
6993
2189
3096
3572
2578
2282
2964
5268
1796
9862
5838
9538
502
5238
1586
9695
9786
9493
9900
1482
4758
1748
3630
3774
8676
1779
1237
8703
1100
7683
9982
441
1840
4552
7002
4816
5559
9415
3897
9613
4951
1123
725
112
6748
7299
2053
6091
2902
6771
8177
2255
2930
1973
342
4547
3589
9744
736
646
5275
495
6937
1792
6841
8703
6681
5325
5878
190
5209
4417
3628
4688
1042
3987
4745
860
4994
1376
2129
5681
4026
9080
2174
9589
3052
7702
6185
5067
4587
246
2229
2199
2110
8039
1262
8853
5986
7905
6072
5193
575
4086
6635
5088
8611
7297
7046
926
8059
9084
9532
2039
3724
6845
6017
4975
7754
2383
6156
7505
3419
2101
4652
8448
6328
9369
1676
9656
8090
6762
7893
126
3841
802
8376
5596
4572
338
8182
5913
776
8819
1716
3160
9043
7367
4435
9159
7850
3813
7090
1080
6121
4971
626
6599
584
4808
3017
31
1657
1322
6775
285
730
1766
7795
8220
5561
3103
3608
5534
4551
734
6415
6804
8308
9392
1088
2758
4147
4994
7110
1318
2603
77
1271
8072
4988
8402
284
3166
9145
5180
135
7140
7134
1313
489
3707
7532
2511
9052
8447
3724
1060
8663
525
5339
8591
9915
1511
4861
2240
2702
6951
1038
7274
5862
2171
9820
266
4078
2691
4029
8854
136
6222
3588
3264
1069
4304
6403
2409
2866
7366
4513
1039
4622
7853
508
3097
238
9040
2847
704
421
976
8915
1637
5656
3321
9997
3834
7831
9266
5285
7028
4329
3715
2505
280
800
6526
4645
808
9209
5657
540
759
4994
1050
2449
2440
8899
1318
8367
7793
5184
7896
3687
9643
1123
1064
5084
315
5040
2288
1203
6843
538
5389
6467
5571
5484
4565
1284
942
4865
6278
2836
8084
8842
1119
816
3079
9181
9446
793
6985
1974
2651
2128
2987
9186
62
7578
4230
334
4365
8334
2368
7514
4901
2698
2888
6523
5175
2545
1915
4128
5596
7074
4191
8061
564
6291
3929
8057
6870
2438
7837
5845
2748
6504
2003
5979
4569
6323
8942
2877
5132
5957
9074
5981
1024
8595
2061
914
8316
9502
8052
507
4043
799
9098
144
3391
7811
5305
4478
7692
3017
4921
2975
3369
2869
6717
9620
9486
336
7299
2962
2965
8200
4884
5882
418
7897
7937
8489
2687
5955
7842
8431
2696
1732
2307
9890
9578
869
7216
2143
2835
1357
1651
9613
6728
1069
6845
9146
2068
8806
9283
8184
2209
9156
4654
844
3805
7286
6964
9147
8488
6733
2231
9838
7755
4999
4930
3219
603
6454
9361
139
6641
6459
1985
2072
6539
3678
6270
1101
7458
7264
1600
4499
8714
9470
7402
6476
5317
844
609
1148
7420
3214
801
7588
535
7601
8620
596
9450
2103
2842
5064
270
4726
4899
2268
6963
2586
8565
190
7620
6947
8091
7934
2593
5283
1839
7599
4206
1770
3652
2823
7158
5039
5591
6521
9184
6712
5578
6373
5072
853
1215
9965
2773
1677
3735
473
1952
2416
4234
8625
5168
8201
4846
7346
1641
2053
840
5486
2081
6195
9708
8098
6878
7341
5568
692
8019
1382
8550
2207
7925
9527
2203
7105
1081
8531
6857
1503
5906
9872
7945
2302
7838
1544
1267
2720
8976
734
2503
625
140
2128
1883
966
7257
4570
6627
605
953
8068
9124
9823
7202
5971
3219
2431
8953
2850
3171
4061
252
1622
6820
9099
8483
9373
5597
3051
5395
3303
793
2720
5760
2220
7651
1021
4946
6674
8827
8747
1489
631
3902
9308
6362
6292
5841
9403
3558
5137
7659
8628
5158
3656
6618
7814
6782
1485
8329
6754
8726
2759
2135
7925
375
2058
2267
3452
862
4621
4685
8520
6542
4812
2800
6345
9310
3150
1340
2398
1658
7771
8615
6808
6760
4689
1084
7519
8593
619
8798
6782
7240
363
5411
1605
3309
3575
8769
3516
1895
5936
8117
841
2615
2050
4571
6689
9742
1934
7916
5010
2371
532
9348
3039
2699
9993
2599
2676
6597
3095
6883
6157
1768
9458
902
1112
4532
4407
1796
2069
3671
3635
8260
7547
1336
4603
220
8924
4565
7353
694
47
989
3380
2008
4595
2119
5860
6001
8026
1363
932
3011
1792
823
585
288
7478
8073
1297
5480
32
6082
1761
122
2451
9448
3194
2360
4467
4953
9608
6204
2300
1339
2614
2056
8814
131
6845
290
6460
5812
5262
6447
5141
2709
842
8766
8188
1375
5636
1081
6692
4995
8145
6698
1349
1578
423
8617
334
5286
2688
1721
241
3424
7473
2733
1396
6120
8527
1395
8382
749
152
8710
6015
3411
3879
1871
8234
1476
1746
9351
1401
7776
8874
2382
959
9183
6296
2692
9139
4211
6081
4865
4324
9605
1836
7828
8113
2672
3034
7705
5115
9336
1548
157
7063
4239
3310
362
767
3292
5828
9879
9110
529
1062
1259
9977
9892
9931
6071
795
1876
1352
6771
8690
4592
6991
7201
329
9408
5228
3474
9964
9853
7270
4457
8233
1416
2067
1929
6447
6863
8724
2800
4837
8098
8377
1581
6312
2635
3380
9078
3583
1639
36
4442
2221
8221
3333
6793
2246
1919
3758
3713
8211
2933
838
295
3368
8198
8578
3949
9617
1814
1445
8798
1962
9588
7214
1290
4327
2518
6106
2581
8613
6653
7455
4576
4724
8208
9727
4794
8131
4537
3827
2062
3296
9863
2124
2432
848
9339
7824
5203
8307
8424
4119
4629
1171
7316
7758
5259
3129
4238
6679
2469
9828
7748
2716
3564
3512
1860
5854
8234
3377
5857
3366
1860
1698
1514
3932
1704
179
2804
277
1397
820
6560
2570
7597
1509
7866
3983
5285
9979
4846
3843
6231
1239
2786
5955
4723
6820
4369
9859
4688
7920
4918
6862
3368
2522
6647
942
6728
5409
826
2970
3463
3620
6738
8971
2785
2090
6555
8122
7334
6883
2042
983
6376
2458
8367
5565
8303
2100
8812
9002
7809
51
3319
4293
3780
5147
6373
5244
9431
1708
7135
1187
3728
5146
9063
5665
6885
390
4676
6196
2591
5064
3116
1654
4252
4218
9827
963
5946
1545
5087
7946
3500
3666
339
2194
9981
2638
6924
6330
2287
1553
8673
5711
8685
3051
8761
2402
6071
3954
551
9722
875
2195
478
5759
8988
6266
4004
2590
4523
1036
3746
1526
2034
2725
2288
8122
7489
4509
6888
5572
1080
8547
6646
6642
7283
4207
6177
810
889
393
8479
4002
1701
2397
7188
1666
3022
5001
3710
4676
7830
139
7694
927
3171
1256
1447
5128
2577
5021
8266
1746
4908
3594
997
9575
5402
1934
2305
2686
9668
8448
8724
8132
4275
4539
3128
1327
9342
1365
6022
9709
8297
8695
7718
3032
3806
4414
4365
52
7386
2117
4354
6567
6173
434
3174
6656
5848
8769
2199
4470
8515
4159
5822
9462
4729
5642
8833
9628
4242
4659
3989
1201
3578
1934
1434
3835
7555
4659
796
760
3748
195
7393
5329
7829
1168
594
5529
2826
932
4329
7242
2378
9168
3045
6369
598
3005
4424
8861
7332
4254
2162
3691
8255
5362
2634
2268
2403
2811
4766
1669
8722
1159
3681
6263
607
5201
2178
4859
5766
4919
6751
9490
1223
7946
2402
8254
7404
4846
7909
431
1528
7882
6596
5502
1071
2641
6407
6374
1355
9759
9032
4396
2466
2304
7405
7772
4082
3061
5582
9867
8258
2617
5408
1577
6621
7800
167
2773
6533
8598
9650
1444
4764
577
6551
453
7703
4941
6784
1602
3487
6460
7856
5407
5895
1202
632
1839
8373
2584
2731
8500
821
3421
1361
6804
5156
4395
295
4143
1835
907
657
2587
9345
2974
5555
8921
749
4355
1857
3574
5661
7763
8707
3896
5790
9109
2258
1681
4143
4438
8756
8027
8142
414
2500
346
6727
703
2065
4833
6851
7641
8769
3014
7060
4067
1401
6768
5271
4953
7603
9786
808
289
6087
5613
6922
964
7355
1329
2604
414
3054
8445
123
8658
2888
2022
4539
5294
5199
8340
9285
3875
2468
8226
1306
154
2329
6419
7727
23
5118
5140
5177
4554
467
1800
2693
1985
7820
3282
3808
4083
997
9068
2542
6897
3418
1821
2348
9567
8156
6417
1003
1139
9831
3892
3259
367
840
8552
4267
2067
3381
6419
2792
5609
3824
7489
6202
13
7905
9150
5586
5667
2221
4705
9162
3096
5628
1608
2747
518
3661
4609
3568
177
6816
3092
4644
2199
941
2105
5207
4507
8199
6103
3756
6869
6869
5969
236
5930
2512
7947
3551
7163
2337
1191
5142
2726
7884
656
582
5218
3177
2247
997
948
4503
3544
3256
5976
2610
2573
6085
1039
6024
254
5953
4582
6286
9851
1750
1536
1663
3331
4923
1697
8455
8149
5338
3885
9199
2879
6774
9093
4140
1394
8710
9863
9091
4845
206
9327
91
941
8306
3517
8433
638
6105
5062
8556
8943
4625
615
4969
9134
1935
2462
6423
3458
8768
7710
943
2360
8318
7639
1016
3430
9050
2542
9132
6762
1619
1008
836
1987
8502
5773
9352
3659
3188
5752
7836
7901
5201
632
9924
8292
133
5483
827
6023
4143
6258
2369
2297
9993
6420
5951
5228
4056
3828
8298
6467
2460
2608
6565
1507
227
3619
5065
4835
545
8634
5317
1347
1215
8271
6379
6685
1138
2382
7755
8540
4338
802
2320
1586
9886
2129
6414
215
2697
5011
2618
245
1006
255
7733
6328
8442
9319
2505
2619
3775
6813
926
3222
7335
4958
4832
2064
4353
4851
4796
1959
7451
1832
7524
2708
9396
8761
4788
1786
5338
2123
1532
85
7785
1202
6298
4293
3322
6055
959
7341
7314
7938
563
2958
7920
5805
2608
9590
5254
2942
5511
8260
7446
6284
9827
6607
7703
5906
3254
945
331
9358
1307
7082
7693
8303
190
1512
3682
50
9305
6736
612
3544
7159
3778
7022
2376
4916
1827
7101
9542
2199
440
749
5841
3429
575
5593
8756
9966
367
7431
8412
563
9742
7881
1710
8843
7879
3558
155
9831
8714
4731
2475
6850
7165
2857
8213
2082
455
6462
4838
1426
8056
6244
5873
419
2076
3337
2565
1808
3106
550
4673
1337
1207
7102
7177
422
4311
8384
8256
1655
290
2979
3639
4514
8389
7807
6074
2321
86
8747
147
8495
626
1444
5432
2471
3215
5578
8191
7177
6650
3299
5506
8017
2034
9127
6054
7367
9989
521
1632
4542
5895
269
9837
2056
978
6707
2402
3433
2741
8852
1325
4679
4223
6325
3847
1910
3503
1971
6555
433
568
1744
9196
1817
178
1036
9759
5319
7878
7558
7837
611
7357
3770
5641
7357
9489
8559
2856
1105
9551
6044
880
5520
1471
5023
5839
3415
9857
5488
4179
5737
7163
585
1539
7368
8240
3224
2541
4189
1968
5711
2580
1572
6679
2251
9521
1501
5025
2056
602
614
1818
7370
333
2532
7728
1369
6400
6787
8306
2407
5944
2161
8053
4216
4782
1651
3461
9393
9780
9859
1746
893
6316
5315
2212
2266
4479
5375
1425
58
4202
650
2723
7658
5097
8732
2135
3359
1443
1412
7815
9553
1272
1340
7587
9489
2090
4006
487
3788
1389
2478
8779
5947
5947
6551
5243
911
1883
5831
1843
5116
9723
3963
8382
7813
7884
5871
4863
1444
3336
7332
1991
7062
710
5351
6666
4651
4140
1653
8610
3972
5649
5403
1834
3404
359
2349
1697
1363
8699
5698
2164
3941
6918
9484
6785
4813
9773
7205
7103
4709
4716
9701
9083
1146
9347
3300
7217
4884
8058
4171
4523
8049
904
1786
1763
9963
6593
427
2144
4574
6426
4835
2061
5708
7523
199
568
654
9143
1959
1069
228
848
6032
9215
267
6158
270
6659
588
4655
9022
9565
198
1099
2459
2147
9248
4726
857
7326
7576
460
3544
4995
986
6955
2515
9770
3409
5501
6394
7239
944
37
6192
8213
4495
7425
77
1731
5269
9490
3253
5240
9620
3011
5283
5885
4579
229
8830
4326
708
6265
1923
2687
40
5379
9659
1836
4458
2892
9975
5403
7788
8744
7934
8249
1677
5028
8042
9138
5948
9037
1804
2172
1583
9012
6859
1368
8968
3318
1892
5936
9330
6606
512
646
63
3880
5509
6092
2964
6491
904
5321
321
8172
4126
4432
5740
913
984
7663
2752
10000
