700 79
5274
3683
5321
5795
2586
3184
9311
6586
5291
4890
2775
583
3962
7903
5299
2210
307
9217
1241
627
6027
3365
2360
2815
3045
7746
1873
4811
214
4444
3076
3143
1011
5757
8173
3952
6446
2286
8904
277
5576
6579
7207
9094
1278
1173
1741
7494
4069
2095
5334
5144
9500
962
7876
8994
6406
4780
380
4589
8116
6605
1559
8531
6021
9157
27
8270
4017
2605
6092
2988
7450
8208
7705
8341
3392
5200
7295
1959
3746
4084
881
8945
6942
2247
2137
5039
8434
2701
3439
4601
8128
3588
9341
7899
4938
7111
8331
131
2110
840
7903
2884
137
4761
9209
6174
7712
5302
2486
4334
5817
118
4032
7302
5196
6583
3537
1201
2108
1822
8307
8499
1311
8702
3634
2911
1610
3499
2406
1464
8662
725
9625
2293
4844
1876
4059
3753
3418
2771
5042
3039
1501
7488
48
8799
2235
3778
1493
1888
4095
4807
9649
7714
6028
3986
3739
5982
1868
1787
1747
1978
3384
1964
7569
472
9225
2012
9244
5550
822
3166
4772
3425
1237
4133
9893
2565
567
3434
6446
8441
274
2206
9536
4225
6240
8517
1682
2631
757
8858
490
5751
9880
5766
3540
6372
4620
8280
1918
3815
3065
781
4217
2239
9149
4817
872
1040
3831
1127
2625
7419
5742
4160
7444
8852
1503
4575
6046
3599
1476
5653
7412
3583
9054
9308
1427
5871
9881
3377
5587
9642
591
1415
2470
5923
8571
2189
469
9975
8494
8405
9755
4018
4808
1456
1962
4664
4211
3179
905
6558
266
3761
5931
645
4646
4036
7851
6246
2013
3420
2216
1901
4974
6839
1353
3376
4823
9547
6334
5665
5565
1082
6877
3128
5470
7241
4618
9104
6821
9617
6889
3340
8757
2660
2402
7126
1520
134
449
9997
8297
1345
2890
13
7851
7556
7538
2131
9673
4249
5230
4953
2707
3710
5763
6565
3231
7010
8810
1862
7388
5143
119
5474
6089
5884
2291
9286
6317
6523
657
1022
1403
2448
3329
2237
930
8343
4894
7709
1336
7067
4092
756
2125
2342
1974
8603
1755
4147
5348
5941
9568
2519
3275
1413
5088
383
8472
3934
6802
8093
8162
5679
1515
8198
9427
1849
1518
2709
6610
8735
14
5599
1730
6539
1618
6240
4860
9387
9447
7155
2445
3184
7081
6007
7292
1012
559
8226
8457
8424
6340
9535
9209
1721
5262
4129
6190
8200
8048
137
1368
4585
2354
853
9892
6311
1819
1695
2027
9812
1163
6890
2957
450
9247
5840
4129
4878
994
1070
2697
8951
5596
3213
5534
6599
8492
6423
4322
1185
722
7143
1642
3271
4219
3434
6671
156
6194
8209
9345
3878
975
9328
4382
675
8217
3753
4004
3955
9629
8460
7990
3961
836
8528
9900
4687
735
849
3644
6780
8113
7918
3692
2497
7923
9061
5863
3178
9335
2310
9232
6340
2171
2800
8858
7339
6211
221
927
2706
618
2293
4068
739
1156
6378
8857
2820
6270
3830
1377
8736
4382
9216
2036
9662
4994
8572
373
9317
4843
6505
9605
582
4487
6289
1460
7232
6576
9983
2693
5934
100
2351
2542
9885
1252
8106
9980
3703
3056
1376
2155
1352
6531
996
6690
6324
8942
5164
516
5824
5742
9269
4932
9686
6875
1125
3609
7692
9962
8220
2592
1958
8956
771
2427
9774
8651
4852
6336
790
1038
4615
2483
7771
8860
1960
6984
8210
6960
2679
6775
4969
4064
6109
5176
893
7502
8238
2429
2132
2615
9912
4941
4967
3456
4810
145
2096
3710
3726
7549
642
3843
5328
1804
8911
6796
2305
7746
6264
8223
4551
8746
5097
5731
2976
6853
6670
985
1963
4152
8982
853
478
604
1607
7384
6843
6763
1851
9626
7813
4263
7807
2607
2117
5910
9004
5838
3734
355
2835
5591
9335
6196
626
3970
8381
1974
8118
1158
3465
2421
8274
2116
5140
8713
5452
3735
4365
7982
4584
2421
1697
2620
995
3859
1473
6291
2827
4314
3921
1686
9960
6667
701
3533
993
371
5748
3575
6027
3833
1792
5517
2295
5622
9555
3884
4241
9194
9991
6917
1916
3720
6997
8079
317
1636
531
6314
8471
8916
4806
2401
3841
2741
207
2572
4475
6590
1063
4007
885
5743
3877
1892
2171
7241
3650
61
2641
9655
5925
1319
3249
742
3005
1590
6636
1957
7726
1224
7332
872
1539
1424
3139
7085
9001
2535
4363
4352
755
5589
7342
1130
3477
4643
2338
7386
6091
9442
539
2997
7787
9114
4060
5247
8815
2367
1150
6229
7667
9202
1356
9777
6299
1463
5148
6651
6112
1755
2790
9273
5519
9956
9739
5160
528
1505
2250
2063
4278
9718
3696
782
8020
101
7608
119
6725
3411
5817
3370
7323
7539
5799
3582
7238
3491
5150
376
2927
1501
2436
8744
4786
1473
6583
7738
6262
2091
7435
2881
9879
7902
3092
9320
6952
5961
462
1078
3298
4276
1223
4280
3248
9229
9226
4783
8481
5028
7060
6410
1480
2152
3760
1281
9490
6591
8838
9694
5324
1715
2260
1512
5004
3735
3870
5836
2794
6834
8033
6676
8311
9
3179
8011
5415
845
7984
4232
1183
6330
4486
9354
633
2557
3297
8235
6537
8956
6101
3837
7481
2037
583
2462
4326
9041
8105
9539
585
3681
5215
8294
1330
1155
3364
8363
7851
4665
4497
5618
2473
6966
730
257
9894
9614
894
8259
4336
7064
5959
7720
2084
7655
5099
1366
194
2843
7561
8853
8778
8696
1276
7385
9604
339
4210
5583
8003
2077
1733
5462
5453
9237
6024
2152
5596
1450
6943
1132
2797
9379
4630
7053
3612
5040
4578
5631
9226
3484
8169
1415
2644
4884
498
3764
174
5681
1253
1902
2904
167
8737
3115
3017
1997
1994
48
253
8075
2380
6704
566
911
8027
2289
9952
8074
5573
6555
9538
3095
2785
1315
878
3720
474
76
3294
3559
783
3233
237
6845
9569
3530
8507
2361
2729
4348
3203
8605
4220
4889
2265
4939
8991
332
285
2512
2418
2740
7985
3771
3961
9092
6230
3026
7639
9039
6245
4143
7723
4707
4512
1242
4364
4488
6762
1229
6478
1256
8905
5093
7258
6731
6778
1286
54
4539
2742
9812
1051
1151
160
2456
1175
27
7627
6323
7911
1725
3987
1389
3920
6197
8122
8847
9335
6607
6893
7764
6713
9606
6933
4236
9598
7811
8964
2510
7916
3007
3980
7777
2428
3292
394
529
836
327
8060
3480
1580
9284
4041
7513
921
5733
1340
5310
5709
569
1213
2148
11
5737
4750
7370
5421
7603
712
4957
8965
4757
9601
4382
813
1790
7283
9746
3514
940
1167
7303
1190
5690
7137
2989
2727
6090
6803
928
789
8186
6308
1122
6469
2442
2172
3238
9453
7352
1592
1525
991
3553
4794
5010
9313
4874
2628
3532
2238
9267
5708
9707
886
519
2740
2081
9210
9258
2259
7876
2425
8572
7494
1389
6518
1728
1369
5226
1437
2197
3731
607
9772
6846
4344
4153
3283
5309
2503
162
1435
6389
28
8310
2596
6179
1819
77
5461
911
5050
4025
1777
3673
8828
8970
1345
9289
5163
4123
5488
1817
9702
1620
9717
1300
9209
2006
4159
6989
8949
3406
7991
902
5893
4311
6030
7911
4079
3288
738
1471
3166
3596
6079
6564
5870
8144
3534
8323
3196
5363
7967
7014
3577
5007
2164
5562
1644
5111
2212
3872
8275
8055
2953
9559
1886
7377
9735
6552
3490
6285
6757
5043
2482
3746
7585
2091
149
6983
2599
190
8529
1783
1315
5896
3698
2229
8147
4726
7321
2943
7203
2754
5528
9926
7066
9380
4481
6284
2807
3009
7234
191
1101
4948
2933
742
1854
8995
4701
9048
7747
3757
1044
8100
1284
4931
4377
8544
8389
339
7026
6857
496
6025
1727
5859
2468
2783
2503
1685
4889
1019
3989
1625
2107
3720
7867
3790
3292
6081
6822
4458
2344
1577
8512
9201
4168
658
8664
7461
7780
3161
1140
8379
4003
8907
2157
3718
6524
2457
2662
2700
8931
5449
6705
994
1215
3111
2987
3970
1316
2225
4255
8823
6692
2652
6582
7377
6811
5212
1108
3517
5371
5933
7926
907
179
6693
8077
5156
7995
2014
4025
2031
8430
5702
1536
6964
3384
1323
6354
7004
8657
1901
4538
4309
780
7967
499
4033
4894
793
5001
5039
5437
2317
8001
5254
2028
3036
2246
7322
5337
4279
3539
2551
2959
6780
6140
1989
3910
5771
3907
8785
4119
5177
8419
1339
4292
7718
624
746
6353
734
5132
3081
3652
6248
9868
6865
1393
4423
6160
1148
1169
4057
7745
4538
9875
2047
2440
9549
8843
322
6709
9850
7054
4956
8143
1361
5547
5789
7969
9264
725
137
2264
780
2617
7054
7148
1363
5133
171
2819
1363
566
2603
1065
5678
2604
9405
5570
1380
2866
6352
2648
2607
4593
4210
4696
1319
849
808
368
442
2567
5233
4191
6770
4627
8806
287
3480
3418
6906
3959
5419
2770
7626
5809
5533
2359
647
4925
246
3121
628
8554
9644
2710
1505
7801
3000
2375
5090
6308
2548
2510
7849
9152
7940
8906
7554
8678
883
5258
5140
51
87
1183
8810
1107
1070
3662
4871
8641
5461
912
4663
9789
8180
5158
1009
1445
2631
285
162
3864
1254
1729
4351
2412
4971
8839
272
240
355
1914
9925
3072
3166
4433
2291
6745
6665
9874
1242
826
1834
1709
1947
655
2849
1765
6955
8356
1285
3376
6770
1759
6871
4714
4998
2450
2331
7506
8678
9073
4374
6254
7440
968
5181
7013
658
7621
1333
9372
2817
2620
2434
6201
6894
9520
2922
7379
9172
1699
2765
2901
7636
8309
9885
2027
7352
4773
9985
7680
8172
8867
9006
6161
1168
8719
3210
1408
1240
5463
8734
1081
7190
5603
2413
9245
1424
8162
2312
8448
325
9972
1895
7044
3640
6946
9890
3718
1804
8095
1682
3533
6137
1195
6011
2828
190
4509
8122
4263
5055
8177
9929
2766
4790
8389
1357
7091
2852
2420
5105
6439
3147
6580
58
5384
8702
1753
6653
9736
4348
2634
4964
1694
3641
9987
6269
3526
6420
5262
3515
3624
9570
491
624
9972
9937
8328
9232
8453
1529
7077
4497
6131
1495
4728
4127
9961
9367
873
4584
3986
3808
2873
100
192
9262
1524
3589
6068
129
2168
2304
9994
4232
5024
6697
1553
5958
8742
7670
1733
8729
5446
6620
8375
6532
3592
2000
2506
5217
5864
8263
276
1839
6504
6679
2277
9732
5506
3660
8817
3370
7920
2899
3567
467
3977
5900
9680
74
4457
5920
6737
2173
9785
9484
1807
2251
1084
893
3386
1230
3402
8615
9134
5698
2719
9783
2598
6530
2924
6813
3444
7610
5651
264
3176
7861
2970
3392
7062
2339
1798
429
5722
1566
9175
8503
1135
1010
3856
5223
953
2654
6987
2268
2690
5469
4979
8282
2733
4818
3715
783
2166
564
5528
9328
5637
737
7212
8976
9725
108
8595
9728
2350
3062
7817
3735
8852
2469
5589
1490
9432
5661
771
4962
861
1309
9950
2072
3954
7270
1874
713
3278
9368
6453
9866
6401
8172
4264
9858
4236
9101
3117
5075
9975
7557
7798
2644
3521
7415
7643
1687
1029
8399
6790
5372
9636
1735
5802
2072
1694
1950
2048
6388
5618
2930
8833
1619
613
1860
2341
5121
3241
7868
668
4284
1638
1340
794
4569
1491
3937
3938
8832
3826
2705
1136
1284
2783
2566
4970
7462
6611
7196
8474
2231
5807
1287
3513
882
346
9308
6479
9552
4401
5027
817
663
7318
3742
1894
4550
715
2960
6074
2495
3889
2395
3321
7894
2915
751
3098
1204
2466
2267
6032
76
6540
1778
3904
4974
7366
3406
5129
1515
4218
325
8046
4073
8386
5009
247
3977
5867
6532
5444
7744
8683
499
5208
564
4895
3305
96
1763
6538
8402
1965
1925
6588
7340
6621
9471
7601
1794
6333
7846
2503
5284
2162
2634
1435
1842
5655
1641
1519
1242
9417
7901
2600
9264
3780
6537
5189
4546
1846
9683
9209
6055
3102
3364
9740
6506
4254
974
6675
5796
3251
8957
1320
5312
3418
5491
1698
155
3033
6511
8970
2040
8567
5609
9729
4619
1140
459
5282
2684
8499
5470
3320
9366
2449
1208
5856
7879
3657
2640
7138
4244
4163
8200
4339
5891
3566
2810
2391
3372
2422
2189
1117
3946
6030
9007
1083
4477
8981
8856
5497
3233
3408
6189
4170
4452
1546
5855
5348
8423
5953
7587
2940
4128
5234
6332
8538
5331
8625
5785
2598
306
3448
4163
8645
338
2619
7255
1842
5964
2408
3951
1174
7304
9729
9926
8456
6651
3640
638
1935
5170
9942
8252
3253
9947
9455
3221
3147
4779
5058
3865
3865
49
6388
8085
8310
1903
6182
3303
6878
2656
3355
1552
6495
6076
8291
259
9803
7746
6038
3533
2647
5221
6984
862
1412
4354
461
4438
9005
8212
6358
3055
7428
7081
3875
1485
4650
450
533
5595
7989
7346
1637
5933
6186
9089
9721
7325
8766
8737
3930
7157
2295
6804
6119
1610
7682
7515
9778
1898
1960
5204
4756
7621
8688
6155
895
7598
1044
2329
994
9128
6668
9275
4955
7712
2754
3187
7855
9516
8356
7074
4865
8767
1766
2682
8946
6004
9255
3279
2988
455
9475
928
1220
82
9972
5712
7554
471
359
7781
4386
9924
3042
6901
7833
4916
2018
6344
8028
1778
219
4952
7036
8558
8024
9515
1978
577
250
4710
1853
4073
1253
7861
5456
6752
539
642
4606
2620
5359
8820
736
6734
7992
3424
8212
5743
1402
3831
4314
9024
3989
5487
2699
306
7516
8498
7056
123
1718
6853
4962
9653
5848
4074
5904
4965
2103
7818
2397
8437
2765
8588
7108
391
5499
203
3619
3030
7816
6523
7819
8247
7932
3775
3054
9019
3826
9188
3695
7692
1636
8439
8784
3205
2352
6004
8040
316
2249
556
6392
6953
6435
294
6531
7226
4770
3342
6705
1494
4244
886
7325
9171
7
4125
594
518
26
1212
5680
125
438
176
2144
6445
4879
4624
5013
7718
6548
1395
4408
1844
5242
5512
3541
4588
1940
8157
5236
8786
2514
696
8646
8074
5106
4534
1230
9097
791
9795
5530
816
7194
3696
4521
7432
4672
4800
9773
9283
4734
2086
4915
9722
8605
3115
8646
8091
71
884
2102
1668
9468
851
6335
9493
7808
508
458
8155
8578
2989
7270
5889
6195
904
2212
1631
9702
5936
1237
9206
707
828
5972
3541
2017
341
3853
9898
3625
8040
5309
4311
2492
3553
6444
8987
4093
5708
1662
5736
6389
4452
3657
2489
3131
4626
2169
7447
2305
5798
7067
7178
8059
7805
3519
9197
1521
1732
5438
433
2285
4290
5220
1055
582
6604
999
3140
5166
8541
579
52
6066
5139
8955
4319
621
6901
929
9627
7072
2221
6418
9442
72
4115
8619
7225
3702
188
119
8382
2665
9049
79
5354
2217
3400
763
2328
862
6626
831
3963
1706
9899
630
3337
6508
8987
5682
5857
195
8636
7188
2206
1433
5608
9160
34
3987
4211
7178
8978
7247
5413
3253
6359
3011
7408
767
9651
6242
8508
8394
7728
9007
2588
422
2528
4499
1353
3204
8464
122
4072
8775
6528
6517
107
9206
2976
2817
2369
803
2952
2026
5699
4934
9572
5301
4925
4776
295
7764
236
1598
720
1449
6487
4331
3134
6296
922
8161
1651
9670
7626
3784
6191
2157
833
2414
3271
6713
533
4985
7592
6109
6964
1489
662
5794
3377
2530
2176
1578
4314
9427
782
5825
6647
8803
2952
9463
1065
7567
9795
8374
1228
4618
3240
1059
6806
2029
23
9973
1230
2450
5672
6584
7188
6116
9946
8977
1963
798
9762
765
4162
445
9333
6706
3718
7314
5273
9556
2663
3560
4673
2907
2406
4120
9041
3912
9673
4710
8033
5737
8764
9131
3763
9176
3563
9891
7904
7119
3775
4030
250
2568
714
1112
7966
270
6714
6549
7175
3527
7519
6162
7180
2194
1518
2168
446
2808
5826
6708
8448
2161
8561
7992
9455
2067
8030
3483
1369
1327
6440
9234
2924
9454
1352
235
8446
4947
1947
223
6762
5259
3882
7748
1145
4000
1759
1844
2577
9528
6403
9391
2589
3477
6117
735
1361
368
682
3740
5639
494
1479
3863
9793
2520
4379
4507
1648
8006
6862
8025
395
1091
7516
283
2272
1104
1918
498
2630
18
7932
2010
1948
9993
9764
2271
3594
3354
1891
8807
2355
9586
2189
2400
3890
2562
1136
7447
8620
4495
674
8380
8228
3232
2337
1912
3675
7894
853
6985
5005
2684
7215
646
4362
4265
661
7305
2345
9990
2944
237
3333
1345
224
2537
2042
7300
5594
8752
7813
8308
9256
8449
1432
7408
4245
2075
3104
8240
5785
597
3420
4563
4740
320
605
458
1099
983
1006
3407
4347
1945
5030
7363
8371
6232
4858
6912
9228
2179
9559
5586
253
9661
2209
9682
3879
6391
8487
384
1236
426
2617
681
4682
1820
8858
517
2375
2724
583
1960
3056
196
1308
1476
1183
1414
8447
2976
2731
4901
8829
1310
2439
9419
1016
6873
2804
67
6857
351
7329
8772
2831
7463
1486
405
3647
9699
2444
677
3751
7105
3535
9142
7907
1892
8820
7516
2701
4000
484
3677
3529
3776
7421
6625
9335
4432
4562
3433
5423
4711
2545
9434
851
5496
2228
7104
7967
3802
9327
1733
798
3817
5639
5285
736
3543
2560
2706
5776
946
8844
390
3445
9058
4106
8919
5199
269
9145
9170
8798
577
9909
479
1728
7825
9787
4651
1155
1941
8349
7047
4742
176
9500
3018
349
1257
989
2187
9615
3413
618
2039
3001
9303
2531
2678
9376
3692
2997
7845
3471
3907
3565
418
1532
1660
2428
7076
5489
6537
5963
983
2389
2247
6167
9084
4703
6588
2762
6071
4419
8987
5069
743
1265
4444
2799
3018
9183
6466
7307
5146
6107
8435
7733
7559
124
3905
404
1822
9593
559
8691
2171
3276
4732
8671
2581
6397
5455
422
7032
6944
1120
6198
3744
239
487
5084
2084
2962
7286
9712
1876
2475
8445
2226
3412
96
5623
3177
5927
551
288
5883
7979
1785
4788
6494
3259
9909
6032
8289
3719
6675
1256
1693
634
3804
3986
683
5229
7314
6244
8771
5670
4053
1530
4161
8231
3356
339
2192
4306
9040
2547
2492
1745
5030
6503
1096
454
2650
2568
1806
750
2414
9472
8462
1656
7716
4801
8200
6544
9866
1420
3317
335
1424
4123
4548
6532
2838
211
9814
4235
1425
7474
3535
1077
1149
890
4860
1391
3910
8151
2018
9779
5696
8299
9857
1114
7901
3344
1833
1622
2029
4000
3105
6507
2581
4910
6169
1569
6967
9856
3150
869
3195
8515
2394
5083
6537
364
4911
5645
384
5357
1741
2895
4605
4435
3977
9491
7694
3332
5850
321
3478
5921
7104
2704
158
1416
2932
2572
7960
3579
5762
1721
2766
9661
2517
3312
9675
2561
356
5148
644
8368
7685
9226
8253
1506
2608
6857
2304
1797
5645
2943
4911
4988
3497
2566
4196
6182
1582
267
9057
9855
423
3895
7670
5452
7420
5113
6240
9282
5692
5246
8964
9144
9388
6634
4008
5597
1220
2874
9880
3550
1151
6823
810
6996
9685
2086
4904
6120
1693
9652
4521
4083
830
670
2844
9267
1747
3040
1230
9253
8455
8109
5962
5722
3695
6189
263
1423
8323
3385
2147
9478
3430
8029
3924
6370
2281
2376
8842
7628
143
1692
6874
5827
3717
2152
3398
9501
210
3915
7904
8131
7102
1028
2429
3921
5815
8756
9202
8927
2286
8289
9303
1013
842
8606
5253
7233
1585
9671
5502
5945
467
565
5194
9875
1209
6332
6316
623
7589
531
3305
1266
6542
9178
1033
2871
3784
8409
8498
2208
7286
8136
651
5665
114
2096
5122
633
2642
8084
1786
6855
2444
5771
6815
2411
177
789
5990
4887
9789
9949
2738
2642
3660
2851
7380
540
8477
7959
5147
9539
2887
5831
5670
8722
805
6313
6581
76
4183
1323
3707
9453
8039
8960
4566
6550
3942
989
1452
3383
4490
9671
9768
6994
4561
4698
6181
4385
3595
4483
8873
1639
3401
2162
2947
6020
7011
2273
6470
4940
6916
8216
7447
6144
5460
4342
597
2332
7805
279
9144
4986
6030
6997
1744
7692
4560
9722
2326
3467
5679
3795
5953
636
2354
4746
6774
2234
2247
9736
5419
5352
8003
8236
6595
4352
9574
2101
5313
5023
7985
4364
144
1878
3284
5199
2575
2268
9898
3574
8107
7393
9627
4918
924
1110
6956
4608
5022
9822
6279
8250
9552
7308
1053
447
6619
5868
9784
8393
4617
2992
5449
1302
176
6791
3488
3521
8895
3479
4320
4262
4927
9080
4876
6671
6582
4571
9164
2367
4028
1785
8288
5047
1543
2029
1657
6272
391
1970
1092
873
6491
5360
7615
7035
662
8527
1183
1002
8363
8245
8026
2148
7129
6462
1991
1076
2274
3928
1852
6526
9243
4438
9231
4389
9567
2134
4622
542
955
2779
9627
1466
6122
2646
1111
9859
1080
3674
9274
1598
5192
411
2132
2714
8164
9080
1607
1665
8376
7312
9881
705
3521
2933
8427
6510
5580
7171
8438
2153
467
4488
3289
8069
3540
6771
1787
3192
4898
2130
6257
1821
1853
5226
8035
9326
7187
1487
9954
701
753
1487
82
5352
1595
4676
8028
5909
5333
1907
810
647
1254
5544
8346
4549
8743
7639
9174
8335
1936
9866
5174
4159
9079
8687
5281
7702
6931
7082
6093
9186
6298
8444
5747
7092
3898
5913
3018
3061
67
9748
6956
686
283
3231
9421
1807
5516
6555
7547
6179
6652
635
2953
7071
4151
9898
8165
8685
8599
7039
9157
2387
1219
4330
3845
6612
7211
3434
3980
7175
4816
6553
4716
2054
1929
5384
2916
6716
4199
1752
7633
2733
3678
8740
3830
516
9851
418
4665
8232
9739
316
3874
1547
4457
9465
6094
774
8485
1813
1563
1727
2869
9585
4972
4121
2444
3144
1888
4883
624
8394
3846
7422
5050
80
7634
8726
2743
7034
271
4658
8070
242
569
6644
8738
3852
7896
7740
9312
4461
9251
3403
6835
8560
9526
6909
8251
8202
6697
3421
1650
1332
5343
966
1916
51
4265
9132
421
9631
5862
4162
5952
2397
2402
9157
7813
4431
3868
1848
1456
5338
1652
5917
6523
125
9395
28
3176
5555
5004
8179
7922
5117
4966
7500
1127
5648
1984
3437
1499
3319
9827
5297
5917
5670
5364
2066
3694
594
3373
4262
3030
6184
7915
6194
6589
5091
4809
3739
162
3514
1131
6506
5580
163
302
6274
3115
1648
9121
9317
2852
138
7005
4499
6845
5026
2750
7094
4946
7607
6694
9560
608
7578
2784
2657
1655
3959
5217
7893
2320
8172
1171
1725
83
405
2625
6133
4011
8905
6836
5945
5143
9057
1452
7797
6080
5978
4510
1928
5626
5952
3328
3614
4350
5116
9370
764
5661
4161
9282
221
2933
1692
9580
1425
9620
116
6894
3804
4590
6051
4654
1237
57
3203
907
1867
4548
1817
9606
5764
6347
3047
4754
1242
115
3235
8080
885
8041
7293
6584
8051
1630
6792
6409
9170
6165
1558
8339
1134
7502
5032
9403
136
4778
5402
7857
210
8878
7442
886
2059
449
467
8901
4086
5641
6918
4925
8715
2017
7406
6983
9354
978
9491
1780
7255
8251
3919
3114
2324
2804
1104
6271
2501
8568
8171
1233
2506
4807
2766
1274
7484
594
2250
144
1670
3303
6164
1510
7628
9072
9952
1254
1692
8185
9125
5884
5012
7137
551
3825
6696
725
2833
516
750
656
8189
3660
9733
1012
8250
6521
2969
2171
1064
7610
348
2887
5342
2273
5263
1709
2839
9394
6046
2332
2808
2798
2213
7871
8973
7818
1455
604
6567
230
3275
6826
6300
5266
9042
2515
3192
5211
5423
2651
2037
1341
2648
1582
1070
8958
3528
8992
8143
607
7450
8207
3732
1143
5665
6526
1920
6128
6161
4717
4726
1863
7203
1118
5807
4336
4414
39
7441
1526
6018
9473
2755
6126
689
1221
8812
7196
7538
2704
4863
6084
1591
4174
8399
5136
8142
2963
767
1767
5492
4452
3046
1936
8400
1364
4173
9433
478
6185
5856
2484
1899
6625
3907
7675
8949
8277
9042
4395
1143
3957
1692
5167
6512
4303
8325
1826
1159
2537
2110
1437
3720
1368
5042
2568
1469
3652
8560
4506
8689
5427
4908
2402
8950
9123
6935
9206
9784
6629
1078
4619
5227
6585
1490
238
8137
4537
6633
6624
7732
7157
1177
3815
1291
1665
301
413
8043
7861
3050
1017
6677
5178
8843
2255
4552
241
4680
7622
671
4799
4784
940
3881
977
6807
6310
1980
5463
4228
9481
2376
4226
1185
6797
2716
8951
6198
8787
199
2126
3132
6878
3370
4729
2456
4792
358
4277
9675
3515
8682
8714
567
3088
2696
8550
4357
1428
1444
5073
9795
4237
2820
7702
1221
1961
385
1472
6178
8303
4282
5611
2277
6449
6641
772
9383
1124
1227
9316
3089
7749
1531
1707
2148
8095
1532
6210
3311
1799
7811
1529
3622
9273
6583
9799
2828
8398
1811
2119
6997
9645
5370
1263
9829
3307
5656
4648
5508
2429
754
1703
6841
9343
6528
6225
1028
296
7927
7419
4243
8370
1954
9343
8254
8567
1630
8228
7
3351
2392
3952
430
1860
2811
293
348
3010
231
5097
8325
1013
2331
4339
1485
6532
4391
413
3077
683
4741
3897
7414
5775
9868
5961
7835
4458
7427
2781
2630
6047
7114
1909
2621
4063
6396
2168
9803
2033
832
2739
3104
956
4262
85
4504
5061
9905
4295
887
4787
2518
1156
17
629
2665
6234
1528
9355
470
5983
3026
454
8846
5570
9201
3729
2945
8440
6612
4364
1983
3896
5666
2995
4650
3889
3073
6066
5732
7006
1422
3736
3299
198
1703
5999
9343
4129
1808
5732
7701
4144
8746
5935
2814
4683
1873
8403
8018
5094
3360
7676
6096
8471
5137
9638
3096
6193
1294
956
5189
6146
6660
1489
8924
5816
5226
4161
8489
6545
9990
4428
7562
1834
445
4888
2129
3641
1185
5696
378
5729
2325
3324
6227
2065
9489
1757
9648
5694
201
2063
1180
2897
1889
4842
6144
9356
6858
3848
9338
2258
9637
9114
5525
177
4003
7871
2255
4241
2699
4348
1356
1144
7184
178
2261
9397
6177
5822
1380
413
7755
3698
8965
4143
8477
6183
1507
2127
1503
5768
7951
4689
3156
762
4743
5793
2225
7417
1010
158
8054
401
7190
1456
4070
789
1966
5350
7026
8371
1346
1097
8842
3855
1687
8645
8332
737
4772
7526
996
9848
3805
191
734
7005
928
6323
2082
5278
4099
2474
3902
2731
6680
5042
6048
6927
996
9455
6115
8773
6860
5047
8044
8041
374
7039
1146
9326
5488
1674
4100
6931
5964
1466
1398
1715
7472
5962
3003
9657
5110
2439
8505
1339
6308
1301
3108
6808
7357
8644
9126
4760
8446
7824
1341
9918
5645
5662
2689
7306
886
1719
2033
2610
8614
4152
1956
8191
7559
4401
8579
7967
4454
7653
7900
3532
5113
7892
9404
629
8647
1729
6758
4132
894
3247
9939
654
471
7200
2037
3931
2464
4127
179
1690
1056
8527
6999
4263
7586
5119
3799
6842
3193
4180
1440
9446
9813
1793
1548
7807
3110
7694
5785
7524
4969
4454
6436
9581
4005
7273
8815
8520
5985
5327
5321
5427
7717
9512
2719
600
2682
9853
1643
9362
7511
4433
6259
4817
4157
9947
4788
8673
1348
159
762
8400
8464
4548
363
6296
6692
612
3191
458
419
3833
2228
1526
5372
6668
328
6233
7777
1363
3721
589
3176
993
1091
8213
633
8613
2357
8306
4613
7393
5086
5823
2379
5949
944
1321
9629
7652
1413
4732
9005
8124
7069
6910
1451
9730
7114
256
2710
8968
4105
2036
3847
1086
4161
1035
7701
2310
6123
999
8213
5064
9934
1689
6456
2102
1566
1631
1796
2407
7507
1922
951
5994
175
478
205
7541
906
4600
9884
7475
1025
4429
8297
6578
8065
281
848
3819
410
4733
8109
3487
7027
728
4699
9182
838
1706
1763
4595
1574
5445
6972
734
4337
7584
6537
4649
84
9558
2143
9953
2410
2180
7655
6739
409
3019
3247
9706
3709
2230
5378
3145
4165
3264
9852
2680
6002
4184
5984
5807
1498
1545
9280
9426
9272
27
4937
1944
6338
2723
2128
8789
348
4447
937
1012
2118
4676
3389
7562
1437
9902
6220
870
9692
9692
628
3585
1230
9212
504
2278
4002
3775
3295
170
6096
8827
3311
3257
194
53
7394
1863
3859
4072
2277
5190
186
748
4683
6003
1469
604
9187
1958
5261
6002
7246
9436
5917
621
4781
3179
825
9577
4238
2095
1150
6979
3625
4293
1670
7576
819
8083
4417
8643
2632
762
6628
6801
332
1902
315
1944
7953
8055
3074
1020
4188
6032
8091
5932
2333
4025
2549
3696
531
5352
2172
1164
8493
8163
2386
4147
5728
139
4897
9432
9141
8332
2294
9524
6748
5923
6941
5212
1308
971
5879
9167
1912
4667
5471
2935
2858
3272
4769
6475
9339
5586
6593
7283
5649
2620
4510
6988
6943
6223
631
1397
5765
8673
5820
2914
7374
9753
7
3675
5931
4402
5261
2167
6844
8719
8239
7581
113
4013
1921
1090
9324
7759
8773
3209
2418
5590
753
621
791
3839
8353
2537
1587
4435
1915
9327
6094
3337
6810
4291
5322
4974
7824
2872
2445
1527
7972
559
1270
1220
6225
785
7888
2331
7234
3273
9539
1342
4376
698
9574
458
4484
711
6338
8442
3069
8422
1061
410
2627
8758
3632
1190
6247
1438
2618
5754
3175
6251
324
7271
3207
9930
6698
3548
2957
8251
4573
2614
7475
7409
7088
8401
2378
9581
6574
5391
7850
8222
4695
5732
1377
9698
130
3433
988
3617
3825
6788
2048
8250
4688
7479
1707
7434
3395
3916
1088
8137
2968
1256
7168
9302
1401
4419
7847
8200
6737
151
5369
9582
2621
9555
9433
4475
6444
7784
4116
3523
208
2100
2483
4892
5830
3504
1110
568
1592
2493
3699
4903
2528
991
3878
7762
3791
2881
5333
368
1914
2234
8049
3425
1967
1448
4566
6905
2079
6670
9944
9809
2941
6364
1007
2674
8635
9945
6878
2202
1933
8305
2555
4207
1702
1248
4109
7007
7032
5353
8975
9099
8492
3028
6093
9036
8601
6479
7007
7255
3372
2691
8865
9491
6404
6335
2133
5598
343
507
9486
5272
1034
2456
3587
3689
3002
562
4907
6849
5403
2720
5368
1091
1799
6857
8546
3002
9887
736
3913
7770
70
5855
4581
2416
2007
7028
6244
1354
549
1838
8252
2782
4249
1550
9651
4672
7885
7646
3865
7171
1920
4127
2506
5025
3989
7155
2233
5806
4695
4099
6608
7146
1511
808
1342
1266
7138
1715
1709
6847
9495
2458
3038
1629
8432
5976
3299
5989
9100
317
1888
6218
8337
9741
5312
1558
2336
7530
7291
6934
5102
4703
3339
529
7684
6840
3942
7084
7915
1931
5535
5429
1483
8294
1489
483
9176
4383
4009
1864
2810
6570
3190
6772
5142
753
1166
9506
9232
6230
4400
2533
217
1710
7583
5047
5398
645
6015
5451
1962
1291
9948
5202
4233
9915
89
9142
810
6445
8190
9562
4772
4567
2531
5506
7092
6616
1612
2428
2187
8909
318
3287
2355
834
5913
7040
9352
796
3447
309
5641
3375
5806
7950
580
2530
3105
4704
1932
2857
6411
1736
1388
4349
2453
6400
4916
3333
2357
8630
6602
3097
2350
1006
864
7756
5661
3770
2125
1566
6496
1201
4048
8317
6431
1907
2951
4288
876
8163
7110
871
8937
8551
3123
7832
9869
9028
8081
5168
1566
1805
7461
6499
5580
9275
8298
7472
5554
10
3124
810
4903
7736
6547
1745
2068
54
1658
2445
8762
9520
6883
7702
5725
3855
6618
9869
3940
3032
318
4644
1569
395
7634
1457
6695
8335
8712
6003
8484
4216
7935
2083
7252
2355
5710
8608
9894
6292
9366
1667
