311 8
20022
4530
6243
8193
2834
5556
7375
8827
7428
4023
2375
1833
7810
7160
298
3151
480
193
5543
212
1704
9901
4697
3351
811
2406
6592
9119
3907
6593
1293
8680
2566
1039
1030
2731
8282
4138
1805
3331
6602
8743
1856
1742
2166
5865
4664
6093
5999
8348
8184
65
2241
5005
1427
4947
2916
8485
6665
2851
9600
9054
46
434
5069
6278
2782
5214
2097
3139
4584
8452
766
96
6641
6319
7619
9809
9434
103
819
435
3505
2893
9089
1649
5530
6094
1772
4685
6725
4260
6984
8208
9996
306
5996
5791
7524
7459
5952
1268
533
7914
5880
94
3351
3237
1042
3794
6683
6090
6585
4187
7568
413
811
626
4523
8606
2895
3294
1518
9007
3447
1793
585
3674
8462
3964
4113
5556
9774
4167
8162
3323
8077
2356
384
1673
3100
6790
467
5608
7875
9586
7559
318
4232
2423
3434
1120
4738
5437
8625
7018
163
4477
480
8273
7453
7436
7006
4329
4516
4403
721
1408
5366
2750
7265
2304
5478
1925
4055
9806
1147
2687
2436
4566
7199
8924
977
5690
396
20
6747
4193
9333
6149
2026
8662
3658
8918
3490
103
2156
8707
7916
4015
398
8752
819
1782
887
2024
7168
7714
4733
8390
7819
1086
3052
4470
2314
3956
4842
7558
6366
3463
1412
2566
9553
5579
1350
7199
3687
7944
1223
9032
5899
5347
8759
84
6238
1022
7533
6840
3209
3483
2668
6608
3860
2075
4453
3099
7354
2679
5981
5282
1851
965
648
7475
6600
9353
3266
8848
6080
1650
213
3201
37
4723
2383
5318
8778
6915
173
3051
3096
6383
8096
7801
6312
5703
2319
7480
9691
9271
833
7562
2111
7107
9547
489
5928
2664
8489
3744
3690
3761
9704
7027
2151
6585
6140
3561
9295
5085
7356
7032
1428
2510
1570
1268
3761
1641
5830
5505
2131
5202
3824
3783
7184
2733
1638
6449
3979
6082
6274
2314
667
8315
237
7717
1569
3257
9541
7239
8710
2663
357
9320
9256
6902
8284
4092
3154
5532
7952
6464
6702
8120
2315
3875
4407
1254
9769
7119
9176
2528
517
1060
1226
854
4440
9409
3009
9420
6737
2083
6309
1042
4244
7379
2375
3128
835
6665
5977
7285
9910
2107
7404
9737
7251
3847
9483
9287
1223
8427
9158
2806
9759
7029
5183
127
7668
3169
8702
2106
6523
8845
1446
4826
633
5603
7503
3702
6469
9924
4842
5549
3954
5582
6399
2410
5274
248
944
9418
896
5997
5248
2844
5470
5048
9653
4680
1829
5286
7325
3470
7866
7114
9071
7354
6640
843
6099
7961
2593
882
2430
7707
1652
5259
6120
3618
4906
2944
4630
1268
6413
6850
3515
5392
5474
1552
2881
735
4327
5152
4008
3550
1605
9791
4202
8997
399
8587
3310
363
5735
7100
7020
9882
1773
5377
2685
3194
2075
2342
7504
432
3658
5995
6478
9378
7762
2461
414
7077
6353
2912
3095
7504
8755
4792
220
3332
1074
9540
6263
3250
5354
6681
4192
2459
2403
927
3137
6091
115
2162
3833
1237
7835
4308
340
7792
498
8065
8929
168
124
7347
8148
78
9440
1641
7809
8208
1613
5810
8534
1318
2787
1041
3420
6271
2651
7
7554
2380
4236
6671
9014
9515
6874
5128
3288
7038
956
6435
2400
3502
1643
6927
1939
3906
6720
2110
6015
4674
3226
1960
150
4384
4011
2144
8717
1945
9887
8700
4170
17
7055
6208
5741
9835
5261
1480
5483
344
3819
3423
4874
9310
2411
7054
3695
6737
8300
6816
6717
816
909
3956
8648
4617
5178
5261
9689
6080
2503
4486
436
3786
1358
1661
9547
8266
2978
559
775
4353
1174
957
4289
8559
4949
2820
1855
1443
990
9680
1861
691
2391
218
6954
4839
7077
1739
1543
1248
5448
7307
8548
1879
6283
8933
1559
9618
9322
6485
2231
2533
5281
7041
3120
8189
1097
3483
4075
3249
7309
9645
1757
9857
7482
3331
8272
4693
2376
7945
2321
4287
3631
8502
1620
9319
6664
8297
8503
4668
6319
7541
2128
6235
4743
4694
2205
2173
9899
5228
4461
2500
1646
4491
4017
9845
1484
42
3957
7239
1149
9081
2892
772
4048
6337
1983
1773
1977
5043
4407
1228
2552
7235
1962
1930
3870
3011
2450
7690
5241
1169
9097
7425
271
2547
7380
3686
728
5088
114
5125
9172
8133
6963
5016
6422
4302
6713
4502
8048
7770
7191
319
2096
471
6915
8446
3314
4399
358
8950
3742
9643
7754
5844
2386
2685
7888
5917
2565
6309
2059
3355
269
1398
1069
2834
7031
4522
6570
6180
1931
5625
3785
7226
2816
1849
9675
2490
9430
6278
5267
606
3045
2088
4949
6224
9075
4324
7181
9809
2607
9531
1561
4816
2266
1248
4581
6012
411
1577
1531
9539
1497
1065
539
439
9130
7367
3851
5896
4920
442
9343
1580
7345
7936
6117
6625
6057
5723
9733
134
5783
1982
4072
281
6566
2306
7997
603
2123
1449
786
726
321
5386
48
8251
2653
8243
2272
2845
8185
8169
352
5058
3567
775
8676
221
1992
2923
5611
4875
6988
580
2556
111
4745
801
3586
8635
8751
2574
7214
2716
6616
9373
7092
6627
2618
9861
2507
9879
3976
9578
8897
4668
7955
1127
2019
8079
9121
2510
4955
9045
3199
1939
3661
9789
5786
3507
7512
3633
7904
3085
1197
6365
471
5413
2696
4096
5454
4532
7518
1419
2741
862
5640
1072
2246
3676
9232
3612
912
4381
3501
861
1358
1304
485
2678
546
7744
474
628
976
9747
1281
3177
2151
6443
1777
6864
4145
8734
3304
9776
1280
469
9614
904
9204
8327
2607
5357
1658
1744
9816
8343
7727
1910
8108
1735
56
1377
4302
7857
4863
1782
3516
1485
6559
3176
9320
8170
5464
1397
6788
6844
6560
5686
7148
5064
8141
854
3660
9735
4110
3882
8066
7183
6823
2859
8057
566
9990
5586
8126
587
240
2578
403
4741
473
5172
3140
9987
1676
5621
4105
6879
5719
4343
5704
4894
1102
7788
351
9992
133
5094
9719
106
1426
1241
3841
2364
7891
7621
6674
2826
8816
743
5365
7041
3611
9765
9420
3027
6073
1428
607
7545
7775
7584
42
1532
3923
1522
5388
19
9002
2991
7372
5813
868
5546
9891
973
7012
2516
272
1786
6079
3522
9335
2077
331
7604
8874
3975
1263
8538
5332
6099
3620
9862
525
9327
1754
4148
2397
8836
4627
1258
923
7268
7212
1191
8144
9828
4182
8615
2081
1712
252
5084
6929
8659
1336
9883
3348
9313
9822
830
7590
2152
7083
647
344
4125
4183
7448
9752
7807
8332
6892
8635
3406
1836
3287
1461
4715
1933
4808
5325
55
1643
4826
1980
3477
8564
3870
7522
431
873
9118
2084
434
3869
1016
8290
6043
8407
2898
3979
3423
1603
9140
6070
1902
4380
1108
7446
4837
4675
6062
8829
1301
518
773
302
2817
293
4618
608
4053
4571
6666
8261
9092
7090
7058
5984
5638
1592
608
4647
7291
2282
1620
2685
4699
2741
6385
4623
6222
1457
7886
7015
5904
3703
3414
1391
846
9450
3251
1246
7338
2089
906
2017
326
7264
940
2353
498
7456
5912
9479
6138
1142
2967
6946
9709
5843
2249
9029
2782
1500
6339
1606
3057
1809
7397
1196
9617
9128
1441
4318
6186
2860
670
3997
6994
6786
5376
215
4188
7975
8304
5413
1810
834
5126
3973
6345
9161
8761
4851
3546
8668
789
8222
690
943
7064
5940
8005
9829
1407
8596
3527
109
9
2996
1537
5456
9153
9692
1768
6149
4208
1366
5747
9708
6116
3427
9997
3663
8434
6557
9903
5933
3914
4250
1002
8235
3687
4472
5536
1164
8677
5684
2737
5317
9905
5324
7049
3246
6076
3735
9806
6003
6978
2708
2796
6934
8974
3330
317
1345
715
6766
1120
1972
8940
8208
2160
7367
2700
5914
4092
8450
4853
23
4219
3754
9972
8208
6213
2006
8790
897
836
2587
6895
4023
4636
7381
2811
4537
5698
754
3684
77
1588
7337
2401
8682
3836
4754
6466
3075
3439
579
6558
3355
7116
1714
7812
3620
2359
8227
4956
2563
6138
4736
3932
9108
3588
560
2817
736
3268
401
3407
3074
2522
7221
1378
9854
1673
8893
2570
5216
2929
7681
6486
8548
6542
987
2426
7219
5646
8568
3839
182
1249
9549
4992
8213
1570
624
9195
5682
1656
3646
7349
6021
1315
4224
3500
5974
8347
5478
7232
6339
9805
696
643
8538
9114
2679
9746
6644
6879
1568
2488
6336
451
2378
8377
800
8381
1896
8223
1492
2701
6579
9903
1163
2186
8352
7998
6891
6974
2290
6363
4132
6423
3507
5583
1859
183
627
5390
5983
1983
3172
2967
903
6758
5134
7608
2787
8937
2284
9493
3119
8037
3548
5156
1668
4473
1487
3591
814
467
2602
2805
5502
7497
163
1168
7115
9374
5221
9149
8540
3709
6731
1707
2131
9157
5220
7611
2066
512
3687
3139
5580
2504
5455
4122
976
5397
2919
602
7729
9421
3477
1856
3802
2860
1062
7808
1268
2274
7875
497
6833
986
236
160
35
3669
9358
2998
5747
2737
8824
9845
9490
9683
4226
1982
684
7301
2108
9904
1509
6986
235
4684
7132
230
9539
9222
5823
451
8262
8611
7067
2335
9087
3087
6822
9521
1467
5316
1859
1414
584
3602
1063
7416
7281
3605
7134
2116
390
7381
6100
6759
1988
444
4511
9680
3566
9674
6173
5266
7078
1293
190
3098
557
1321
937
7442
3084
3035
8708
884
4794
1714
3817
9523
1358
3557
3116
2424
3745
7760
8278
6602
6105
9690
6940
3633
8528
6742
5016
8521
6045
8810
3604
7563
4859
7953
1957
2426
176
4322
2752
1661
6392
4795
2394
1322
5927
5036
7875
395
8321
1842
4885
348
977
2669
7398
2404
8916
1313
648
3523
7907
3882
1155
1314
8551
437
2288
9914
3562
8740
9669
6618
2189
1239
1505
6872
4242
9228
2629
6084
2144
9918
6660
6102
6024
3791
9786
1421
2160
7585
1431
5079
1962
5101
8675
8878
1125
8486
2702
5137
6788
8310
2641
977
7468
8284
3167
1729
3349
8718
5053
4666
3413
9410
3345
7934
4449
9926
2748
1235
7568
7535
6857
2263
7474
9046
2913
3311
9485
645
2977
9306
7188
1982
3011
5086
1089
8179
6050
7425
8554
253
9270
904
2200
7228
1344
1420
483
2103
1381
9222
4614
9218
951
1828
3023
3691
893
6617
2404
6012
5078
6832
356
107
4099
7172
4852
6488
598
9757
6184
3041
1379
2978
3222
9123
4360
873
3850
5520
4466
8933
4653
8469
6108
321
5451
1180
7798
4853
539
4226
7215
1927
8444
5491
1206
5056
5193
7613
5621
3260
826
5981
6702
8655
6894
1391
8932
9345
8063
7830
8294
749
9212
9965
4784
3030
2620
1640
3549
7498
244
5476
4251
2010
6324
632
6082
4440
3196
972
2755
8440
6388
3840
1474
5294
7215
6405
4427
4148
421
848
73
168
8924
3397
564
8446
6184
1069
1760
849
9750
8788
5592
6001
8196
6667
1398
6149
7347
2061
3710
7307
9504
2139
2208
3666
3884
1551
5816
8574
9253
3321
1763
6103
7365
7297
1575
2093
3290
5157
5256
1859
1928
970
1768
4320
3746
9950
2867
6122
773
6921
4085
3371
596
5034
3574
6900
2947
294
3662
4647
5611
3687
3473
1525
2747
5214
1537
8235
4875
4816
1606
9830
1529
6612
5086
3364
6457
1000
1588
2659
4013
4901
8490
1644
1114
3606
2219
473
8916
9410
8599
8661
9869
4547
8356
4528
2397
9537
2534
1574
2898
9595
6538
6420
9004
1908
7269
1027
8064
7269
645
6412
9475
3134
8187
347
3530
1396
6772
4991
7120
3451
4091
7350
658
960
4951
9381
9343
3200
1188
2141
341
5967
3286
3937
3912
8071
9054
6709
4093
3130
7864
1444
2508
7594
6217
9203
1339
6109
6781
8937
4119
5816
1967
9
400
3857
6548
8886
5721
6920
778
4881
1215
2866
8773
1516
5989
2383
2300
8544
1096
9890
1990
5884
335
4797
9509
4963
6296
2377
9305
384
54
7680
8594
3615
4246
7682
5647
4789
1079
251
3592
4531
549
6154
1898
1702
4079
2680
8941
638
1118
8546
986
1271
2060
9044
9533
2059
6709
1761
9558
5296
8005
765
1463
4937
9429
7220
8436
5658
7896
7768
5809
9040
1634
3091
2485
6633
9963
7339
9266
1369
5521
1494
7561
1498
2482
709
8884
7486
9145
2751
263
4748
5688
2871
903
1188
3145
8010
5846
5185
2236
2882
911
620
1551
3395
7865
799
7297
813
869
610
8398
9120
5340
52
2750
714
7460
5911
5666
6292
7832
2174
2701
2342
4541
9379
1912
6986
9731
2178
3097
9553
7981
7459
1165
948
6289
9343
7148
5338
6947
8682
393
7675
2696
1065
6950
3290
759
1802
7653
1967
7888
1659
4341
832
3898
4194
506
5251
6687
6095
6887
9519
8928
2009
6842
2088
3519
6993
7983
1987
6287
2933
3179
3107
6158
1027
1042
8744
2640
69
4743
1813
8034
1345
9486
542
5035
119
4727
6360
9763
454
1885
596
4029
2695
5964
1790
3474
6364
151
4089
512
2217
3919
6585
5292
1544
8395
9635
8735
2652
4835
7564
6796
23
2714
6985
9607
4846
8632
8036
8456
4954
3781
3911
8097
6680
9710
7486
4814
2426
6935
6574
1314
8593
6330
5147
7823
6580
7017
7361
1331
230
9618
9584
7445
7136
7720
6216
2104
331
68
7692
4244
586
8435
8370
7073
5392
275
6297
2653
798
7963
2154
8746
8387
5153
1052
686
744
2323
6633
7258
6688
9034
696
9699
8949
8365
368
5378
35
7908
6906
5057
7288
817
1720
4199
3468
8120
6749
1317
1159
8567
6854
2927
6664
625
727
2802
1006
4372
2705
1703
5707
9586
3420
9730
4083
3153
6593
9585
5096
9281
9715
8036
1818
3306
6726
1083
5340
254
7058
1586
3837
424
7243
6813
4457
6772
289
2304
1155
3391
8615
7162
1412
499
4434
8451
4573
758
877
3240
1975
5106
8787
6775
530
8451
2225
2163
3119
3656
5131
8982
9808
8149
3200
8955
2601
1404
4489
8245
1163
8720
6238
7251
2195
7561
7347
7700
2045
3441
9758
2164
7581
90
9250
4084
8720
675
7605
4709
5948
147
278
7181
4109
994
7917
734
6841
596
6065
7189
7823
2633
7999
5659
5183
4809
2695
1291
477
4687
315
3306
7556
8907
5925
1985
5738
1813
5559
3297
1705
1518
7030
7374
2429
5625
5130
6370
5481
1444
1919
9384
5816
3757
6865
6143
9008
2839
710
2256
7264
4331
5707
915
1810
1076
7796
1719
6063
8337
2094
9158
7008
8875
8551
4433
41
7812
1886
2911
36
2067
353
4295
4941
9177
6351
818
8270
4977
5785
75
3858
2380
4105
2075
1755
6082
8010
3739
2052
6891
3763
2530
9974
3289
462
5212
8404
3499
3014
5768
3523
1609
4892
7836
115
9566
8813
1873
1839
1100
2006
3445
2362
717
2523
7761
9248
9965
2173
2183
1183
3232
429
7547
4692
7916
2551
7485
265
1568
4948
7657
458
239
457
666
8614
1292
8856
7089
4557
2110
4859
276
0
8631
1286
7956
5936
9785
2819
3173
525
6052
9737
5642
6757
1404
7061
9300
9026
1716
6372
6888
8568
9150
1663
4366
2829
2608
2691
9848
3
4404
7816
7696
9113
5581
2969
3771
6680
863
3880
2042
560
5920
8170
6614
3262
6193
7635
4096
5969
4872
4811
7373
2606
554
2820
2494
271
9166
1548
832
8787
930
2983
6515
8867
139
1753
1916
7840
9548
1746
575
8596
8046
9994
325
39
212
7608
5588
9205
5546
8338
323
6069
7695
6870
7826
3575
5731
8259
9089
1961
134
2162
2290
1843
3815
2363
6401
7278
3206
9738
2537
7057
7812
5549
9476
1656
7950
7245
5646
7491
3948
2803
8080
5657
2068
4743
9586
490
2772
5142
3732
7610
2543
1315
1499
5742
9993
73
9600
1592
5761
5335
9849
1786
2475
193
5124
1420
2148
3737
3647
4704
2167
2900
283
2338
1728
6003
6214
3887
2633
6124
9474
7024
5883
1629
8130
5090
3932
702
3955
3356
6629
5715
7469
9919
2231
890
2870
4137
9343
3970
2657
4314
4167
3868
4942
1347
2985
2671
5366
6227
2298
2908
6622
5764
4434
2922
9852
7825
9362
6142
7505
2172
3488
4980
8514
4769
856
9618
2202
3352
1559
6228
2192
435
6849
8725
127
1125
7646
3698
1147
3384
3395
3279
2789
8124
9033
7474
789
8712
824
8834
1122
8087
565
6927
8079
6478
591
1664
9916
6877
4616
1253
6510
6776
8990
9332
6747
8854
9599
9434
9645
8059
485
2796
6715
7138
474
8961
7044
3164
8566
1763
1275
941
352
3986
475
8598
25
8397
5635
2965
882
3951
792
4926
6772
2565
4066
5976
2696
2683
3391
3598
7245
3099
1676
7339
1644
6280
1169
1715
7474
3990
1738
1021
9125
6577
3698
8745
3450
8960
7348
9667
2692
8920
4963
1595
1020
1376
8658
2676
7347
5947
1374
177
4754
6371
4843
9235
8151
2496
2167
1722
7075
2358
4645
5642
8654
3750
488
5180
1499
5810
7583
5475
8934
7686
2634
3086
7203
2027
5455
5110
4980
359
1796
4150
1499
5341
5159
7598
9397
2071
6552
1194
1538
7020
4962
5328
7266
7016
38
1287
4984
7480
2757
5916
5050
5941
2160
6346
3721
1326
9460
6463
5287
5041
4836
5927
609
6051
5457
3176
5804
1922
8991
6021
2441
1439
3256
7635
1545
2048
752
5569
4880
7519
9358
9719
6445
9069
52
679
8089
2158
8507
365
4510
4982
4362
6570
2621
7851
3111
980
8821
8664
3367
1684
6001
5155
7395
3325
9100
4213
1959
8882
8517
8315
1172
2649
7846
9379
3095
510
2462
9658
1555
244
1623
396
6219
6733
5473
637
9388
1996
920
3070
1074
6021
8605
9958
843
7428
8562
3040
494
4436
6154
38
355
3678
2234
8878
8997
5382
1933
564
9343
7202
4918
2895
5470
479
6221
7620
7323
3181
8361
82
1661
279
8518
9244
8195
946
6822
518
9644
8859
5460
8935
7421
6042
853
8204
4677
7191
3469
9402
3728
4902
5414
2077
8097
5938
2086
5315
3849
1288
133
7097
2186
9773
8649
1423
5815
3618
90
7269
9146
71
452
9030
4654
1716
8736
5984
9038
2956
8680
6765
9409
7455
3451
7883
355
4646
467
787
434
3514
1782
2909
5099
5987
2072
3751
1197
2214
4541
9136
7952
7701
3609
425
1000
5884
1936
2241
4666
7578
6582
1032
1145
468
2097
3765
3894
498
634
1648
6909
1320
2639
1538
8653
4473
6511
4025
1904
3948
8432
6127
4229
9910
6526
1006
7178
3523
298
3932
3362
5548
833
3894
2062
3818
975
1817
634
4217
3736
1582
8703
7673
7529
8403
3727
1429
4323
5059
1092
5828
9985
5180
2595
8271
2669
4730
5031
2820
6396
7700
1673
4772
8027
348
2589
3353
7966
8290
3419
5464
3858
4821
8547
8744
5069
5847
8712
5409
2511
4037
1989
2543
3974
158
9648
6712
1212
8867
3709
6227
2122
1591
7067
7215
1103
8706
1515
894
4739
7425
4306
7962
6962
6143
7535
4972
4897
5910
8447
2848
1014
7631
6185
8576
8966
4621
2904
7047
435
8465
3485
9405
2097
1638
8991
5493
409
7822
463
5293
1223
2096
97
554
9179
869
6829
5534
4912
7560
4220
2540
3353
6882
2569
4382
9017
3523
157
678
3262
4652
1939
5045
260
2507
575
4574
9229
7100
3889
1375
1137
2108
5752
2734
2989
5932
3188
1106
6800
3926
2068
5633
1512
2317
1163
9156
1975
7044
7357
4129
8318
6336
2245
9048
8812
3029
5230
77
2719
2016
6316
5466
3693
9720
3737
6348
2102
507
6205
8341
506
597
3415
3919
6591
1599
2052
826
3947
3996
5193
7335
7809
8497
413
8814
8208
2785
8986
1682
5154
3066
629
9865
1890
1356
207
2831
8282
7089
1068
8154
2533
1797
5492
6023
9857
9114
2628
4355
7593
8417
5281
1526
9642
6665
8048
6010
9932
4462
916
5245
2034
5112
2548
8372
5284
371
3294
7036
4520
7006
271
4670
2107
2499
8153
1213
1691
848
1407
2383
1065
5739
9510
1350
836
9679
4059
8279
2018
3205
5484
685
6914
2504
7860
9055
6157
7044
2052
638
2921
6606
7434
6281
7776
782
8765
3879
2646
3339
6974
7345
6310
1090
5156
6573
8583
6924
1247
1995
2467
6616
7428
1333
4578
1198
7946
423
582
1349
3046
3197
231
8313
3479
2879
816
9950
1142
765
3445
6432
3512
7649
760
9293
7011
3781
1948
1095
1422
2275
4127
930
9641
111
8923
2167
7024
8019
5656
190
6523
2156
3370
5094
4926
329
1824
7465
8317
971
1158
7755
801
440
3939
3799
3546
5747
2935
8200
5815
8499
2574
2078
2525
7826
8487
5222
4909
6120
9499
1866
1948
1787
1128
3229
6659
6000
1358
486
9769
1480
1320
1009
395
7131
5331
3287
5218
9299
2659
2025
194
6021
1646
8448
170
4872
9214
5191
1481
7743
4019
9903
5236
9772
9710
9545
5332
5995
4826
3101
1429
4395
285
445
3269
9577
973
3363
1694
1913
9642
5198
398
4460
4498
9824
350
2294
1690
5744
4987
1875
6620
9222
7045
619
2717
6940
4260
5156
365
3560
6740
6937
2871
856
4936
9427
5165
1030
799
6190
9809
8129
3391
3880
7013
2921
1113
728
9439
1094
971
4536
1258
4437
8954
2251
5638
6097
1292
9826
1608
7041
4532
5919
3009
8642
977
1540
5992
8516
6164
4316
6495
1772
6205
6905
1628
6912
1428
1459
2326
473
581
7719
7385
7095
4524
9415
9654
1009
9880
7851
7034
1180
3912
1567
4800
6923
867
2278
9799
6680
1277
9129
4910
3158
1469
1071
1807
2366
6715
2594
3159
7483
558
9386
8239
8431
6530
1978
6766
6215
9067
282
5085
7778
4907
8169
4223
3192
5851
9502
6719
8843
5434
288
7672
2627
9119
9243
3741
9549
4372
5656
6618
7973
477
1768
8086
8317
4196
3222
207
5092
7968
5206
759
5561
9524
658
7427
2721
1067
9812
5147
5250
554
3638
7567
5537
210
1958
8468
5652
1015
1759
2026
6639
2746
5835
2211
4609
5963
486
6793
8802
1294
3913
4550
7422
6220
4620
2438
4093
8960
5778
4500
3078
8834
1841
6496
6086
5874
1262
4227
7561
6943
4370
1642
5952
2605
4055
4162
6568
2250
1762
9036
6284
6591
4726
3502
8711
2666
6936
7455
3673
4800
7005
5218
3665
6152
9920
6530
9017
7306
6229
1341
6324
9965
7607
6838
1698
5363
7635
4039
375
1635
7395
8564
5320
6999
1942
2919
1704
8516
662
2549
9430
2227
3538
4296
807
4841
6307
4380
2383
4062
9140
95
9920
6047
5174
6389
207
7455
990
7437
1912
2966
5613
4409
1472
5728
3063
9131
79
4342
5685
2438
1583
4944
5220
8693
9701
1974
3497
4165
2022
1300
1013
2862
3252
5899
1427
9245
6651
5384
8331
3737
3984
8780
1470
3012
9145
1585
8154
2252
2736
5462
2535
4772
6432
9490
5099
7451
7999
5549
165
1881
9844
5949
7135
7504
3685
6680
7550
3465
1213
5722
9840
3348
796
8063
6201
8219
7755
6211
4956
5132
7207
877
1338
9080
6346
7998
4964
2342
7518
5542
1808
6460
8304
4357
1528
7380
7217
4767
5369
7281
7395
3402
8907
4935
1778
1779
7864
5750
32
1312
1008
2698
6247
7103
99
9530
8714
5435
866
1691
9768
1142
9045
3179
5936
1886
1422
7931
5066
2985
9072
6330
4768
6191
1485
953
520
4583
9635
1499
4784
9726
4291
2611
6776
6041
4712
7699
9765
9604
7598
9318
7658
758
376
5781
6287
7787
6609
93
2616
3374
724
890
3451
9159
8439
2116
7543
5868
2575
474
8595
1586
9818
6319
7113
7105
7891
2569
742
8371
5920
5596
6554
9245
6661
1594
8984
8613
4556
297
9416
2721
9223
354
1344
8500
3193
2927
294
5953
7340
3378
4127
9867
5809
6292
3563
3392
236
4999
4497
731
8100
9156
8751
674
3873
8115
9723
6516
7002
7057
4702
3202
6873
2577
2423
480
2382
8913
386
2662
5227
31
1822
5900
279
8791
1064
2748
3001
3254
6130
5749
7902
9656
3472
2804
5875
5775
9222
6481
4417
1613
4647
7268
5575
1763
6740
4196
4141
3857
4653
4745
2659
7656
965
1086
6159
2807
7016
6701
1493
8535
2348
2554
596
5009
4104
900
6118
8593
4271
9090
1542
9000
7874
8290
5109
9523
9361
4343
2577
2570
1328
2927
115
8120
3090
2423
1704
6647
212
3230
1674
5625
2109
5876
1893
2449
6491
3914
3169
9046
4973
4992
3560
2506
8880
4384
7613
7635
8664
8448
8829
6417
2807
4386
7020
3458
4102
6979
2847
4115
1908
2293
7386
2243
3212
6041
65
6411
7876
7250
6251
3199
9212
436
5449
1976
146
118
342
9758
9103
4104
4479
6722
9477
5514
6859
7585
9392
7416
9789
5566
286
3065
2062
6281
3999
3441
1062
8940
5196
5524
1406
2817
944
7266
5395
2749
2791
978
5674
9722
5678
7272
904
9664
4822
1918
3765
1820
8720
9230
4230
4085
7692
1170
1491
1975
8892
6834
7868
6516
5080
8099
5328
4305
7442
1864
3085
6716
3154
2726
1102
464
6699
3975
9926
8616
321
1186
4226
2126
1335
3516
6611
4842
3399
1449
4877
6499
7326
2279
2198
468
8322
2492
4300
3179
987
4508
9712
8499
8973
2044
3712
5101
5493
5837
7632
9037
4378
9062
9851
1869
3620
1436
3342
205
9139
2425
1009
8902
2046
1432
4511
4858
2641
3733
8020
7893
5474
5538
9670
9272
7679
7596
6768
4146
9756
4548
1611
9116
4030
8797
7366
4589
8679
9750
5101
7391
8043
133
8272
8406
7407
1549
3999
7529
5453
532
7480
8777
9809
5367
7153
1234
3630
1726
7594
2762
9435
2926
5425
3594
1539
7331
3089
170
3985
8048
1304
6345
2935
4295
8460
6109
4481
2715
1357
4590
1099
819
2616
6332
8972
1
6800
7610
8117
1530
1398
748
7789
5563
4137
5472
564
6345
9516
8672
2031
8757
7338
5272
3566
1079
5724
514
1475
7852
6017
5935
5323
8974
7425
170
8494
3814
277
9879
6589
5020
8510
5313
6918
941
1548
1538
9989
8444
437
320
1382
9897
2856
4461
9383
5871
6569
4769
8852
9946
3383
2482
9087
4116
3788
5607
7214
2948
2460
546
6957
481
4374
8304
6701
7614
196
4079
7326
8212
5826
9986
8387
2323
6250
1399
1228
6037
2621
2189
3144
345
8658
6176
4753
6292
1469
7066
4515
204
2491
8674
4057
8831
9560
8976
4800
4197
6885
9165
2552
9446
2474
8884
8230
4195
1884
8424
2403
5392
623
7968
4200
3236
4717
4453
7144
7526
2588
850
330
2921
5485
8814
4126
4019
6989
1227
479
4909
1627
6656
9806
9632
7827
9464
1117
7563
1152
7835
7610
6966
2440
4704
9646
5632
4236
6833
2477
9056
1621
1727
6195
4037
822
3779
5859
920
4700
3594
5259
9565
1465
4674
2914
3761
6155
4987
6094
1777
1422
5721
9535
7477
5055
2405
3183
1851
3099
36
2195
1334
926
812
367
2085
1091
5699
2112
858
1386
4788
2261
808
6651
2362
9875
4986
2375
9952
7218
6262
3269
1960
3971
5620
569
189
1827
2869
8689
2866
845
8504
5216
3862
1003
8433
8678
2201
8202
9902
9798
5393
9624
1357
8937
7126
1137
1199
6528
9667
7392
4327
7064
7457
4698
2071
3443
5639
7606
8670
7128
2385
9255
6682
9854
2332
220
4515
6410
1933
8077
7804
6097
6166
1562
9523
1576
153
8555
9511
1003
5148
7298
3826
6385
1368
9659
1192
3251
7156
4155
3128
8803
1149
5826
1203
4262
1263
7265
7363
8616
4568
910
6299
8805
6977
2838
9213
6564
9193
904
714
6079
2048
3691
8207
9077
1118
959
9326
7456
1605
126
189
7309
8270
2479
6618
1278
4159
6404
9607
3891
6334
7273
3571
8795
3395
1520
4407
7391
1953
2188
7586
8859
663
1112
3749
8958
3443
3166
3731
3108
7732
245
6628
510
1115
9770
8396
6093
872
5213
3944
4042
3419
193
4255
2060
7337
3463
4680
759
2699
7808
9350
9858
5932
174
5099
1347
575
2241
9182
7908
6155
9785
9289
2241
3608
2413
9517
6254
8661
4579
8672
5137
4101
6863
7731
2478
890
6123
2439
402
9481
4560
4446
9181
197
9274
1437
302
3008
6606
1369
9147
7665
7327
6144
601
9637
3116
6646
7190
7719
5936
4915
1985
9381
8639
1531
6283
3549
1974
2925
6025
3082
9999
530
4819
444
5644
5838
1381
7787
6081
3497
1997
458
2002
5231
2430
5170
3215
5664
9452
4588
1261
9401
5365
6818
9335
3467
2059
6685
4036
4211
8833
3602
7544
4473
9883
3830
1537
8678
6114
214
2943
9686
1225
1847
6250
1894
538
1674
3745
4431
3179
1509
1374
3393
5853
9463
9691
9505
1809
4604
4168
9968
8771
9400
308
6830
4306
6622
2516
401
298
9386
6399
3274
5009
4838
3055
8131
9239
8873
2663
1728
9161
4307
2111
4812
1702
9685
1849
3116
1594
7960
9247
3933
1755
7095
3864
2902
4202
8025
5749
2581
5705
9887
9819
9579
1116
8791
1480
4950
4344
3043
7625
1082
7777
7272
5382
6115
5436
9820
3174
8700
5360
341
4989
8209
3499
7092
5181
1674
2510
6355
5124
4093
5605
94
6264
368
6906
5996
1131
4486
7643
1487
4916
2467
53
3805
3643
5360
3839
1520
2425
2629
7700
9982
7657
4963
157
824
923
1348
7290
2863
1666
4937
4772
9409
196
1096
3148
623
9397
4471
7954
7000
1576
2311
3845
1949
2663
6200
6908
4698
8060
7730
34
9753
8529
1963
6623
7980
1917
4871
7246
7914
5885
6890
1186
1018
4066
4725
2971
4250
9740
2704
1770
8930
515
1783
418
2684
8755
9592
6139
289
5460
8809
1668
9933
3254
4277
7583
9275
4212
577
7911
4808
2662
8385
2627
842
8955
7902
1856
3092
1700
7056
917
2121
4334
2977
630
8866
4306
7619
4531
253
4174
7121
7025
2678
9733
866
8170
1974
9728
9846
5468
5955
6366
9626
7313
9646
5638
6492
3169
3540
9834
3755
9365
7972
8092
9963
7692
2460
9488
9669
6584
7575
3441
3137
8412
3081
1940
2467
5017
8841
5604
2206
8452
6705
2966
9183
7731
2630
1820
43
9865
1091
2006
4630
6407
3371
8248
6028
2699
6666
7781
3490
7243
6260
4959
1014
2196
8109
4397
3704
6260
3660
3146
9172
519
8750
6219
3984
2340
7080
2135
5615
2784
4184
4924
6047
1784
1765
951
909
7399
5499
5976
6901
4010
8577
6295
2418
3692
9371
7702
6509
1535
4007
3352
1467
7680
2252
5953
5501
6631
8539
8143
1185
7886
3131
7545
5500
6738
4858
9286
3559
4829
5911
1411
550
2069
580
239
7171
2269
3119
2996
8408
3687
5714
1384
6273
3827
953
2541
3562
6538
808
1097
6715
9014
2887
431
3313
4010
2611
490
2144
4209
5023
7498
3451
6399
9350
9275
9839
5185
1306
9206
6996
2592
8404
2096
2744
5213
1531
1377
833
5024
4246
9181
1375
4072
8577
1929
9882
5081
1541
7034
1282
4350
6306
5431
1919
2419
2988
1753
4204
4815
9466
1328
994
1334
9957
4507
959
8735
5307
2221
2810
1027
4701
1973
8028
9909
9967
8163
1196
166
895
7250
4806
9179
3400
9716
630
2585
622
4014
497
8654
6068
439
901
7264
2043
7327
1270
5350
1006
9852
586
4987
1813
4279
1511
4665
8702
6862
3318
987
2002
7462
8528
508
116
8166
7096
8085
9640
3795
5402
6553
4224
9867
3868
9233
1828
6195
9421
9433
1996
2355
5324
6078
3481
2301
8647
2664
9362
774
3431
7998
6155
5389
1945
6978
2143
9143
6130
3316
1213
1292
7581
6245
1688
4539
8821
6535
263
914
1428
4945
6287
8367
1017
2215
4155
9170
7172
2289
5637
5957
3262
391
3966
5684
3772
638
9812
4318
906
2473
7544
5337
2144
584
6384
7173
8577
8264
7620
3747
1465
6499
6528
2595
2788
47
1017
3237
6809
5334
1391
4542
5661
8863
4306
2686
4702
5897
857
8675
2965
191
6324
2745
3422
2015
5348
1023
7728
6716
8605
1116
8451
5530
5542
7533
296
3257
7802
8728
6491
3184
5128
6445
784
80
1541
4904
9112
6749
422
4977
8382
2611
7329
6204
2190
864
5788
5427
7523
8458
2772
9140
7754
4125
792
1744
8800
5969
2032
7850
1605
5112
2758
7654
4384
7742
9356
535
595
7842
5527
7594
1593
2900
7535
6387
1208
5346
2316
262
981
6026
5170
2569
3956
9491
7148
7108
1918
6574
1196
8683
9517
9976
2068
1939
7810
8754
9691
7473
7493
8939
6125
378
7109
7437
8768
2603
6919
495
1424
8721
9489
3462
1871
4143
858
8420
8590
514
573
2199
7631
7294
4039
49
3782
6384
2478
8760
9985
2243
6296
6630
1284
8794
5031
1335
48
6619
509
4765
9773
1774
25
6306
9973
763
1472
2827
2036
7700
1286
1476
871
1146
2676
1668
4970
4142
5407
434
6992
9360
1010
921
7478
6080
3826
1212
2487
4361
6854
6196
3135
1999
9643
3308
7593
732
9735
8044
6282
4943
3411
9009
5301
4637
437
4580
8402
8920
6443
9661
197
1969
9325
4171
1350
1555
3734
5185
5448
1454
39
5184
2985
1459
984
247
1111
7573
4322
3456
290
9068
4661
897
5269
1849
6019
8123
3195
9433
1031
3821
1171
149
5377
8327
1423
2317
1651
110
1026
7684
607
5538
7145
1059
6768
6112
6227
6207
5896
6340
7670
211
7292
7517
8912
3800
4567
9518
6936
8772
1921
1803
8680
1961
818
8752
858
1539
6248
1579
6167
2529
6605
7895
9136
542
5304
9688
1366
1251
8800
4615
1138
1821
7448
9680
8156
5667
443
8343
8022
2276
2989
8466
3573
1340
5453
7634
2990
7412
7321
3922
7778
2396
1472
8007
6061
9140
3266
4670
8745
4249
1063
264
1879
5123
3047
5230
3185
2322
2754
9295
3322
4127
5412
2933
2198
1909
1065
5045
5793
2495
4736
2970
6555
623
8922
2278
3490
4923
1869
84
1602
6437
991
1451
7424
186
5903
751
7975
5564
8763
4954
1578
3522
5967
7539
1924
9754
1420
8941
1884
8836
3954
3291
4219
4707
823
3937
6107
2038
7923
2630
1437
7686
2279
396
2710
4860
5128
6034
1991
6887
473
4727
3410
1262
7028
1645
1143
9590
3968
4104
8522
84
506
957
9047
4606
6557
6863
5996
4119
9364
3276
6303
5855
8897
9970
82
304
5434
663
1257
6418
1874
4197
9610
3167
1037
591
4802
1358
8139
8729
3135
7676
5522
774
2039
7205
6423
7286
9890
1933
8668
4491
9746
200
5734
8162
6525
989
4365
198
53
2270
5109
246
5609
8364
6033
1213
578
6397
9813
600
7796
3587
5724
3523
5225
8023
2699
9325
1921
1266
3908
4719
9100
6909
6897
5318
1959
1931
2298
639
3683
3957
9828
8697
7011
9294
2888
3558
9935
8504
1320
2624
6450
8638
7908
7015
2715
567
9648
3919
868
5683
8756
6667
2724
1857
8472
6903
9889
5928
7973
3315
1240
684
9370
6668
5767
8943
8071
7467
8127
5639
9739
58
3216
8664
4462
2267
3055
2508
2446
2660
5680
354
9714
6252
3
5088
227
6264
6753
147
1901
9994
4547
292
6286
7457
9528
9135
2590
5991
8666
9926
296
1578
6856
2810
7848
4568
9640
2914
8258
5025
4416
5467
6118
6422
8580
9101
6681
3576
9163
1243
4018
1181
274
4139
5111
8424
5057
1184
4110
915
6088
5945
1265
9916
3535
9064
6120
5173
1356
3313
6220
7312
5307
7283
137
3332
9883
5030
6034
2428
74
7476
3266
1654
9529
3921
1297
338
2053
3538
4833
1059
8720
2442
3543
1218
1296
7663
2931
4078
5352
2159
6396
3707
3991
2610
6775
7404
6368
9232
2936
5996
5382
2118
9717
2157
8261
9321
571
3565
6564
4131
2558
5684
7616
621
1063
8460
1119
449
2005
8310
5328
7601
6355
6278
7982
1569
9392
5033
5985
9461
4021
5341
5621
1759
6270
4937
7922
4187
1289
6348
335
2501
685
8317
5913
7554
390
8026
330
1518
5425
8102
478
6420
4588
9449
2200
2059
5891
6879
8765
8696
7898
1117
3203
4590
5899
979
5452
9296
4843
9288
4226
439
9915
3987
2244
8299
3889
362
1955
9334
9813
2425
3788
622
8802
7232
8973
820
8068
9576
1939
5782
4100
7389
3475
5523
9935
5536
9878
9587
3546
8107
9267
4106
2073
3696
3500
2079
9316
2096
8133
4612
2917
7282
2029
3611
1446
7057
5268
2375
5018
1258
4825
7557
4139
2283
897
6605
9780
7066
2952
2456
8928
3643
1127
1914
9058
9949
361
2283
6409
3914
8409
4144
5321
9118
7468
4013
5894
5939
5460
7320
5906
6034
4996
9486
8742
4574
100
9374
9666
8294
220
2230
1731
1858
7358
8351
2832
3985
7296
4755
6885
2678
2499
5268
4910
1409
6159
1852
7496
6016
5802
1267
3790
5043
5520
9497
5085
8156
355
6966
9426
5155
5484
1868
9152
3829
5676
8450
3721
1313
4267
6736
8911
6549
9232
8631
3459
3606
2418
1317
8054
7309
2713
1437
3500
2630
6020
2443
9562
2044
8341
7540
1722
612
9100
5083
3128
225
3973
3319
4884
7884
5027
5164
4339
7102
7606
8191
4520
6658
7114
1819
4114
9429
24
63
992
4645
4376
7345
543
4843
2612
855
2052
6369
6918
4219
6519
7894
6486
1849
2312
9442
7115
6668
9768
1028
4027
8453
2770
7490
6607
1404
380
9871
676
2691
5059
5673
2259
2911
7324
5804
9132
6162
8745
98
8577
5787
6929
2214
7625
6241
2066
2177
801
2041
8244
7378
6776
7233
5721
7290
1049
6104
9063
1248
7780
941
4557
4566
9598
4782
6705
3771
6795
7076
5725
976
4739
4281
2884
271
1966
4771
5801
2077
5674
9004
2030
317
1543
126
948
5986
8852
5055
6060
5768
1853
1452
3942
6148
109
5525
3645
1001
8083
9467
2520
9683
1563
69
7653
448
3204
731
3537
2802
6816
4971
7077
3605
1422
4335
4395
2242
4975
8148
9248
1812
8057
5230
502
3981
242
1872
612
1047
3939
809
425
100
7290
8741
956
1776
7966
9020
2595
579
3097
1521
4074
4412
4150
2077
6539
3460
7116
3904
7426
6296
6190
4
7124
365
1290
5777
3761
3639
1657
828
160
5913
122
7280
1728
8406
9225
4021
5897
9311
7179
9925
166
2263
2103
6116
1749
8542
2283
3305
6900
7841
695
7873
3996
4629
4514
5062
1222
8099
5936
856
6983
1244
4821
5134
5356
9606
5657
4488
9194
2693
1685
8380
1713
6277
7832
8055
4467
5128
219
8732
7665
3599
8954
8718
2433
9310
2196
5539
2051
8868
4408
5
8983
7251
4403
5911
9204
1473
5050
4194
1070
4870
4088
9250
8757
3451
5760
4514
6433
9597
9983
2255
8928
9670
4687
2962
3820
5684
5940
1651
5577
5504
3820
5168
7084
1059
5674
148
4321
9046
5361
2982
8474
9779
4589
7356
3322
8671
4956
955
515
9827
3362
8407
9111
8972
4560
4345
2374
9292
75
3066
6517
2687
1090
4842
3334
5773
6464
8076
976
8658
1954
1246
126
1799
4415
8917
6647
6412
7422
619
2416
5199
1464
351
324
6782
9873
2677
2378
1647
5489
8086
7102
218
2248
2542
4323
1521
98
4086
4179
7293
6543
9924
4170
9579
8581
2609
9187
9033
4273
2824
2375
8303
8127
945
4951
1792
3807
22
2009
8532
8560
232
6010
249
3493
5095
7767
1645
9221
9503
2625
9818
9304
6028
520
502
358
1274
5080
1245
6796
4667
53
8757
6503
8272
8000
6753
9713
5580
1218
8933
9455
4429
1135
55
3962
5400
5917
6515
1966
8103
8697
5162
6760
1588
1926
3455
6812
4682
445
5649
8152
6557
1356
9390
2478
6277
7519
591
8346
8034
8317
6105
2131
8057
1292
7557
6374
1374
2156
9711
4733
5068
9520
1195
5608
3004
5029
3296
6027
9530
619
7196
1675
2213
6081
7296
5726
1370
6948
9064
2341
2144
9978
2039
6040
7129
5572
4736
6382
2540
7168
6311
469
2502
1435
7086
9949
6162
1005
9151
1583
4970
150
3193
2576
8668
6857
1071
2471
4122
1
3043
8975
3218
7416
7466
4421
2882
3983
6992
4282
3437
2762
2900
3150
7737
7236
8179
5761
5789
6633
6116
3615
8795
4509
1596
3472
730
6382
9756
8907
325
1312
1288
8456
8168
205
7380
1537
3482
5751
2074
5013
4679
817
2031
5008
3969
6164
3879
9195
7157
1520
790
3281
1249
9440
2718
7150
2054
2952
2182
3305
4409
7496
4911
108
626
754
7220
2677
8494
9316
88
3683
1894
517
525
6534
2385
9440
4244
5510
8849
875
5747
7234
2274
6078
6458
5510
4070
7694
395
9437
492
8853
2910
661
1360
7068
2220
1386
9938
2332
9026
7277
5085
2170
1178
7538
41
1971
7211
5669
2759
2735
588
1442
3209
5834
3366
3387
8759
1804
704
2092
2389
425
1106
7016
626
4454
8059
530
4000
1672
9231
186
6502
6153
1049
560
4744
3412
7545
9748
8563
5209
8126
4608
2320
1039
9113
1966
4174
7605
5391
4325
5313
945
1501
7949
283
6584
7443
174
6558
7890
3403
1444
1708
8440
405
1930
7405
4333
659
5223
9245
4764
2671
9220
3098
3238
8956
892
8915
4723
1003
8505
9698
1123
156
9643
9974
2725
1819
2465
419
6286
7656
4726
5105
5074
1017
1763
6924
2818
1558
4220
6632
7940
2804
1552
7665
8722
8806
3398
4893
5616
4532
9730
7377
8119
6547
157
2646
6685
5842
7811
9791
8613
4928
6642
3348
458
1686
5672
833
7870
5894
9029
4801
6870
7546
8911
7840
1937
4159
8415
4565
3871
2765
4123
7114
5541
6972
3255
1801
3396
3960
4876
4098
304
3279
148
7462
6302
8891
5821
4654
469
8908
3821
6670
6522
2950
1323
5130
4839
5635
1219
934
4847
1228
7128
127
1747
8382
6279
7012
626
1065
6117
6934
8780
1414
3904
7956
5439
8908
9869
9777
5288
3727
171
2938
1931
3808
8141
7976
5835
4500
5557
5843
559
5887
6915
9037
6013
7316
2271
5630
8973
3554
2246
8818
3432
4866
2915
4181
5244
1218
2027
2812
4502
8599
4297
3143
9260
882
9735
6212
4250
8847
8754
3385
2033
2504
5444
3389
9594
962
3389
1087
6339
4850
532
4433
110
7053
5123
8800
1450
2338
2005
1772
1210
1358
2587
4608
9210
9202
1973
2136
9688
7415
1070
2026
6950
53
5697
7954
2960
6100
4723
1830
4517
1587
972
922
5580
2038
3109
5020
5393
9225
3298
4361
491
490
542
2431
843
9770
4512
7734
2668
8537
175
9716
7529
1770
1684
6134
5799
7390
3242
672
2606
9137
115
2355
6884
5186
1334
6595
8471
3101
424
741
3874
6837
3833
3321
8823
5088
796
3628
164
1193
85
6011
4352
9631
8436
3791
1481
1851
7792
2683
2534
4369
2771
4198
9219
798
7194
588
2154
6694
1693
6944
9338
3590
5538
9000
2344
6399
7000
5663
6657
1188
516
1014
834
1581
9242
8187
5359
4384
2916
6241
1830
5661
304
7144
5291
5
7194
7377
1803
8700
8142
4223
9606
4595
3376
4500
7265
9210
1380
3847
7550
505
5825
9844
458
9837
1183
9038
4763
9481
9510
5797
853
7357
6805
516
8729
1823
5248
643
7316
2084
7362
759
1087
520
9707
932
1213
2234
4925
5116
7460
2426
9482
9222
2305
5347
2361
2991
5181
2281
1399
6353
2795
835
156
6100
7904
4855
5442
9094
1425
3020
733
1666
9409
5449
1534
9951
182
2927
2408
3334
219
877
656
3653
8286
5035
1905
855
2375
4751
1527
688
6448
5153
4792
2604
2109
5588
3737
3031
7990
1946
5130
3450
9407
287
3266
991
2994
8535
6865
2059
1641
437
4865
8190
5911
91
9964
3135
3026
5036
8534
3190
668
1925
7876
5669
5383
1160
3500
7782
8171
803
1214
7845
5137
3830
9483
9565
4071
6749
7885
6249
1224
2509
3328
6721
5525
7679
2184
7262
3032
5339
4643
3259
2677
449
361
5097
8213
5
2741
7508
5963
7504
5146
7980
4341
9987
3874
4494
5139
6763
548
3316
444
6380
3609
5389
301
9226
3529
4828
7507
8515
543
3608
4233
2579
9756
5915
302
9500
9640
1390
3723
1463
5162
9444
9502
553
303
5148
1813
9272
6492
369
4466
3691
3445
1942
3486
2133
7221
7124
3540
7007
3272
7496
986
5085
3528
9017
7804
1078
1488
7448
3876
5305
9471
9225
9556
1386
7277
1438
8719
3706
81
383
433
1203
742
9144
6684
2539
1977
5130
1912
3907
2801
7022
8657
61
1234
519
8851
6829
5751
8720
1680
4212
2827
4002
9888
7287
702
2121
9904
8238
2235
7089
4703
3564
2521
8597
4333
3615
5834
3989
2615
4665
8214
9301
263
7282
5157
3470
2498
1192
7296
7080
753
1046
1017
149
2332
7113
8368
5437
8423
2535
4897
2848
84
536
5971
6923
939
6207
2319
5776
4856
7081
8766
7524
7192
785
4134
2312
5308
6492
104
2188
9255
8466
8081
8204
6237
374
8232
3997
1223
5008
1033
9716
5838
8711
159
9581
9374
3724
5988
9491
7060
4077
8353
2661
9189
3348
2496
6713
295
1877
6625
2542
9235
6805
9083
8396
1866
3406
2894
957
2555
5566
1869
3912
8731
5328
4324
9815
9807
7253
5181
1063
6864
9225
8279
7292
536
9250
1129
4974
1393
9915
121
6127
4515
6197
2878
2353
5937
8721
9596
1726
5033
90
2420
6880
921
5511
2345
4174
772
7678
9266
8881
5592
2919
7252
6244
3884
1505
9178
618
47
2755
9559
5298
5577
5511
9346
4164
2674
2891
2983
6082
8572
5968
3194
1457
2081
3972
2744
2524
873
1852
336
2728
9313
6205
3094
419
1944
1868
4043
8569
1386
7675
8544
190
4675
6824
3856
7607
4460
3139
5113
1584
1450
2082
6784
1886
8329
545
4212
8038
7074
9841
5339
9321
7780
9719
6563
1270
8561
828
2447
3441
2519
9829
5325
4251
5189
6478
8337
5095
1185
1807
9913
3573
4778
3293
5745
3157
4998
183
1789
8905
6406
4266
1178
5066
2727
1977
290
9087
2111
5906
8314
6779
4241
6729
2791
8709
566
2320
5736
4265
897
827
8722
6230
2499
8726
6424
8897
1109
2958
8980
4921
8736
5431
1318
6064
9575
3856
4317
6408
6576
2301
408
9819
9326
1009
1238
3629
7091
8167
4499
6918
4682
2780
281
1515
8626
3476
8955
9658
426
4060
5636
897
6759
668
7480
9815
5722
6877
8856
4618
1528
2245
2998
2431
7001
420
1134
4100
6640
6573
9624
9016
6253
2601
741
7467
5532
1381
4494
2922
402
3802
1780
486
8772
6048
9642
3508
546
9390
461
5644
2141
2235
8604
2476
5704
2302
6529
4043
3925
7125
1600
8981
9595
4815
893
7138
5658
3305
9696
8631
7700
7613
4843
2354
5903
848
7103
1268
1584
7625
8632
1960
890
3682
3536
9210
3091
7411
2700
5166
6491
9851
239
9396
9616
7363
640
5188
9809
557
7764
887
3729
513
1364
4011
4876
6909
1890
9671
3881
5701
7500
2115
8614
6086
2367
8818
6033
6091
1276
5249
1949
1812
847
2540
3204
536
5585
4056
6092
1478
164
7959
8057
5409
822
7982
2486
981
2586
1164
8930
7323
5843
2439
6217
1098
8986
7177
7850
3807
1289
9856
1804
3276
6985
2091
6461
1456
3208
3963
976
4851
2150
570
4993
5852
4571
8394
5593
9615
3266
8949
4677
4081
2610
5338
203
5693
4479
4331
8313
1142
9180
7858
9334
1542
6007
4181
1940
3420
8396
3971
8234
2018
4470
844
8065
2223
4134
1630
4951
5328
4558
9328
8282
9924
3097
3764
9910
4524
2019
15
1938
3801
6028
4204
6177
4353
9052
1874
8645
6550
7912
3685
2765
4769
4425
3364
7246
19
2914
148
8616
2146
5351
6593
3356
6679
1063
8450
268
9276
3039
891
4161
2607
3085
1624
6808
9247
2757
2396
320
1618
8690
3261
6773
3625
7575
9640
6200
2624
1718
2478
1946
62
2791
9201
1019
5766
9382
1732
3518
4842
9992
552
5164
7972
715
6160
4059
6968
310
5432
7168
3459
2306
6160
821
8908
503
2577
8861
8540
8762
7700
6958
3339
579
9770
5018
2019
2803
8203
3020
3145
825
6754
1576
3721
6690
4396
5305
7002
3159
2063
304
5846
4979
9158
2778
5850
820
7546
4557
5858
4135
9907
206
4975
677
609
4902
4333
1776
4054
2208
2082
44
9707
3717
509
1714
1759
6282
5861
1012
5831
8359
9380
330
4044
1640
5010
7158
9605
123
6084
5335
4799
1078
3940
3302
962
2848
5014
5863
7733
4580
8287
3174
3789
9412
2400
5606
8694
8321
503
127
8911
3644
4253
9392
6981
941
1862
9172
2445
6084
7550
29
3091
7323
3473
5226
2525
4071
3197
9268
9291
1999
7129
6767
3071
7407
4757
2825
8952
59
7682
9497
1462
454
9599
7833
9144
5340
4438
304
2221
2174
3707
529
7107
9523
2785
8717
101
9181
1427
9129
6559
6394
1010
2864
3019
8429
1882
767
2362
8495
1829
192
5050
9534
3083
3203
9491
9566
3979
6734
2011
2876
8654
5492
8651
5561
2586
9830
2008
6290
1842
4463
5151
5293
2775
2831
1561
9657
2141
5939
6537
3459
7172
3253
5395
8076
1313
3221
1349
3944
7699
3950
4589
827
6079
4803
1137
1686
5090
2878
2437
7202
1698
6164
2286
1820
9537
760
786
246
7315
5018
5160
7616
1146
1797
3446
5255
2194
5778
7536
6105
2605
8470
6890
645
4794
1933
8525
2508
8485
1496
8032
2933
606
823
2963
3639
7141
61
5243
3041
8771
9326
9699
6461
8218
6149
1548
6696
2572
2345
9704
7570
6153
9540
13
1692
8726
6052
2552
4411
5221
9281
9604
6481
6062
1383
9963
5068
2939
4111
875
98
231
4823
7695
8324
3295
1474
1740
4474
3357
5627
2818
1631
58
2959
4753
1486
9688
2677
3801
7668
961
3618
7655
4528
678
954
4906
2202
3018
1132
3326
8221
3306
4877
7238
7131
8322
2908
225
5407
574
9144
2392
2712
2014
8316
4360
7820
1847
7498
631
7094
5631
1212
2381
5735
2191
55
7194
2261
2204
6548
2395
5132
7487
262
9726
6877
1208
2136
2898
7237
3666
4880
4482
8068
9508
692
3483
3876
8963
6372
4715
1392
658
8734
2614
2451
689
3846
2306
7004
1292
7864
345
533
1855
3629
4339
9919
8608
4634
5347
2446
6134
3935
5691
5019
4939
8961
3701
348
8205
4272
8271
1044
3447
6639
9641
1767
1381
9362
3499
4846
876
5318
3600
7815
612
7800
1862
8681
4199
8609
1795
7208
4893
2047
1463
6485
504
249
6283
4381
6334
6340
6826
418
134
1940
7206
4463
1830
6574
108
3210
1992
5697
5512
7875
5845
237
2567
8421
2108
1581
4452
9670
3683
657
5023
984
4375
5478
9430
9566
5233
2360
1984
1190
1124
9909
4926
3295
3012
7333
2013
6178
9943
1287
6363
2530
1994
281
8331
9994
7961
1040
4161
4434
6896
2023
2905
4337
8985
9355
5504
1477
4665
6758
367
630
30
8543
402
4706
9967
893
2404
2368
6001
923
6126
5582
1383
7443
1576
4323
4416
2087
1460
2551
1273
9631
9428
725
9978
6552
6560
9374
3986
1365
4670
8843
261
691
9872
9886
5613
8387
2254
3234
5711
4469
1703
7277
397
8640
8037
3457
4573
1493
9344
2581
5916
552
509
9930
4498
6589
4348
4495
434
5420
898
5999
2904
9167
2027
941
3523
3881
8610
1352
3349
4513
1397
7081
7132
2666
8462
3986
8565
3641
2204
5711
3336
4793
1562
6268
1195
8952
4781
4530
6371
2802
8370
3398
6076
3335
9729
4727
6857
556
1828
6607
9168
2964
5966
3671
973
8487
2442
858
9731
2879
8600
8931
106
9766
5126
7951
216
2442
697
1911
6507
2033
1418
9643
9399
822
5525
4546
1131
4527
2815
4475
7684
2756
5861
2179
9198
4179
113
9095
5677
111
2310
4622
686
1993
3232
7727
4920
5830
9104
4466
676
6275
3217
6167
5698
276
1661
2917
2509
1020
3019
3271
9387
9552
169
9714
4195
756
4922
2073
9983
1731
1278
9912
180
8173
6750
9472
5692
2729
2225
292
9362
1626
251
5533
9305
6900
6250
6045
6746
2671
9966
6904
6270
1094
5963
4304
9008
3872
861
3245
491
6221
7612
1140
521
2404
7095
4364
8893
6722
6454
3940
4340
532
1255
4841
8814
8626
920
4878
4715
5049
8962
6585
1825
5096
8952
4255
739
3822
5234
8891
3787
9258
3109
5571
1525
7903
6230
9181
9622
7942
9578
3644
9097
1140
9337
9555
8796
7175
7643
6817
7940
7305
1388
1891
2755
8584
4533
6027
9906
2780
5889
8124
2424
3074
9264
7975
891
3582
9427
6296
1712
4781
1843
6855
5650
7943
2617
5202
2554
5291
1904
2944
7533
7057
6409
7995
5557
4081
7803
8060
6611
5855
3986
1184
459
6458
1731
9575
3147
232
8034
8150
6030
9423
426
5767
2193
8370
5294
5677
4899
2273
2295
1855
6961
8269
9262
7371
7171
664
5252
773
6082
2795
3997
89
3451
924
333
2511
3465
7757
8414
18
3884
9542
2196
3496
6513
1726
9346
4941
9373
7385
2629
5831
7577
7842
8497
857
8803
2903
8596
2744
1428
2464
937
7980
2929
4542
7347
9204
4905
1759
5773
8302
850
2133
2654
5138
4278
7491
61
9786
1022
1970
884
834
8617
1787
7679
2125
397
9157
8184
5588
8115
2188
370
8066
7457
875
9213
222
4586
9721
3097
3941
4006
4156
2526
5004
747
9782
1571
2603
866
105
4730
7578
8907
1819
1979
4913
636
6044
9587
6309
6724
113
1168
1917
6039
40
4831
8123
3041
6526
6681
3472
6400
4653
9464
3853
9067
1828
257
5852
6957
9656
8765
5984
5157
468
8820
8557
9703
6737
9776
9424
2960
2850
1044
8411
1947
7650
1734
199
5923
8940
3368
1796
2584
8160
2520
1662
7497
2563
8577
351
7785
9509
8987
9666
3667
4259
9992
7991
9281
7136
2647
369
4883
6120
9964
4783
2720
5867
9914
9144
5708
1131
8841
8351
5849
7473
441
7624
6657
2793
5059
4228
6111
2340
9380
1447
1387
535
6774
8215
1498
2461
4560
9326
1197
5816
6732
5575
3573
5117
9053
681
5524
205
3798
6465
8218
1941
4428
7377
7814
733
3255
9497
6197
3558
9798
8900
386
2340
9287
7064
1043
6192
6034
2925
4671
9710
5170
6455
9521
4083
7471
5932
3617
9615
2249
1242
5983
9173
7084
8545
9060
3710
8318
7182
1041
650
2553
7748
9559
4595
958
735
5813
7300
4515
1483
4252
2977
704
391
4310
8001
8709
758
588
2983
4279
4443
1411
7800
7939
9669
6370
1984
7653
2200
6850
6602
9650
1229
1211
6861
5765
2727
9676
1311
4382
2828
8475
8201
6544
5955
7665
365
468
3004
2158
1341
518
9601
5503
7478
6214
9564
3607
3224
7505
2301
9627
9890
7258
6265
7243
6107
8229
7668
766
4778
6939
8471
8232
2605
3676
4544
808
169
149
4198
1930
7595
6616
1375
3528
8888
8063
2439
4220
6976
1900
2537
8580
8311
8472
8991
7434
9473
6181
4720
8723
2509
419
3608
2296
821
4695
5924
3701
8483
6547
2319
335
4822
2587
1731
3961
3733
3799
2776
9545
7426
941
9088
4422
7921
553
4759
1157
443
764
1413
6388
337
5514
8183
4563
9356
4447
4395
7808
9111
8150
4562
1217
7977
3467
994
9545
4741
8962
3212
3269
8931
5277
2671
9368
3033
8750
5370
1199
8208
3669
871
6404
650
1547
1350
1283
7651
6617
5386
3326
6878
5906
5630
8010
2185
7598
2323
1760
2898
4956
3894
6970
7726
6100
7896
8837
1752
1412
4606
4406
1063
9893
3522
9090
8564
303
5957
3825
1498
2671
4392
1959
3164
2160
5618
2030
4450
6637
1710
3588
5746
1176
8655
4573
7451
679
3910
8049
3204
7647
2699
1036
7482
4983
920
1795
5748
491
6822
1440
2389
2917
9745
8617
4845
3423
9367
4186
1943
17
5213
1219
6319
5651
7777
2363
1918
4067
5461
2662
7541
9661
6333
942
573
558
6394
3373
2132
517
5219
5738
925
5444
2604
8003
2583
4189
3693
6036
3715
6018
4490
637
4204
6102
3523
37
4052
7388
5654
2605
3171
414
4167
1856
8093
3258
2694
5882
8669
4655
1636
680
646
6120
2495
2503
5300
7591
6340
1489
6224
694
9559
8272
1720
2707
7373
1353
9711
2313
7667
9307
2295
1504
1316
1103
5198
1323
8816
5650
98
693
5777
8115
8673
2420
9010
7061
5707
6452
7025
4049
3329
650
7743
4816
502
7045
4487
717
1101
8298
1976
7402
8136
1452
2106
9422
1691
8014
3171
4974
6659
9528
3794
2241
3356
4070
1807
7064
7538
522
4685
3394
3538
4094
1960
2469
446
7622
2010
4890
6131
6398
5720
5796
2173
4004
81
4373
7545
9897
5951
420
5139
39
3822
5147
6631
2400
1676
2166
2787
3720
7469
3267
2759
1486
5201
3869
6942
2636
6302
1283
1818
2688
7806
4892
6914
1540
2468
1407
1841
9619
5706
7292
3351
6982
4913
1273
3365
6523
3940
7995
7237
5183
9979
8056
8780
6598
1578
4217
4695
7217
168
1366
8121
9320
5504
1068
8654
6133
1241
8325
3837
4841
3820
4097
1839
5857
6397
7414
3070
3332
5052
1676
4929
2681
3264
1740
6794
9273
2510
9157
3908
3417
8401
7260
1338
6222
8921
9440
4708
9548
2058
812
7428
4829
4511
1908
3229
5273
2991
3777
7135
1325
1533
1842
3694
6447
356
8950
4930
9905
2247
5833
1338
223
3941
1731
3474
6637
3756
6622
657
7715
5322
2441
3917
3865
7591
6711
5639
4591
9692
4635
9883
6782
2735
3096
9621
872
3501
3902
4902
2195
3402
5658
3703
3547
2775
8848
5644
2646
3015
3497
3100
3491
2356
8078
9249
2307
2943
4283
2686
9040
9647
4904
7513
998
845
7070
9822
45
1393
8701
6884
394
8656
3250
2573
8995
9042
8850
9134
8585
829
4158
2429
2192
6465
4295
6774
8296
6046
6378
66
6306
749
1859
8104
2404
6410
3075
5201
2215
9183
566
7403
9296
3521
7497
6714
3569
8859
1571
9870
7625
8634
1430
7292
532
7402
8966
1720
3279
7978
6252
8973
1005
111
656
5433
6152
46
222
4918
8090
1227
6313
3151
2533
9110
3256
9744
6733
4798
1965
5656
3487
3461
7939
125
4920
9666
606
2250
7548
4353
5895
8855
4683
1291
8808
2389
1764
2438
6355
1922
9776
6635
3401
8234
5994
9365
9654
5241
4877
1408
103
4470
436
704
1220
8865
8690
8676
5622
5639
6408
7443
3273
188
5810
1534
6182
6504
3779
2630
2526
7424
9074
2667
4412
5862
4405
1062
1786
575
8555
6925
1176
4456
6049
7533
1372
7992
9342
9067
7240
9334
8478
1294
6145
2766
2552
5595
3294
5480
45
2503
6821
889
4711
4096
8752
4950
8568
3813
9018
9672
8013
4327
2732
107
3976
5006
1702
3019
6831
218
9340
2657
5684
1079
9950
9112
4473
9149
249
1661
4489
6768
530
1106
5109
9380
9239
3525
8771
2821
1156
6414
7662
7516
2964
6090
122
7018
7016
4948
5280
5194
5387
5104
3266
9274
4391
5535
829
9851
2274
4797
8814
203
9214
9591
88
6188
5520
9785
2438
6128
7804
9540
4371
7901
6894
7238
4760
1997
858
8574
8503
3509
9501
807
4243
9480
6208
6608
3336
1807
2478
9280
8039
5952
9930
1645
9162
8645
652
1036
3715
1838
1771
4984
6407
5049
190
7500
3178
2269
5512
2475
1709
6660
8150
1312
474
9839
9813
689
5108
1102
6326
1376
488
9988
183
9130
4299
5618
7286
4762
3881
6424
135
8001
4494
3269
877
994
1213
7459
7525
3493
2572
5355
160
7271
1601
6854
3887
7162
6186
272
4400
7528
5038
8353
37
1100
8872
6895
3188
1376
9234
6420
3183
2101
757
6088
9336
3716
775
2788
9417
9493
2925
3989
2245
5038
576
2626
4144
6433
6306
1069
9641
1578
6635
2687
7235
4229
411
7007
8482
2114
3849
1198
993
4587
2542
717
6591
7362
7086
9081
2446
9362
7058
1704
703
79
896
6561
3974
7168
2129
8928
5636
2017
5244
7465
6548
2385
4439
4174
1174
9439
645
1255
4091
1019
3065
9112
3262
4444
3147
1694
9374
246
662
1325
5248
5268
2135
9187
3798
1822
4485
4029
5562
9206
9672
2753
8725
1523
5110
5829
7159
9397
5852
8862
7267
5218
3527
6914
5087
8708
8039
2645
1695
8614
9122
2127
2419
884
8881
5574
12
1109
9422
241
7716
6445
6503
8692
8776
4797
3506
1384
9150
970
711
7415
1283
7555
9297
6214
5687
7479
1383
2958
5175
892
1983
897
6641
1846
7329
1920
6041
9533
8859
6175
5516
6147
8400
1016
7687
2971
3168
3938
512
547
5312
380
1170
6663
7138
3850
1037
3783
587
3079
8784
2832
1251
5341
7456
483
8691
4488
5753
2618
9937
1360
261
3658
8571
8294
5180
4013
1800
8571
4205
3628
7517
9587
7929
9433
9040
343
2236
6995
7425
2463
228
8441
5859
2379
9526
3762
7486
2376
4519
4151
3960
7312
2845
674
768
4691
2479
2441
4036
9575
3830
8651
1269
4164
6828
2074
1152
960
2732
2189
3157
1692
7015
9984
3373
913
7104
3292
7078
277
4740
1706
1928
4755
2040
7356
4822
4441
2309
6565
1435
2165
5349
3161
8292
8842
6344
761
1026
6358
3861
3553
5122
1416
7090
3516
9350
765
5092
855
315
2956
9263
8352
6237
867
1741
7443
8343
4609
6135
7421
2488
1829
9839
7644
9147
3945
1984
8223
4200
234
4841
2678
9498
647
9903
6119
740
2032
746
109
7180
3536
7961
6475
7270
4806
964
381
2250
625
8625
8131
5376
9448
7969
1695
6650
9869
2464
974
4843
9972
8954
1329
1947
8466
6403
5895
1428
199
6443
2117
7143
2445
1154
1191
8516
9414
5548
4725
776
5221
4246
1779
5209
6174
1056
5082
5220
2604
8000
3791
9588
3872
5655
381
2506
4020
3516
1970
2221
1029
9677
2585
8514
1238
1723
6937
4216
9513
7509
6436
8700
2254
3438
8007
1261
6848
2776
4978
7059
3739
311
9709
9224
7749
1229
8118
6223
4819
5195
8968
9154
8440
296
4624
149
6009
225
874
4480
6376
5691
1645
9636
122
2612
7476
9737
9996
4683
433
7676
2167
9854
5549
1474
3865
2609
5756
4225
1207
8603
3590
4127
1093
6038
8753
1451
3977
7014
3958
4641
491
9587
1128
6692
5585
9681
9108
2058
8885
689
668
365
2376
8585
6396
988
932
3552
860
5420
6359
2403
2508
1500
4101
9755
7366
661
9667
122
929
4194
1562
5513
2005
104
998
6824
8379
2756
6002
4297
4017
24
7220
4434
3884
4873
4115
1229
6697
7553
6284
3998
8945
2561
4557
1125
3028
8274
8728
142
7553
6799
8508
3200
2628
6837
8788
9430
3493
9878
4751
2421
1747
6568
9616
6836
7910
1635
6087
9637
115
624
9823
5054
7145
8291
473
6008
2947
3623
1349
8111
5089
1337
1164
1970
7695
983
1445
7152
1975
4572
6049
8802
9771
3219
2553
3957
3861
9474
7675
6186
6427
9003
1412
7683
9616
1068
7372
7084
6208
6589
6083
9329
8586
5327
9648
3500
9312
6127
2592
8382
6842
3213
1730
594
3108
6514
7382
8235
3682
750
1688
5111
59
6544
5562
3792
9886
2968
1697
4922
4830
362
4312
7838
6881
5976
2224
112
6987
7456
5914
7482
2135
6339
5611
1777
5249
769
8284
2547
3104
7523
2917
8533
78
1472
2374
1258
8038
8521
9108
2442
2709
8679
3019
3648
4305
2951
4675
6487
4875
7938
7932
3084
2921
4177
3485
6980
3263
1906
9510
2334
587
1538
2599
3689
5722
7030
315
3936
6887
888
5
451
8385
5822
6487
6569
1744
7320
3697
9660
1770
1087
8000
5319
817
1124
2071
420
9921
862
907
713
3912
5945
2893
2941
3635
7005
2390
9943
8562
2931
5715
9345
565
4915
128
1321
8343
7074
5207
4547
6637
6496
8302
4762
173
8500
64
1436
4340
1886
7923
5068
3586
9114
6235
1000
9575
4023
7201
3367
5158
2728
9540
2933
9837
1330
6657
7953
1502
9904
9863
1189
3082
4298
9388
1784
1890
84
5376
7252
1339
9774
6069
4285
9438
5283
8743
7701
9467
5731
1711
2568
3620
1465
6763
9086
1425
2049
7151
4188
7945
421
2008
9213
6589
7941
9107
9964
7895
1056
2367
206
4850
8158
3692
3223
4023
6680
221
759
3880
1377
2954
4640
8092
1077
824
9087
6261
1831
9990
2018
1593
173
9675
6129
47
8653
909
4381
5606
3523
145
4998
6208
2926
7501
3772
6452
6931
7986
7484
3557
9698
794
2649
4798
2138
8203
3810
8854
5984
1914
2173
3979
395
1164
101
9284
6501
6606
4385
8999
2047
5971
8678
6922
1568
1506
5500
6858
9353
269
3064
8347
1032
695
1164
2696
2144
8003
2014
9414
5888
9738
9650
1074
959
2940
586
6469
9335
2545
9764
304
8124
1851
8946
4847
9359
848
534
870
1430
7291
578
8275
9034
8186
6255
59
3819
9604
4812
4500
3471
1395
2647
3694
2487
3442
5983
6713
5550
3439
7339
2781
1879
1773
326
6303
2115
5202
1448
3436
336
5712
9926
768
2370
4394
9965
5128
8518
6071
5670
6371
1208
6599
874
5385
5942
323
8753
4235
2381
2361
2668
3474
8662
5116
3525
3957
1731
2608
2315
2230
176
1414
1656
2369
3020
6047
1367
5458
7289
6918
1470
6398
4882
6186
8302
3483
5803
455
9241
3428
2080
1394
4520
4922
750
7059
3306
7885
646
3937
1475
1483
1981
2258
8676
5320
1802
9937
7216
9632
875
6406
3155
6122
6355
3827
2107
3583
5185
7159
8441
8854
5739
4807
4219
6219
4587
5412
2318
1095
1846
5660
476
918
946
9790
9007
8210
7318
8453
6823
1723
6947
2478
5080
1727
2500
6026
973
7832
4129
2969
1406
1422
9467
3112
8007
4716
3539
8256
8330
180
1627
1547
5133
9579
255
2005
5795
2562
5947
1291
2708
9599
4572
2297
8426
1274
9037
9354
5083
1107
2370
6874
6608
4979
8211
714
4684
6026
3436
1830
6993
198
2362
6501
2760
9236
3430
4409
66
1780
5676
4802
3367
4910
8044
9473
7786
5758
6696
8745
3356
369
6573
7072
2101
8012
1936
4851
730
5078
8740
2647
3549
5319
8675
2722
1118
8214
4745
664
6911
6671
2273
4343
7087
4804
3051
2358
4581
8052
5051
9199
6214
9780
327
6511
3830
3649
2214
63
5185
6765
9132
5375
8362
7117
9556
776
527
332
2639
1940
359
5449
6521
6403
2600
2982
7743
232
880
5669
4222
1315
52
5580
1389
6291
90
2425
5630
2017
4767
5302
5697
6661
2441
1809
9017
8532
8986
3202
6949
330
8505
8206
6340
299
140
8639
8901
4350
5578
3531
4873
1292
5531
2274
9973
2260
4301
6753
2081
919
5991
3159
9211
5135
3624
256
1612
2218
1521
8217
2733
9905
7322
5202
6368
8185
6975
4758
8531
7947
3746
6729
979
9863
6519
9860
452
6715
7761
9214
7539
8104
5814
1068
142
345
7631
9018
739
899
9139
5035
3687
3951
7909
1341
5617
5043
809
8113
5565
5179
4518
2231
7064
8890
3916
7650
4134
3930
1362
9798
228
7735
5460
6313
3124
6586
8065
8234
7573
6471
7104
1570
1490
4971
6479
6170
877
1456
855
968
336
4948
439
8884
3722
3067
1829
7690
2016
1870
6644
369
5508
1280
419
1672
6952
4600
886
8219
6603
896
3894
2291
3693
6387
4368
6639
3957
5310
589
6616
2869
9841
8119
8466
6568
9922
1399
1343
9260
7712
1971
202
8224
1338
6625
3713
5644
4347
1645
9456
95
31
5017
9927
3069
1895
8030
1575
3799
8382
9461
4900
5646
4423
341
4635
2820
7050
4206
5468
7954
611
3593
5975
2060
571
7042
27
1854
2237
9305
1541
1926
8741
9188
5462
6553
3349
745
5509
6067
4220
8420
1159
9784
2478
3954
1222
4713
408
8864
5180
2646
647
1174
6241
8485
1711
7843
9231
3457
1128
9653
4243
8220
3016
6622
3675
8012
4581
4736
9315
795
7504
4389
7285
8858
8707
1980
1165
556
8788
2722
4912
6520
8172
2907
9728
5040
5851
2231
8196
9727
1390
1890
4733
6706
7210
1804
362
8236
1403
3521
1275
3033
5744
1324
7899
3370
8086
1507
3108
6442
8281
6339
4596
7978
1692
5930
7037
9814
4154
9384
7586
6866
4314
2047
2061
7368
215
2426
2350
7713
6079
4033
9845
1143
6517
3623
6941
752
3749
3032
9273
4537
6108
69
5183
9589
1698
4205
1708
4204
6144
7212
9089
769
402
1268
5451
1791
6521
7681
4718
1091
1791
5559
5351
9563
3000
2714
3844
2600
3572
1115
347
318
9558
238
8651
846
7891
9580
6392
156
8648
2367
2650
7026
6613
1350
3232
3815
6215
8263
9105
2714
4763
6976
8296
506
1200
5999
9067
2965
9120
9260
605
7046
8751
3616
7999
5413
6424
6254
1145
162
4091
8533
2004
2623
4643
6443
6677
1648
2216
3604
2638
1088
3844
573
1058
9506
2725
2379
9621
7299
3932
9498
2783
4052
9406
2297
16
2170
2667
6316
3431
5552
494
7065
9146
7006
9881
288
8928
5750
3041
4638
6238
7177
920
5470
3420
2634
9248
9498
5247
3511
769
2808
5964
8453
7309
6055
9755
8634
3967
1439
8120
2673
1478
9123
9857
1017
9690
7275
539
2655
4512
1036
9083
577
3273
1428
2574
4805
8039
6494
5004
3674
3309
6992
9404
6203
3845
1693
518
2012
1358
3950
1957
3947
2436
1833
8178
7961
2355
4147
2233
9446
3575
5678
1374
8877
8454
7805
4821
3186
9202
5719
681
6789
5504
4971
6998
8276
5994
9224
4934
1973
2326
8527
6331
2344
5419
3826
1939
5300
3675
2769
1079
6514
1716
1237
2632
5528
2173
4602
4928
9313
5675
9318
3385
8785
2226
316
50
4482
805
2925
5593
6818
1863
2205
8330
4144
2542
9705
9997
193
5894
124
7086
327
1548
6361
9578
1973
4885
1416
1246
1443
5992
2645
6953
8050
4802
659
1740
9651
927
5814
7168
70
3118
2667
1388
6170
464
5573
6698
6729
2178
5551
4897
9604
8517
5670
1012
8290
6257
2959
7827
7734
8755
9791
1773
1605
9299
7044
948
7451
6308
2407
7063
6654
6752
1658
6350
1324
2496
9038
2944
389
3204
6270
3804
4668
5370
8049
1235
4245
6881
1829
5066
301
8164
9112
9262
1693
5470
5636
136
9332
790
430
3705
1181
7108
7099
1461
7525
6491
3676
7898
4650
6098
1859
3267
3625
3219
8357
8332
2066
4855
2979
9063
1157
1249
2173
6326
4723
5051
9424
4705
53
5519
4639
4839
7964
2216
3737
5143
4291
8661
100
4507
8853
1671
9782
1858
655
8773
8484
5883
2614
9200
6481
2264
9040
642
336
6427
8500
3459
2046
4691
7689
4471
8528
940
9943
381
6969
4926
3399
2521
6597
3982
4796
5482
7085
5554
4957
6043
7997
6788
9209
3679
4760
2814
7053
9041
5405
1286
8817
859
5026
7543
3618
7221
8798
3507
5284
8064
1782
8512
8227
2718
1250
1320
3973
4005
8708
3271
4566
4637
9027
6674
2095
8509
894
7974
554
1975
683
6413
102
1101
3948
5348
7005
6178
6417
592
9081
6468
1046
5480
4405
3962
882
4248
2040
1228
1939
3034
8066
2527
4143
7724
5686
7589
312
9641
3743
3337
3745
2811
6477
4486
572
2070
3087
6582
6620
5743
589
7720
2752
5580
1933
1032
8286
2575
1583
4825
7483
276
1821
2224
7421
3142
6848
2329
5271
2650
1361
9854
8136
8038
1753
8821
723
4611
415
6506
5083
6293
5996
1454
1715
3204
298
4306
4993
1607
2114
8916
7339
7836
1036
7363
7200
1630
3848
2296
4204
3716
1463
2786
6134
5145
6675
2837
6400
4512
2554
9621
4517
601
8415
992
1694
7385
592
2522
6800
4908
74
9605
6921
3193
1461
1649
7793
8441
7412
1801
5135
6957
7121
57
1526
6503
616
1714
3663
2426
1910
9665
3601
8054
3416
8871
507
1797
1689
1723
5477
5358
4364
6678
3997
8470
6629
4385
2248
4322
2428
4368
8445
5602
5773
1359
6833
7210
3706
8144
9226
4708
1433
1504
2519
6289
7971
4073
1095
3051
5772
785
7061
5805
5280
7435
1454
3194
8910
2174
5120
9340
7949
7209
2394
1348
7112
7515
6075
3389
4707
5734
2151
4061
4624
1777
190
6741
8743
7568
4279
6870
5571
9709
795
8414
48
7328
7301
4300
2927
5516
9695
6291
8248
2280
3132
9474
6906
9412
2013
484
9309
7313
2153
8885
1052
1015
1509
1861
6558
6769
6002
6382
9890
3034
190
3607
5590
9319
1899
599
440
9445
763
4522
6235
5222
866
957
1467
3536
3380
6664
5659
7685
242
6696
839
4288
1162
9603
4701
5545
4560
2121
5316
3666
260
2833
8515
4528
3494
3839
9929
1828
1854
8879
40
8128
4748
5890
3185
6443
8704
3890
541
8106
6372
2412
1884
557
1518
9995
621
2505
3372
9266
4512
102
6459
8565
6837
1583
2686
4877
1476
4427
2466
7993
6430
597
5223
1769
2229
3048
4189
2379
1489
6282
84
5599
8163
3321
1973
269
8695
7184
3737
7632
7919
5384
6803
4297
8258
5563
5198
4743
2950
774
9133
4284
7392
7623
3389
6264
4846
5572
3075
1671
6377
1899
512
8752
6962
1678
3427
2508
225
1091
6548
7210
2056
3674
9751
1784
7412
7996
1867
3581
1057
5531
4355
5669
9077
7237
989
8918
2296
1831
7338
1266
3830
1094
7439
7951
8878
3087
9990
5991
3448
4955
577
2629
6754
1973
2500
6571
8624
6861
1420
9996
4755
660
6611
6616
9035
2861
1065
3918
7448
770
4922
7220
3875
6454
3001
7743
9524
9545
7268
2079
9053
8717
6957
7634
6855
111
2042
7988
383
4882
9405
3414
1842
6489
1407
7087
2803
2663
2835
5622
8182
342
8042
9378
3464
5309
7218
1785
588
4177
5140
7632
6364
6003
4699
1666
6047
5222
5814
862
8107
8470
2019
1725
3426
6176
4694
833
4555
6790
5110
264
1223
2393
4885
310
2009
5912
9703
1141
2602
176
6688
3293
7165
2423
7940
6046
8561
1097
2750
1045
9671
481
581
1931
5634
2946
4984
2632
918
6309
1816
4250
5548
1598
7903
4678
4789
1260
714
1517
8346
3568
2027
5205
167
2800
400
6735
9175
536
525
939
1584
1287
6001
1206
6196
5625
5700
8283
2687
1503
2004
8627
1734
2704
5522
4334
7838
8035
7338
6024
6673
5975
1715
6061
1010
1169
3690
7100
8741
7466
3847
5678
2814
6649
2597
8601
7857
1399
2828
4607
7582
165
2604
6318
908
6055
4903
5986
3057
4899
7308
5180
9753
1852
578
9578
2262
2490
4536
5151
3128
1409
7862
2479
9256
5363
5989
569
6676
9228
2797
6689
251
5480
7374
417
1977
2059
7476
6301
7570
4199
3478
1380
296
8489
470
4967
652
1995
4785
9068
2576
6430
1986
8522
6497
1622
736
976
2021
1963
9067
6163
7804
902
721
1426
9924
9493
640
1266
2665
5794
8293
7190
4329
8770
926
7996
5372
308
1402
6143
4047
481
1606
4778
8762
4360
990
5560
9335
2525
8303
7396
8746
8048
2171
8960
276
7195
537
9601
6560
4930
4844
7051
8418
2884
5747
2688
2538
1093
8182
3839
8871
1586
1906
1533
8258
4493
7726
2996
6313
6665
8677
4071
8511
6040
6371
2798
9111
6839
334
9339
1631
9897
8579
5578
2444
2148
234
4092
6901
637
7856
7027
3395
2306
2982
6279
5832
1090
8099
1071
5021
2969
2622
5366
4991
4921
4789
2900
8574
8463
880
1244
5484
1606
7301
2026
2364
5182
8428
8281
1200
5506
4456
2452
2806
1856
7494
5819
4783
734
8852
7745
9774
5620
3019
1482
7479
9482
2311
1095
1363
9405
5584
5402
4353
6776
3930
7527
6383
8965
3105
2350
2339
5946
2661
7032
7310
6758
1304
748
2578
6455
9085
2851
3729
1632
5307
1942
7722
8194
8941
8328
3485
2601
8297
7388
6934
4751
2038
3383
7080
546
8544
7185
8617
4188
5037
9561
3185
3600
9018
4393
3610
7733
8546
9161
5060
8090
2602
698
8868
1513
8744
4007
8728
9352
4371
3804
6083
2384
9256
8304
6516
9811
4995
1928
793
3381
3735
3473
20
96
9503
3866
1966
499
3807
5792
3545
437
5055
2086
6523
3579
4726
6655
9718
5493
664
2276
4351
2979
9394
2875
1125
5000
9742
1220
9322
4183
6031
7907
7954
1267
4836
2833
8661
8196
7623
7563
3977
4189
6023
4872
455
3274
1192
2197
1334
5225
5532
4217
1217
6290
3085
5090
2359
4426
7743
1782
6050
8176
4315
5579
7667
7728
6891
7692
1636
9654
4038
5640
4464
455
8657
9907
127
405
1389
8439
5592
1109
3304
2064
3090
6815
1615
7581
2213
9236
6522
3064
2524
1682
8866
4910
5915
2925
7982
1390
3000
1214
515
6889
6419
3180
3788
771
9165
2286
7095
6121
1227
7483
7048
3751
539
7210
328
3153
4286
640
6806
1071
4451
1948
2313
3431
4474
8673
1927
5139
4553
8435
6871
7289
4570
9141
9279
7601
8122
9917
9029
7858
8581
9806
6860
998
6595
7637
3512
9253
1667
3744
8062
4537
2761
3728
6882
8844
9487
8554
4047
1170
7787
557
8040
223
4189
7944
4494
1551
9
7982
1974
3675
8539
9139
518
2079
5682
1946
9515
2438
1813
8192
1257
4279
9782
2697
8205
727
3819
2809
1162
5505
5594
6038
1311
9250
3859
2032
2004
2040
6475
5912
4125
5471
9771
3846
1123
7999
1923
5969
4567
2203
1669
9223
8863
1079
2007
9276
4273
1596
7471
6219
8832
9659
557
2549
4626
4270
2710
4976
5884
9511
7150
2352
3267
8081
2548
7887
3926
3548
1897
9218
22
5449
5313
7675
9319
2272
1150
4805
2667
3078
2693
1924
5820
1702
7722
6980
2748
887
416
2115
4473
5424
301
9635
2305
5453
6632
820
9503
7310
815
423
5117
951
6310
1689
2570
8982
7562
5369
1616
4205
578
3135
7926
7962
763
5430
1091
3818
5493
7157
2084
2272
1125
2067
6498
1706
6152
2271
6106
3359
6347
5827
5912
2130
7066
534
64
7827
4047
3504
8939
1417
4471
8659
9684
3027
8580
7690
4659
712
4237
2166
1766
9096
40
412
4520
5600
7489
229
1788
2324
328
4293
1882
2575
7769
6312
9217
6450
341
8198
3104
5795
2083
134
1600
802
5941
1055
1868
8335
3490
3748
8072
4901
6098
4647
1868
3301
8629
7221
5041
329
4284
7726
9328
7752
4680
5659
8950
9046
5874
413
2169
8591
3381
9271
1214
7923
8367
8215
2431
3619
6170
9637
4290
779
807
3960
6397
2852
2575
2427
1389
50
6671
8953
2433
533
7374
9108
9685
2540
8706
7569
2077
168
9933
8903
6507
4813
12
4897
5005
5376
2975
4866
7975
550
9844
3995
2137
2468
2876
4043
9566
2423
2872
13
6033
6728
437
4493
579
3176
9357
3531
8360
1062
5561
9167
9725
155
4725
2220
2306
5352
681
2834
7124
1821
8572
2371
4417
7769
7450
4151
5333
6645
2433
9400
9021
2962
67
5245
4002
2692
805
6911
9965
6450
2928
5800
4618
1953
3280
8813
7701
4407
6608
9772
6769
3225
6522
397
4741
722
936
2138
426
5697
4596
346
3704
7092
7475
393
4880
6615
1898
7239
2661
8913
5240
7369
909
934
618
9753
4144
806
1386
1976
7910
4417
2918
1359
1442
1762
9583
8519
2556
6352
1057
2540
9217
3321
7179
6272
5819
8729
6705
6029
2872
5676
6252
2511
9823
8856
6900
1039
8005
220
6193
1344
5817
8843
3911
4994
734
7668
178
8345
6460
877
9386
6588
8104
6025
9779
7574
6456
3844
6224
4007
3841
8605
5793
3753
4082
1260
923
1711
9714
5728
2750
2604
1729
5440
2580
3017
1188
5391
2827
2267
85
8094
2368
3370
9739
4218
3652
1825
2399
558
5615
1115
2228
9737
1471
2633
2388
7481
3940
3433
3114
2282
1621
6082
5625
9703
6169
8069
9258
9289
5411
9297
2882
9550
9726
1924
4142
1558
3251
2153
761
5730
9736
981
1517
220
4210
7344
4939
2341
1369
908
8876
5010
1151
2172
1750
9853
4379
294
6518
5596
1888
8514
8565
3349
2574
6032
925
1876
812
6220
155
3
7601
1977
8609
6905
1004
616
3437
1695
8321
1468
1080
913
7465
9630
7557
3429
3839
3527
4131
717
6764
1831
4058
1383
17
3161
347
8110
4645
2815
9638
5050
5159
6161
7224
222
3868
3545
5557
709
4068
8245
635
4400
8292
1749
4762
6233
2578
8050
3912
171
5089
1231
550
1039
7029
8287
2260
3373
3606
6327
824
5268
3578
2040
1736
1834
3653
56
473
1753
344
9764
6335
7285
6380
2954
6588
2321
8317
6126
26
5176
753
2584
5205
726
1039
1777
1631
947
7097
8446
8541
9906
9897
5633
3344
1456
8994
1380
8867
9278
7515
6531
4853
6025
7786
3261
9463
2307
1233
9232
8997
6060
2664
6303
9451
2644
3645
1511
1315
3227
594
6460
3582
5410
6376
3877
6659
32
4599
9874
7385
3228
1167
8265
2457
4483
4642
7230
6846
2296
141
5296
2466
559
5805
8395
7923
2779
1662
1814
3756
14
7358
3255
3778
7546
6675
2927
5881
7621
5726
725
4181
106
8291
6667
532
1162
6864
7779
2639
9420
9078
8698
2724
1054
2938
464
2291
9850
542
6231
2045
5752
9487
9021
5694
338
9677
914
333
8919
8175
6429
1674
9140
1093
4357
1115
9210
7675
3424
3307
7361
710
3031
8889
7326
5668
1423
7430
6361
5431
4753
1632
7817
1330
5072
9103
1600
2895
6895
7220
8797
8294
603
9962
6110
419
1464
299
1941
3610
2753
227
5297
5697
6633
722
6567
3379
1306
5246
1371
8399
6588
3082
2699
8845
2794
8043
7405
3542
194
6101
6766
1269
4173
1699
7825
6807
3512
359
1785
4517
7183
99
3430
3329
8764
7582
606
6004
217
8090
2200
1214
7396
6553
4298
3002
6402
8058
2082
1284
8300
8891
4213
70
6421
5519
6585
484
1824
394
1341
786
3728
1777
8517
2590
661
6705
8686
2312
8329
5342
8895
9805
4814
2850
3914
3614
181
659
6519
7186
672
8155
2698
976
3936
3259
4008
5846
7588
152
3381
591
5002
2201
41
9393
14
452
1917
6093
6939
2356
3586
9794
5696
7900
4727
8274
2307
1629
9859
9243
3229
3280
1185
813
4435
3787
7208
6978
7793
6207
7023
3710
920
3225
4042
6578
964
6301
8823
9973
4650
8752
3900
966
580
9981
2853
7886
2731
7191
9504
5141
9393
4307
517
9717
2935
1944
4323
2131
2056
5779
7084
4938
9762
3736
346
3914
5159
1319
5331
8831
5662
7357
1249
38
1986
6965
6284
3899
2528
6127
9412
9498
5213
6391
6177
8368
51
6841
7277
2013
3034
1211
7496
5144
2636
1357
8747
3628
5168
3225
4773
1916
7007
2501
5307
8946
6118
2899
7654
1074
2845
7667
1797
3855
2544
4280
9349
3524
9235
790
3492
8732
1538
7202
9595
215
723
9685
1116
6581
10
2090
2362
3496
1314
2781
4006
8259
6689
8659
4238
248
423
2537
7137
6686
5866
605
2034
2490
6765
7612
9706
1319
360
798
2124
406
800
9345
4825
8857
3453
340
3477
8381
8518
2764
4597
5477
8335
7472
9012
37
2072
205
9693
6156
7170
5885
7465
350
7285
8154
5385
4037
8744
9705
8470
8227
8004
4171
8267
5172
2946
1053
8144
222
6913
5758
9824
558
7668
5980
5769
2369
7437
7169
7518
1827
7661
7458
5220
3792
2743
943
3788
2538
7908
1209
9421
2259
2011
2267
3623
2703
7918
4128
5495
452
390
6568
690
4858
4989
416
9533
6954
7286
7602
4158
2959
2227
3315
2284
1758
3448
1539
1960
3880
8291
7722
410
8867
863
4940
1334
1082
4249
2880
3131
1051
2913
8740
4755
4954
2579
9370
8910
5103
9693
8243
4185
1266
7741
6567
3050
2029
7012
7001
5205
3104
1251
2301
1512
6020
5430
530
101
3047
7036
7450
5001
73
1272
7320
597
8825
4696
9309
8207
385
5563
3504
1487
7097
7522
2677
9315
168
9409
362
9852
9417
2890
4832
2971
3940
9418
585
706
2087
588
8625
5223
8882
7861
6092
9529
1374
9287
1825
8077
733
1400
4833
7153
6022
1341
9465
4753
7812
6682
627
3251
3423
1291
5847
9676
1686
2127
3686
1133
3092
139
6786
9792
3859
7901
4811
2178
4437
744
3629
2109
806
3777
2412
4354
5012
3716
2634
3210
4380
5999
3833
3781
950
9928
5468
8387
8868
5693
1617
8684
5113
3957
194
7639
226
6683
265
199
9541
8212
1022
1301
9631
389
5162
4521
7967
2845
5772
409
8133
6304
1987
840
6460
5310
1704
3274
2872
2319
433
6152
2424
5705
2234
6807
3752
7863
5215
738
7904
4513
3717
2996
4014
6240
739
109
1241
6147
9292
2244
2344
431
1367
4854
9636
2109
7681
8680
9927
9806
9396
5653
700
3787
8643
5511
748
5161
8392
4732
9381
1689
5489
3001
1312
1928
8303
9068
5356
7486
4254
6484
3601
5756
5925
7270
4326
2502
8880
820
4042
1549
4796
2029
9778
297
276
3841
839
661
5559
6904
9048
996
3526
708
4954
5355
5749
5899
7760
2710
6843
8306
94
775
4940
558
1306
4058
5901
6084
2538
8252
1664
3913
7480
4835
8641
2060
9726
986
2923
4709
6146
2904
7372
1209
8915
8316
2476
6130
63
6881
62
291
6739
4060
5370
980
5517
7385
7232
7206
6047
4505
5472
962
7502
5159
6539
7837
5356
6650
9251
4919
4078
7101
6158
1471
7717
9906
1090
6310
9102
1508
3100
2431
2816
7009
1203
4763
4354
1246
3711
5389
5743
6676
7018
3855
5993
3770
5714
5185
7289
2704
8223
2566
1471
6958
2432
3104
1956
2056
3993
1248
342
1792
9200
1060
5391
3857
2401
5741
9379
6387
8533
8179
6117
2257
2013
4295
8801
6856
4737
3822
2861
5329
3316
3706
5585
7825
8333
5125
7247
2293
6793
4016
4478
438
5021
3746
2073
7200
7661
2190
1844
2765
11
6062
2199
1575
3201
7776
400
5348
61
8105
2720
8007
6745
2652
6137
4269
1113
3956
8043
978
3837
9762
832
1074
6813
1637
9315
6935
9948
7230
4405
6791
9876
8633
5101
2260
4826
2519
6025
3864
7734
1503
824
7054
6695
7509
9774
72
385
660
9343
1303
3739
839
1189
2072
3181
6053
3052
8561
5434
6710
4935
6853
1147
5658
3711
3066
7104
6065
1243
9002
7210
3187
1678
9911
2853
7402
4541
9938
6411
944
9457
2058
1084
1682
1494
2725
6142
2955
6356
405
7324
7506
2709
7792
266
1547
230
53
8991
1447
5144
8279
2010
1439
3098
1324
6411
2483
941
6077
9038
7919
4476
2101
9196
2219
2916
9836
4539
8476
4551
9161
2028
3045
6693
8131
8788
880
2936
409
940
8257
2681
6723
1830
9184
679
8872
4530
1162
1935
4386
3236
2102
6569
8653
8426
3404
2493
1127
5100
624
9036
8821
2989
9485
18
1141
5094
4583
5120
5857
4912
1572
8508
3047
427
2278
1623
5730
5875
2874
3589
2744
4625
3124
1211
3471
9574
7214
2487
6302
9672
2051
1755
6213
4093
2300
1039
9307
981
9284
8915
9250
8835
268
9728
5180
2210
5695
5384
670
7847
3606
9955
2712
2883
9081
1663
4972
465
6648
9322
1513
2454
5579
7964
9292
3492
2461
1211
8799
600
3485
4235
7977
4907
1473
2084
265
6703
7342
253
2536
2112
4839
2012
7835
1103
1649
4493
579
2138
8497
6350
2131
6
8670
3465
3315
3605
4727
2746
5001
7691
334
7070
554
8532
6106
9306
4660
3023
4238
2306
3000
3548
1843
2143
8104
7497
2678
2345
1609
2658
7808
3851
5502
5061
3429
133
6372
58
2114
2017
5281
6644
382
1189
1099
2145
8875
8225
8410
3699
809
3693
9333
1297
5386
2419
2726
4338
4188
2881
2211
537
7890
1801
2660
1649
6604
4864
2150
7215
8666
4030
688
4202
1588
3675
5499
1391
4452
6428
6301
8087
1650
7108
1639
3236
5547
7371
127
2841
74
8133
1070
1315
1367
4338
3856
7215
7875
6154
7172
6471
2211
1781
4254
2230
6552
449
3533
3415
2357
2898
6810
659
3237
5795
5621
3219
7907
163
7945
8284
8877
6852
8003
2036
832
2525
8553
6029
507
4753
3552
2427
1604
6899
8224
7712
2513
6920
5050
2393
2076
783
389
3778
9448
6304
4282
2128
9064
6419
7502
6590
6538
2161
5653
186
958
2653
5428
8538
8996
3017
6244
1189
3959
9000
8529
9984
1356
2865
2730
179
2411
5690
1178
7684
8803
8500
1754
1288
9411
5923
2102
3277
6410
2201
2267
283
9148
4114
2378
6487
1417
1081
7499
7599
176
803
3080
6270
5134
3079
2087
5661
4896
7385
8063
6681
7232
2790
9473
1822
7595
919
7030
4508
6485
1185
626
2817
6592
4289
982
7797
3255
6863
699
762
3889
5783
9005
8911
3307
5667
6997
6461
7616
2568
846
1251
5301
2895
4469
2530
6054
2287
8489
8803
9396
6639
4642
2543
2743
4721
4800
7216
5694
9885
2057
5763
3575
3280
7114
7074
1682
4809
8638
8940
6917
392
9609
5938
3752
5846
2139
7538
2722
8891
4663
4270
7948
1104
1055
192
6371
6647
9371
7375
3500
1918
2326
6416
7680
7861
5729
6105
4533
2468
3787
8195
2933
8649
7055
1460
2437
9218
9650
3119
2082
5464
5717
9669
6822
8727
6677
5229
6209
9938
1154
6027
7140
6346
1678
8042
8435
8252
1327
939
2478
6681
4817
3589
4057
7583
6165
5367
8615
1133
8061
873
6882
1965
2736
8876
8107
8672
3913
1385
307
2452
8592
6041
6193
1559
6531
4697
1862
109
2367
6102
3545
500
4171
7696
2471
4371
6369
321
2477
3024
1266
2844
886
5279
1548
8123
1295
6175
771
5604
2216
3447
2102
2643
7644
2031
7193
1939
2243
6020
2048
6768
8696
5822
7122
4589
8616
5880
782
4110
3331
2400
7696
2576
1656
3690
7200
5998
4995
7023
2559
1855
2033
9109
3027
8944
8650
2777
6806
1301
2116
8260
1730
5996
5238
7849
72
5371
1191
7614
7266
2402
5125
4551
9674
2351
5006
7939
2889
1737
3511
7545
5712
4553
2589
2549
7452
7642
5478
2125
5815
1343
3340
505
7514
905
3418
6802
1196
8828
8216
297
4601
5986
4742
8075
6824
8718
5011
2932
4858
4167
263
147
3969
673
6031
9341
7913
2085
7334
8947
8557
8307
501
1657
1953
4794
5357
1743
2562
772
437
1583
9077
2477
941
2119
4372
1430
2301
3269
7500
9998
1606
7781
9430
4870
0
6453
6159
2450
5297
5428
1141
992
1977
2012
9580
5020
583
2279
774
8521
5158
7759
5140
137
4361
4671
373
7279
5765
474
4427
5528
7476
6709
8734
6063
5931
7786
7629
5087
5091
4296
8043
8645
7167
1561
8613
5119
6031
8563
6329
2597
7937
5863
7513
5115
1337
5966
8482
6256
5313
7476
3994
473
6275
975
5177
4673
6274
2459
2501
3174
2609
4358
2093
4773
6495
4460
6485
2689
511
1293
1498
557
2593
6041
9070
3147
4556
5084
9654
2624
1882
5185
5476
8609
5517
698
3830
9862
1746
2699
7410
2243
8386
2199
3432
1626
4174
7320
9845
3212
5772
7245
2444
399
2266
9188
4669
2326
6872
1648
5972
3852
4667
3150
2895
9887
2888
6543
8123
6758
4084
4249
5434
1242
4833
481
5031
190
7146
8152
7320
2818
9906
6502
9868
7153
58
9304
1146
1392
8548
8595
6826
7207
9417
610
3957
8321
7950
5249
7086
4761
1578
8720
1637
3176
4533
2413
8221
2949
4436
4660
1224
4463
6708
6931
5596
1818
8390
1141
9023
4208
1722
6637
9964
394
7374
969
5583
1338
7671
8575
9815
2006
8016
4651
2001
7232
7476
1747
4404
1129
5034
4243
322
8986
9085
9710
8761
2430
705
5324
8037
1457
1469
8099
3203
2626
6334
5618
9439
3191
6426
9881
1005
2600
5441
8571
2782
6653
2761
5548
7814
7456
7249
8461
887
2346
7350
9325
6855
4700
3180
460
7140
4476
9212
4785
7193
143
9588
9053
2581
8782
465
2015
2655
7684
7981
111
1157
8100
2427
1426
8280
7861
4882
5803
7349
5624
1986
810
7441
4135
1305
1027
7264
2482
9306
110
945
9631
1450
990
5108
5366
8977
4962
652
1601
6964
6892
753
5056
3152
5832
1232
2545
8291
4451
1645
2252
2591
5274
910
9451
8833
3963
261
1522
751
797
776
2038
5555
5314
8034
5320
259
8192
5427
202
5800
7931
7180
1657
3490
231
6638
5976
559
6751
6637
3549
8932
4372
3256
3627
7774
8661
9966
5523
4424
3056
1364
7054
5498
8361
6062
6138
19
14
5768
837
630
1938
8024
7155
2168
2167
8355
5827
6858
4741
7164
421
5415
7541
6068
5620
6693
3149
2188
3534
4136
2997
217
3103
1431
5106
4170
7672
6898
2049
533
6829
6914
1789
9027
392
9789
4199
7545
1274
9555
4625
4514
4428
6621
289
1000
8650
9648
7913
9193
2486
5576
3451
2151
113
4529
5746
5489
7654
3116
935
6944
3000
72
2816
6207
5333
9891
3254
967
7466
5865
5062
4723
9479
3477
1442
2545
9145
1721
7603
6927
1666
9073
8855
339
6749
4226
1873
7898
3409
6602
2149
2287
8444
377
4516
6503
6588
2359
1278
8215
9348
2971
6111
4747
1840
2611
367
8023
564
7314
6562
6085
7189
2362
4191
6322
3175
6510
7543
5722
5676
7154
1714
1155
5458
5302
3312
6068
8358
17
761
1711
2305
4607
7525
755
8428
2526
6977
3119
9577
791
3295
1043
4107
588
2223
3408
2765
96
970
6977
2016
1980
3436
7561
7844
1632
2557
271
9966
327
7505
6715
464
5532
8748
3662
218
6369
4497
3586
4349
3073
6002
8163
1539
3535
1790
1568
8691
257
1769
7183
644
164
2723
1761
903
4419
2533
6460
8615
8160
3385
6845
509
8763
623
5305
4365
4691
2227
8008
83
3336
2574
249
9249
5627
5043
2543
7327
521
308
5550
3831
6491
2
7904
5912
2499
448
5669
1101
7496
826
260
1276
1106
6454
9499
7613
2685
7250
568
6894
7313
9540
2094
3826
1461
1911
6437
1024
971
2824
4971
2793
2093
9009
205
8410
204
5970
8146
4869
8017
31
1774
4158
7629
3705
9274
1825
8481
9956
8283
219
6228
8646
9405
8040
4747
1166
1715
4693
4422
8009
8614
5572
8272
4026
8482
9912
5654
164
3356
4189
5753
7280
2447
3758
7183
2300
4110
1221
3790
1282
8234
3177
2332
5805
2636
1485
2127
3831
8619
8159
237
5957
5037
2563
8209
8178
2612
3433
7992
1025
9979
9508
9669
2162
2757
8946
6883
8030
2706
7904
6026
5480
3102
5918
1663
3858
8693
8875
9359
5299
1278
1039
8808
4748
309
7576
8018
9601
8079
3492
151
6240
3141
2570
606
4814
4960
4562
4865
4675
5737
9094
4476
2870
3931
4561
1284
5340
6457
41
7899
448
3894
8930
6018
8333
4185
8482
2926
9747
426
578
560
424
2720
8533
9579
5917
5199
4185
291
178
2035
1605
5837
1560
9067
6731
3751
6948
5736
2703
2787
8530
3498
6157
4306
3116
8398
3798
8334
6141
9097
9448
4198
5122
3980
7673
6711
2229
1395
8427
8876
9412
3470
5663
1444
201
2453
8788
8175
2305
1078
4167
4763
1041
9956
8553
4368
2436
8367
9930
4280
6853
2536
5300
1540
1569
5225
9857
7829
8289
5359
8338
9063
1410
7305
5553
42
3519
8101
5829
4689
7498
719
2388
9209
5562
5965
687
690
9322
4256
104
8211
7737
320
3131
6850
9638
2915
2837
5104
4709
6204
9239
5849
7667
5546
1742
5016
6786
1148
7218
1686
7242
7639
7680
617
5743
2584
1394
3252
5434
2681
5435
9450
6249
7622
6674
2650
7186
5491
6719
881
2650
8642
7951
9728
3838
6652
8756
7155
1349
1274
5527
1348
1478
8502
9941
3653
251
8178
9954
1352
423
1175
7685
4725
2099
6915
103
782
705
3372
2257
7675
1054
215
7267
7744
9743
1057
1766
1891
3575
9281
7595
1353
1544
9189
9722
5916
3831
9472
2672
4253
5339
4784
2674
3703
1071
9040
155
3051
1912
665
7033
1582
466
1304
8720
5201
424
5651
1069
9302
5902
3276
8997
5928
1238
4796
9928
8590
7301
492
1832
3301
8159
7768
2405
9632
2260
7667
1246
7816
1153
7925
6510
9931
6450
7883
869
8429
9561
1006
6549
9628
4080
9729
1280
7564
5756
6868
1346
5793
3731
6398
3984
2571
6552
2540
174
1457
836
6533
4820
4460
4002
451
4036
6395
641
8756
2722
7543
6048
5205
1502
4994
4407
5177
3024
9772
2749
8931
1594
6285
5034
2410
8883
2694
9588
1793
5456
2770
1458
4975
3825
3391
4664
9998
2552
9291
2460
2799
314
5391
7422
7249
522
7691
6489
8991
6017
9853
4035
961
4462
6233
9196
3820
549
7026
1558
9137
7317
6273
5917
7927
1652
3274
5331
1997
2879
2635
7401
7251
2890
6903
6438
5358
9913
9126
7714
8901
6310
603
8359
9385
568
6444
3687
1518
1745
1009
917
7396
2704
7603
5492
389
1487
6565
4065
9398
8196
4028
1504
9417
6724
2501
7249
2494
4503
872
7075
2709
5930
1373
1394
2608
2886
2368
3118
4755
6732
5581
286
1375
8159
7038
5830
2963
9726
3977
1386
3301
2327
6768
1356
2197
1300
8105
3704
9777
5306
4678
3053
8284
5640
9770
1271
5487
7802
4096
4347
84
2978
9935
1974
2333
8104
9500
2068
6313
1499
12
272
2318
3163
3267
2383
8565
367
1715
6579
8597
2922
8639
1262
4619
3233
1660
4758
2094
1290
7420
7545
9659
7749
7055
7988
739
2082
7315
947
9470
1734
197
9572
3215
2002
1637
2264
7088
3648
1299
3578
8506
3071
6546
4040
8014
9714
2230
3839
2951
8921
8949
8956
8462
5989
949
1729
750
1991
4686
9752
1528
271
1083
6118
5800
2502
809
281
4695
2365
6905
2098
3796
3830
1308
5327
363
4818
6631
4668
559
2435
3756
2606
4311
2436
6649
6297
1267
7614
5988
3550
4421
2279
1950
5378
2504
3436
942
3499
92
9247
8547
935
5212
6686
3239
2375
6397
2553
9330
4794
3870
405
8795
1363
621
7804
208
7244
7642
1087
237
6250
8439
5071
6925
5280
6035
8700
8545
9529
8640
223
5556
4108
2713
4424
57
218
6441
2897
290
9756
8288
6520
2891
346
3641
1539
8709
5994
4440
2431
6622
4011
1175
4054
100
7913
19
1776
7530
9290
235
1027
2760
1505
9943
8773
6888
4437
887
93
6030
3723
3958
2354
7811
6278
2448
1831
4723
4723
9916
8492
674
7362
8591
9546
9358
7825
2830
4037
1981
9779
375
7829
8775
3766
8055
5519
732
6685
2964
4361
1322
3326
1949
1835
4428
897
6192
3895
2907
1477
7063
9531
866
1847
6709
8897
9132
961
6525
7498
7861
3008
7391
1066
3237
7400
6360
8338
6001
1927
7026
7417
9204
9358
2544
1248
3791
4786
7913
628
648
3994
2565
8161
308
3560
4388
958
6586
197
2376
1002
5773
2597
5207
2683
4046
4139
1678
8784
4508
5677
1962
4188
3731
6775
3536
288
4353
6304
9658
4721
3592
5234
5086
9353
6755
7430
8849
5028
5439
865
3637
1278
9254
4414
583
5062
2889
4349
1748
8005
2709
1225
5030
2162
8283
8521
871
2713
3678
4358
133
4838
9466
4028
9736
430
8129
3407
7379
194
4903
2462
4481
7408
956
404
347
3146
2477
6383
1821
5032
4468
3470
6314
6505
6199
644
2479
166
5032
6697
2582
1144
8727
4428
8079
4897
1467
7513
7335
1522
3507
8647
6592
6356
936
1352
2454
5089
6544
7229
5301
1251
5523
9562
3206
6647
7376
9945
5503
7702
8029
6083
5847
7016
93
4650
6422
4786
3978
1847
7200
47
2512
5536
2571
7446
9422
7530
9395
5015
4319
801
339
8697
4550
2723
9753
3524
2732
9093
3537
1672
5217
1355
7130
2855
1601
9840
4757
1073
273
760
2761
3837
9731
6177
7005
7881
5753
3578
2024
1314
1585
9004
1536
6230
6571
2255
9008
6806
4210
3216
2153
1841
1021
4665
937
5041
9544
9304
2294
1563
9610
7443
2636
1400
8471
5013
6454
4457
9442
6392
4031
3882
5148
4079
2707
3358
2309
5240
5156
2136
2011
7134
3377
329
7275
5942
4608
4217
5710
7573
1926
9176
3117
8397
9337
1045
5828
1711
5640
1853
4639
1703
4701
8582
2837
1786
4117
9182
4365
2068
7977
9426
7363
7067
5682
1610
450
1192
6610
4235
8442
576
6821
4717
2100
7904
1618
4284
5453
4574
9555
2635
2905
5792
620
16
7979
3754
778
683
9979
3678
1788
7320
8044
1692
6756
809
4427
4204
9947
3212
7106
1173
8302
1347
2502
6322
420
4133
960
7124
4114
6190
439
5484
3977
9821
450
6834
5857
7201
1032
7083
7566
440
4563
3849
9035
9874
490
370
5985
5241
9327
4678
9673
4584
7675
4556
2930
2345
5282
1518
4447
2557
849
914
8082
70
1153
6512
28
8723
9583
7078
5293
436
6746
543
342
1401
4569
4570
1689
8677
989
5041
3452
3354
5610
4055
222
9410
6846
7904
7663
1363
9618
5530
8023
4345
6485
730
419
4824
2321
4532
6081
2167
7152
6766
1543
345
4467
6053
1328
7850
61
8669
5845
648
1705
2344
6209
84
631
5058
7321
8416
2399
3324
12
3253
2158
7127
5078
7438
3353
862
6639
9229
7654
613
4421
6778
923
3554
4765
8592
1709
1661
564
2870
3236
1966
4866
5097
9880
1453
665
8051
2255
8835
3096
613
6619
4735
2323
9145
5890
8029
3741
2246
91
8169
4448
5890
6556
179
7463
5470
419
1518
9481
3248
7651
7067
3004
3914
6088
2490
2453
786
1357
5440
6390
1745
2099
2283
1398
2115
6081
4070
4233
7822
1153
6914
7368
5227
8623
6816
7718
4557
1700
8198
1972
8425
4269
9574
5796
268
7310
498
1124
9492
4814
8772
1839
7941
4620
8193
3525
9169
4718
2040
6087
8525
7492
4024
7082
2985
1786
9368
6656
7894
6557
5819
8341
9102
5353
1960
8482
3865
4326
7499
8803
9393
9613
6063
2518
4758
1226
5049
847
2715
7234
9361
1810
1194
9547
3604
2233
4185
885
8107
5474
1790
2545
2666
863
9397
2271
7248
6370
3145
7238
2442
7889
834
141
2333
3274
9257
1694
9600
5780
285
6466
178
7807
1406
1548
6685
2389
4496
9866
5558
6496
8529
5483
2247
3802
5781
6566
59
8661
8054
4404
2911
6174
9282
5437
3142
2846
1705
5117
3815
1662
4525
7131
5774
5014
708
5986
1227
7390
1942
2846
3087
9347
1891
9446
6702
2335
9846
1656
7273
3563
37
2442
8
8959
8082
1936
129
41
3875
1610
1066
8281
3205
4114
6912
2736
7679
6370
2118
5232
9667
8587
2604
9249
7166
7826
3393
6390
2771
8368
1838
8708
9278
1760
5175
7995
175
720
5478
3736
4564
6787
1650
169
1977
6945
8731
342
6871
7240
1176
8655
403
489
3801
1495
2843
3982
1084
9576
9152
7695
7254
733
1929
3788
7837
1481
3619
277
1917
1165
3019
2811
8323
8311
8848
2556
5853
2799
8807
6919
9912
1321
3065
2126
2445
2504
4449
593
5465
4717
407
9747
3092
7407
1181
8217
8823
4072
9886
3736
8254
9636
9986
7342
2474
136
1414
9761
4508
673
8278
9228
3995
1636
3389
6183
7616
3232
6245
1357
4683
9387
8609
7566
9474
9328
7897
5759
1417
5161
1742
1630
1072
9285
474
1826
715
2297
7924
304
1469
1832
8811
4538
8796
9988
9468
8279
8936
5763
5700
2707
1051
2074
5411
544
4297
7161
8267
3683
3067
596
2605
9138
270
8614
5472
8738
6590
7891
8977
2281
1292
2506
2672
1483
3843
2150
40
8677
9341
9484
4549
388
1043
3251
360
6538
1538
2702
3395
4751
8151
9910
6542
8840
9057
3424
4700
4336
2269
4760
3058
6722
7374
1758
3627
6954
8359
6943
6206
6751
9546
9379
8797
8412
830
9839
8119
9751
1249
2282
4182
5512
7973
4611
4441
5197
3948
7884
2147
7611
5153
1669
1007
2061
8124
8720
1416
1630
8496
1336
1412
7575
6342
6030
4886
9042
9036
7973
5702
4556
8497
7833
264
8011
3529
8195
2314
5604
2009
6225
7774
9636
9566
2127
6020
5849
8032
883
2808
2745
7333
4283
9761
2571
9832
2852
6295
1099
156
3005
5248
7208
1658
9645
1721
847
7219
5072
6821
6569
3616
8278
279
1447
1232
3328
1939
5803
4896
8577
5017
7498
2114
3950
2174
1626
663
563
9708
8899
9440
9503
4013
4125
7954
5312
1194
6406
6660
4400
1444
2005
6924
6708
9863
638
8334
4447
6670
4285
7060
9427
2286
9640
5305
7720
2994
5446
30
3773
8839
7778
5237
5718
7138
9139
6852
794
1768
7041
871
9022
320
8762
1693
4246
8226
5824
5982
1106
7059
1061
6178
2190
4835
3945
5240
9425
3382
434
5203
4395
3378
2395
1124
7411
9352
5189
9428
4881
790
7185
1327
3759
9936
34
7174
4751
3043
9407
6216
8147
4013
3307
1686
2928
1615
8979
8242
9348
2388
404
1229
4408
8985
4605
368
8500
506
8152
1772
3665
1586
4002
5376
2650
1898
6429
6981
9385
6255
3755
2471
4094
6327
69
1862
8825
3084
6036
9268
2516
6943
5514
9238
6922
8351
1114
401
412
8335
3016
6054
1602
1744
1211
3876
654
2936
1480
6987
4906
5776
6088
3411
7746
7910
5042
9998
1606
3964
5727
5731
4879
803
1624
899
2345
140
8591
51
2730
5691
7707
4984
1510
4825
3554
796
3002
2131
607
4663
8143
8255
6348
1856
529
5029
4852
989
1358
9421
6923
1975
7129
1143
6469
5666
2218
1755
256
608
5312
5019
2023
4587
7981
5893
1265
5325
3083
6449
1100
2502
4284
4609
5508
7560
9673
4599
8003
1988
1002
8885
3990
9270
3645
4722
2427
4597
9852
9333
359
5818
6169
9411
3173
1431
9497
1513
1135
814
6266
5212
422
6305
1352
1728
8324
7203
2268
3127
4876
8983
6290
3291
611
285
784
3422
2048
1001
9683
3278
1405
8058
8061
1550
3007
8162
1845
1459
5447
7547
9900
2859
3444
7948
4674
5239
7816
4394
1210
2236
1553
8508
8570
2312
8731
5680
4122
7007
6992
2559
1749
2734
9688
2167
194
4768
777
5204
9174
2534
5803
2730
5016
1716
6912
4325
699
7798
788
9669
7549
8673
462
7645
6497
1589
5785
1977
2915
2067
1855
3671
3390
50
2525
1617
993
9222
383
6296
2934
7517
3769
6032
1866
3698
7742
3934
8715
9743
5072
3258
1551
1532
6968
4022
2615
1032
8529
3693
5640
1371
347
3108
306
4608
2730
632
8095
2952
360
8484
177
7919
231
8519
2678
8603
4729
289
5309
3968
3992
9556
2698
3331
8312
6871
1243
2055
9213
1210
5514
1750
1876
7424
8268
4525
9670
2069
59
4650
9421
9361
9078
9522
7099
8184
600
8586
4073
2982
2666
1050
191
2648
2450
641
6377
4911
591
3746
1109
2897
6676
680
4963
3714
5876
6656
968
5714
5720
2594
912
2596
6822
1313
1773
2714
6294
3683
9382
9383
4101
4124
9042
785
8719
684
5981
5701
643
522
4047
5760
5247
7996
6
5155
95
1064
804
1045
4830
4657
7299
6875
7251
9313
2682
6727
1337
6289
6137
2937
4698
1240
2469
4675
5865
3039
8291
2875
804
5
582
9260
6561
1413
3105
5466
7959
374
3321
1707
6360
2120
9509
2486
8744
9984
7573
1763
2055
6680
2759
404
672
5772
658
3659
7466
5165
7407
2320
6725
3026
9824
9788
9638
8241
9469
1676
6566
7653
4746
6564
8492
5859
2052
1973
8045
9583
4152
9064
8458
1957
9545
3557
8305
6009
4819
5068
6314
4113
2073
1528
7944
213
1907
7897
1006
6434
4479
5833
4145
4702
6800
350
8626
7396
5140
6716
4728
7577
9452
8496
2534
2639
8665
5774
9474
33
2713
4864
4414
4821
8440
3006
6836
5400
2460
1069
2588
3538
2630
1587
6225
359
9462
257
3376
2313
860
1409
1201
4934
8757
7920
9961
1594
5228
8216
6126
1902
2067
8704
224
107
1766
8102
3079
3924
900
9246
9343
2220
4114
3138
3935
6666
2030
5937
5809
2375
412
5760
2705
4123
5614
3827
8392
4049
8987
9822
1335
7176
9928
9173
1418
6852
7486
3180
240
5387
5962
6530
4385
3030
8240
2463
1234
9932
6533
2908
5437
6167
6227
8319
7313
823
7360
7933
4698
348
8800
8376
2714
147
1597
8548
2116
878
1203
680
3664
2600
816
1188
2811
1637
1717
4852
7683
9674
8787
7441
6522
160
1551
5415
5930
506
2353
586
2200
5957
9233
2202
3472
1087
3405
3271
3952
2071
396
9118
9818
7111
6246
1182
6168
536
8667
1670
5669
5205
8397
8913
4242
3182
8098
2220
589
6325
9977
4594
3435
1457
1193
2941
2416
4528
5470
9476
3947
5434
7190
2024
8005
7500
234
4163
7979
8400
5082
2063
4889
3516
461
4687
8525
4706
1161
3390
2333
3991
7872
2456
151
5320
4057
7246
3951
3742
6166
7461
3871
9383
1108
9007
4830
5552
2848
1949
8221
726
7131
8488
8928
4160
6635
3524
5743
1034
1739
718
1624
9661
7472
5305
7788
2836
8018
3375
2549
3502
2128
7217
7471
9162
6325
217
8026
7322
6882
521
3321
8135
5620
9476
8673
4368
4063
3881
8725
9115
2704
1013
700
990
1229
9499
9288
2714
1733
7371
2752
1791
3782
5664
2178
5131
7178
9122
5391
4835
8920
3845
1684
9127
8765
8577
5083
8399
6447
1140
9510
5487
1569
8864
158
9904
9859
2792
5755
486
2973
8583
225
6385
2574
3884
1879
5538
9885
2491
325
1619
9337
1759
8169
4559
9420
8180
241
6489
2983
4850
2118
7340
8786
463
3431
8768
5098
8162
3034
2333
6915
4144
7942
5504
3743
5418
5201
983
8070
4885
764
2704
3997
3794
6845
407
2318
1217
6300
3138
9419
7014
1492
1451
1149
7024
6784
2510
5238
4456
6189
9558
6140
25
4467
8871
781
7971
4457
9952
9999
6931
4065
6326
5325
1935
998
534
5129
5643
8243
6054
6996
3800
82
2483
5630
3067
9312
972
1301
5744
3965
283
7874
9983
3969
473
2681
3408
1176
7755
1341
2572
3829
7754
1232
2336
7604
8389
7396
3776
1122
9977
747
1071
4025
7454
9367
9189
5711
6556
3624
3024
9855
3287
6746
1078
679
3038
7751
8824
8868
5880
2412
6296
315
8229
3426
2546
8377
2541
3306
2954
3883
2853
9494
3321
5907
1265
8610
6534
3508
4869
5277
1457
8269
5228
9265
3689
4431
2497
2557
9939
4725
2642
930
370
1083
493
7397
8104
1484
2210
9982
1061
7244
6898
2018
3034
294
8408
7018
4024
298
3024
5882
3133
8367
9590
2108
1499
7887
1816
1925
2172
5159
8711
2019
8671
9293
3263
4131
3179
1544
3442
3657
4820
3047
296
4720
6857
8205
1256
8419
6661
4803
6870
6085
9836
2990
507
3831
3211
3778
7168
7238
6164
8557
931
2684
7321
8170
9519
1171
4402
2389
2928
5208
5971
3207
5501
8431
2833
9871
73
8519
5518
7520
991
2024
273
6963
4468
8689
9133
5963
4520
2602
5658
9759
7450
7332
1287
6540
980
8785
2565
9832
9719
1211
2327
2470
8173
8832
4231
4737
4707
428
3923
5600
1476
9162
88
1555
315
1756
7351
2840
7520
1447
2387
7291
9821
5013
3315
6058
5338
3796
2626
604
7979
1825
5017
1177
1003
1567
8482
1467
128
1902
6807
7970
3148
5683
1848
21
306
6570
6500
3933
6844
2694
2246
7186
9192
7713
4993
6745
4550
9583
4763
8951
1466
145
2947
2506
9893
8838
4416
2410
6425
863
6882
4682
2335
3565
2283
9300
758
8548
1289
8835
1908
1818
5294
6401
7359
3764
2924
3156
6546
6721
3319
7270
119
6673
1098
2463
5006
1099
8851
1892
1569
1584
7407
5858
1334
8576
582
5543
5872
4980
1446
7203
865
4262
4048
3869
5708
4438
7021
978
3524
7870
4034
8233
7933
1019
5001
9892
2481
8131
4472
3455
5892
9567
7717
7217
9477
4736
98
6886
499
6095
1065
9826
3369
311
2423
4978
3508
113
6039
5963
3652
3948
7874
2670
9554
8500
3493
1993
2725
6905
1955
9859
2073
8364
455
7308
6534
9863
3878
5145
3550
3998
6494
2028
2281
219
6793
9856
9622
6872
983
6695
6602
4135
7201
6154
9216
773
5961
510
2113
3718
3371
7545
3447
2761
520
1986
6548
4495
6365
4121
114
5436
7391
3028
259
793
459
4025
3555
9908
1701
7356
8017
1397
6834
709
1804
2438
7864
5547
8526
5889
7724
2171
168
3890
9941
3763
2293
1262
4461
4061
4872
7325
6724
3817
403
7099
5358
6046
4409
6291
1348
2198
571
6960
2994
2044
1793
9968
9679
5568
8578
1758
939
6908
5809
5819
235
4159
815
5518
1998
7196
2091
1224
3538
9276
81
7989
4176
5399
1931
1556
8098
3834
7384
5838
4358
6144
4308
4475
7959
3580
7625
5164
5878
312
763
8962
4528
8584
9599
9171
6970
6674
6693
7805
4657
8827
8163
3341
5471
8016
8224
4822
8963
2179
8602
1304
1002
4382
1295
7247
5330
949
2520
6496
618
5689
3314
2199
8191
9754
3160
9625
7063
3153
1477
6203
218
3016
6724
8531
3023
1807
2216
8144
8739
8277
347
3187
8225
5642
2589
4211
2204
1876
8858
7167
6347
8321
9624
7995
8205
8745
7522
8072
6893
980
3309
1901
904
9698
7637
5480
9246
3900
1778
8214
1059
7709
244
1277
9958
2495
8672
5937
2298
3391
3731
4085
2234
4412
2682
1745
6566
3936
9144
9492
769
949
2465
7791
3470
5083
454
4377
1775
7871
8843
6372
1812
7182
7418
215
2592
9491
4085
398
7115
5360
2972
3478
4381
2148
8894
6256
4108
4837
1521
1595
1634
8600
1576
6932
5221
8219
1757
9194
2410
3746
3225
1359
1252
3473
4200
1841
6682
4863
6786
2978
9759
3245
1149
1537
7522
1691
4251
6210
6686
8257
4119
4175
7654
391
1160
4261
1240
5453
9631
2162
9881
9064
9862
6561
6358
6192
7190
76
5238
8828
7084
8169
5587
5343
8803
9301
1614
6892
2632
927
1755
3838
670
9755
3920
4765
5792
2122
5454
1499
5366
3776
9843
6749
6041
3
1241
7781
4490
4339
2671
8050
7646
3400
1563
14
6270
2243
778
814
7504
2670
6262
2351
879
4645
9691
2140
6227
267
9567
9431
4521
3845
4880
7240
9704
2649
5033
9042
172
5069
321
1174
6257
743
6901
3987
4331
3452
8828
5740
218
42
1518
6340
5955
3416
8386
6624
5575
320
1359
4094
1393
4908
4506
4660
5615
1806
171
848
2578
6497
4749
533
5822
4145
2418
4052
8033
5978
3740
396
7248
115
3855
5004
3074
4427
1414
8770
3771
1317
3630
4229
9014
3294
7927
7875
9186
4956
9643
1374
489
8346
8385
435
9895
489
3952
2602
1158
3896
420
8261
182
779
2913
2082
3684
7062
3288
6644
6928
2460
3547
8643
9153
9120
1277
9439
5422
6984
9744
5453
9723
4129
1647
4407
3323
5771
3412
2094
3463
601
702
962
5733
8389
4410
4146
5203
1727
9273
6468
7986
2065
7764
3446
7847
761
2090
5589
2740
7419
79
2453
7592
3912
3588
9661
2666
6157
6020
3351
1736
2217
8879
405
198
8409
9078
6129
2080
7089
499
9209
7766
1385
1775
8640
4340
2089
5886
2837
3617
3194
806
4578
7387
491
2953
5385
247
2454
4779
7261
8736
8655
638
6653
529
3712
9254
5798
6443
5602
3327
2280
9447
784
1620
1529
4907
1822
1289
5854
1180
3122
5385
9627
1133
451
943
7224
2863
113
6002
7545
3194
850
4130
1744
6031
7345
9529
985
216
745
5511
9552
1325
796
3887
2254
9032
5879
443
4051
911
8950
591
998
2359
1399
162
2796
5841
1989
2077
6287
8110
3528
6136
9701
1123
1460
566
2359
8531
1491
26
9633
2347
2128
4002
6548
7700
6730
5829
527
8941
8770
3745
4923
3329
4733
7375
3411
5156
8345
3175
109
7985
4143
8662
992
2588
5621
1873
1714
3549
8896
5723
4819
5521
9068
2406
2980
6161
635
680
361
5459
3613
5478
7699
7809
7343
7334
2354
7436
1318
2777
9527
525
9467
639
9777
2322
2325
5204
8147
642
1215
6669
3860
7265
1604
5620
5715
109
6588
6865
5082
6835
9151
4201
8457
8303
9910
660
2127
599
3219
438
9591
472
4531
9638
2189
5636
417
8393
820
6682
8790
3863
7482
3590
4368
7943
8988
5038
5657
1472
8198
3499
5696
4402
7456
6052
4137
5964
8917
1512
999
732
6481
3008
2627
1209
9112
9138
1679
2581
2794
7279
4686
2466
5626
1156
3867
2512
2628
9643
1648
7463
4138
6531
3732
6644
9491
3799
5517
7724
891
3863
3486
4305
915
3111
3598
5073
9581
83
2533
2224
8898
2307
1292
4568
1920
3447
9545
7487
6535
4124
9387
5784
2077
4893
91
6507
485
259
5036
2875
5433
6463
2444
7882
7505
8968
2783
2345
4613
3614
8513
6791
5087
2087
6489
1951
4737
1833
9955
9862
8971
7420
7487
8781
405
1609
69
2880
902
1178
4706
812
6374
473
8749
437
2630
264
6544
3837
4442
7224
8089
7356
154
9499
9182
3328
6134
8331
3823
1650
8264
9969
5589
8493
1195
8646
5311
729
2331
2746
5856
9564
3997
474
6212
5315
9333
8193
7797
5580
1277
764
7137
2776
192
7864
2064
4337
7384
9019
1755
6470
5576
946
4356
3885
8503
6502
7631
8332
9192
5420
9779
9616
3331
631
7757
877
2426
9916
4951
9476
1017
9204
3411
2452
5186
9242
559
7547
1739
3389
4522
189
431
1030
5474
8091
68
4617
719
6214
3210
3919
4322
5617
322
1937
9244
3267
5085
4094
206
2649
6011
2631
2071
9100
6894
2724
4938
9688
3374
524
4777
7519
2422
6873
6125
3933
1140
2023
1205
9274
4472
3412
8357
9146
8430
7095
2879
229
6084
897
4021
3623
583
1785
152
8739
966
7847
5437
9949
3972
7390
8105
3714
1208
6624
2807
1162
7891
4576
7592
4661
8664
3330
1778
4238
6502
7334
6570
59
1498
6463
640
613
1044
4229
7627
705
358
3936
8846
1682
8900
3308
6439
4576
7577
9939
7516
9226
5704
7077
260
1129
1536
7371
2741
6328
6428
7302
100
6067
8531
1194
5335
1530
7386
2644
6344
2114
854
3533
4682
5171
9978
2718
7415
9218
6854
2442
3267
8966
1944
1148
5292
9685
8911
9677
3187
542
8250
3997
7896
399
1689
8706
1636
8446
6050
363
5559
8921
6604
676
7314
387
1002
5181
5014
59
5490
1265
9634
3685
7665
8008
5116
173
4968
1420
6083
8939
3993
9541
1788
5755
1077
9641
1330
360
5462
308
6403
2097
1824
8142
8308
1469
2225
5376
6153
72
6
5036
8916
3613
3130
5046
2332
5751
9491
9748
2656
7735
4895
1170
1016
8139
9632
615
8292
3205
3259
520
2944
1455
798
7444
5782
2248
5873
3101
9627
5536
9758
1122
9967
378
3351
9247
6946
7358
6796
3304
7919
8373
8647
8483
6694
1339
5886
6983
6354
5365
3530
4160
1127
1823
1703
4363
4413
717
5097
3277
4399
3273
9692
2864
9901
8069
7024
7185
3605
9240
5094
9477
5147
929
4916
1718
106
7984
1207
2834
5910
3864
9579
2271
1537
4106
1725
652
8838
4564
555
410
4078
3422
4829
632
9619
461
6530
6081
1598
6193
9899
4384
1400
5173
4293
5182
7183
5716
7031
9293
5607
943
1158
8256
2166
5282
7470
4037
3013
8404
6593
9660
1381
9430
8550
8005
8283
9974
1760
8279
4857
1851
2321
5651
2003
3330
7642
9356
5727
8256
388
685
5119
247
3
5101
1178
7347
4551
2037
6390
3781
6768
8537
7494
5286
1536
63
6077
1473
3527
8473
246
2101
774
2402
6064
6263
1216
1546
6478
5399
3911
7315
5142
5111
4298
1976
319
8373
2478
5383
4973
1932
8328
9673
7182
8297
2837
624
6976
9528
151
3714
981
4435
7565
6971
8187
7288
10000
