33 19
9192
294
2045
2926
8563
1442
2110
5329
6976
8061
3540
3025
2729
6026
820
911
6310
4330
537
3211
2863
5347
1705
3211
4124
2302
8720
2296
3890
557
8629
9711
3285
7835
2651
5689
2266
2519
6615
1
7849
3706
7477
305
1264
8304
2084
8262
486
726
5565
8041
4372
3098
2500
7726
9753
7427
221
7807
8772
439
6497
6880
1878
7661
6707
2725
5871
6124
1724
6595
700
4655
6898
8654
2324
49
8691
6220
5296
6806
6795
5745
9405
1078
5743
9958
7683
978
8315
2396
7744
9838
8336
5632
1419
3731
7755
6066
426
1772
4318
9246
6846
8981
3009
2641
6565
8135
6514
1939
5755
5710
5757
1627
237
3411
1728
9982
3121
6595
1339
3059
7367
1083
2579
9914
8257
5606
842
4290
1143
957
2574
3965
9850
3118
8522
7863
2630
3115
8254
1691
7426
648
8250
4782
547
6197
5870
5278
1818
2450
8079
9520
5601
5723
1722
1079
2697
144
9753
1473
8459
4391
3613
2467
2118
8042
9350
3700
3326
3056
4493
7443
1947
3193
3278
2560
6470
4755
3171
3497
7304
610
7112
8054
4571
7283
4437
3418
2180
8102
4243
1010
4206
3702
8615
47
9368
8617
5677
3326
2858
4180
937
4745
1502
2219
6879
574
1066
5322
9284
8639
9187
447
224
433
8858
2972
3458
331
3633
4768
8335
3495
9911
797
9411
4936
9566
1482
6424
2641
655
215
8408
2086
1586
2200
1060
988
1563
4412
9452
401
7619
9693
6236
7750
7206
7514
4933
9865
8354
1032
7553
7133
1264
8502
183
5536
5050
7171
2011
4101
308
3051
82
8125
5473
439
6568
1462
4881
3928
6800
360
8830
616
1642
1057
5290
1017
1834
229
9890
3380
629
7331
6415
6091
238
6596
5941
6279
8836
1183
9573
2081
4259
7865
2515
2605
8416
6209
7631
6048
6811
1968
4063
2145
5501
3493
1240
1106
548
4282
7865
1132
563
8813
4910
7586
3999
5802
137
6711
7556
8392
8662
389
9883
9249
2610
1669
7587
4934
7824
3870
85
1614
3404
2217
7311
925
4587
1850
1521
9521
5214
910
1854
4563
5989
3456
1008
5480
1615
258
2041
5723
1951
3036
9962
2093
1728
6198
3804
3899
399
2473
7873
7564
7484
9895
840
244
1789
6538
1380
848
8184
5993
2212
5825
5820
625
398
9835
7662
6021
426
2491
746
1532
8150
3624
3625
358
8292
4858
8286
3386
2720
5487
7480
2603
5827
425
8998
4905
3574
574
799
1432
845
7629
264
5229
4718
475
6108
3161
5115
742
6046
1077
5988
8471
5365
5618
3774
3355
4748
4588
8880
5698
5114
9541
9042
4877
2056
5904
6674
2885
399
7880
3996
6030
9349
2619
6102
1947
8097
4738
6186
1838
245
4377
4606
5906
7321
4574
1716
5957
6571
1567
9137
8680
950
1033
462
9093
8210
4937
7134
9376
7630
1580
8349
873
24
4596
1807
7909
2553
8346
3514
2637
964
7824
3017
2608
415
9890
9552
7491
6406
5204
2454
1264
567
240
8804
6824
4392
2151
6527
1807
6452
4380
2088
1968
6175
4942
4209
6658
7241
4411
2949
1019
7221
7025
9828
4367
6115
4296
6218
9336
9364
3887
7385
8749
2855
389
9814
2845
4471
5850
6018
1056
4132
8193
434
6735
4137
1124
8040
6666
469
7256
1841
5891
7727
1273
4288
5438
4727
8888
4919
8367
4718
2457
7603
10
5544
5832
9680
192
4766
4610
7421
8171
2958
4997
9046
7031
1651
8121
5912
1043
5566
207
747
9945
8121
7372
5243
3661
1574
7591
2065
5247
4202
4967
1898
2394
8617
2696
8859
8453
7471
7930
4901
8838
6820
666
7850
6795
6149
6297
5562
7545
7463
3251
23
4134
8207
3044
2184
2572
8056
4400
8337
8898
945
1923
4184
6829
3659
8238
2073
2709
2763
4522
2216
6153
1859
2848
5511
5462
1987
3532
7077
1328
1636
910
3229
436
243
7992
6959
2060
6116
1672
381
2030
7772
3044
3491
7174
7275
5307
4489
1832
4986
5080
9305
7853
8590
314
2194
9020
7692
4152
5665
4961
8582
3307
5429
1851
657
1133
1002
7710
3776
9068
9118
8379
1669
4502
1205
4701
2143
1293
8302
2953
9882
1218
161
9079
7009
1905
1275
3419
4243
8937
1656
120
7631
6158
7659
7934
36
5073
3638
1454
4072
4608
8670
9938
4847
4445
9362
2554
4252
7481
1682
6990
8413
2058
6667
4086
8721
2061
5922
9462
4019
642
496
6949
1431
8015
7986
8202
4190
7160
4834
929
6117
9149
193
2488
913
240
4054
1285
4610
9689
1535
8651
2942
410
5822
5594
3110
8053
2512
675
4624
1241
2754
6408
7642
261
449
1493
327
5661
1386
116
5096
3613
816
73
4876
173
4793
8854
5825
2099
1799
2608
5527
5532
2511
2670
2874
7219
6161
8850
2293
864
1349
7923
2765
4351
2296
2139
2586
6357
739
8697
1216
7285
9170
7759
2495
2804
3442
5093
5526
8963
4090
8382
7915
1428
3973
9024
1253
5261
3484
5093
5722
2678
4324
7268
6613
2860
3335
3790
2032
8711
4397
5465
754
2282
7091
4397
5400
2084
9750
7247
7415
5658
2583
8222
6018
5787
7039
4062
4801
7949
2599
3240
7767
8007
7603
5916
1248
2908
3817
2825
2190
5871
2809
3856
3302
5263
3449
9868
439
2239
7523
2724
5741
9336
9136
2636
9914
2749
1949
3542
6144
3884
363
6446
978
153
9468
1689
3106
5502
8260
2176
5218
8499
3247
242
8995
2303
3086
2306
336
5651
9516
816
8063
1039
5396
1453
2134
1198
5774
6157
2926
2796
2367
3360
4837
8873
551
8110
870
3426
4387
7506
1258
937
8105
106
8514
5724
5110
875
1327
9446
2538
8219
2485
9114
6224
9995
2142
3704
6230
9711
1632
6188
5706
891
5748
8663
2139
2280
2066
588
6958
3796
9093
3982
2129
1868
5852
4505
4600
5759
2754
9965
1288
6268
424
7503
7980
7369
799
4816
624
4942
3764
6689
681
5265
1519
4943
2340
9771
4765
968
6699
4284
7192
407
716
294
8314
4927
2610
931
3653
10000
8347
941
6608
2983
8525
8181
6952
2769
9679
1704
9662
9762
7391
5438
709
2348
2677
2498
7585
6905
3077
471
957
2203
1619
5851
6513
8869
7225
5860
1045
6028
5884
1153
6307
7930
4460
3589
2555
7779
8173
19
212
937
9142
4154
2215
258
4263
8081
2453
8041
2590
3173
2717
7810
7707
8117
8843
8276
2500
9333
2294
2037
3954
2166
8105
2017
8356
5776
311
9275
8774
7318
4083
4107
7975
712
5687
1736
564
7718
1842
2381
9414
406
4493
2117
1440
6843
9776
694
3995
2862
5512
2933
7733
2177
1131
8816
7051
5181
8797
372
4796
2905
8784
468
200
4375
2173
6299
5699
8308
4303
2470
7518
5037
2470
9232
3165
6421
7092
2030
3239
4520
213
8370
1985
1259
5061
903
8886
3270
1806
8933
6380
3493
2368
9578
865
6489
2417
8204
6138
1395
8930
272
6849
2659
2528
8003
3875
3119
3590
9964
6032
7870
5605
8918
4887
6894
8409
278
2643
2531
7301
6502
4314
435
7906
3827
987
1128
8559
2633
707
397
2598
3997
6086
2655
1943
8203
1388
8906
3671
8832
1376
3027
2289
9897
1444
3966
4707
712
6902
6478
169
3839
8977
8024
73
5675
3089
6160
5196
6746
3353
6140
8262
5745
2648
9904
5980
8816
1410
2096
6756
7508
8074
8370
6096
3072
1779
4770
6327
4342
6215
2411
4993
921
1396
6892
1327
3176
3956
468
6622
9684
8669
6853
2181
449
8220
1363
8538
809
4762
8415
5574
465
5370
532
4251
9430
9428
709
656
6134
1104
5891
7752
9706
9427
7851
200
9987
3584
6733
5760
4271
8075
8174
3931
348
459
3961
442
1598
4622
3754
1694
5010
6775
2703
3672
6401
1987
3361
3925
1123
9127
3501
9650
301
1569
6348
7476
2591
3470
3124
7997
2548
876
4854
863
8804
1289
1174
4979
580
9288
1413
8939
6810
4535
3565
8209
634
469
1707
7376
5473
1044
2852
522
5862
1446
768
8307
4780
6613
4366
8406
5773
1494
7341
880
6484
312
271
9597
5306
4939
1039
9969
6069
9637
1120
8636
7994
9946
9371
3861
9883
1886
2573
2665
4928
2268
3081
98
1469
1982
7914
6229
4415
6710
5199
3487
9652
5221
8485
5906
3603
7350
5217
7993
6887
1801
570
2658
792
1665
1851
8480
3418
9891
9559
5302
785
7898
954
1862
7644
5583
3304
4869
5396
3949
5395
438
170
5856
5128
741
6983
2938
3933
6764
7898
7783
1963
2143
3324
938
352
5175
737
326
15
4583
5938
1783
3932
4859
1120
6623
38
188
7617
228
9539
2333
2733
1854
5011
9573
642
480
9054
3346
6102
2011
8079
4181
3568
2019
2420
8434
3805
7198
118
3588
6572
5261
8966
1956
8079
3050
6937
2210
3664
7686
9412
4785
2104
1589
6734
324
52
8342
2616
879
8565
8717
5483
7261
4248
4928
5774
3289
2947
7719
8126
9561
854
4785
414
1036
9237
9844
1079
7891
5341
3577
5907
7775
8643
2174
7151
5087
6078
8300
3005
4756
713
5332
1768
4036
1773
1392
2775
851
1322
6133
2259
2202
6168
6399
1745
6058
6440
2423
7805
3873
9192
278
5617
8010
5541
6691
6911
8408
7090
8961
9834
4737
5282
3560
2785
5146
1768
9966
3190
7245
2158
2659
58
8142
3580
9562
9367
1525
1599
3244
3474
3734
2684
2519
1483
9329
1588
2489
2152
3469
2382
9576
3533
5598
3363
3840
936
4335
6309
4319
1428
200
1512
9015
4558
2643
1668
557
4323
2490
2227
729
3769
7976
2502
5681
9382
5059
5645
2894
5569
8675
1520
1753
3002
2664
6119
5347
1355
6101
2212
482
9305
9699
9338
2891
2583
8957
7166
787
2303
2842
5900
4807
1570
8500
7306
4731
4301
7367
2165
8259
879
6593
6699
9457
720
98
3073
5996
8495
808
9985
5130
509
7328
4592
9012
4743
1731
8786
2303
6403
1488
5795
4141
4605
2431
4973
9760
1401
1729
1202
9379
7296
3953
385
4532
7633
9847
1053
2435
2300
6811
6582
7294
1671
2456
129
2541
4382
5310
9987
9514
1593
647
7919
6133
566
1057
7068
5975
6012
4170
113
1318
582
2711
1498
3945
1029
1632
5249
5583
3741
8332
938
8359
1293
2231
8868
5676
1393
964
2380
6414
3016
8612
3879
9685
3702
2594
7132
3705
9811
1259
7380
643
1999
690
5407
4254
1141
9555
8154
5093
341
2050
1203
4832
9758
5409
6561
6587
9461
1363
2327
7649
3221
4220
5349
2437
9283
2187
2392
1161
7412
111
6024
7127
2126
934
3928
5427
7307
9958
3385
3827
5119
7105
4744
1101
379
5759
9029
4943
4998
4399
2634
219
3868
4093
9599
768
836
1908
7589
3382
8071
6683
194
336
7034
3419
862
4260
9038
2501
4632
1677
2114
1268
9846
1148
1118
3128
3218
6389
972
2128
5327
6246
6790
3692
6734
2557
5683
3523
8379
6054
2918
1943
4109
286
8289
2282
9222
2668
485
2918
5651
7276
6393
4770
2303
2364
1809
5143
6145
3598
1373
3534
4407
201
3989
6259
9691
7185
6634
2961
9636
2747
6023
5707
7580
8489
9542
1352
2942
5979
3209
7488
1322
5223
9575
2003
8833
3438
2457
5506
4892
2455
1216
4529
2036
7212
3815
1108
4238
4
5821
5846
5448
1093
3329
5567
490
724
9936
8626
6232
818
3411
271
8305
4389
6008
7055
896
2004
4946
8466
4905
342
3774
7955
647
1988
318
2576
4508
5106
868
1962
1884
2136
2657
9661
5554
8747
4111
1789
4219
9988
4696
6934
9909
6850
6594
940
6405
2518
1328
1582
1697
3383
3345
6344
6359
1600
3898
6600
1935
847
426
790
8699
6513
7529
4969
3849
3044
1551
5457
8486
5880
5312
5392
3987
1715
494
6073
9721
4559
8301
5725
3615
9199
8015
6394
8978
6530
652
4134
788
1558
6933
5972
4860
8270
578
3487
9285
5611
6180
1174
5355
6008
8150
2404
6753
1299
658
89
4418
56
7199
9546
7367
6914
4129
1730
287
4084
5791
2210
9225
3070
8319
3607
1317
2752
9082
6052
3072
2703
6766
7413
4837
237
3504
2507
1721
4951
5531
7554
3290
4357
4002
5004
9729
1628
1822
5673
6818
9455
1931
8404
4413
9952
9071
3960
9941
1483
3248
8515
7554
8259
2042
2338
6157
9087
9080
6318
3538
5223
109
1664
1108
9631
4859
2905
310
7176
6722
8468
6019
2951
9096
837
178
8272
4697
1459
109
5575
2402
5568
2371
8775
2827
2748
519
2659
4452
4993
6914
8937
414
3607
801
5934
562
9065
4317
1656
3775
4526
1791
7241
1949
942
2120
74
6203
2989
7652
1261
3272
9687
2765
1191
2667
3432
5580
8947
2138
240
3863
6123
7962
3203
2804
2910
6542
9849
7025
9145
3422
715
5545
2873
2563
6229
4197
1669
8380
2363
9319
9893
2759
6654
9574
6715
3367
3337
2680
8294
1000
2605
3057
1076
821
2729
6770
6384
108
3225
9304
5216
7129
5303
6847
2753
7649
1986
1498
5338
2574
4795
6606
5176
6875
5565
3702
8055
1580
2814
668
6165
5601
2121
2176
2358
2557
8627
3272
3474
7037
9416
7625
4183
4618
9014
2770
2140
8560
9578
8119
4864
97
7954
221
1467
4568
6061
4419
1127
8398
4669
6552
378
6848
3189
5557
8975
3285
4266
7627
4714
3918
7481
5759
1859
4933
3972
4077
9707
6823
2621
2048
5532
1577
3673
7328
2711
6664
3859
8296
8881
4223
8637
4846
2169
1354
5231
2074
6962
1382
5474
1603
225
3046
4264
1372
2797
2609
4759
744
8187
5837
1867
8578
8601
3137
6246
4299
5210
1392
9692
7502
4705
3255
1381
3753
6829
4841
6503
3437
5563
3484
6712
654
3547
8591
2683
1137
7522
444
119
1961
963
3648
319
4125
4066
220
8597
3960
1440
8863
3131
2566
4552
5181
6494
687
300
437
282
2478
8291
5543
429
507
9510
4891
3435
8384
3585
7785
8493
606
6539
1233
1525
2412
8952
995
1638
1118
2413
2117
1533
5795
2050
3482
1729
2282
3646
8678
5920
9337
7391
3477
2178
5045
9125
8165
3296
3744
1753
9476
2479
4299
5770
1448
638
7228
729
4660
2154
1499
8082
3313
8327
8915
5097
7130
7302
4383
7517
4738
3312
9749
6614
2524
1031
7368
2993
9272
2350
684
7055
9679
1609
9878
1867
9027
5065
6255
3899
9726
9383
1103
5224
7541
7487
2658
3090
4415
4822
6521
3215
1203
5668
2280
5682
3415
9161
2553
6835
9242
5700
8268
7726
2519
636
5098
1458
1636
3813
4478
8933
1905
5024
6852
5737
1769
3536
6125
1400
1889
1124
209
1630
5296
9505
8335
3054
668
3965
4895
1491
3745
7286
8390
1800
1443
7417
2462
7992
6057
8148
6948
5041
4526
6643
2116
9405
4844
4306
9537
2429
8833
1678
8940
4303
8882
1886
4909
4221
2593
7005
5137
155
5861
1595
5779
7755
8155
559
921
38
2004
8168
9845
5701
5349
9796
5013
1126
8545
939
2128
6256
9372
7173
7124
2363
1233
424
9069
7880
2991
6770
7710
9437
7778
6427
761
5567
2615
4543
8645
1288
1073
7288
3886
361
6982
1434
4579
2630
9294
2361
9789
5522
7600
4171
3919
9295
9029
6039
6244
4231
9455
1440
4550
7239
4622
7361
966
2246
1341
1834
248
8844
2260
3936
3682
7209
1998
5441
7362
1820
5392
9100
2945
546
4162
9983
4933
1997
3589
8491
9166
2212
598
6129
1283
4879
8926
6051
7916
2479
9110
6297
9566
8340
6444
5382
1146
8695
2292
2626
826
664
5307
3935
388
1444
7965
555
2223
6958
873
7028
6163
2262
531
7345
2749
8797
9567
4698
4902
3516
6190
5960
2408
4355
7434
6677
8258
3245
8012
9022
7186
7305
2153
8490
3740
1538
8937
8764
7063
5785
4251
2504
3927
3557
5446
9583
7474
5017
1124
1579
9114
281
4934
4073
5511
1055
918
1710
8126
787
4805
3765
6809
1183
917
2163
4693
8417
794
9940
2704
2441
4496
9083
9218
4009
1501
445
1489
217
57
9987
2273
4734
425
2521
3114
2198
7229
6625
3924
7221
4869
6744
335
5152
2288
4906
535
5643
5515
3580
3321
6009
4259
3179
6097
5799
1405
1051
1753
664
7461
9288
7235
7568
8770
5647
382
7722
4101
9169
8899
2711
4191
3718
2095
7184
6068
8271
4151
8279
6100
3344
597
8983
3595
2813
2519
1549
8896
5621
9964
508
1841
4927
1386
8217
9863
4722
4459
8857
6677
4869
4653
6161
1489
8433
2864
7609
3934
8826
1259
7361
6574
5350
9900
5156
2735
3786
977
3679
8728
836
8743
6255
1871
7364
8777
2083
4623
7945
1703
247
1976
9801
5628
2447
4799
3268
2637
6344
3264
921
4882
955
4749
2641
3048
1732
3782
7975
7856
7815
1157
3071
2690
9528
2576
5898
2460
4369
4993
7678
4922
1660
2718
3349
6329
3475
4884
3061
621
9485
549
3278
1932
3104
3934
9665
3840
8273
3483
2273
8549
3849
2989
5625
1151
9837
1912
4847
6620
717
1175
5978
3376
5215
2441
974
6860
4360
1828
6813
8005
7189
9686
9634
1098
3817
3990
3322
5291
9457
8755
5179
5104
4882
4818
435
1626
6281
5244
4601
8271
5509
4395
4593
1067
2620
3147
5918
2922
1717
8444
453
6896
262
1976
1504
7722
139
3036
7443
4098
2317
5626
7442
6877
1046
7205
189
3598
5844
9814
1630
7261
2920
2431
6671
2922
9002
5952
7497
285
3667
4097
6840
1383
1865
600
2013
6157
2320
7452
22
8943
4540
5829
1417
8816
5682
2792
3445
8527
627
7504
7416
9036
7570
5795
7818
1373
1835
4906
45
7552
4298
9179
1287
300
279
4439
9301
4646
2112
170
1512
7718
631
203
4476
3176
9160
2481
3981
1558
7856
367
2283
6344
5580
4311
7802
7011
5426
406
6737
1685
1968
9572
3275
636
8903
5954
7580
4268
7
2384
999
2003
5750
6998
64
6102
2292
9905
4211
9820
4339
2336
8808
3061
7339
536
3320
5169
3020
5788
4056
6954
8243
7714
3682
1360
6255
3310
1611
637
3525
6308
2791
887
7408
9103
4941
8279
5692
775
1771
6888
7540
276
3934
366
6442
6347
3528
396
9161
9025
3502
8752
1717
7068
8608
3421
3210
1015
9468
6025
631
2417
5360
8853
5471
9578
878
5987
409
6304
8463
5553
4509
7400
2390
7801
751
6347
6216
930
1803
2734
2653
4248
6961
6590
8317
1453
8527
2047
9765
4478
3555
7740
6872
652
457
597
8491
3870
4530
8723
247
7823
5712
9859
3918
2209
4101
1693
1629
9750
5729
4174
5161
7266
42
1788
10000
2071
552
2964
7195
1168
3265
2034
4124
1963
2471
32
1702
6640
9346
1287
8312
9390
2908
5677
9867
8797
7359
1803
6945
755
1898
3539
2456
6169
3006
9198
7779
1105
1048
3259
1467
8572
9466
7142
4670
3203
6739
2105
9456
6311
413
1044
2476
3456
6803
3053
9363
8369
9067
7120
6265
2591
2567
7371
6520
7684
9397
8080
5468
5304
1367
7069
1132
7526
600
7632
9166
8479
9135
8443
2295
1554
2031
532
2253
1378
2161
4825
7613
6266
330
1869
621
7589
6170
2380
2641
5837
7025
9782
8278
1693
2451
3170
2519
8937
2141
9099
6253
1110
9594
3607
255
50
9995
8845
4084
2025
1630
2944
4837
1724
2697
1308
7975
58
730
5451
4948
3021
4145
8379
3880
2687
5891
7746
799
2072
7241
3691
8739
3634
1463
4036
502
3371
3309
3335
9634
5183
5743
7826
97
8515
1983
3418
449
762
3862
2580
9824
7224
8807
1734
9639
8213
1161
1620
3394
3504
1611
6287
828
7802
449
8049
2455
3156
8012
2378
3669
5386
4624
3469
235
8774
9974
5500
8156
2439
9359
7167
2489
970
9505
1502
8784
7409
1797
5792
9331
8167
8644
1080
1951
9048
7373
4130
1608
3878
6111
2609
8947
851
9044
9573
8169
7468
2722
5880
1544
1516
5073
2786
8711
3446
1761
7594
5302
335
279
365
2652
1059
8759
527
2933
319
2647
5410
1238
2843
8352
9983
9622
9012
6600
4948
7362
5162
5020
1142
4584
6401
9508
4886
2038
2842
7075
8181
1811
9036
380
5623
714
2782
1117
2576
9824
2717
99
5187
695
5717
9749
415
2305
9282
8304
8578
1823
9725
7630
6130
9876
9184
3519
9087
7625
1242
5678
5222
624
293
6524
6482
2475
4003
3614
4495
1777
4854
380
5873
2641
2706
8520
9147
2244
4759
1991
4084
8874
4621
2816
2240
6949
6700
5848
7357
2876
798
2073
4467
8216
6286
1019
2507
3616
3749
5648
6281
1464
9026
4793
52
284
5145
9918
9669
5438
3287
6148
6968
9144
4444
7110
6364
2263
9474
7592
129
4037
3730
3967
7158
6283
2228
2999
6195
6954
1119
2589
7248
7425
3978
4226
4948
4613
4433
2400
3738
987
865
1612
8432
3811
5560
7486
1946
7498
7241
9435
6949
5134
3384
6101
8327
5158
8728
2244
6390
4790
806
1309
2206
7892
440
220
2425
8221
4803
5931
6899
455
3767
1580
3256
7363
2697
714
690
205
1718
8242
2001
9034
410
9185
1264
7632
3900
3657
2109
8268
7575
184
6989
792
1118
1141
4522
5954
8853
4735
8483
7861
9187
7131
1928
7598
8947
6774
2560
3156
8309
2173
6882
855
8293
9903
8579
7892
2312
1729
2540
1841
1783
3559
1218
980
4110
8767
5151
1497
6480
6250
550
5855
3534
1697
9572
93
4702
7144
4072
3288
4394
8332
3351
86
6109
9208
2844
5350
2217
1601
3216
508
2154
47
2775
7475
3317
1702
5634
1847
5945
9411
7247
2313
5197
9363
423
6507
3191
2040
7236
1700
3807
5117
2288
2937
1302
9551
3187
815
3845
5238
5373
9818
9184
1470
565
8986
5268
6435
1929
9017
2814
7421
9918
3745
6251
1033
1658
1803
3236
418
7852
4716
6831
7108
7503
5518
5855
6594
9760
4791
9409
8021
9357
8622
4494
9445
46
8388
6765
7338
171
1094
1013
6694
4755
1883
751
5504
5091
8729
2025
8265
2742
54
8493
2940
1918
659
107
3027
970
4708
4806
7682
2921
6325
8071
6029
6643
1013
8297
8374
8370
9479
66
7906
7916
9858
9202
9449
7177
6105
1281
9240
6991
2368
7506
1901
5866
2798
4473
4750
9020
2162
2383
1546
3991
8404
1672
4786
5096
3595
4035
1389
9174
8880
4036
7709
2111
491
1323
6370
9015
535
8329
9571
2232
3232
1798
1164
2611
4153
487
1930
7129
8441
9235
4823
2366
882
5420
3545
1170
8086
5664
3350
2641
1787
877
4253
3840
6303
6050
418
9108
7464
1614
3159
5598
3919
5750
4725
1766
3016
4229
3470
9547
1759
8901
604
2489
328
561
3340
6127
2309
8552
814
1765
4003
3081
7194
2332
1206
1533
863
3367
115
1363
938
8007
5392
5717
7228
5881
5462
135
4244
6011
27
8612
4337
8975
6624
7354
2238
542
9310
4518
3750
3120
168
4268
4921
604
8811
9609
2095
2344
9497
1689
2580
8636
13
7275
5674
9380
876
5478
3395
2818
5319
7575
1059
1077
2959
2710
8752
4961
9063
7360
6189
8982
4413
8126
1800
8229
2418
4090
5330
3998
980
4010
9258
451
7076
9681
2183
4095
4719
359
1567
7287
6635
6978
1987
9929
3070
5319
1184
9243
5706
92
5575
739
5234
5646
9225
270
2257
775
7959
5399
9432
5341
2586
4681
8327
1410
1229
6500
231
4954
9848
7758
2667
1693
9633
9597
1239
521
8287
1508
3068
9415
1706
2714
6146
4474
9033
2818
9960
6380
1435
2081
8552
2765
6743
9104
2443
8446
5173
3239
3966
559
6353
8069
3511
5812
2685
3260
589
5437
5839
902
9146
4004
3974
1109
6740
1268
93
5750
9609
9600
629
399
5355
4493
3581
4227
6738
9399
1490
69
3022
5778
705
8610
4481
2636
6660
4271
6496
5543
5594
356
1624
1757
5179
3999
7151
9340
13
7205
2221
8346
2761
7936
4634
508
7518
7115
6507
5917
7251
2917
3337
4809
2966
8029
5057
1920
4958
3386
5936
9154
806
5534
7886
4253
7715
5164
8061
6541
2371
9106
5740
9745
1880
5857
4497
7452
7882
5853
8451
570
2936
7882
5867
1921
5760
8764
8880
5399
6097
473
3673
177
702
4179
3943
7816
6329
4727
3463
6320
2246
8876
2272
7373
8211
8264
1886
6502
6563
4021
6192
2379
5854
4643
4875
2507
9388
1512
9288
1254
951
8339
5011
9827
8777
4003
1033
5220
6417
5749
3425
7722
8987
486
6381
1258
8805
1135
3236
4435
8659
4518
5816
7873
1195
4113
7941
9266
1184
7996
6542
6887
1044
1662
1333
442
4496
2033
4557
2926
2967
3168
3031
9863
2382
6171
6796
6171
1361
620
6583
861
767
5738
2039
1736
6506
784
8713
492
4454
957
7837
6146
1958
2533
4567
4432
8826
3558
9609
2139
1613
2093
6206
7453
6490
9187
6409
568
408
7511
3274
985
5462
7098
2038
3400
9982
9323
5861
1784
6771
9697
56
4862
5457
7680
7187
7036
4238
2123
2679
7750
4817
3979
4656
8037
2397
6579
568
9360
3883
7239
9676
83
2345
9038
2679
1509
6643
1798
4128
5397
6148
711
1485
2548
125
4003
7741
6327
1939
5065
2720
6628
2923
8748
6162
4756
6105
3651
8788
2194
2080
7113
8226
4555
4228
3023
4997
5630
2159
7688
1568
5360
3162
8112
2866
7937
2436
7515
2559
3211
9108
742
5609
2094
6926
2666
3522
820
6176
6733
7508
2412
2119
143
1910
2577
5423
4307
1419
2838
1790
8345
6783
1298
6067
5973
1868
4500
3980
7164
1283
6957
4425
8538
1387
6686
1878
4940
1138
2272
4380
410
5629
2564
4533
8452
2556
3450
1744
9168
5131
3893
4208
2531
1681
1199
149
2160
325
9401
1466
3775
9631
4135
839
6094
9791
2151
9016
6650
8430
3517
3989
8591
682
7185
4973
1566
4240
9311
7743
6612
2418
8772
2147
881
3191
3121
9431
5562
7001
6247
8433
2814
1097
2445
4506
4841
7483
6694
864
3517
890
1790
7012
5143
5427
1726
8684
892
2644
5125
6708
7729
4791
3901
6226
2500
5374
5187
3906
6089
3113
7867
7356
2684
9729
1357
5846
7235
5290
7728
8898
1435
4562
8869
6958
3257
4014
9151
6025
6299
2938
8694
665
6339
688
450
475
7305
9015
6648
7838
4678
1281
1829
2011
5369
1170
4236
1255
1223
6497
1886
5883
8177
6030
420
6077
7146
293
3343
5244
8474
191
7885
5908
49
2711
513
223
918
6501
4058
1459
3288
3817
3861
9588
1319
560
4514
1393
6840
8553
2249
765
1679
720
2179
5352
3750
7805
2931
6942
1041
3430
1693
1934
257
389
5396
1445
836
768
2334
9271
4904
2726
9963
6863
96
4639
8454
2894
4081
3068
3880
2083
9000
6313
2715
4506
9331
8724
7464
9603
7797
8813
9183
2513
6621
8476
3913
768
1962
2532
931
8982
767
1411
1525
8499
1434
690
5154
3893
6732
6878
5525
725
2888
2089
662
7528
5644
446
1234
1303
8881
1988
9484
146
7053
4828
274
1641
3843
1348
3196
2565
1440
2970
7451
1514
6943
1019
9309
1261
5131
5450
675
5468
5214
2349
8551
4377
995
63
4987
8002
7372
2973
7325
8841
3257
8056
8961
9871
3427
1789
9779
734
7449
191
5855
809
2872
2298
5679
7846
2349
6712
6508
205
2482
233
7915
3754
9191
534
8681
777
988
6801
267
8574
727
2635
2609
7440
5075
33
6926
5703
5871
28
5775
876
8410
6214
7392
6285
770
2752
6652
1186
4136
3897
4185
8622
7819
42
8725
3064
4857
9052
7001
825
450
1034
8603
7628
5018
1744
3718
5656
4811
9128
992
6855
1856
2238
7639
9664
5514
8120
9479
2546
8732
7572
5622
7918
5495
3697
744
6179
3215
4144
5220
3047
7201
7117
3538
9895
6900
9722
2069
283
630
1064
8976
3477
1679
1445
2445
2567
5483
5995
7046
5242
2230
8801
7790
9317
9095
3538
2342
1031
3235
1514
9280
2488
6778
8912
7699
521
1765
6249
2252
773
9011
811
1934
3356
993
2692
669
3847
6136
4782
627
9177
763
5670
7380
4758
9281
5766
2044
1941
3967
6675
8073
6840
6007
9668
3347
6442
2538
9690
6318
4289
2831
8565
8532
1463
7550
5380
2296
8330
5662
7049
3474
2783
2341
6817
5622
2157
7739
6278
3121
56
7398
1211
8852
2530
9968
1271
1961
1413
7844
4480
2969
9495
7057
8685
8352
650
3743
2221
9085
9575
8803
9528
2525
673
2378
6948
4873
8163
7181
7898
5291
1643
9096
8963
8941
5784
7534
8066
8706
2606
9889
5601
5452
6555
2145
9694
8486
6126
4905
2004
3920
9882
5793
1406
6699
9813
932
1320
322
3692
5811
375
4726
852
3093
2608
4023
502
1363
1320
721
6784
6579
3053
5371
1610
2342
2572
2475
8220
5478
8535
2521
8581
3423
6038
8600
9524
2702
2970
4463
5635
1153
393
2340
4189
2537
8137
9851
386
4081
6470
1604
5825
2170
1204
4399
2299
153
2466
315
9614
74
4456
674
5445
9506
3704
5574
1480
5321
6539
915
2382
6225
1559
9969
6042
5215
2083
5010
2340
3160
1406
9691
9496
9382
6676
2574
529
1875
8683
1213
873
2420
2959
9765
7279
7349
4378
8658
8009
2770
8921
7836
1061
5068
7176
1428
3156
1848
8766
918
2008
8803
5422
1476
4386
4516
4927
4470
8651
4823
5752
826
451
9179
5017
6771
6858
4048
2197
8098
3788
1969
5848
7275
303
5513
1942
2514
7396
2272
1339
7356
2065
2233
264
963
499
6811
6435
8553
6044
1812
9605
6795
859
1650
7676
8744
5697
7725
8229
6125
5852
4474
3600
8587
1947
6413
8547
7178
5744
6494
3507
1405
1157
1232
9082
3078
196
146
516
591
8062
4972
3096
5971
786
8545
1294
5566
6812
287
5995
8653
9121
6488
9004
3955
7624
2117
2782
6880
4774
6396
6753
8513
1141
3543
4714
253
953
5809
7036
9189
1561
9163
1545
8894
8515
4919
4010
2715
4720
1903
418
809
3630
8850
2193
1165
2177
6292
8427
9532
7237
1266
1401
4191
3666
1758
2461
3078
7075
6960
6401
8544
2133
5799
6134
8082
4677
7059
2804
1270
9912
8235
3351
2471
9010
9811
3851
8068
9186
5334
661
2259
7181
3331
2792
9552
3591
5669
6256
6889
9043
4169
9568
8454
4108
7319
1565
2504
7794
2069
9672
9611
4377
7028
1865
1667
5536
5023
735
3639
6493
2192
4355
5875
2067
8397
5107
5773
41
9916
2486
6234
4164
5411
6330
6019
6082
1653
2880
346
8739
5520
2684
7243
8847
1522
1668
1172
3075
4783
148
1398
7918
8077
4074
5935
4477
7972
305
2397
8114
9103
4473
2113
395
6068
1499
9468
2622
523
5872
9006
9035
9327
3223
8212
5551
452
8161
2976
2145
6794
2704
5988
8780
5219
5781
1682
6581
2676
6427
6267
1644
1622
9698
1977
5282
632
5963
1563
4272
2205
4969
2332
7030
8343
451
7692
5458
1868
3672
5519
85
7870
1269
9355
3135
6877
5132
1572
5668
6065
6525
8119
1497
9658
5336
2491
1490
2064
3919
8966
1366
7700
7056
6156
1720
6532
9609
922
8273
2084
223
3691
416
524
8607
6278
6543
95
7478
6043
9680
806
5256
7699
6218
3648
2725
2300
2335
1375
4581
103
1921
1802
3182
2757
1694
3560
6477
5977
5201
8434
1236
4363
5189
9151
4206
2664
532
178
2330
9218
3378
2503
5062
1406
6911
7825
8429
3736
5192
3571
1532
66
3748
327
1323
864
3423
2675
154
6526
6189
3747
8117
856
8162
2780
9157
1723
903
3455
6131
7197
2178
5871
6164
183
7889
1910
4877
3872
3614
5
5080
2949
630
5645
9152
1189
8498
5589
279
9073
2680
2936
8144
5705
4388
5089
9569
2262
2188
7277
5015
2535
3847
5798
7621
6096
9436
2183
2487
705
7980
6675
2663
6742
5088
90
8500
8127
863
361
9806
189
9330
878
8288
660
2338
9923
389
3156
4895
20
2044
7000
1274
9046
9042
2983
8870
3180
311
6978
6553
9746
6739
9500
8380
2552
895
815
5114
5225
4994
4808
7821
1771
740
3925
2833
5767
4349
1642
1031
1085
1680
1572
9701
5313
579
1344
9478
460
7095
6349
9952
25
309
4875
3265
5706
2028
2083
9907
3052
9889
695
5813
5303
799
2913
6287
5751
253
7792
6875
896
6373
3688
2253
3412
5696
8979
3286
608
1276
2756
6678
5727
2454
3827
1241
488
46
3970
7308
4121
4609
2921
2463
2187
7279
4258
3761
7647
1923
8976
1906
901
4439
9995
9944
2325
8403
3754
6588
3998
986
2760
7589
9709
32
8439
8072
8859
7263
496
1742
3353
2584
447
8435
6928
2097
1040
1436
9393
4786
931
4347
3571
2184
6355
7843
2910
8784
1901
1646
6497
225
8729
1424
6701
8742
8097
2727
1036
151
6604
9988
310
7790
4007
7594
5050
2397
8321
5086
809
9283
4990
2213
2402
1783
7848
4436
6197
4706
5248
9466
7760
981
8418
6518
1607
9300
550
5680
1029
4881
4743
9473
7490
1983
8229
8076
340
9484
7613
1128
1883
1933
2554
3964
9149
634
3237
562
7859
7345
160
2547
1232
9407
1563
9083
9505
1261
3617
1670
3868
77
8286
1683
3736
8526
5041
9520
7609
4352
6878
2810
1718
9802
620
9560
2119
297
8797
2182
8206
1190
4132
2133
3089
8580
9885
7690
4576
9200
712
5881
8373
237
5348
7052
8067
3030
9206
4768
5452
9402
6058
9556
5114
498
3492
7700
5116
2027
6191
7610
4960
6803
7489
966
1586
5745
8783
1558
5652
6528
2552
525
6094
7843
4967
7305
6904
9952
3849
3699
3493
2250
8781
2083
3219
7709
9362
4112
8496
1239
123
5808
480
6999
7861
525
475
602
2875
9497
7261
4439
6512
9319
7900
4011
924
7583
1310
4288
2163
2159
9613
1917
3418
4529
119
5664
960
2205
5343
282
690
2565
1769
3432
6767
3794
9004
9782
1524
2670
7514
203
8975
6421
151
7845
6217
5381
6993
1585
2938
4735
9952
7113
4793
6144
9012
9143
6618
7948
5298
3957
8259
1553
8766
1068
7503
9725
2970
8546
5013
2890
221
8870
7452
5785
5766
1554
4763
7784
7062
699
2267
7513
9969
711
1413
8537
6027
6232
259
4986
1788
8468
1354
4331
7755
5420
4491
6009
4727
146
2840
1560
1072
1565
2284
1809
387
8101
7988
5291
2036
6563
7371
5319
615
810
3767
2905
9176
8331
8647
6762
3735
9709
483
2043
7957
9779
4984
7370
3828
9233
6482
732
397
7198
3885
8688
6216
6312
8241
7992
4310
6358
5537
4478
1104
8613
1557
3861
3872
7384
1371
9927
1085
7739
893
6487
470
9042
9071
8973
4674
147
1102
2047
5933
747
1026
1056
6474
242
9848
1094
6450
8874
9652
7290
9968
8836
3703
8370
2939
8648
856
9868
7573
5076
5992
6283
3799
359
4140
5778
1628
1395
9375
5033
2820
509
5313
582
2642
8109
6353
4927
5663
3443
9904
319
8462
9303
5571
2989
8311
7923
2360
9004
7957
8400
1163
700
3854
6956
1473
427
8378
1177
2128
8804
3609
9793
5656
2142
2757
5053
513
4936
1032
7182
4844
6105
4403
3060
8982
4923
7620
7086
9503
2961
2489
1318
6537
4130
1186
895
6893
8120
4098
1856
2170
360
9960
747
2090
2114
4818
5915
6007
8925
1814
515
8623
8685
1096
81
7732
3732
7613
5796
3207
1632
3507
4369
3165
3317
990
3730
7345
4499
1757
1015
1526
4588
3704
8834
1955
1139
1673
6930
4023
2579
7434
2711
2689
3602
8406
7269
4837
1331
2444
7021
9993
8120
546
7783
1313
7359
5866
8618
7080
6710
9816
4876
1433
8725
4080
7293
952
3072
6135
6793
2199
6706
900
8051
9624
9605
1684
159
6995
283
905
7041
1977
2553
5225
5952
5992
3238
3053
9260
3181
6166
8818
6586
2347
2366
2203
9914
7615
6030
7570
8361
1859
1700
3687
4127
6544
2473
2841
7806
5651
2744
4729
2679
1348
8274
4657
2964
367
3060
2730
7141
3859
4720
6507
4513
8407
224
2124
9322
7783
6867
3602
6949
9072
8608
6381
4610
1693
6726
2045
9601
3169
3220
1989
6839
3122
2887
6979
7069
5116
1280
5891
2584
4627
6790
5476
5664
5731
2133
7005
3164
5653
1176
5647
9272
3590
8062
6974
8184
618
86
488
2925
6659
2399
937
201
681
2736
1352
8974
4599
242
7526
930
3831
1702
5516
2264
2419
8575
4650
7923
3788
3288
612
8973
4384
1347
863
2373
4466
4549
385
9323
6914
2264
9991
6758
238
2902
726
8021
2393
4641
3441
9125
5415
4113
1267
2411
4726
6856
8564
629
6524
1798
4724
2151
2402
6574
5326
5251
2742
3605
2212
7265
9476
5446
6680
3813
5310
7204
9076
8776
4055
4293
2381
6365
8921
3589
4570
4952
6418
2168
8599
3330
2087
5746
6939
6308
2280
5264
7807
5433
2256
9487
231
2152
3568
2462
5944
1980
7774
3723
5867
2730
6062
1368
3259
7923
1190
9497
6581
4604
7709
2057
2012
2441
8775
6730
0
1398
630
5765
394
4847
5418
396
2496
9080
4867
3417
2891
6891
2343
3752
4359
12
2401
8689
1337
2381
196
7170
2246
1307
5265
1954
9000
3867
4947
4029
3208
1543
518
7076
2582
8732
7467
1569
9789
4538
3793
3537
4506
8544
3797
5616
1594
8735
7979
8662
2048
1635
8450
3448
6480
6402
4965
9645
6102
7880
4567
6718
5824
556
1460
546
5742
107
9241
5917
4972
7479
1685
3167
2416
9191
806
8080
2879
5647
2448
8818
8230
8124
9585
1142
3509
918
4670
797
30
7004
7191
1548
6430
886
7714
9885
8650
833
8881
8914
876
3778
7395
3301
1183
4394
1051
6940
4542
2720
3616
1805
127
2067
72
4565
8588
5583
3161
672
433
9841
5211
598
4630
5732
7226
6681
254
7787
5655
9242
6886
3480
692
8993
1718
8558
3340
6732
3934
557
2331
8158
7098
5293
920
9530
2464
5282
3965
7942
7778
1064
1084
8094
2761
4162
7155
4880
1381
6682
8901
4316
6172
6320
3330
8712
7867
8335
2075
727
9433
2223
7595
761
1434
1877
2556
588
5204
9070
7056
2575
994
367
5634
3588
5238
7704
3878
9079
7496
1019
784
3060
4635
8959
742
514
879
1985
1730
8170
437
7709
7627
4861
70
7503
1655
1031
6839
8456
8861
720
891
3518
6983
7075
1974
4813
220
694
4236
369
6309
8660
4731
2225
5877
7580
8356
5548
9611
5336
136
3931
2624
816
1818
104
8782
2882
6718
1876
551
879
2916
9593
1617
51
8377
873
987
6268
9116
9324
8839
4743
9939
9405
2598
3734
3597
8376
5855
1707
4448
1975
6471
2404
2895
1985
4568
2433
5213
1935
4219
1144
2692
5453
1621
5516
1933
5430
4669
5752
9821
1310
9039
1972
4759
5178
3990
9629
1777
7601
8962
1034
1374
5381
559
1931
9689
2171
5245
1951
5428
927
3934
255
4950
6796
3617
5206
99
489
1738
3160
3147
3070
410
6981
9190
6689
5113
6566
5482
6429
4736
3039
8882
1853
4439
646
7700
6823
9876
2436
2547
5309
220
9311
4593
4339
5354
2357
2412
2219
1880
5919
1594
6361
343
5139
2546
8007
7478
2670
9168
4145
106
8946
4253
3259
9639
2156
8129
4353
355
6394
4487
1233
8344
1758
3932
4873
7414
651
8373
3717
1231
8283
6772
1778
5240
8849
9639
1833
9049
2247
7468
5049
3779
1479
3033
3924
9667
4124
5760
2013
8649
7828
2950
4544
4491
1699
9919
8501
446
9095
6801
7771
2379
5151
7695
7701
8155
953
6299
1626
9767
3662
2417
9514
1113
6573
9024
5102
1717
3159
1076
4838
5081
6716
665
2485
6830
58
1379
5868
7935
4371
4777
8572
2653
3781
8021
8582
3920
8566
2150
6710
3259
8693
5165
8462
9243
9957
2581
9447
4965
9931
6440
8405
47
1775
1384
1992
9978
8409
79
5406
1724
7432
4875
2763
306
6548
8815
6657
8493
7534
5073
1632
7899
3180
9797
6124
6430
567
6792
4832
5034
8521
1617
7135
5067
1516
9882
6930
7767
680
6895
7149
3726
5199
1750
3922
5571
948
8547
236
662
5208
3973
9574
8508
9141
2273
43
3768
3315
1293
532
4000
7072
1016
3229
670
9363
9193
855
6010
8685
5636
6145
1451
1628
25
9786
7895
6831
328
8175
6523
7676
1543
6176
829
5418
5962
5543
2419
2905
2278
2751
8681
9907
3687
2197
6810
8536
8905
4256
1440
1060
9227
3522
2479
1117
875
549
5938
9167
1911
9876
6059
6996
8739
9534
3646
8740
8873
4021
6378
4485
375
147
6818
8172
8852
7334
5208
8229
4101
9016
1065
2624
762
8188
9984
5095
6498
7810
2050
3572
5693
815
3794
2261
297
850
8368
952
6420
187
765
235
6590
5545
894
898
7608
771
3189
9136
887
9478
4519
9488
744
2357
2739
962
115
88
3322
2491
7002
4254
9850
3004
3693
4844
6675
6257
1426
6534
2477
2780
9126
5932
4318
2237
8459
7952
9202
690
4689
4146
4475
6708
8785
7091
4057
386
446
1131
533
3489
7516
2288
9944
8556
1244
2102
3937
6741
8591
1625
2300
7300
9978
752
766
5929
7316
6572
3467
3825
8131
6752
1760
634
4668
8463
3904
5480
8291
6084
6440
7542
4615
9271
2627
1453
2469
142
1974
4078
2781
1810
5561
6659
4928
850
9313
6362
4731
3167
102
5447
8684
4128
1950
3798
8349
5856
6789
8148
1647
1488
7487
2450
4787
1156
6521
2971
6206
1702
7348
594
744
2274
1474
749
782
9529
6536
281
5897
346
524
1199
1020
3858
9832
2789
8895
1968
2814
3505
600
4640
2096
1137
1931
1680
8604
8652
2314
3684
7544
969
6635
5988
3797
2671
5371
7016
5467
2316
3413
5739
8984
6522
4662
4928
8351
375
5543
40
4917
932
7962
8704
7907
1644
4583
5127
5927
2774
3386
4390
2025
2236
2008
6466
1883
2557
2019
7706
2822
6685
7287
281
8093
1767
1858
485
3489
3388
9410
9391
1631
3020
5863
9303
6242
9897
1454
1854
1135
5588
1330
4578
2235
9316
3068
3296
3446
9277
7841
2920
62
2725
9401
3753
532
9849
3118
3369
6624
9304
9016
7116
8795
9387
1928
6222
5935
4173
5894
2764
6946
8846
9079
1935
540
9479
3418
3852
741
2141
6501
3675
2334
7659
9043
8182
1816
4123
1031
8880
9403
7956
3052
6390
6136
2860
4808
8942
1210
5110
5894
2073
4433
8569
2294
3843
6814
5119
1309
4345
7149
3023
7162
7913
6764
1063
5674
1675
5820
4979
5393
948
8866
4297
2089
932
7923
3300
4175
3868
9332
3991
1324
1777
4744
3983
8722
6314
9086
6514
9630
8766
3351
4240
7
505
6928
400
630
1176
957
8777
5311
3202
2327
1164
4101
2245
4021
3773
3490
4337
2953
1690
7755
9946
1855
5817
6072
587
130
6294
8675
1654
1161
2372
3483
3252
8383
5486
2656
5884
6771
613
3684
4488
787
984
1705
3433
2656
8848
4475
612
2239
6966
7101
7962
8106
6302
1372
2061
1938
6683
6148
859
2457
9976
8116
2116
7606
8491
2371
3834
2867
4323
3377
6759
1696
4067
2159
2618
6595
1828
2638
9888
1040
8166
1451
7753
375
9171
9912
5831
184
6079
4393
3071
3656
3871
1631
5519
5820
9469
565
845
7219
773
2101
2719
4484
3079
128
8470
9731
288
6220
3517
2419
4286
299
1793
9434
8598
5235
8388
8054
4179
394
4465
596
9617
8311
8811
695
831
5436
8813
2336
1271
2002
944
2266
8571
448
8495
6022
7774
5541
844
8658
6680
546
5867
588
1321
4679
1446
4122
9623
8545
5587
890
5980
8989
5974
9122
5636
7059
7410
9090
1393
2840
5230
2903
3446
9831
747
2264
6563
6419
1553
1248
1818
5440
9069
275
1754
9368
2592
4475
2344
7876
1999
512
1521
7229
1744
4434
3767
2911
5152
3950
8216
7104
3537
7942
8495
6864
1064
846
442
2929
1607
8139
8528
3927
1039
9470
4108
388
160
1649
2927
4828
5341
5505
776
383
6728
1952
2992
7883
2807
3454
2025
2775
752
905
1329
3074
1355
6994
4697
5700
4546
6487
753
6833
7497
269
5801
6444
1122
158
9842
482
5030
272
1487
6827
1221
3442
6201
8734
5511
2500
2901
2685
1459
9007
2979
4628
4077
5997
7819
3619
191
2670
3089
2389
1937
7610
5753
669
2139
2676
1143
6090
6562
6524
8428
5962
745
7124
1398
5166
651
7764
1368
6866
1638
1437
4062
2332
4998
4274
8098
6601
8704
2278
6957
3469
8406
3727
4385
8286
4040
9382
2776
2014
5975
4327
2342
975
6690
429
1712
5989
1692
5338
9453
4666
9726
6602
3080
8873
3195
2781
1501
5578
8231
7351
1658
350
9784
1986
5329
5
109
9673
3037
6027
2622
3821
1010
7786
2903
5537
2624
184
2644
326
3446
3693
1089
9359
890
2634
5528
3604
3793
2513
1085
9146
1618
719
6738
287
2008
7568
7794
1099
8107
8834
6401
3507
9886
4395
161
15
1970
8614
6356
1724
5614
2580
2495
1013
3468
5584
7696
6129
6708
7624
9271
5368
6379
8609
479
426
1057
9264
8707
4255
993
251
516
1951
4220
1534
8932
4472
3765
2303
5165
5830
6957
982
8694
4852
4676
8155
7651
5340
719
4917
3428
5704
604
9279
1057
1498
5082
8878
6917
5121
880
4741
8725
7792
2472
957
1083
438
553
4162
8542
7304
9980
9581
3073
3378
5198
7128
7713
1820
7804
2190
9417
6290
8546
8813
3541
5435
9248
1220
3423
7189
1014
9698
854
8025
134
3738
941
3126
3825
32
2679
5345
8688
77
5948
5543
9135
9455
2455
8983
5906
5499
27
2477
7870
1754
9074
9762
3636
2124
3386
4870
819
1627
4514
2483
373
913
6995
8025
1895
2104
905
5809
294
5202
91
6749
175
9492
5289
310
7240
6392
2213
6069
303
1762
9342
2075
8122
3977
8896
88
1014
9974
3391
3830
8921
75
7427
8779
8195
5502
8801
3561
1809
8706
2439
4378
7129
709
4646
2119
9994
5737
2620
844
3752
7135
9347
1097
5789
1894
1735
156
5735
527
8952
7562
4711
9840
4582
1012
4044
9993
5254
120
3448
2598
4091
2263
6690
5043
557
4617
6618
2663
9295
4272
181
9108
4633
2853
6753
7547
614
8191
1467
2015
8739
2007
5419
7079
7736
2331
3115
9986
7996
1547
1402
2680
1369
687
7905
5244
8076
7018
5540
1789
5503
8565
4970
8027
6823
6201
4336
862
1174
7171
2585
7804
839
1093
2987
5221
8618
4023
1434
4531
7009
2264
1655
8539
9232
4678
2177
2530
5561
2431
6685
9823
8677
9618
3088
1646
5317
5596
6127
2795
3218
3112
286
8668
3888
1579
5327
3190
360
6594
8444
84
1114
3995
7872
5257
7856
2948
1559
4468
4685
1266
5953
665
411
2544
4625
5125
5593
8327
2924
8087
9006
5719
1947
21
5359
292
9091
3694
8553
2529
7645
3274
9681
9591
6275
1705
6056
3427
4927
1558
431
2298
6274
3070
1994
8909
4789
1029
8145
7279
2554
9737
2196
8380
6239
9159
4979
5187
5193
7706
179
5234
3188
2603
5387
9208
3534
2250
5101
3256
1808
6178
1092
4366
1023
8520
1641
5017
6673
6567
5072
5406
6054
9006
1672
6464
8014
3542
1313
5991
524
9981
1923
5622
4343
5689
1457
1361
7817
3339
3192
6030
6847
876
7213
1910
604
9520
27
8097
193
820
6254
8495
1489
6471
2186
82
1710
8041
3475
9089
710
774
7393
8296
9971
1376
4427
4639
8795
4151
8222
4558
4279
78
6472
6672
1395
9599
930
122
1448
5811
2116
694
137
5441
9241
4742
4125
2165
3885
2639
8411
2421
9888
4305
2345
2095
1378
457
7641
4888
6714
3628
8990
2852
8802
4284
1275
6076
1645
9517
594
2669
6397
8985
4773
3011
1443
6219
2702
7305
5515
8691
3959
7222
9640
6681
7800
7681
5467
8597
8736
9540
419
1713
5452
1199
7443
7684
9626
7293
8103
1152
8438
2699
6142
4887
2440
67
5391
1214
4475
5018
4641
3833
253
1266
8277
7668
3317
902
4866
6140
726
356
2486
6505
6027
6236
8949
2640
9034
9852
394
9119
8139
4609
1709
3811
625
2989
9077
1171
1599
4269
8091
250
633
7198
9887
3199
3767
6408
6589
8533
996
3376
1282
7671
8191
6483
5946
7756
6357
1377
6601
3954
5213
6221
1239
1238
6611
4708
187
1218
6876
5901
5998
1257
2705
387
5483
1185
3605
723
5431
8524
1197
5662
6579
8565
9013
631
6079
7230
9951
3283
7907
3707
8589
1056
1710
5479
8122
3651
3339
2937
2698
5397
1812
1938
47
2762
3009
1518
2410
3306
5026
2753
3423
2535
2307
1758
3445
6487
5832
859
4145
5242
6250
1817
1256
8984
2353
7680
9914
2036
76
2651
1049
1175
6759
8509
504
1742
4572
2243
4877
2731
4026
6872
4034
7576
7624
4565
7090
2023
9472
1274
4772
716
2200
1998
9620
42
6770
4582
2717
5865
1635
370
89
3532
3672
7249
5130
4064
4737
6153
822
504
4391
5948
3657
6447
3081
5220
9609
2623
1808
5644
3634
5898
6023
6120
6907
4446
811
231
5997
6639
7888
8085
4807
7406
4872
37
4773
1963
9467
783
5181
7246
4160
4062
6126
2013
8927
3938
4076
8309
6494
7791
2333
1824
4908
797
6995
1514
6406
2564
3485
6879
3926
4234
8071
2375
7046
8821
725
5930
7182
9063
8010
6512
1916
9187
4013
9222
9571
7385
394
8216
4962
3314
7381
6736
2978
1858
6118
5215
8793
6823
4889
8426
1772
3709
5107
954
9137
6674
5781
3010
7704
1428
1716
970
4022
6594
9688
5747
9118
1440
1878
9944
1955
1705
7852
953
4047
1583
5626
5211
3754
8315
1414
321
7612
6145
9026
4771
8925
8444
6999
8508
6074
2001
6596
3459
5684
7158
427
8585
1363
1201
8668
7442
2764
9756
6028
7530
6090
5939
1991
279
7624
710
239
9220
7324
9334
2526
2857
4738
2870
7413
8751
5969
9651
5297
4224
9888
7346
6078
4693
1503
976
1551
2061
5987
7093
5692
3305
4014
8398
4040
3840
5569
514
2811
6208
949
1338
8957
4418
2683
8759
8793
3858
6289
4162
2823
2621
2927
932
2452
3115
4427
1527
907
5329
3536
1704
9367
6143
5183
3357
8482
6718
5014
9826
6548
1694
8225
8382
1257
7770
7711
4985
4410
9440
4566
70
7591
944
7177
2816
8572
5623
4715
2831
5000
3411
632
6116
1072
7697
5592
9957
4383
9908
4985
5284
3134
2638
3046
4195
249
1398
5315
6022
9039
4895
791
2828
2079
597
23
7964
490
540
3878
4077
7212
1585
7515
6748
3570
7878
3698
1020
8692
6283
9526
185
226
436
1772
663
1876
1197
8771
1939
659
649
4650
5398
2178
1451
4932
8648
2999
1687
4823
908
3280
3596
3260
7321
5592
2093
7649
8592
712
592
8756
9601
6986
6861
4923
9950
4435
7703
7429
5641
7049
914
4459
1662
605
1429
8676
1029
6861
2203
2918
8180
4062
6770
257
7154
2901
596
4227
1160
9340
6052
6104
6959
1306
885
7180
2369
1341
561
1186
95
3663
5399
6524
251
726
9684
8575
1339
9869
5188
457
9965
1062
1367
8677
5634
7233
8078
8202
4727
9646
6693
2781
1291
9823
5271
5686
2983
3898
7885
6017
3873
8519
7596
5784
3478
8261
4480
2496
3111
7497
3065
3900
9549
7085
9528
1999
510
6297
1308
2976
3448
762
2249
6075
1693
7905
6570
1745
3305
229
1368
5673
1137
7310
2026
6873
106
4050
1489
4380
1005
7777
6512
9397
6668
3872
6326
4251
2365
4831
8086
4412
3460
2474
9860
3816
96
7954
2353
6357
1296
1876
8408
4454
3359
5526
1469
1350
6410
4052
8261
5951
9751
1950
7235
2791
276
2760
5949
1064
9084
783
8936
2535
114
9681
247
4383
4027
2816
8457
1916
6899
2733
8274
8265
5898
9103
5257
471
9584
6582
5277
7772
9674
9996
5195
1328
1305
1909
9989
4792
6914
6368
3701
1533
7978
6874
8127
2230
3844
2366
1737
6043
6505
9049
4880
2497
5888
1002
979
2417
6035
602
4900
5421
8402
627
6909
1943
8843
8422
4680
2157
463
9770
7722
818
5303
6429
6269
2356
5507
6924
2841
7755
2957
9429
9548
4148
1589
163
1722
9534
1389
1902
6896
7789
4692
2356
4389
8501
2250
698
9194
429
6117
3443
123
3963
7850
5843
5909
306
2275
9369
671
5764
3843
5889
8238
7993
4098
7025
2655
1094
486
4153
2909
2605
7370
8608
6197
4558
1811
3315
1809
1895
1385
3047
1058
8709
9537
4964
157
2172
8537
258
5160
2944
7671
7274
7082
2121
1810
7997
8912
6068
7382
1677
7520
9854
8090
5367
6393
7838
2554
4911
5454
444
9375
1274
1700
9719
1791
4293
4004
5651
5982
7182
22
4629
7693
310
1325
696
1485
6524
2177
348
2578
92
4418
1119
1343
9063
59
5753
7661
302
5985
2219
7733
4024
8720
4119
4195
1152
5373
689
4664
6466
1
313
847
4081
9148
134
8245
9255
2399
6760
8563
3959
232
3006
9981
389
8833
9882
589
5601
1139
4968
5231
1461
8103
432
6607
3516
6829
547
1939
7645
2567
3657
3289
8316
606
1218
8984
1577
6076
5055
8739
4663
701
8194
4158
8780
2606
1495
8484
3099
529
4218
3477
2491
1333
9640
7038
8947
49
4558
3526
48
4509
777
3149
9573
3165
6987
1725
5911
5202
1913
1258
8710
8972
9906
9628
2401
6770
6028
2173
4676
9470
8809
4144
1987
3679
6885
8248
2893
9651
5366
7977
6215
3642
1956
5013
2290
6163
9317
7323
7882
2794
943
721
7723
8360
1912
7738
3691
3267
8608
7230
7333
2384
5360
1737
1857
1436
4242
2208
8686
4884
632
6673
183
6036
7167
2677
1559
1875
7865
9465
4617
5660
5448
3708
1212
4058
9590
9909
8293
7830
4053
5679
3189
5577
2098
9128
4451
3629
712
1813
6482
2414
9625
3832
1965
6025
546
863
3765
4456
5600
4672
4748
8865
2890
483
8278
8667
5036
3154
3351
1682
8586
8758
6720
3814
6736
9251
9150
4128
4988
4701
7088
5247
3859
9270
8605
4492
3162
4563
4235
5464
8802
2296
2878
1261
7667
530
8667
2192
4718
7323
277
7076
881
1392
3047
8212
1352
640
1305
9536
9929
4959
3664
7624
3694
100
3117
581
8537
2457
2360
8334
7061
7290
5110
9964
3861
2544
1717
6518
5650
5095
3693
7283
1017
6016
6886
4526
3048
9135
540
4712
8084
8658
4490
7364
2799
7336
4491
4462
1592
6910
941
6673
7748
4669
1814
3110
2490
7201
1886
931
9861
1984
2482
2131
1526
3218
5304
4213
2231
1697
9681
3835
8934
5551
5731
2459
9859
3756
8746
4561
6945
5030
6843
8730
4309
7817
3807
5389
8732
3332
8752
4894
8220
1866
4269
6942
1870
1097
8784
5078
5386
5362
5821
3813
6119
4606
377
1074
2397
6038
2342
5858
6139
376
3106
157
3503
180
8932
1458
222
2809
2539
9742
4908
8686
2649
5296
5676
1440
4632
5095
4014
2756
2028
873
2978
4008
2065
7720
10000
