76
1563846
136352
78504
1211594
2132348
361908
1576935
995565
2790855
160754
281699
2609976
2471078
701136
2208964
2991461
786855
2721583
1395258
210833
1444829
2851022
1064509
1826449
1800296
31509
176470
2264914
2070842
147633
2525049
2258840
2268790
1094265
423144
942423
2447749
232826
1592858
2522799
491394
2547953
2248738
1104726
1282578
2772292
1088183
2618113
2600174
2100171
2282900
2757991
1679151
582418
868504
745469
2425181
385066
1986868
596963
1810949
1703016
2362561
1123172
1206389
487620
770836
531636
1445690
2953506
351835
744932
2247786
142906
1281999
565175
