235
5879610
5851235
1136762
733072
7118581
9259568
5150364
7249502
2172228
6457724
9316285
3802675
1800801
7584484
8994968
6607645
1747114
4276308
8165257
701271
7505595
3562883
915077
8825565
5775208
7203932
2779075
4128500
5083543
7202377
588392
6597703
907019
2776795
3894705
3019792
8340009
3718496
4900252
6420169
2174140
1726080
1734049
6115534
4323415
3115053
6283840
2391748
4707936
8299035
6690262
2811446
8194642
2690272
828907
291132
3767841
9083958
640338
9066209
2647083
7623891
7372354
8283242
2544966
5396260
286017
5738447
2077738
2016780
4060171
7863202
6312386
1533079
8142799
6465386
8572336
4476224
4045966
6653405
6541600
6669900
4030683
6140134
9112402
2712440
6599237
1848920
1809504
1751374
6697175
2426040
1557823
6714866
6215345
5826848
43673
4134549
4461895
738588
8611562
7635304
7428927
4544702
6712790
3769468
994608
5804585
7971551
6735288
6592878
8685916
7134435
644856
4986945
1090500
3347563
9302165
7818420
7666947
1806971
6842366
4983087
5473380
5586996
4210683
5735365
5931061
7786455
9116393
2167830
7246424
2570955
7271445
2989449
2562960
2617068
5732478
3183919
5171341
8062973
3091943
2051028
4903091
3492422
8934713
4246190
3950787
3303745
125569
5178069
8940693
5010506
1413746
101028
2615723
5295248
6897726
8117762
8328425
5660182
9181666
1269506
5506165
5462299
8889975
1584511
710346
6838381
630967
5172050
3891830
8029587
3819153
46425
6053659
5367675
3987289
3314854
4624644
717586
4514761
7726975
3355531
8532912
5229199
2406621
361298
1409498
716300
7782683
2184321
2966894
6318315
434636
7705817
4614703
3352536
2608363
1091430
7620782
2087437
2865853
6179798
683934
1344831
5598813
3461327
2307988
7660875
8208032
6682648
1034150
8721971
1213373
4574750
4977568
3611828
6064676
3994047
7334449
8031590
6680566
4098576
3309826
6569564
82589
7382517
5464561
8196709
5251440
4695973
4750922
3438610
9145353
