390
12089578
1716941
4976540
14732565
9525199
10456027
11766196
1717537
1551560
15146305
7773320
11488184
11053773
7817255
5663544
7869562
5466101
11012379
12996927
14261868
3548910
9291998
1934997
1442602
14175019
6082628
841343
5100242
10297960
9046619
9773920
12035327
6894795
13488728
9887385
3782829
13345146
12179840
8929177
13732575
14746065
1268853
13789960
2519012
6299327
14581593
9912640
13277432
9836063
3053307
8042833
1387832
10131674
8645310
13690299
14999247
1028994
2354950
2779196
10299850
8446528
6333196
1229389
1230998
2197684
5543079
8147590
9976373
11878532
14811220
9314027
221574
354412
5334606
3444761
3756253
13935316
9290532
10460222
13272104
2175673
6454947
2917042
10296258
12761008
9333550
1293389
5074562
5085558
13911027
10131715
6648367
1801846
11307231
1862357
11536388
1784072
5910025
15296328
7365291
8326280
9442930
11871828
8987821
7745509
12920215
13383814
6327964
5353480
12376523
12667845
10081373
4047324
9410151
301949
8153752
4040133
12716848
10990985
1084698
7395254
984208
13822885
578907
1847081
817576
1185060
2347754
8163129
1064983
6407519
895635
9232841
9061997
5718624
7017612
15032579
6530955
9499033
10861152
8952452
4461453
14763676
236824
15309964
4277013
12035692
1246458
11651881
5330217
8868039
14256040
3350839
8075275
1671063
12090430
253845
2405784
14481673
14857677
14649521
14525152
5607903
2012886
8561036
10232104
8467286
15068707
4761819
9922654
12950906
7766833
9351944
11154793
12532827
11459549
2330760
1534483
9871796
12710259
2149115
11024655
939009
7160021
4858069
14089608
12249517
8817689
11969016
13277613
4980950
5046038
2329744
1575336
1809078
2784915
5777152
10301292
5889754
637765
13226933
14802381
2648124
4977993
11946346
15588900
2075998
14058633
9304002
5388070
14503807
8277234
4963037
3174457
9652418
306729
3010980
2615235
3526288
8177963
673616
5876694
13294520
2919018
14633697
2993426
10626006
5936329
14553132
9703180
11175270
4424205
10465605
14001863
8701189
5686892
4115262
14399799
3874827
12286991
11264941
1323514
10404695
7857863
5932610
11822037
15117867
6495877
8808409
9240531
9815282
266770
7954726
7946176
15447121
5727139
8228326
5743675
7359568
128155
2314171
15035429
10603926
1349788
12984375
9368107
11637165
7024209
10778329
6910848
11412359
12110404
13899221
9638139
13166023
12609338
13903475
15353541
493942
12101929
12574198
1100615
3638619
6006443
13756133
9291126
9475558
13655061
3097624
15372775
8704785
7826152
3994699
13429446
1842096
2996961
4386980
12941437
9355296
5944469
10623765
10481144
6674095
762449
12700212
12750566
12612028
11148314
13127363
4821163
5149956
2747634
2092625
6784768
1897906
9995281
604575
4461765
10499806
8838352
9662232
1350660
5514725
8555343
7943445
7405218
9994454
6601691
10120917
7529517
2822951
15282840
886275
15015203
961031
3912067
2149613
11150972
12216044
13225261
8747451
2103847
1763049
11401974
13614251
9953604
9710630
10290946
15570993
15585652
7177455
6706462
8420055
14986203
13720032
5965031
9283724
3190908
2208800
14785852
9938305
5118972
1186656
3350176
14931521
4038654
6126108
602152
14033929
12046834
5627058
8945556
10292935
14544292
4771974
12151353
8579839
585157
13818865
12744510
15019651
4129517
7346810
2952682
11877283
3401578
11615103
15147909
1331549
11793444
