3543
106020998
72666349
102897697
73600877
74311149
20142444
28400582
106522744
109576596
6545308
90468914
10522740
134032881
84257429
82081454
10930290
127963820
66244802
46846599
139483438
93672723
19664205
40302457
9803154
52587822
26605436
136101193
133369982
132720855
126918699
74523353
58853186
119139243
76600015
125485261
28789309
34607818
21783452
376729
119116759
138578960
95497225
130120746
127789873
129954601
29938993
52239312
48709514
80628632
71019784
128878569
37870828
121027672
44150885
73228219
95991283
129285447
12546707
121794934
46709856
270715
65708545
99936768
126935334
94832886
139501148
22531076
76136999
74223601
81987072
87245829
48576731
20389687
24630989
19148168
75626740
71474546
25636934
43786845
97951087
28375882
39700852
127151933
13578062
801320
76950346
103003707
120520719
84505202
12322437
61455524
121605912
4760039
12577657
133715506
128603197
61208180
89579377
140931265
99649936
31961631
97885364
29383901
110617444
20553559
55819823
5154985
125309664
98806621
5482057
77661052
24214648
65831574
58974767
88328163
816321
3859143
71614997
101784237
69863205
93572960
130451990
73987291
72558765
119150937
51724487
46880813
115401168
88401054
53902336
110527949
56521084
15361318
114140106
51977786
51887673
32008752
83471522
72969790
38954320
86371420
100479141
131191934
38178642
91702841
117826681
79376578
68647453
70673516
103878325
72153309
120159499
99405202
1654491
67709684
108118958
91940989
82732831
97964845
30898996
63036060
130381061
44410142
2487151
74925880
83494095
127725556
68851123
94570636
84834958
118273206
12255762
131231170
133869840
66726076
18026731
54618633
53696610
74053272
98499634
131183640
117703438
126520818
46657284
76310487
29066997
20240315
64673820
51115579
105585133
134334577
135527760
117729852
108699034
46913898
132854793
111636752
11634618
33520116
43804042
81561809
129009716
22457415
57572982
27617584
47749067
65513569
110398846
112152530
60577141
140881404
78914050
135360572
2527785
82188873
66903087
107871575
55290741
138846600
50677157
48762107
137506103
27183343
107268280
32455805
112902911
1069898
130801077
12955574
110714951
126414582
82989458
130814978
130408089
16177583
29803714
68762155
97818660
84316182
26055798
124400550
91159157
117975928
90197404
136172694
94370035
68535736
110428798
81480597
130376380
133278519
81266030
63224357
57785167
105992513
55776117
41532807
127130604
85872205
113989982
43643553
80101141
46969406
131714903
77114905
1389963
102596886
64543088
22098324
81414086
56483501
123740331
59826180
95304983
19599694
96486825
121294980
131214992
71479469
35050260
67345097
42077769
902502
49747319
71486760
16712701
131240036
64082201
29338575
24543334
96829220
47139640
122969493
104585267
66488981
37210052
109896078
57801999
73497926
65828194
129014651
62216486
101969083
97221310
98608901
25469963
26454396
138677322
101044696
267415
73884563
99739584
33527986
138005649
63293383
130658032
40732714
63027085
79361310
90686942
108368385
111400817
67537733
134652694
117048603
102491957
55588298
77302905
18100905
118990247
130941883
84295143
78311421
89133285
110270879
80523491
12557780
72259656
3399654
38934394
51488213
141451511
120058450
81061955
20301924
80903933
72122370
72003970
129642526
15419642
29871873
15441705
90950521
97357139
78514449
70510693
130851450
117242209
81097521
30453930
74144211
30956858
54057862
77380888
29761764
23930547
8098206
69280922
118957927
19931712
100261094
74714941
105441282
116372283
50824859
89543694
112773935
31361356
13655880
100236080
95262052
6966434
31309885
38022252
87005753
96836103
130161295
13958545
37704149
43156646
82650536
111892557
77410893
80706712
57065537
91702044
94671118
16675684
67539113
70658031
32246920
92167340
1716656
58071879
132694151
103764701
81298540
98642033
4019041
508056
36254575
33111777
86851207
2247048
28669003
132411034
48824068
17272779
39049959
118695482
138165291
135881074
47946782
140905042
68455227
71751664
134589233
40563266
120167643
123288384
94560373
41866239
126792037
123376331
53039392
45102775
9101799
75634844
57372340
81593186
63376792
33614481
2470149
87490293
41866856
120049998
139529013
54938567
79540318
39546119
4605239
127743620
136681061
98623736
16825608
105831969
8545167
39026247
79383520
81409612
57784108
2131290
22197362
61514723
113723306
87725356
51399383
108506683
125780927
116689423
4850828
120212103
15303062
39474896
40141915
91971346
66941027
73561284
119860419
115709052
81062193
102095167
75671323
70427706
139461058
72491836
39226130
84562191
131311254
53927274
98362587
107106963
91886988
1977202
41268018
3657585
136080644
70577968
18567344
45932482
67679205
112891930
19584276
50328269
133598855
90037481
87894371
69257796
32397612
16485520
55167555
34667328
132280088
78967038
80282811
71583881
52331478
95888390
96820562
65946710
66709765
34185233
24302475
83392311
17665219
123227581
13097794
73649464
81065673
80966923
16172928
106128869
88372518
67724644
63813143
36249733
66529319
95480800
55280656
13988612
120242928
120637721
31780936
112238214
75321546
36001406
100009431
115732050
23492559
120768140
12549501
16040111
59999054
76827996
114041781
106256979
84438162
20192035
940535
54336798
39249275
69423521
139066263
106326419
119986331
119271748
3055930
45205047
33791498
95558281
46596737
19726452
81469376
68984006
121466413
5917679
7198388
29818023
55957243
92562238
105093267
503972
27779373
69671280
69231669
85102107
56391130
60088216
54412899
56086458
74732850
95449789
68156060
24062724
56217985
49270639
89060104
49890391
29441960
51820152
91383463
99714566
14073430
1547024
137180991
111920944
37314481
47379916
26675204
3648662
109821575
54884970
20380372
39506983
9254467
23735232
42327734
85067552
3355607
119456431
30924511
114782557
79213028
37962296
138956726
9731172
139189409
91777941
91243794
141225755
63103355
122750034
11895853
141606400
54962866
138861216
123575242
61903803
1771885
56201571
20739467
139256618
77124267
67477117
107958637
65598041
59040702
71300961
14187308
34465756
89001450
29185837
84527418
16084642
13040865
104370603
55052714
46679729
63501310
53805220
130310220
62826153
134922298
62308954
27017442
126871813
110259172
94384190
96329435
101653417
54500727
93977997
27481048
93156949
135549759
140944724
61209134
136445008
61684552
99452409
2953841
52184976
85597179
41194534
67999382
74148665
129918946
7388790
37998936
105808860
3831662
56332425
93052730
81777883
65101001
27955776
133656440
100829642
38815065
37772108
115941009
28249582
38724587
86105501
34360471
46010424
27242068
107608124
87494868
86123402
27183576
449815
16677179
23622011
21175821
575680
81774813
43753036
36115378
136887488
22195300
125065790
48039065
24562526
39751477
137253589
67154363
31864043
44249240
15115449
112158454
95131347
36263174
28861301
33047050
13205564
76474122
14268372
71443128
107636816
29274025
71008618
130974229
85664450
25828531
132269552
134386100
29199191
86398947
140885587
38274902
122336040
140953636
41896508
24160655
77606354
31695544
95753454
119438898
87977223
97422868
38480257
62398343
141548672
40200293
82224916
27363406
75992314
39587405
127262430
119148263
13949256
22695684
27048058
13411928
97065255
129733032
111197487
67578411
86221872
133181763
35219093
11240064
44571744
68467790
38405140
110491374
111263169
43171528
83033687
29314431
14235456
84522208
38535474
23976031
56926337
38713743
108046609
116232462
95556697
16828307
105111513
109263629
113119652
39589141
55981059
95997060
131419229
63117
58432026
80597864
117584206
109099306
117740061
70245920
86409708
103654748
14367958
93255883
100705333
99325585
129077693
108332397
77899782
45770990
130165714
57699821
24397479
9442306
69532389
102102382
2978424
63530382
70571283
6794726
39779906
104492794
32607012
8493557
8049062
18727866
118494818
107356950
19822996
71026845
83812919
107849856
74656521
116715783
106132675
55537404
97322227
61410821
61544870
56023356
57790960
21919179
109807148
51403243
107578947
65413705
99642516
9944411
130657070
104827630
11400686
65648844
21766992
41704963
84656440
125812216
22252268
7917421
28903551
13119098
74098676
84101414
68874181
87411545
67906992
115551177
111931095
66367575
132399369
131369096
35421273
42412223
22116098
17970698
126544338
98139960
62394543
14772661
112692568
18517184
102119011
56620048
140224840
65022105
33849337
122637377
46627239
24833365
133979709
43393815
77391203
37641238
84208549
53670351
72446890
136008283
94153939
76520780
68570388
132465966
129917590
119096145
125164393
88955164
20373998
130243796
39538863
93952936
125431527
137474972
49710641
53448702
25438258
29106841
51557783
86931926
24058014
87232875
58937582
4112932
11466538
10154583
23686633
132819080
79794331
94521793
3566964
85180338
63515653
53153155
30507275
83307863
76987414
134499596
88736085
26272023
49435863
124757782
120886651
101046640
124318025
18825268
28629399
52519440
114475713
37332759
40965404
22911695
90035781
57682531
117991144
12384476
48380173
82365289
113559025
85794803
113581732
57868192
83189007
27096596
137385789
137615103
38673462
89198613
137204509
123486823
56465866
88178711
96043299
27200505
141280758
118051972
88463747
85157084
111744205
71851787
33720836
106083904
20721238
59052095
90946947
98522279
120708249
42913191
87980869
41675705
134481005
134833461
63511729
112892886
41359060
85670568
101774278
127279018
93489034
101315285
120284364
35823739
74544299
15532142
59844132
85743193
83082544
121033512
88370739
52875093
15936646
40506411
70610764
117511989
55215733
103819798
51262230
120779021
3493802
113109037
102156613
2302930
138761640
57784200
62225167
134803981
97706867
82056987
86472316
92376283
92001992
23708286
107030169
36700537
87507171
95356440
80526334
61471056
13581192
85454596
122777098
15628906
18702855
92492826
98066104
70883774
436147
91224529
116173285
22699073
42462233
81825770
31119267
106421858
43435159
32816469
121680244
42821207
55232346
95875629
99120966
60366276
48018563
71054092
90940171
112449963
130094673
108533294
29767625
132516104
113350524
140547767
86022653
48045601
43736779
78508328
2040906
49915794
115845886
11887957
58073154
70454552
24403044
116869868
14758227
100665407
79900742
136841294
109929777
33306689
72122703
101706536
3259249
98313329
72783093
103004037
2357603
19095047
17108319
971942
106801625
60818197
54451364
130843002
103964697
102151906
87785068
85741101
83064302
129985491
138621929
3461021
75969907
108304869
21475599
50283047
68232759
125467942
79933743
124019935
115875556
127072393
91533707
76547672
10191026
60896416
93950786
129538029
129965218
78158324
85700029
28623165
8025256
17857817
82649328
79905924
117701089
135044892
85362221
70293
111748924
107655620
77801649
47534861
136920931
90671886
59956231
25231337
46569707
75676285
38532655
28303313
26168846
48880796
129537665
7892901
116653273
99297772
65067534
58881511
71061393
137736605
141664098
76215690
4630701
75815047
51825486
17247117
78722764
17505905
12014099
24911987
43084343
108569574
134874119
126722556
128524475
75382691
138401093
85525343
26993810
126363504
4548545
33820833
50044023
63108102
15075435
19270125
26905951
84588519
6061871
118797459
14265955
130587845
90903406
41705224
122292514
40041683
24651358
133033180
112010767
76383783
27307092
77088184
121864084
130687988
122323653
71551553
115668276
57305396
19435619
108931722
111877894
59447449
104109382
40619525
111383460
39725616
133146617
62408844
125854148
105175488
67419544
5572904
114892987
22374633
57897206
113172834
7406348
4799265
141104375
109298485
108741472
30653939
10659612
129583432
82022333
81333551
88252706
22421638
84096357
119554901
13469799
52802237
61399516
136341968
70968839
52816267
55861861
605329
39319435
41575036
25030177
71657722
136376159
16745396
119873706
53502249
127154248
21517832
43732626
42426922
131766329
70968579
94286261
137312004
15239511
42570134
25048647
7617459
87215643
35584372
134519961
54078917
112407761
47253758
90785588
115730882
10342968
62774073
40969819
87199015
3472767
31164231
130472041
53808822
40583350
103799689
78482053
97168989
39736668
21210405
115634487
114546947
114387209
10969579
50336388
116968655
72310699
76237964
17104611
36327515
33595015
81304122
114584573
27665919
55787760
9149906
93186978
97670357
68770262
130644729
78919629
129024687
77944231
47175823
32996661
98219864
86289868
130169719
90200092
17851042
83786160
118285911
63732843
130244821
18725731
90666340
102156063
74723104
67212618
84719908
115181427
83493993
140727882
126750012
172929
128824762
31017383
39353256
112634544
100404694
12200046
35259443
24200160
139922533
21596310
39675686
37562273
103005541
72031290
102697413
56372378
137843962
43293108
66555689
116283293
57747763
21073152
86911473
137739250
122062856
87982865
36535379
122291685
26956506
95378820
11771228
134098513
53683874
55693817
71980059
91588062
90409860
132092334
18600886
60358972
33903320
38760874
126788907
3250808
93999682
123446702
33673342
118606199
119367536
23240264
81796049
23030203
49230947
115043422
38069242
18026660
61139665
28654889
128552924
27295810
67717975
131235088
616159
89383599
127258165
33471122
134624153
93368636
133811948
81097639
113650364
117803252
75314319
36457023
23434209
134405871
88567436
27095815
100710587
138211480
66484645
32406509
125088184
72109315
66411981
108231708
57493586
37638371
37147468
94148488
73838530
75893053
30973223
46133044
117584149
49504173
18943108
105172271
62678132
124250395
112099607
106494380
22590085
93619420
112680242
82408241
98047636
113814240
101893106
22919660
82010050
124339894
44901232
26322637
128864102
124284422
57126694
67090491
106837525
113010785
113615963
3447391
66709023
109160371
27873376
57422204
120840146
105103707
122437618
107965127
106923872
132737443
24379528
100694523
5313001
83977572
117041085
70428450
3391188
86635030
6398879
72122189
44286310
94744514
112509296
113832893
126901208
94999619
60888698
10391640
266810
47776283
94011310
122980172
111827550
60553430
83078746
120687567
75617658
135434121
87473393
20214223
110469683
89791809
38230807
26932869
112633164
9345254
89109180
137164097
20533972
113576091
61455521
57473926
54269237
77073570
121273137
55469781
71653434
29081608
25910114
135744405
108754508
112896113
1654008
105660731
119189796
34466512
26109772
62707303
98290841
52557943
56870882
55603177
55524427
100157862
67773396
66259110
137179617
123507916
96790067
18885976
42575917
138830818
87882416
115880440
62783067
139350551
22249210
119440995
15930569
75805022
56130629
21027977
62936282
11127088
119010146
31126345
42708491
117521512
69884640
25732126
130422850
119306347
134271865
50300081
116547126
73966419
92745087
1311942
85258684
139959754
133362559
88800452
101056889
29757045
121614543
23019045
75796045
36693639
45964181
46768047
88301705
57967511
22686667
96730953
114769310
59063840
5589335
87667297
74799020
125478451
2274043
63530350
118241618
103867470
93674682
87067124
22228331
13501265
130003305
27891056
1444365
49381986
129861829
1835144
139137222
101766749
66941164
122355244
34984945
85242978
58668084
10663545
104569304
75680317
55913622
101054999
75649530
80860622
96436417
43757697
141330233
31022039
10612865
31100547
18529945
8011291
119357639
112749716
112742824
123484777
23382299
132817291
17743381
61011615
62814141
90312514
91004389
84370030
93779098
4895183
97221726
43485351
46196022
132723219
54519276
56204026
4488092
51601348
71349436
108330318
121591627
41618465
17895255
55410438
22157795
11079500
83228398
121270399
74576740
66970450
20864649
128970499
121469782
36891920
84802932
62829706
72913572
11205478
29941895
13676602
96988580
97497138
47116546
95817211
69291952
128176983
67340390
54300469
85121463
33999649
28004580
116734924
133268601
111975352
14018562
91211
128885524
18177200
91327548
23733281
135929525
84868839
98643557
63369962
26855960
50476443
93534487
14528965
40906861
12059895
89289523
109036957
28987698
122398417
116789553
42732590
1599762
238434
21703305
49293717
57412707
84047575
94317045
15224962
42394263
30389879
629446
39027403
116049218
101313745
32163238
121264067
115159038
115721633
53312020
141153130
61505744
73346164
32700315
128798238
64168680
13813006
2745771
40091121
107476307
110820499
18575816
44752408
12246785
57855119
70367642
104792995
87532609
4884481
49971222
128922320
17191234
125503426
20231530
72777921
137700604
134922830
100454008
25459744
47476614
70945257
54684588
103812465
130393805
88241053
96777247
122642698
138324894
64004269
10477791
33816460
16727354
96051781
20123972
68719672
123338250
28263290
77020567
39006988
64642006
82853494
68374723
36034827
71568171
127644333
136247073
105343617
113481056
1169544
24145730
76406366
128289039
79443517
115861669
116504267
62207172
13669320
75157838
76776139
133407195
130865736
113913031
43607895
43883946
3682461
106555521
93661199
112625080
132527119
41544648
56949256
120130723
1719640
91157358
17670010
94959653
79411572
140312259
100634532
25016954
65713340
14791587
43015122
131373949
89652016
101909451
119479912
63498393
9563874
121356238
31596720
87254882
81909089
44583195
85779570
81136456
20241719
130555472
62393465
100193854
134990192
102882431
128086006
46700171
36049711
70812102
82250030
136653896
131719563
86218329
20248661
99640101
87522683
97659654
52630074
30803570
13632779
41400759
18387573
104244753
127436870
87529956
89729788
75340152
55185882
65931874
7485321
44227124
98966655
40742095
140235112
38207454
15566903
31330256
91187123
59195633
24117060
58391250
23695672
82062651
67245324
16278844
19589477
119346642
27396566
132341628
137968465
58488056
7597102
111420281
19111818
112542203
98974681
91096238
63677180
30104706
103907780
113015036
127252675
71795441
36268656
47871801
76780043
20200819
53944247
31904029
40502879
97794769
132922594
137901498
76464407
80819387
3528473
82887247
26880160
93084968
87943169
67635840
42461257
59814781
88009776
40413573
37112720
100593338
123597237
32803067
105260776
115244055
72005506
83945128
130592992
22733454
58449755
42593899
110487848
76993465
50840591
51732533
46589117
135519229
124541967
59889695
52359022
64617985
88003960
65493196
88403842
12940018
9230541
139306601
67577023
102509502
57616356
135241346
64564261
89844994
28517942
32626360
9305180
34485723
140373857
57262794
131537035
15106867
32898612
47118773
132738831
2497046
101551613
24697138
54540910
5787652
99733624
62832933
45958157
1357047
50531166
80843073
109595445
44381182
114695408
118223357
130821671
77348811
109655183
74749839
67790977
57533856
82281625
106935089
45090322
105937188
79739830
135217364
136914018
81768494
137931558
127661672
30138450
122933377
13229824
62316019
30265075
130666543
17349456
26031171
125835296
103214968
33724074
13400768
134943842
3225797
16672136
120618480
77466654
23120367
20733576
50630449
86859922
139171662
488045
44430225
102803038
140598988
99787114
105218484
68831603
15948481
34557386
137560748
104694840
51819367
126969473
17572653
112095885
19803534
40716743
122951170
85335063
135209077
65851773
75654034
85208894
130766053
36879042
53335352
46752544
73088941
36055680
72378643
111330596
63443151
75799550
58571133
54374918
118196413
11320303
93890182
8601954
104765258
134663824
51820523
73108931
50523452
126396769
113154142
118904178
79392240
3605818
37082631
69985153
121267098
53109835
38608453
25150888
37324547
102637997
76673969
9129992
89135725
57601542
117367327
58309740
109504566
121719680
55093262
58269104
100294293
101316192
26900093
109272564
75234358
58656842
14397497
5819905
33431131
54018578
106753355
113635653
43109017
104485972
113951275
16204431
56734925
104910879
66610977
20327770
123812312
98633570
60616885
100257197
20392524
130784482
88273992
100850811
14597486
118130121
50653632
104732001
1792810
24229168
99737071
27674249
121574395
41789044
36554234
13505894
32672285
128180485
60400575
127093794
110058813
106851022
25330679
124604616
15552835
107999579
113373669
81701401
94931445
82750744
57107112
133202903
104124033
83220678
57278674
69901654
115497907
130315924
133188688
58185885
106451467
94952086
27380211
122741287
135210565
15716963
15319032
100558331
18799798
29977788
106550788
60109434
139904183
69471182
139385463
24053495
122804747
55553966
46363273
130368812
7464383
48641714
46776547
24432633
1128700
132810521
61210502
93408680
15457396
55412557
116734413
90218088
124926171
78759649
15496647
81208787
107904275
1953345
77649525
96156361
89200889
63911198
64775699
12876098
39442241
90415125
42731452
139934254
12575553
95149042
10848694
136608320
72452790
17402245
139876818
95779973
44442417
30510798
56438368
133365375
2851500
65342631
27298095
54297874
46967712
121578140
84824380
4655517
81320015
123295437
77436072
35416336
93655519
29494907
88937053
82866359
93672282
141479439
26221243
35486929
104819558
18138191
22100688
110809674
23914310
32902357
19052556
115794096
121895310
91029578
108654649
72370644
57660228
77681926
27874395
127999972
79557293
39170321
94409448
105263501
83441586
39484987
80357075
43357282
113934598
41375745
108385261
21030729
114787624
48129069
52603496
104808384
48414240
2152228
102815678
84288122
85670981
95159359
104221492
73704088
23338433
64165888
30664451
9212373
40678536
130334835
139015577
74842191
15416697
73357227
96832073
113075988
78345862
17003330
12752927
107094409
31702923
7990860
103311512
22697832
102156714
114810744
45100930
12745327
88626854
54885009
70376872
104078533
46645170
35767549
99008590
57152806
85464591
69230044
119997202
100454822
67345087
116706936
94461365
62201857
72142799
4698865
67861589
32241645
105101344
100455744
36515809
75244026
48648264
92674172
141534279
80278317
97101365
29771366
6835108
130715071
123958771
28242102
65345750
81269764
8869141
88082359
108082464
9830398
16249134
53283676
67290844
121218885
133657929
55101838
7289029
130618041
98482086
99812642
96962165
54800533
123895371
72626530
42212365
60756960
109211715
37068806
73910034
49583404
49439852
1044374
24357991
12540890
46126762
5853149
42129881
122094196
209593
9829077
47416017
3408823
116451623
13634742
48421799
24001262
130527485
115373854
111462817
103778711
110360726
59162377
125951264
138810435
32155692
71548470
37120346
824024
14017889
37188639
21220832
32187038
112850832
85388123
26542031
86913238
137205457
121507958
141640149
82481685
130723103
124167498
120836848
101402754
71128196
22633423
88877848
99987379
126899141
48361629
67148972
102623732
141410674
30062864
80990629
118804410
85747378
74263279
127920064
100400487
139075795
71614538
32982985
48718214
28091572
80768498
12428381
2911580
24982434
102485894
44093297
73711286
100464839
48756242
103884664
101033171
124359984
24052790
102322272
37473530
120908899
94292027
101395426
89839362
80225425
59522209
87600679
33251265
38902867
45338087
21618752
124378089
21125816
137380335
137127018
25459204
443081
139403780
8227517
56161027
134690201
40768730
119943153
41089593
137032489
8699131
78522088
109676114
39273300
60767533
74173888
102402067
112623567
2980554
37678910
74675122
16725774
37763845
92930473
25968755
73236927
134724780
119187126
61116966
137858130
83598986
32265728
84235882
12957405
34039160
128641994
19990429
48269860
99559195
94467143
55402487
134118114
140890366
122733349
96438491
49421095
85997743
119977071
111957785
95794681
126789168
83326342
76540537
121618823
63173702
17300575
50831451
55522783
32116885
97085971
120023417
27980409
5695664
113947106
116790430
135368152
125310154
101414358
82201051
106635267
22480090
77430274
120659270
109456246
113413031
104269111
1168642
66056034
101563734
127724501
114232570
42837908
107285962
23918511
71603860
13183580
76553985
75105373
74928224
129105413
7750822
37254692
1702349
124468083
121319038
82877411
39037557
124621990
90682029
108623227
111949789
133576942
92463927
64680471
86882218
119923535
11912057
111051116
4552425
135454660
71129499
79975719
101300064
47475010
61491727
33374373
30223632
92474317
71676025
75572575
114415273
28172715
65110346
110023012
64588387
123278009
116010792
42860579
124584314
92088697
35070720
35244401
109872180
56611588
52076502
39549380
123227516
63694477
130142720
65886150
51820304
75739746
50477260
74640422
21520346
104577255
477281
9631020
48804189
50772054
12318767
78516238
138074426
71321557
134099524
134493735
114811598
121042199
5253494
46101837
61728914
90273856
11384809
78699281
116791423
54288441
110356052
40847531
32165571
17617024
110411142
136272312
116164477
53713524
122080379
81745925
87768407
44981752
31233008
16612605
120266641
12096874
102226001
66148032
126563555
111514253
48341330
124686403
33525015
109887482
122996412
31000795
17386792
44948933
132166551
73060216
25647222
54470542
100240199
115093161
89127874
122130693
114311752
40563481
3702734
102287452
5972453
141150606
61228737
33352193
5561258
119885064
85047665
37728975
753890
36993642
59366114
35362234
81600516
136219026
106409114
30183623
133656071
6482864
139515971
69319637
9386176
72241678
91550030
15195442
330192
93737565
16328303
45526435
30496073
79943293
98452096
99109909
112219556
53244350
106217608
118870126
11137361
41900089
117391495
12230889
49989808
15839361
70639182
29002399
104261619
132533552
34819131
108033571
49850954
47138672
44169781
13656217
29382062
18532957
14626291
101889182
138179465
53793766
112389606
53964606
106169736
67496902
94192414
68930311
69410852
27616876
59843335
119993434
78237915
61246702
27017932
102091578
132248026
79042686
84842781
24485993
119764785
120999460
32194228
74629089
78009490
42141528
96033773
125972150
102068151
8639345
13873909
38236365
13809590
33771323
121857247
123871852
38258645
9182952
7070697
47533790
16368290
6129432
98787094
107740552
80347023
46951640
83274965
36429226
2498130
106954245
38246692
111466476
60500786
7092272
96686137
120853646
11915821
75336030
302435
76137849
69412675
108975889
136479606
129074591
136414492
91428612
55241648
23436441
133628082
1112709
53263938
4114157
41779659
68752150
85371149
39001800
17668905
124310463
115583717
65371320
27129249
19035249
85897409
33858561
59276368
134564943
7240852
22473105
22931813
50863457
132786457
88632010
101782908
73953629
32972234
54101981
122150173
16946194
15700762
122608259
122194511
74426380
68492775
118769877
80437460
89336767
104241277
36841931
104168598
17509549
27824024
10462811
40988217
68571088
53226211
103239667
8422011
114340808
43982545
55785598
68971950
64999830
74436079
34114206
44383307
96191809
108046122
6217951
60571063
118725679
19634586
63272268
40251619
30643941
131674533
69415286
103233533
54360174
45475481
90199059
18350365
107848154
108892126
120157697
106644906
60642120
39451366
29682889
9041801
110329254
12510631
128699734
8084646
136720954
53035503
57603459
18316393
74517239
68128915
126226816
86528301
34653859
6042244
38868232
40613551
1744089
16541823
109023631
34078757
65008180
3637316
36586854
98005669
93194820
68428672
83041941
110148014
87456168
74558746
36566258
64212627
126052775
12788454
78777589
113212385
97069309
8546047
122533519
12116104
46690622
1045343
101239995
37697615
93539297
104238458
50689658
25590839
44152952
119747659
63563182
30115643
21541842
101558085
63872137
94415538
4490788
110897625
109421595
29011577
19265441
53881010
92350990
13311750
77426775
66776240
127379607
33787075
105507771
4304514
45379739
111440981
1419519
117116403
104954412
107210340
6194440
20475110
22059743
127236481
131237913
103322337
125353754
116452120
30684926
27457861
23879709
6374338
29165089
60548229
23933107
24518862
128803540
112184693
54235670
58314955
19879332
128875694
68321591
21893134
124058580
139364390
126065628
57213523
106791536
37672634
9995644
59911104
138538470
106616988
112385545
124562603
25862695
62410708
36750210
136115114
76299058
42116492
44076442
28669861
7394187
81966155
135984424
90490976
22556152
93255028
79346226
22112134
126579573
2783688
10643517
73806336
8627215
16313872
58858926
19369988
128751440
43219109
58010741
135983733
25706102
14933189
114108968
123116725
72696449
113478121
59285743
69216544
44839522
48124376
52477524
105593191
108608324
102118548
40510905
132000307
126428823
84042042
93925628
95909066
113611586
33062805
17510973
131516162
102751591
140353239
13930184
130106747
20810436
114037576
33974607
68169621
129162345
34236761
62060649
116499854
15728019
89516762
64916578
85551992
32401663
131075436
57392414
107506830
132697666
104052911
90893424
102028087
40018883
83038341
32042367
62922708
128648837
11116707
68919675
60476255
78028164
84432968
54117925
112373645
25836432
110776471
131052368
37752579
83527397
15889752
133773303
130004255
97997844
23504600
93602675
93788116
18920252
87264176
101587424
14349334
101315660
3722620
33308605
28801242
28988876
120939342
140281397
46507109
129604367
16828075
95742774
104772550
99571565
118714896
46552318
113635019
24243759
138095756
2781791
99735737
96108983
83458295
76597860
64465498
50817500
135794776
140036522
126820861
52455736
127747615
134855391
135592150
124567110
17387727
14748259
30985850
122232539
131310137
109791810
13968197
74857581
126660276
63809860
136928094
20220855
108151007
124245805
55480770
125024655
4639067
68375877
67345286
103983909
124136485
133199543
141530306
106935655
117531757
39131606
83179156
20906273
135615184
118626251
40950700
117861233
109264613
90405795
4916887
67871977
39640336
35773834
75668514
97340428
32317914
53863242
27875697
18343039
117433927
25521048
63459481
2701990
138377806
96432471
82225334
14038145
89306296
98927841
24038396
17004831
120034955
38925565
81682089
81169099
66236772
129935119
132855723
105927891
29145593
87492843
66395187
88749877
87639505
131056390
124147062
74140140
84402166
11126066
80132075
56474831
3953489
46426793
119111071
36248517
57259487
101981979
98565827
115852960
103790773
115295863
42016126
34745159
17810465
79850424
91708692
82058675
21967879
57379493
46148388
138028183
2671497
41364687
134682926
107641542
103029132
69973718
106638280
84391926
62648629
104577119
64433771
115280692
935026
43322322
85604903
40977487
95032028
10972193
140597341
127700913
102515186
72588402
24638810
37745679
69124288
102564712
56831402
101961615
12533392
30608188
141648610
23716176
83598704
50809283
52913692
59805207
40305046
85924719
41863103
21346705
104054491
5385921
61645040
27592488
102890001
3381756
30484450
89656456
32633826
101916292
106051994
42456555
45528874
105239764
54565951
54181346
11130867
95218961
58716800
15303338
139058428
134375836
30192957
122611683
101162568
138782867
4688154
46730501
9778604
129335508
119049774
124504553
93618925
128689474
141539295
98466241
38733313
68675900
3112206
117781868
38699030
47562748
89116732
1705798
38095334
52730263
121991188
50827890
71889940
45736746
128320851
51432301
81739687
16061939
81746458
52835640
30927144
37813735
110064096
123378898
96912846
78157333
71150206
10606670
133257149
133262578
70583682
79924491
132428767
99711834
81746932
73140508
84801550
111041606
60076683
87605095
1234660
42963964
20639827
38008703
88664598
23969217
25313636
1165489
76988952
11701692
17403008
26785722
64162821
41258992
130771187
73662701
109186577
93717547
92452254
53342715
116893663
24595991
78684954
101554323
82628887
9595002
30081306
46660418
14308259
59130888
54036922
135697293
105071115
85408683
50100816
52907807
85632873
48445017
81128084
9239121
33307069
68530782
117447346
136907115
87332672
102867630
95021378
132531288
30311426
9051354
75769776
135834483
135283792
42149917
7629159
139634372
138138932
82395194
132294908
75414880
31666488
107936525
95097248
36669308
40033201
108138792
137770224
54656665
4806342
138458891
124553798
126591031
113987549
89773054
77665986
139664054
21410453
85395830
59854863
19596525
63725623
51104323
54410773
83066868
33331739
52992303
58375078
31008149
10155114
93627686
36903992
1016057
5806155
11781191
13357494
79834550
7464774
23612229
56962878
39184935
118953475
77876318
112878568
106796666
37759872
124864142
8677610
10954313
25650684
79692007
11888918
54300730
112391589
57897204
135719114
22449257
102968167
74362326
46682754
19255566
133504370
85604453
95329236
101790830
81602325
76932448
71066559
28380189
119919726
67871846
46335981
13364528
32637897
60674923
80809995
15725037
118255546
94885654
62330382
40182412
17040063
21414122
107250216
135226275
81011
38276520
23767554
24954755
108959135
112578468
62589738
4518755
93111331
87458023
62292934
123927398
141273411
132072294
141044951
27110927
54266636
26546240
77750765
35908865
49219759
133248059
124583043
51012751
44183833
92250293
50106586
137089217
137357744
125959819
63874085
121943388
127825329
86708236
47523904
6189279
88493112
48858244
62199465
47935146
119574951
132450615
3594158
73153557
36919678
107959667
118311777
1599158
66283681
64879455
105869826
44718041
58550828
62392977
117301575
31821992
25994695
74744497
81997676
75802939
48485598
25788910
104967862
57416535
83644775
46782151
94144015
92649584
133202419
45258734
118413675
100446079
