6787
154102480
165716409
119840196
227329511
33006553
260036382
256075513
83006056
189867259
11413829
130168519
51649024
138138254
183139107
145370928
50080109
190237787
267853808
45303973
159212881
63598537
252986859
163076422
7925532
257587801
40337274
62742281
201736816
56964314
136345694
212614209
128594031
267944327
78726554
89906581
14791495
186461286
105940018
89544808
15529063
192620377
245099139
170436314
54947516
178262768
94103248
220257278
82123483
232031871
109010189
216669819
908226
49061652
42150068
116797430
51779651
94670051
141875190
202621570
197477745
149708483
62047207
106240425
167733517
250283478
39614859
248714855
170334588
48994718
123536431
118168204
110691084
43422470
148673942
85451183
187214909
231643846
18495904
85761265
168220917
90956118
166557357
224268237
118409708
143349512
64292802
181819443
211453936
157022712
230781668
88791582
185691315
168079455
258893296
65919714
226965787
98891983
265045544
38647337
49248082
32646931
231811570
223710082
148920086
206238772
194829308
14500632
83767920
37412492
204193514
65455896
46305531
268996956
73898600
38818125
79935114
66854754
15063997
191175686
63559478
11986068
243512023
125182344
186919827
250632405
19822363
218428380
187824206
39568147
46328134
31766680
16065457
91222078
60385118
173413131
40270287
42783507
82744376
173408424
267907729
264631583
196359226
165616162
130125448
39191834
260414016
248877578
200456162
238704399
256640457
55160851
132202841
107805504
33130550
159736882
162011959
152053427
192677321
211628282
129284706
46262296
271228899
112137789
125849771
161373343
75195039
53113904
34386546
96752793
132572217
267127320
188849300
107186151
201966088
9789191
99131102
260810679
265547594
231601222
182627889
38353832
166821038
103503835
235971565
116530526
47067103
167604048
77976950
178973540
246806392
15853387
153208986
151786535
37765319
235650582
58600147
122900144
46553921
186329378
226485931
173308768
166662213
260287495
6845882
226103001
85854906
99107935
5451871
136243690
180451220
139038751
136704457
163572118
60907504
207492778
212703136
147281075
10025920
268231103
47944366
149095721
126260712
88780269
73671405
122528476
53163450
103095666
136475543
117001148
186118007
52293557
116318071
192397043
186767359
213695377
185616811
260132153
227327782
93031905
101761855
14920654
70990885
182847080
22695549
188888387
198442944
262197258
236841917
33054467
136503220
224636218
48005161
132436030
194188563
53742541
178864958
150751968
251544607
188357651
16237787
135488154
245733443
241975315
153585068
173172275
207293789
87180744
153984133
114753215
50539574
239078320
57402887
155830711
10489261
199043550
102459087
53625211
57461264
242326742
195875812
184212192
203303351
192431334
246441979
73089302
257342974
80394555
3873494
107006085
6864974
216106033
162383014
104945229
28272430
187355739
63817154
209116093
87301419
107372166
116369302
165083130
70588176
179612075
261598425
115466860
76492930
37939776
257937581
4111010
42329727
251820569
58596664
207202197
244002942
267692836
34421330
116082103
67598090
159596185
7781892
15039649
133293266
81783525
109904932
34439713
191362048
113499885
61678612
213139311
170309498
32419780
13150323
144623582
195350746
177752093
3031787
4800208
14358834
49368795
160180307
193744693
33445797
182252463
218240171
188741763
246193460
99851766
238677522
21998157
124932142
96578236
176387562
105384943
89961898
139911372
193594798
260697460
244796074
109191892
107316168
111859342
113791187
79728466
5387647
196314149
202395986
85818122
194768042
256023455
40669938
50271192
16491705
45977919
265083768
38028706
197588416
225868469
12377252
264543257
153496405
73793766
189708982
235496537
73258835
82102404
106488198
17439144
83621214
212775277
32949802
10814829
94969274
130739162
257906653
104699595
138675780
15856863
245016680
13188741
114177375
26972523
28737159
23924660
244960961
263963556
6825652
147170410
138363509
246216025
160154551
56220462
16887477
58743186
184305537
153539610
101245940
240761118
20638967
163175178
256872460
249476194
62742094
46481699
109350511
195743619
18789596
66049342
197819945
16456880
3887664
84785
84847237
155055056
270562091
208918014
192465481
214819894
222508388
262210158
128582361
220701171
154463660
239167711
98823603
230249272
152928163
133507783
241673597
136665992
258531738
230389106
46672707
206678006
261113465
192128920
101635052
222682585
60980583
99902857
67444693
250611290
168215364
120540019
115424706
216581292
139243444
266940966
5382350
246166945
185994078
238806637
239214562
52293151
220052680
19392554
113242752
190155155
31566990
254497669
68985011
149186279
10841023
228581758
233232163
156940400
119382842
121194871
49362690
50354820
178814555
66028839
153742647
247914749
116561310
206736761
241603458
231671902
266141892
86649685
264602228
144495157
44842319
248835909
134555219
21316919
214994751
158931298
212618084
140317576
217594535
191380969
99876960
130916267
54434784
181753601
85121875
216886606
17562416
103097783
42222611
58070940
42870678
94720680
254009611
236376203
241476194
50146000
70874435
227984592
226082981
147314556
71003851
141067115
221684885
203007726
157859255
90106
209228061
86438562
248698852
204853311
229783491
145973912
59466253
69783623
80605702
37592317
265913880
38129937
58344841
175962605
181079295
74764887
33689358
159583532
211034518
167415268
830979
239021011
95504593
146868864
238194290
92765565
238683551
126743380
243580896
55851253
209461036
107472923
72363769
236164084
135085790
164081171
21535152
173560060
33347633
110696821
203843779
244484107
158700427
166572118
222729255
226061027
111887447
77676848
159162041
192395406
68534598
202986482
12063812
142204333
58873072
175643429
174700997
211199752
191643671
42295437
115692488
52355746
176188648
128351950
68856687
255635836
186262337
178055340
10180887
184054931
236945947
6530941
167195106
55437299
83483896
249399026
11827980
175819390
30749367
160302513
71917557
161792409
143671163
165598537
246296605
202351246
236056137
47011307
26192835
254717801
194143703
227496415
8350055
99832152
133512601
113464761
262845247
15127540
239987321
204716090
64847272
29921411
110583942
30699903
42879906
100659530
210347033
59113163
196014124
172671159
34449281
169373854
74149718
223072963
139044739
23018022
261345126
32429799
5231716
258220766
248613011
109859916
3842124
212085291
21439553
131575087
202460810
39243061
49192893
129635622
130404452
82584948
117690464
117943612
265881537
34923789
264168380
75178795
80589517
239260623
77052468
99935883
22691290
29264517
237048401
94569326
262830062
270617813
22493464
63362503
163129328
239819478
65374401
147361262
94950306
98193308
45310330
152415017
155268199
132656325
93614090
32207336
249343188
195538512
248851361
45894286
267961755
38576978
144789454
116318254
12401164
211376053
109485036
234419166
146837868
10042048
251930200
20781513
65946076
105758527
251439358
240794415
179255561
192784437
185592199
255492877
144465868
9707908
203771633
163213732
61301330
163583301
244224625
26281608
62930090
19022313
251357278
164042869
132619287
46772722
53261780
108515803
92303279
218036472
114839818
215313750
62596179
54148219
178272604
245004606
76014017
90938300
110654117
114297660
138172100
38500009
159114465
57737028
39752883
50352764
265674555
163276920
122019389
202128316
158344599
137744184
249650456
220521090
191817988
216343177
47624112
2911687
248042730
151213321
43667372
197709817
180714725
64125876
22673062
47661171
19434105
196601229
149717734
70611555
253145044
158910864
198896938
111885699
54003393
157504534
73308203
236470158
108865260
169426270
217520819
95947347
154386172
141945747
195502750
1698148
154837592
87871679
51269397
251444516
40812809
168195492
241723168
193032641
142150151
48186586
235874700
88657851
217532993
134640031
123454385
246960758
87154026
143773232
194455765
69018028
21007668
244216203
255667386
180592561
188375871
98755195
75254035
194381675
31257564
147464119
204978156
193709728
71628900
221767109
74285304
87572083
78753483
97566309
91784063
169832356
235310428
195642278
249438599
202900031
262108489
240452353
21594579
62019269
178668388
122281309
201596761
19732944
69580839
21033638
148052747
105189149
197816327
101721937
123821367
140611368
105671716
257780039
222473180
239819035
76124727
28764204
91575115
173042652
112905079
236034044
87882850
34640467
40425960
195622589
186554113
11871748
217586839
3500013
196847744
192663424
246409028
216686119
111901017
108102822
49333953
152480232
105671408
250441075
30186872
55824730
177109548
25991654
34966529
161371447
105712603
16530595
269336145
174632254
231955467
267742672
244690475
254911749
69628840
266689961
71248455
149293689
132987398
138075166
142543099
33064684
205805034
242590747
188987648
125059009
153834387
267002559
125620197
152068197
194099318
155735699
24318761
140226780
76652974
169522493
115065809
234954614
215720330
49979711
103054307
57210490
153850041
255328325
54058451
73956107
252597200
168558247
232562518
138010439
144886902
243818583
75683921
256189077
262398808
155982789
2958843
247591302
245866112
55446693
56899306
211735425
252402907
91511379
85653553
36671417
72549743
191738267
171838576
192137625
171629519
78227939
23373859
63995735
56854206
214287030
10787927
130654986
45100944
145702824
242535469
55571257
11028594
42429825
171557261
79525456
111861343
136948468
260006439
226708148
64453847
96217213
102897339
139785711
70103188
141022773
199963591
47637830
80279554
102562324
99607543
69539663
98585284
98623116
185618222
97941126
48965070
234471942
243054092
226944769
111009634
14696113
68908090
251448297
54055944
144615513
237796826
75289575
15487637
234233534
49861017
56883853
143620128
231782925
102334192
115252574
233661929
249009282
89032329
178128232
200711126
229161584
109276190
180580992
54373452
186597089
69339866
251277345
46608328
105224430
178664792
187472459
246130097
230298417
143052441
27733039
5154670
235958688
250739747
208884972
147033880
121837355
267279844
17482669
259312578
210614727
23970087
85079888
99277911
120593074
240727982
229145155
171927407
116558735
52003260
208371734
146772071
156224360
260222875
86845161
228897648
27921662
179991881
120654819
51608905
248538907
224723876
213286650
111586955
92379012
7834364
162767524
147103921
198487108
55310072
174972780
213767308
244131218
112296514
261477668
139065149
17059729
212992525
204768167
245671549
195663025
219275970
141042040
145416364
271012334
110417926
50140805
83318390
243917648
179163939
15990168
254943358
37251644
2576357
112917572
69774012
186156499
59827102
146750548
148337477
182018894
114876944
57211234
212286790
17470215
96584751
223297433
232115626
220068722
243526429
143689549
23556684
100817455
193092989
11982016
50463742
89885442
140022890
213495166
73063918
256235537
10486138
200103989
22020968
247144805
251988617
10227793
104023091
205798360
218366126
10725228
96615617
36138812
86586210
91798378
233393886
153923227
68863018
59628005
138835443
38032694
78756980
234246292
200818855
178467187
159036095
264727774
55626093
10520789
30127696
70841149
238307041
229058188
133881287
113845669
72142897
240202082
156524448
43804849
145622416
83795809
149529061
200410914
122727394
169619154
129467333
230822128
34506744
96536148
30547425
54817388
62741255
49528145
220024290
6830521
148379580
55519724
177254507
94580286
262804396
31433860
210745461
3044768
260359002
62514828
210442449
110091121
84671071
179439673
208527489
150412079
213900886
163223200
223584930
158168948
198182620
163077984
91303173
123805034
76346334
112011154
60129661
77156978
55354435
88471380
142710557
223660361
4537416
114793954
55855394
161521465
130537984
174594972
117573151
26257226
244976405
60289148
168706741
263055615
247617774
91659569
255316474
9733666
40063836
174362094
135339845
191057738
124215537
191817780
187791583
106797890
194974420
173634687
21003246
76767010
193912466
101069908
163072631
238248178
248333741
11512253
220896273
220644371
49706799
115089372
242210260
186433390
13299205
28709303
59432653
237368235
56941010
96780551
135306525
67069279
177859541
26129939
211717527
254897409
128754862
75423766
138261665
180843006
59796133
65140044
31955619
175986779
185348855
206948388
79877433
44097427
172028830
55474570
265277332
90081673
71032057
109638697
220084946
133245390
259097243
10264535
252385697
188770015
103880691
134229443
200118381
176906533
239647457
38393551
110010597
2370720
246658640
56836351
147030103
203092882
202802937
16073168
44550821
147344176
54878169
159979693
199397978
31726991
150767835
48088756
123567554
218039453
218533069
156609626
61116832
180906864
56577653
231482453
85788269
111825543
72401602
13575648
84882426
3981628
228283939
36554054
78862950
7221990
88805352
232893644
177903737
239860673
20572065
630758
177417463
103672035
45060692
177183180
247592120
189768960
5509419
21694370
175828877
165195559
152772626
212555692
93780316
89392353
123370715
159045007
140093126
154740370
227609434
196376457
42470145
144561514
270552776
192386057
219428513
61577580
196659503
80169961
258775150
12586208
151555682
160989267
108503272
246752712
261871681
61689546
158165283
62411836
193722375
108295569
36776215
87606563
159810812
111632750
127427246
36958832
153678131
57779489
169859956
96600870
200860616
39082684
122917420
7237058
172601256
87399047
113768139
108003517
226830836
246111900
3011632
18922585
24017777
244469110
34438185
262189111
129831729
176962850
243683488
125739461
195636419
136571869
101669300
89965217
15468892
101365128
88408241
165843054
270204744
214668160
221437160
215376578
194340437
24569478
7982284
143619935
83040994
44856834
12665442
197621284
77944165
114794114
227049133
33407434
68304625
69856240
66570182
184007800
17944190
63166129
205364548
80276419
41361688
146724049
85670469
203620824
160503107
257499080
75255946
269730351
122363767
425147
130695211
229709045
98297587
44866499
32268407
200150551
51739163
151987685
16555488
32351905
112982926
52704729
9554409
199214634
188700929
61417
243804914
126458809
241259024
149476629
153620938
180221364
205165861
109992072
65625142
180949511
106978044
88542192
45345497
253514889
173940089
193801788
118833192
270693478
160272254
112926809
156536606
173249094
48844588
209155456
124193461
48028525
5547219
30249110
53472179
29164370
137959102
230632900
226574207
170476788
266006996
226174372
46406983
82905404
195722430
245993658
112941347
191345900
120899344
65190750
86508730
241641255
185284452
105863750
121531569
59260083
152575846
59668985
214760461
15898600
1599346
81970952
191350794
182316241
207239501
222766895
262488731
145265346
37243954
252799651
95929374
83041041
1890642
260550529
88356315
57732629
227943629
250439073
116396193
237258251
253415141
186746772
36999944
49409236
192037566
69872753
107127050
14857980
163792880
133315863
153268604
227405097
18892930
57425657
217936978
100816220
133637173
185024743
50738480
242967973
132229239
225648102
84831660
265998767
97781572
228566377
233483973
266543421
179169621
211684888
31432171
22077108
165275714
267908978
2791958
200864448
248329712
223226085
15548110
265612848
27944409
250660830
57344139
117743327
244904983
140823090
194471240
220741384
205817971
110600035
96023620
46686061
28021647
232878038
164801554
77908407
191476747
184295770
236265481
141902026
171714636
103343262
245986726
201307460
228160775
202145792
36042764
264173987
157411627
150076616
15304992
86721787
96822386
86583800
2893736
229754651
14807575
126855945
222959074
137549875
181552499
255129507
243070413
168042181
125285130
91906066
75585476
142849722
185527201
29903279
8913148
245440307
266752144
110383623
39487432
193162455
154553038
172098856
194800790
124786101
84196336
99883363
57551593
47649119
90597830
30119398
133036755
21050850
92912209
59121113
61096627
242894811
227853860
84145004
191806430
153547709
74887417
91245898
223693091
91524221
192277019
130164150
268651296
210003516
108990728
201869151
32936731
178995720
139309198
129944352
1820972
249470259
47578268
30275921
44237259
241200942
145686664
44014755
66273060
77800698
27834386
210323786
32743176
187925818
101679049
262571743
206700206
189148181
176460849
100131295
16577294
41668441
27841993
173846072
62128820
248817404
248432701
5921196
79958703
199364921
250932723
222700513
9909521
201479553
37906635
174842082
177254193
9642487
107395715
187745466
156937232
183981206
79781831
250988452
187163097
24188639
191927555
23150222
20919210
179320204
157181113
205558186
170092612
3973499
58100345
190777008
23488981
31170651
257296582
196046596
27442948
228767625
127588590
44977153
82172267
162494790
126031385
104975030
170935383
59648603
249782849
6699456
257749783
269946355
247821720
128587740
36025540
176072405
66145275
92291803
237450851
250771308
5238112
93931435
77884208
239109204
58952110
37973840
106815037
235579836
212289945
216423057
131920712
259278294
107842170
259671685
126014213
49740800
159192639
49159266
62840020
251530355
58582943
102644537
203599039
99919273
140344603
162039469
146496391
236892627
255323684
223411239
181257448
269038630
267725044
163229348
3062723
96991037
79660390
68349945
270490977
125218916
162291199
247244965
178149807
147931804
198749962
170502589
12528447
234433197
194575199
76139640
219203236
41424251
91494674
99583389
196533549
255590160
57250207
120041394
157813216
260624786
210634846
200170693
199248409
252664394
86322446
104611136
214244871
133416732
44597660
117239108
82748397
268778397
31278324
89711314
262130496
73255636
38119771
60432710
188517846
154276464
191713056
110087649
267875904
166201604
180621778
52363379
1171298
230524547
81903132
222756634
257890715
58898606
259996087
13516703
144652951
233003912
131640820
92682078
119370806
233367846
244507952
27193133
89769136
220493344
203888301
88648737
133808028
257118412
268415748
9763216
44874632
159756983
43047158
199074446
136288032
85421534
215211387
170122732
25507128
216297257
258926244
98343067
162432456
70630241
26344939
256441190
89479972
63641623
38807523
194512672
36433016
78081254
201842492
181140368
201940650
197570223
145388134
6049197
68035805
39428733
163094769
27702877
50865794
138412418
241032423
263496742
198631264
237813716
205084321
263910705
96550166
249246099
33833332
59426610
252624268
54818694
161525534
201877230
102929862
80013825
117258213
172656065
159555319
143760005
111509903
59420859
2907171
17251113
199327635
185220228
210292805
200746964
205847489
31192980
73386873
217540796
12476638
1642424
180147856
114994656
92686586
197796331
183461517
166863285
36235090
62121032
137158707
96557116
118824522
197577591
111495567
6070186
255560541
169267285
77408385
172458707
117215216
107095145
212392036
25141645
113537215
28193362
174482656
232939051
108603418
47006576
130992319
169880801
140273021
167554730
222792221
103811746
203372985
148733236
198700649
255350956
176349438
217897606
59446479
41437334
35413627
261241941
188819651
154730251
134464253
43656254
149566653
238692029
128493686
20528197
259379406
159600952
123775698
228602654
226580206
23483469
74205623
126320183
25734203
21684477
153858190
40803836
10685179
26369890
22576091
262811132
80535625
92601107
251457685
216900081
203923498
148863674
14435510
3960248
193154928
49327200
43444590
61132241
11906701
69483660
61766714
30192401
165369675
114404751
126779411
101218934
2820038
240084136
199088911
237565687
234229208
62532732
228134633
123121819
103526175
257150258
40011888
152448092
237017153
157855245
49579214
229326309
64575243
169069725
221860854
109826580
208054776
243246778
235476216
65208885
11067366
212392471
11039168
199644806
261369493
53065881
172254714
221047339
211291302
136979258
261159031
7439752
138728267
784699
100723339
197663814
117830356
227428482
219894750
133729292
86013777
176595376
49710416
250029354
87212844
249967694
127516689
147346755
161411194
89082727
206496470
4480769
10747297
37759541
186079426
132699101
10454805
109476231
270455806
159769364
265772776
140142120
45738382
76132781
7762930
66794409
241540945
178777767
58542808
73671498
227586461
13675282
269646578
221477978
99541949
236457249
241094282
254975568
239869778
68338166
228982049
217054773
267215906
143190975
60403106
174104058
256445193
54890456
251484460
120558086
182889498
118163881
243612614
133514299
118436388
67358425
5791590
61002200
5180114
247604612
110139115
221157266
7539028
217522296
183970201
114094902
262631412
268258785
69419436
29791032
170078338
229548721
46460871
268295477
41483726
216077032
89007184
243532195
112673
226726669
102201651
154911077
130434996
203687695
210901688
247501743
16791538
55607985
28339751
214367548
256782023
206127084
161758352
87484865
154214633
137330303
200117921
221846344
93632665
183666216
167609012
33394243
48384636
183415588
58789931
126026800
235001084
258752688
49364588
72915521
238978836
115739564
186614803
90326570
115050356
13990868
89135624
114727541
247574195
180993559
114084512
111778819
253413896
102148166
24916695
269431536
106994286
121917985
95973413
106761711
102271832
205210990
221921010
31453118
76612224
152171014
265008812
221637548
224378131
187742811
63496718
82415744
122048530
64545827
158858631
112301119
11330853
147352622
224448234
118538199
235512243
268135886
196440620
17751483
257703213
26996022
45085244
128526395
234936252
216717706
173733672
152255744
213920469
110825453
18335993
58553354
30029372
137551626
226294940
75233893
130331584
32017365
167063446
3142587
232613984
43028223
2515243
135967205
276522
147108760
191312178
43010947
95538508
124315962
270165348
224467358
221239620
50107850
19465480
227267869
163812459
23997305
140262557
251644911
239290819
197337248
37719863
108827512
34077473
30142821
145168066
92877464
23558946
155260719
73272685
240300890
162822479
85473122
103907488
87557745
73713933
187288979
225292357
18406912
62226477
25620932
120880714
77025921
9021123
37598118
204484752
158422205
48036742
264915186
65357574
45160746
56972447
159991899
21950997
1972072
111101081
111564235
215935737
36881486
250708028
268597689
229796875
267678796
259052814
116974925
171091644
182644683
14239916
237842583
248392773
167600883
106336867
131613641
241591664
25795961
1184564
194157930
44421951
169669005
247848549
89329811
232138777
114006021
214101680
214158276
131927135
221872105
224479328
137656457
81300435
252469706
143148445
44162851
228877381
81289812
193041662
263049317
104614724
90090102
66659540
148461157
42873585
44458618
200581217
48827763
188182358
191592
51112628
45210060
103205900
69834022
55749679
158531729
108795240
54037159
228668031
183387511
132372875
204487993
167186120
61162824
175001902
124272177
190469172
130677817
197489873
136137704
158842108
80511056
247155568
250235521
153858733
220873033
209580719
55143988
189606992
19162857
166179631
97112578
36534055
72367809
131639152
238035002
114163890
80260937
143773226
41628745
133651329
249685623
159882096
24644123
125739685
232580130
230603846
202184409
56701944
23917803
16543003
63079098
31405510
136127395
160718705
267854106
177200680
108661192
123281833
1197120
170830860
197182262
242471563
192834137
242169774
188353290
104668139
249975076
153697695
80073845
164018984
192616956
183713001
231057337
218101593
150191831
90142200
212626566
267014259
42489386
87080636
175094980
222423949
212448543
104312136
207609115
35986958
78581482
55729066
263862527
203512405
185900609
239706600
261156581
177175348
82631636
14648662
3317656
2803742
6735368
104439959
143917078
132806796
74022437
139498416
219711965
95868742
114949168
196362047
67270921
166900831
58525408
98739464
9425093
207473515
60266351
15083986
154846966
58142209
240114856
173868375
209797061
120685783
121406721
84770974
251064511
71351532
229086002
40857874
121546802
2259184
268100021
226667209
171447171
11825898
238815646
66494739
161194040
247818659
165866912
75491633
51199981
226589771
142206461
182800342
160792365
54052782
219100673
137558327
68816645
139987330
182497117
63387923
163817933
159564531
176469058
191183859
169556542
165849234
93022113
44316761
184827467
21291849
35638015
103300216
262233201
173622144
264713666
145258443
232728024
166167918
28224991
245490076
51220695
61096962
16054656
217106807
6414065
30165466
240063406
263379206
148350414
24400081
266603661
164873362
161451590
179222884
206481029
40337074
92411576
21204452
232762952
156054445
119478774
106539229
64920971
110809291
137832764
240882418
122037660
236069780
33381669
197624278
86799460
210172156
95275385
129007543
132744908
203714199
112532672
8321916
23793784
191957532
8359481
1076636
106616635
77349388
132450628
260434881
132627838
7898164
201085073
259269016
192523851
139775087
165917790
155462440
63773027
63028890
164216426
133505170
266372016
94185537
117431412
51872986
112931185
67132868
188741705
200841383
174876190
148305362
113235096
250638879
56289691
101410992
261293569
27913656
14893321
255207631
222251793
160860374
212152837
177702391
26755970
264278329
76062999
104514944
39364428
261048073
11694423
21792482
100694252
185911644
66091246
168345925
46172609
269682303
232832844
70888279
172113204
82270388
57626822
19767044
114784554
48300732
94434304
102099569
153645476
29487652
168121898
72377336
161295323
101765991
618727
204114405
92612319
112396591
210118905
176889716
208627573
188920616
100757426
115452503
237668720
64651928
60465387
204892242
6010084
78345085
255336092
209790687
233721069
10668550
86722522
221279259
119666222
240721519
77210378
165141289
234672180
254686596
81070659
22436938
162360678
22675829
26540330
123635809
227549933
109279204
87066049
249775240
270965228
175297731
51725487
174963078
262317508
184326445
128847866
107461263
73271194
128798746
241650721
169984840
168926796
27918110
251061713
211282097
262462081
23076914
227417120
73613444
70284440
93317349
234611198
75205488
35281997
141414283
208868912
100670733
156889771
258589605
35526947
45969942
20208331
112763407
188334033
77754938
137388025
31051330
119065953
264304683
249883956
248361791
10041862
165496146
86200260
121859047
179337193
34614867
164046863
126999019
44504779
108867100
223195793
17821710
221577514
224328843
10194002
208611782
138190095
42624288
46540297
110409132
126809956
251530175
8351845
107922891
171232235
150753819
50071757
121670853
246690279
29003658
235358945
26476093
17437693
5187893
241278958
8186833
147186803
229937473
96573680
239841084
233280364
183228094
29994061
152886703
107236409
44644888
219764283
186169490
133173442
7577892
30610798
61424474
212201109
231615416
212580916
103049327
220571511
27194778
143881079
58698264
201685314
37356180
250776817
3585876
8660357
225635245
221427170
123537659
99431294
168895310
3711577
52754132
164489034
80503508
203620008
27360
108422195
77101993
93423167
69368919
24877248
147306412
241077639
223008507
79291980
29948880
54103860
93059983
208542570
81699980
18997793
84876798
14928433
247304986
83036684
169846091
157605523
34153238
196038168
252113136
95067461
48689137
36684916
246494640
129251018
67025503
174524673
54278458
61671805
168122178
224981033
129405983
270736667
246557569
113768368
64946414
95664029
118673284
215231297
252487861
59525897
210771254
206407473
55949667
186208941
201859746
169779880
117575763
106270615
97843272
161531557
84627489
45216884
92473759
172100239
57746512
3045352
41054873
35573375
148410810
123856526
181618362
28163963
80857979
105024076
263603668
194012673
66468758
189773304
137663032
79274040
124302434
194169815
55392977
178286810
42287326
36505016
102573450
70832672
191817259
257768162
8287816
227988161
194635955
47267714
34930605
22241692
230877491
70637949
83074533
54077905
193923146
56289332
120565699
151261924
179477505
45699654
208412121
21437980
219460435
133579097
114599286
260029968
195904093
267310440
55911882
67972564
36760577
254765564
137478519
236161191
59294480
43764718
207188746
199886716
167617065
54389310
234722630
128381465
153977080
263959357
91598285
55341001
86235340
77022013
44248780
227433760
260354240
149699025
67719298
33749440
8986505
259665726
2196557
226324175
216359338
112925645
10746015
91828766
124104671
194964628
41246558
254830635
149386750
70403022
114859740
187243316
38094508
234558762
57185836
233692397
175813939
17453711
133442043
37298579
804754
220861897
185707879
198788505
212790778
1840146
237648195
173454444
92831908
47930514
25858668
31211898
190980201
150490555
101875066
262059511
161411795
233119440
25623347
269805725
93052762
220858492
202277490
18884832
77068721
60776204
120503598
269345684
54805855
198734893
221225337
70515857
109107127
228702184
150565371
268009150
213325361
187730444
3042501
119912485
251066806
47919131
109174676
207762814
165504215
91814044
8917011
207650166
236454651
20259043
139043356
199517109
249502259
224736609
263537523
95153230
118186841
240697615
104862237
108853716
84970301
37304425
244369828
8309538
61298720
180637084
172761905
29812534
173449090
55400949
79945976
41571240
141734533
38491506
107082583
130046155
105627513
121834806
163207208
215980108
90193731
181186383
226657823
224489937
103570664
200740420
29353270
247339830
163407520
51784415
100559620
92715642
147258277
13812779
40383415
248652801
61165558
13196544
94330643
260466761
23491686
134699432
170376931
30626896
127017002
258349327
99177006
220605250
37221381
268247416
205467887
59678242
98175395
233705573
144600799
106343669
105417120
138133533
195843277
239268602
250236369
247969400
244362000
213713116
98289711
27115938
113409207
46699440
152327924
33324730
68049366
61820086
14675417
258661949
190759898
76359321
58111611
235233180
223656329
263871899
206973581
88534055
154239847
137528349
20028139
118051886
265502317
259487702
83697940
101344402
180158813
144816910
222374711
168425948
6390100
254435294
122577133
66250277
105480418
185377043
61347463
17531906
237908344
134997839
41524978
252086679
211072878
29287638
36066895
82376586
186737681
25003052
21082789
140944370
222424966
100921429
56901709
263947371
266613929
67886359
80849646
222956668
253034471
4710792
173682065
49040934
268538017
253305576
207826713
186033843
247940968
238263177
125614652
233524865
124281766
152658410
4917665
108382232
33638633
146063949
30951171
187397014
187064068
36666085
156053533
230353912
265618153
56357614
223065800
251476731
71920622
168962285
122315108
37452303
161583773
167958106
59948767
186393833
250355518
266266310
77128822
74653598
257224110
192802348
76762662
196763699
142018544
209476442
230796662
76130421
260018890
222635665
58966026
176541536
219004208
190251298
167663210
238874006
185322941
76520275
199872898
177933946
122216024
262274117
210428880
229640917
250949391
269603796
125304635
245257454
118169377
60718657
126885500
228842436
52622299
253047795
127469500
112915341
253757519
127558698
15212206
49706665
206540279
179497016
145316351
180661326
12901477
168215650
175818269
63783274
255767263
187402077
17049931
221522039
170606483
233162777
85273949
185575234
270317353
51020555
63348342
36830774
226087778
18255006
200366969
96891110
47562127
240477288
115765282
126862006
179996386
79628110
56025780
153320267
177415201
63712979
38057783
132102262
98006171
36732544
78410737
95310605
145801588
203810311
169046991
152293015
63451841
85969003
176460052
115645725
74608850
224208489
183412740
88455383
204633733
132006569
218048573
152054914
245291296
113805989
269204593
88877289
71282769
105383485
128612751
88537838
138773111
107988368
137200324
226221215
131600895
256344482
170849019
228653689
108924752
77605474
166738072
99308768
147131404
118534955
35982302
166905722
234440579
18581901
154925729
129170932
176790383
49157933
164743212
176836166
82662151
156933596
84377821
98112630
64521966
224472415
116593536
201986440
188356851
83924662
58096
235595010
254079072
196782636
211047517
87975454
237411493
123819499
191489344
206179009
183360378
187475975
164885325
212799061
120209073
159036607
149130783
26954027
55458365
183893550
81832795
206822460
222208993
98301801
10478785
49487046
258077482
269486534
115230490
1806004
89790806
42779257
250495104
209339433
9082435
19943053
133327060
12833049
36203617
59072792
193935608
149625195
124422825
47330246
178751461
122423321
125334827
6345991
108606778
199390892
263755380
141436941
215797321
195400996
103495231
85064448
134879048
32213882
181868980
247869355
249024640
147215740
43614621
25799582
199108755
7408918
32932080
116143861
237725855
180869314
248273519
167196762
125458520
233853089
189127005
223489890
146860365
104760768
181461257
109210013
150064396
263556837
192419024
86669149
189179044
13850863
95986746
8663859
52094056
52906062
186075226
218959481
104738004
191462013
200094051
10983075
10629009
183382492
210525863
144997532
99374193
26944970
119144553
157780124
243153438
54803927
219604234
195139700
105723855
54584829
261827031
49398411
169972831
63040322
4966242
143197929
162704883
235279544
81347653
147739460
160937020
23041904
242296068
22978457
12589435
59939039
224744634
103520935
72950700
25380987
258014808
133182700
147884464
216196139
214650158
246263134
35035817
205934880
98311149
76412643
114937006
210576617
174725258
131433505
40025639
78892924
19354136
12992913
67687391
270759683
108225092
67756320
221925866
127834022
39686516
25188644
70114020
201060747
39057311
114965661
134483851
195018745
160021111
226824266
133418502
149475837
205625657
10687643
7812737
135383690
187730314
148219789
218848596
154941954
33434701
178597618
267409995
70499164
110229838
108905330
260321081
152630345
182577506
46344038
83418286
199948384
226636157
134917385
12233548
113369040
217849168
67743422
29261101
200776964
144942595
198513481
37432510
62971190
160129984
181832996
189329271
196481776
161698096
221561291
4541922
226402192
120406336
68449490
189822104
193467822
81838384
40639439
69581765
46472788
47256963
229317432
4639539
267539681
183973542
55145374
191752526
72324321
124073118
45801536
173172064
16508221
20491793
31082183
97800443
105088430
181391806
238706133
254556396
93383671
130786865
31739602
203396235
59710001
264897698
64841120
217978352
264365932
173399861
124590204
147161339
111879090
143863512
172876098
109293051
200845009
23794729
40387871
99996040
92657928
115230610
240538018
248253815
185891657
29498701
145787057
49379692
197939871
188468435
227925778
72874526
227410862
52112892
250024531
210615769
52893328
84461659
120393792
244392909
126308353
192029836
118793808
129458097
188290271
236970534
163335765
239563512
45990921
268050888
123909190
86406741
237109588
29521339
21590511
195313586
159540658
178136203
258763745
10357291
234431095
65465238
207758349
251325172
116261626
174310698
123107906
185632215
124860554
208172394
161622329
90371462
29044512
156632058
90264148
437227
226505597
109017161
263518030
223651810
152759388
68726979
241360021
66026407
79620769
22782307
240127256
136425785
31065870
172372882
15545645
150506383
238398619
60469920
116190519
234492053
257139655
128736388
270810599
180496475
249057193
175240356
9060538
2611379
86748110
16959040
167757839
126851058
10133679
41261531
79272950
237170822
43095116
153844148
146390507
133203338
245704523
240308905
7086928
204873187
171682302
39171486
65826494
154489099
250766031
235484146
123521401
236998682
106297894
176738915
10176574
183534612
156245513
67690502
117120029
60502101
241701908
7921240
21690810
265727407
66941337
56456956
107546062
110215115
123257906
186240882
16309346
80205900
202364369
154993997
121396691
67369703
84828703
137713203
155751709
60280471
22537499
234473913
223425368
156272456
219139472
81848103
172953992
21895506
82209074
62296427
250295502
201240204
167908142
148372489
1350076
67260883
249799995
195625653
30835857
1604296
26937072
96697591
219563580
30153550
269609146
24730215
78118365
15640114
76919944
107101908
183753090
180285137
139529955
193564897
185230931
267415533
130878018
162243216
207895452
124722149
44967005
268901570
134794983
49937026
262717999
30934725
130585460
102596594
192976924
107385170
168090876
214700628
219364666
191760235
140391593
168474805
199111279
191547398
84689381
65687651
54479971
147291788
51528291
90893470
44426407
55634744
231824613
263465170
241179039
15971510
248969458
160061484
243586839
92851215
269918556
15559687
240789153
110599750
138059074
238661634
218095382
44429351
15826491
249201454
11849997
168739049
118505838
59670444
204862346
134333481
216399656
126114319
242789216
27556150
11427764
74665738
205421288
211224464
139056736
96607098
37562751
123438073
223846580
253493874
151626454
104162472
163119438
62429231
40965357
203646315
164526763
94269579
51710515
82133001
85570615
237865880
129696143
265079973
27370898
215696973
14763329
52248725
254604876
169156019
234141677
21969924
207213362
248523226
20612400
109133006
79685613
248405282
265601271
156209644
72249755
53467667
166263165
77811640
130179593
10895254
221762525
175835510
221812535
47195510
241113497
97491424
270839242
269429590
155697186
212175040
2054059
25159384
17228604
36416312
76177172
215401422
142166616
151757823
227957543
151228122
29688526
257141186
112392996
71431619
44947942
267331396
86205601
172714896
210300364
219898257
262496098
14081218
33390764
41766923
125821789
128891641
170487963
160140622
150175790
140134211
112584045
178287529
66510384
70049074
241112628
95092920
267987121
15728130
263443219
224053067
90954817
717932
69439621
254078209
220725392
159046928
232810762
268465332
121545373
160064882
29039094
150967494
40431238
204146399
49956098
36898359
139151453
156137755
43537063
161655896
116336713
114593078
155085583
29044104
129955083
265952260
229282066
180942555
226767337
18179828
154479849
210858276
154448724
164204160
256533715
157354406
218063066
88629273
9985491
126193909
87646795
27408852
222205129
30057610
59885269
155173976
189631035
138683858
157020926
151837656
42859335
99799695
117985936
184779244
191238539
206391690
22244527
5613476
198568495
138573674
153051021
270762312
112913291
168813974
250094250
84642913
45287126
255117144
61631343
96592858
92252565
28695385
66350030
91903094
228564008
141882668
219441197
207400156
11322925
58409974
123751651
60467818
7661550
107088992
243991189
66966897
5661363
187001489
226004935
160755876
179758115
145736231
91716148
263652159
195176084
170603188
101073651
148225254
169326893
115965789
138228981
53458734
107417063
252318386
205175430
177081033
94421573
57075059
172068466
16222242
25237788
269427225
63598725
117479317
21568846
239984649
33534388
85731761
108835837
7799830
99832217
179551861
222187684
253220794
37105826
188218831
203484255
92822938
116617984
73676160
233347539
91993335
256062266
13330370
107219698
106112630
101645486
158200263
25531404
77062122
199350532
15965327
173695825
120213152
172250170
248469180
259864503
26828416
14897712
264430377
199718752
69000858
113478409
14090237
24286827
170401066
149049307
28569669
196319591
226405732
177078376
35348847
41843096
30269010
216618628
111899148
8123534
96300599
33775419
24840692
34799525
28703543
197071753
246209063
30813312
103406075
62997522
3589753
170147373
87321572
49157270
31483549
116810197
111044735
10446533
197519002
58706144
78193996
57130538
8689349
46032382
70746970
13816986
236808845
94140840
192547049
30375991
261771926
29948878
95130777
121528123
174700286
77810537
52948682
26551051
54468185
120393244
35975034
33875420
270190658
139172828
66316529
178382786
94828557
34489674
264948670
198990839
57502266
118252734
53533060
128907864
51555714
92294298
142370991
18526011
203026278
15878083
240138909
220005195
54406881
41346374
243120931
29944610
51215795
227167465
132788059
56584425
142346870
238031938
129977104
132459091
262828543
111065325
128153611
197446773
135739485
168516510
156795269
64165150
226001235
232102425
205396398
20188580
187682738
201093688
118710628
100662711
196474046
20744553
194834224
203975731
216796714
41707392
101579265
82477777
161205496
259718330
216432701
167935026
106549079
158740744
37657338
185029725
50264406
258694833
269073712
51994237
178515321
226800497
95615546
240252027
188250501
23930994
378786
107232007
109322622
78882573
135284660
81355156
70360691
199570386
248603271
68098370
186730500
121003042
155020883
202720843
62104679
108135921
156432402
2278169
117147170
20097185
127572711
80825378
226595376
194784232
47544959
81562901
221884341
62938891
141519013
49298629
153459852
209676376
97499659
141356043
169850370
153356558
262763148
22736144
123375091
266568679
71133480
4426080
92247951
80830982
18549558
117724222
263933841
173352042
48770977
271260138
146810331
119993477
236631316
195129502
215631398
140579199
182293875
164827133
72132532
24509722
68540029
101819394
7933058
187660091
122960765
266725082
145025652
166379121
95145758
167161316
189247028
134070042
247676079
240436734
15201072
187335799
193167019
12210933
222650269
166172947
148346473
196183511
118151543
65228032
250136810
251619662
128058363
231412873
220311649
91587582
223494712
231157947
75729410
13707631
79132683
253005716
164047654
15659411
56199596
138398244
20414411
185502719
16050718
81334232
266991880
244079305
212667733
149825479
243265219
112105071
163924367
84780041
85727159
30134842
33244722
191826431
58792679
226945402
113137377
14163589
179727951
163108002
197768428
90075091
209627200
17405034
249786520
252475644
137482252
245196836
203924352
107278610
124571475
147683238
242003727
138141171
35459028
253992022
235568456
26205900
74002888
197633716
44421678
246180736
58326684
186860052
32444204
123931111
140981905
130032992
28213643
245910035
159979712
236571808
241755912
115552868
20885577
24249153
265261785
250577802
126934149
170678487
11926757
54307405
180048540
107362731
260821505
212332698
8692461
188180532
169538649
174437083
195099849
256286579
260583893
5650061
235343321
69054568
32129239
43107000
196055070
152701146
14993905
226354007
149398945
213042672
35385692
232653795
150587499
142039027
167679182
150360283
64452318
256410531
214614450
218578018
74937193
118653917
92508195
127898479
38588462
39477100
131734456
33471841
85488834
67648463
249240762
3590355
233375483
63116935
115804858
94336489
168612300
100715098
153139032
81076644
93743130
10769183
170289506
68548468
81760472
48259117
167498959
58312094
265166412
73852151
48319231
161302291
163108733
110558722
37585449
96500693
246888484
153704411
236791823
110242806
130498775
91422116
117642668
33955481
149122
37088820
169021646
70481733
87398143
45125379
57731441
209103861
259436471
90157512
222468153
28941738
270452386
35286926
210731966
29343852
260701685
233230616
91660604
223375042
71490603
106851028
11113000
140352410
245483662
182252024
77321376
109361999
233118808
222416746
34999917
209493119
117760173
75770839
254925986
212907171
72303837
98091639
123558003
17331012
139303670
164917405
191414859
218517016
125850396
186250732
129908495
185665635
210738066
255235929
141720745
131795928
255247770
157369367
12876626
248014651
97682678
175033977
14997113
195611733
245258809
31498970
248137266
157595433
258110542
243854532
38110302
18104607
152864008
10308180
59733025
186154495
259697648
225350118
60490165
67621137
92540455
90883820
186467972
161185203
184943605
151521422
62293547
154297725
133261104
179932685
202268316
87359926
259389218
193795330
182583432
187233104
72051597
11813764
167656960
224747754
111078775
44620419
202817579
124042090
127059641
43661730
37603672
1196375
117604997
87170314
55494500
171428900
148866866
206478515
181684449
14537875
117667536
122603586
224431412
181531504
168086767
16560278
153327549
27464644
250514059
228236597
203532347
226797037
132625734
3823474
28386196
83514585
181626958
244944147
45135672
1635418
238502430
38967975
77928681
113116919
172030867
31218110
88641060
153034374
173073679
160106298
93899911
214748744
119694998
6741040
134090041
246103698
263122234
167377569
42607812
75410861
102999688
92701301
42703213
68556124
60381758
257406889
237410765
58872642
16495279
228055432
19144811
4842156
126087777
13016580
67232831
215241781
102453088
57338755
33780455
240604741
116914882
103214598
181904510
235941556
49090673
254653490
107640753
186763227
208790722
58925535
57119635
174169546
16809724
99649798
169390384
36202800
103874078
105222935
112590472
74315132
200536166
179350492
60862617
165064687
54238713
30753142
41826256
230725620
92064155
131913722
121617193
178629088
63040529
50123244
99527082
43589905
191480545
95324178
73062072
111491822
102109414
154132044
57129059
56440076
211656783
64818695
83923982
91455398
143182031
269578022
66472871
26904338
184811246
110070522
6308717
195323847
133492818
176575850
23763056
155365031
64561559
145888121
6477207
94781950
222033937
130567043
191822345
42083375
25211422
213705728
74316762
43056320
179184539
223423238
52447147
157483496
247336813
248351934
36100229
208518462
147383771
80424802
91264896
101910138
101920988
197641372
150246923
25169700
201225096
235237012
178473787
175056738
35993780
161781537
157277716
236540188
11475737
197499959
265344567
168610676
220569420
57478883
4879477
261384414
128011140
94750827
98797654
208080
69865861
188512542
223848159
31815511
16498229
21140736
118343773
110631624
91889448
222006101
91285262
141789384
84361686
155671450
48276749
236007833
29522924
74947658
18002701
254287646
4867624
102933670
172316165
34187504
162615965
220781167
140228514
264498774
171877358
244285507
114937410
201842482
22880223
68923637
1163100
131226160
173078924
108961326
191313446
241806944
270918862
48023509
244354605
237866452
110497610
43614929
194528316
66934259
61239859
20510394
199540859
145933739
216194475
183813717
187349572
192837806
180498061
145514443
199395870
92848286
20575117
77619629
100997420
240875592
143965356
74926716
24766665
155647909
35626531
57386965
181750294
228361884
47474286
255035149
226632070
80225940
81347141
205051868
134196246
184200550
261965421
126502259
57447268
158649023
247148405
215021523
67863066
164222429
270125686
74115418
182552822
57021995
205028577
66013719
8818860
122573842
230760423
219092360
132039798
136908445
11609865
182727562
3990538
188602317
119861086
38011741
61288963
181279373
82151705
218747264
7029811
67805573
248678299
103765177
81714812
223786823
116755091
112988260
102412987
128786440
153387426
242496552
99014516
75715876
86032982
220338565
135188877
260828445
78680561
21665408
127169266
21582981
73482184
235847515
79400014
24486611
19419453
141801945
31289961
250565897
141261008
255085103
267121555
241827467
198205936
140990880
29518446
10940226
267270740
34249620
3962288
85973684
125989527
55878210
171082399
11516898
75701239
222153958
30803431
27289433
73263225
198927704
207270098
163472866
128351640
173165912
104806663
97875553
169360517
205416523
116670060
98980784
34441559
230650549
229358907
187919319
220218813
14105743
15709410
266126059
114195260
9903187
26737893
85647088
34381875
109200687
99251907
109180553
169014335
216965072
142765417
59631044
195817330
185770667
114280807
178314103
150907971
61614409
77762516
40547843
134165012
239588937
114604885
219828296
225458892
199507158
193831622
262404663
179548135
222007891
41673641
8704289
254999274
267317826
166210535
77362467
154013415
26932676
161598453
169447749
70992690
165643138
72643044
57024906
34313503
32881431
37427817
161383830
2516055
99964953
5397530
249800778
223811323
192237033
131852931
197052926
166780082
267679498
182616903
168555678
82093276
81135213
255585083
110643321
252801193
193743623
92856456
224725737
257992513
216001774
174625521
223864229
93542159
165257095
80016854
116211453
109978841
133447585
254957355
71509549
229263792
162457639
124633886
263364603
224741711
189015572
121050823
178707059
244654406
151522988
47824621
216125146
43140330
52283653
173303621
161012206
127769624
155199441
34973588
163021114
159089390
260436131
229165048
162226601
118310787
234754395
30996635
172516590
253518272
179970938
197565254
193216391
208201390
104295070
244433644
208575768
263512723
46624782
102032289
120557775
43521007
92452226
48323667
46609569
30670646
110739128
139324258
253381186
74295966
190522398
30414023
127135846
19095161
175320687
194594618
68888232
269029504
33599792
82403651
16170308
210866709
177123757
84581178
204341680
162050120
51290013
3843797
75711980
242763535
113632730
167705740
268573543
178243590
10664721
246324376
63571495
234920705
106855920
247505003
136529000
47485425
257407321
267469822
44600272
174941310
122622981
191310324
208551178
209532317
222107918
133918918
207807775
122417230
34630365
89153761
126664340
43402247
71473763
87161922
171635933
64949789
116158451
247796793
118050627
89607430
75998714
71983786
94155738
64397902
183630238
210630975
93010618
181009578
162363450
76066441
185755544
165331294
137692181
14481405
162318123
89173353
4306547
161389532
216373504
88759065
244924290
2880534
213676325
89125595
25024633
233092671
244272811
59477852
190818646
23353612
268013014
156540172
266697138
193710413
133403193
108366653
36306585
218001395
182524695
114654861
105885571
71849063
90613260
207923340
238901291
235807395
206984950
116258821
250558484
103983024
70851587
235392250
249486722
220361992
230734928
118447041
233978286
162514586
116395494
30805674
6701222
265324238
28597829
239186199
190210502
158494653
238573096
167114939
165822900
121773036
51183431
239129798
100805296
51972552
169041010
137417107
216359076
242933451
80344410
38112182
48070329
156639055
57604514
116629683
200495729
109927517
265552361
88652694
30585044
163887972
259306083
223971002
85122142
129677284
143254307
215103926
150392483
179986919
73879600
35653308
10191292
99746058
61484101
65692486
156346037
91493974
22900281
45563658
225451721
148794296
62216711
245397027
230527083
102687359
62200037
61990038
249104617
74162483
238594121
188314560
258748181
175268390
94069639
68803836
210357706
206561874
215629503
89691423
176689443
225576108
35291583
100911990
17673985
217976831
112003656
243191516
82626937
38318019
194978573
37611338
7367630
22425467
120726263
255632849
112344293
175284093
131665352
93725110
158744521
118688863
214550694
146458664
2870462
122368134
241639328
266564432
159674214
82135004
253721709
155513885
75379615
127710990
217059220
82974141
225572218
20561183
95467836
6614154
207031756
249733345
268785419
190718763
159365105
16442736
52892205
261961118
82078611
101776588
110427106
140762528
126089986
36854597
139248399
94416890
73151504
200077825
124726367
83948439
245293695
182335826
169292665
226641942
7803961
32297660
244747386
13080515
33656641
144436279
57729431
11717028
78641451
75291200
128793401
56249996
38790704
235904616
131051165
137038912
9030752
116790333
25717368
155174028
85077488
161490938
78432220
13339511
74884643
233778190
223729774
41848910
93739895
260141876
130364765
25802887
84912137
22025935
104260058
129874594
146443255
9498238
155078163
193241121
142632758
252974863
25369009
99090133
24130425
92709964
250402638
264178254
76845894
239163331
195426406
210496482
183160983
34463217
120043711
190894273
22335741
161962815
124764065
105573440
170506778
61961861
205834643
34652988
211381986
135015018
169920419
67285782
187830802
87729746
210367251
133518558
162081470
63056973
271242923
205660733
159464086
105372789
177861338
121120178
173095315
253079767
131484698
91624930
69689404
138691051
215467109
196580984
235673679
30065807
242552384
248793809
172989292
210189123
176734639
35203113
120884980
22915840
94361967
117440487
16057764
167362545
132284963
35963301
253013108
216769015
118001053
38291511
262504774
165587832
248569997
90880426
166913287
19227614
178415571
157718904
123720635
230519005
84795758
67160605
51779528
223984909
56746465
43230903
136247745
259041635
126683396
204562758
57148660
105503291
199764966
251453855
96370278
13551951
227072163
26434211
196206202
163928544
32040113
258447336
143013903
202512897
156444690
182515870
113906628
86165641
147467506
18533716
267713122
156638147
33210592
64226767
131791870
144107148
57310710
42757027
237653533
204739686
88268974
236833535
11384827
152937237
56581353
119156378
33657856
7483010
237845185
134393164
221995127
44189597
22051941
10169483
156707554
46258346
236600609
235979786
1828668
223672897
151027732
8862352
227029153
227720797
236448881
41845919
49521153
99078954
74784376
249610097
217823317
31853188
144344010
205920763
149437551
127072945
240597312
51739342
217315288
244046241
22384813
104279838
138029724
184608810
43520197
130399447
137012549
84137770
172655655
22261829
224887951
38831608
199608676
187778428
53032362
69686402
98611012
742679
216177624
241705499
174644514
2727039
46933908
30449296
91467463
43993532
145701504
157861741
169007843
99993077
113876609
104166059
84792197
54133920
61231999
77130544
111194362
84759161
59261452
137595019
142059690
34176621
7638475
173745490
6363876
130069304
135244648
90345372
257771399
22828883
202441397
61291210
29427570
128654633
166795332
176044445
235369503
78088062
230168701
45790963
189824207
41217664
94845401
4735463
255689812
183734058
54019375
11250296
230280579
231206516
161600033
145901452
189868734
206148418
10770602
73757521
125168403
188540252
268237816
51043109
177756629
177971873
222873060
164395221
119849059
137609803
256102160
64084949
2470972
237390512
227124913
6091719
55047204
266466363
244159092
121505546
138601349
189499256
92960985
152620784
87231994
105064772
105878155
9863757
69535272
241881888
235817337
84475435
131273687
194981122
223993322
263615176
49515072
105229574
212284936
16565187
144197280
13994690
176219603
102168221
187698485
189550192
250291252
103505187
23347027
218858961
80385791
179376259
255027251
24696278
258834208
99209792
9957936
184532771
254920505
68971401
173093357
121143067
70880180
147641832
181755077
103762089
91441895
187780936
260271723
72848007
104739367
92681217
49878723
205623670
14867635
125299438
51441620
64346175
164578227
159876090
208573318
27442928
231689859
37053206
138655937
108581738
179363060
238312042
200544592
116058368
156544538
192195911
127420456
183019546
194207782
208227135
47419156
100295855
47438008
208564263
182524660
153363110
252463375
174766753
66965769
109379519
258422410
76862071
146185255
207421797
73378551
230450446
169401352
63387276
75346954
173444644
163022183
29481268
92893189
247410175
250754055
256370671
96511131
156240652
24273845
30216868
148635906
80175786
268997008
239613746
86697829
18200821
44474617
166517585
207307067
78869126
207719380
181825224
135787325
243558136
23079698
148895575
98244010
41169414
248226905
161648255
78903906
155843442
113432124
176667057
135335295
113680909
255114013
179784591
242588403
73132739
195828286
246467496
183238192
125332377
99988209
183621578
236369091
30394151
217048558
114607109
71032263
227407582
257155147
120158526
129084842
14732304
200201483
124961771
48072276
153314505
183690500
180885596
239789664
82306266
268350973
174407407
205520085
14794004
115451744
20568341
7615900
145693767
24472234
108926393
9505578
243738615
232905221
15014346
134571487
73013799
1966706
107355344
45654687
254642675
65884832
185666735
124480175
212619539
159865606
210150992
166922565
107269717
163857739
197306151
180932291
243438627
253120576
171317877
27226331
12182875
262517288
73482158
55135291
175404226
157324708
230818815
161524687
239882025
216602395
31595224
229962512
183360819
186154460
253951555
104515064
219911152
82688184
161305668
114577610
111651203
22000420
152042441
181787583
161225408
148793235
208489381
61247307
6702767
14697078
143116074
265883881
270530680
31116550
250157233
4449800
177930574
238651174
48455899
266958976
91149199
194813736
200821688
2385433
162024966
21536500
11767109
116945479
160423434
38805829
169174143
123727035
114079017
247351692
110539401
177967905
255079924
56149975
138383291
153858126
8733879
232426726
252484400
71741009
135728778
257501376
133581948
198077921
151314424
181745445
40288021
127855924
59382919
141007410
232711903
51121685
155260211
19496223
202193066
225622533
45415244
268985071
114832279
232178011
271134191
83640910
181020742
270861972
232951448
56370104
100513799
231908858
159588012
103458168
208186889
46700759
38444807
82730780
235609180
171135469
134946570
240330229
213042843
205408135
88421374
51197586
200008705
213539730
150048698
156115603
79949175
55450819
67718820
203362921
120922118
89584842
124816360
270991433
35674537
88093131
257229520
49437828
23028498
266267949
67419344
72702383
247176918
263453474
214286070
154713349
160057292
228189423
223908308
116239855
59589328
166162935
10063068
26401352
177267568
51043134
187120874
116941716
86092726
29387902
199711251
7976887
91272059
132111399
154904759
30948540
163983729
244780463
177550733
88690399
31931411
50230536
230480247
252879196
66858786
130450696
175794845
135731252
240857397
10423965
1025467
159631251
132168464
135809637
6385202
174315334
20664065
199164163
235512221
185040850
107335635
77073456
154170502
130401031
195132028
197730786
195787378
246696605
174404940
164458968
253544654
208107449
62481086
144713908
218838924
170484763
9693288
152905582
235720479
199352342
66257384
171560958
194423885
4083777
217040436
36869486
191301922
140578349
115145769
93403717
112072360
260355359
119536045
156988196
112008949
211875406
171440265
266014981
80211467
198379343
79250606
24417279
235386807
137383903
16589605
51821484
47819217
13635487
15991047
239537586
44974250
40471095
257165011
116048729
201888875
248696027
155325981
206085875
37223706
270802845
188299541
129796249
24092427
264283318
211196001
68154353
108257237
255347583
92333806
191565052
1789207
85566451
131501724
718209
110023537
236870353
134522424
156696300
55300798
185410554
189489124
248828413
125886512
142629383
68411376
35284830
258054076
41619566
257723956
85056197
46312997
34223248
109722224
198309233
33097019
49957409
60207512
190974944
134690063
233819044
163537996
206977415
116694387
257258580
57683564
128852999
78781917
106896550
184290978
96147824
222284485
252801897
140705622
119437683
174423011
201200761
207766728
116169693
196384539
164566239
141977583
183605113
14475598
128369274
73281254
168783282
53107360
222450369
181953918
229076284
206957999
174935767
111588708
151992818
261214959
59227406
45282115
192418573
49775325
213920322
255257128
178822396
123168175
207628506
107887948
238542789
18240153
184264399
233945724
212480145
210854075
205703835
173386506
239676788
235987597
136914386
133969935
249491023
83189415
153612043
78416948
10404021
147749163
222771532
61026524
209608963
109532473
21289215
124915143
89070570
45908788
185914510
244535585
101617698
68962199
195038271
135435545
78363622
8081929
240286333
203832397
160990465
67971800
72322333
2560071
96049441
204654955
70439381
259546696
93381335
257929235
117790506
53745991
209823589
93299019
56231096
13522058
223445139
73676054
10671148
162711829
166294087
250057382
184271686
168219777
156053805
1881577
65311679
1100518
130227725
77315395
209543062
138826085
264231928
263336441
230176334
108769067
249626622
124824397
71441110
26538881
117933374
160302625
85118965
77706794
16865473
93572949
38023107
247927911
82212269
9373800
194869787
227484858
266215346
41882078
208017127
240769566
198484937
80162476
186726765
132735778
168161116
146503276
103949276
63959329
110815421
149372361
112067771
128145798
2734831
62335415
78246562
110026429
163253726
270203029
48157798
96499587
101247222
204619246
136704497
94595084
73334591
198140737
111561851
121690973
231727295
3988838
243105421
192274437
71571939
189465115
213916178
47794372
201180897
177885488
25924753
158874475
237582818
251768832
200229491
171401303
144573952
145626269
98325158
121843760
56003002
262655338
52592448
115747313
270262392
137236616
146979807
209169772
54274182
47184058
68502597
16035065
246648325
128967939
134867641
54027795
82371296
46595867
183047379
209184816
119551000
230316833
262183781
63372077
101510589
102042740
233053839
243396050
214731764
130893388
48350816
56222677
231120320
203313947
110019794
204756998
178454813
216008240
38307895
8394889
110836205
179375884
103062124
11579123
141767071
235378206
53171348
136944752
96702552
30744114
53408145
228607582
231675843
94394912
172175336
211186839
178196536
101348908
129807563
95327543
80212804
134490245
23789958
262620407
14908412
249160592
62505450
173697899
268927797
166339723
153192337
117212754
206805169
165066605
192632377
256162617
177862015
61204234
149348062
241204130
36839550
263150804
267973728
248582108
58041057
207486981
124717811
205148566
170660738
113932920
116724430
140795484
38511072
179332880
147656242
104885745
146075025
95835457
269637505
197377746
231679308
81379599
224394289
152179857
208160505
8129692
106749708
183315081
145744641
2746190
48403509
212740871
223287197
166211854
18726370
211020374
41731098
9849256
182447721
223683517
216306543
244876841
63992892
238460767
15334245
193257178
215088283
180273453
114715606
203077897
182022694
197901876
164891841
149423055
151532423
20721265
234551660
134898635
67227795
245213870
130361717
19101246
165084643
37322150
36562236
24584336
242579028
44830462
253877076
240066478
50177571
55146266
188091383
148929006
180792197
46213089
178042381
225427295
113542671
115565880
62739059
248928172
223917579
48798849
216496935
221199512
181460692
77606634
164879913
32107158
36013062
140190707
146702297
3790390
129967956
88715508
110074097
23471487
82370654
166428777
31783277
92821199
112424025
112301860
241046951
141174013
23880998
120767173
191523324
151727
263886224
11063752
45743760
9670427
97385656
195756390
54605806
72041251
251666025
205858648
250141592
143103835
126858910
126775055
57477536
44664372
69707284
114223511
114650972
248985058
232635618
77402506
53932646
35756795
63987177
65565914
110246022
181740316
136550740
32744380
195641782
240913769
247559634
169675293
173956388
41976941
183153803
250931348
97157342
52480612
226463303
178622653
217611139
154223634
4542075
154026110
238154395
14365769
150881125
215146392
165518682
263236820
229749473
32062180
130587309
69423159
1261587
209872786
42970903
111243025
174485345
112412969
144389895
15005241
68834502
89402711
175663552
24929452
186180119
1205860
13503957
32043468
237785483
220219393
268957528
183010276
177395336
196571147
200646002
15582931
70149001
17929227
243060772
47605635
270923717
70495720
267390293
259784989
91468944
111687238
71123612
73252639
193117447
110242288
158118902
192612502
35364930
270867526
49923970
227957148
229525057
153988931
148867515
37034594
135128399
176747693
109607661
195495928
265177795
207846510
39994876
95427213
224286299
201744104
108165490
47874976
79130777
40596681
69910921
226457766
239052592
52837298
252254188
253840630
158478639
224911595
176981647
120562300
175459661
269053492
201976763
42580547
113746087
219077214
127885465
88817861
102014031
134910327
27320147
15464947
78446919
173438388
155784450
82403524
195016249
138063031
133903148
182517489
27826259
190333303
100239273
161489550
18728326
255495785
124765780
95801824
12838353
125666612
47954802
88091439
78246987
89955507
85706414
73668298
46803955
194045799
751405
105556118
140658196
98500602
128813183
213439244
264734573
242897985
74767832
221637379
7545273
180908749
29963380
27204621
161811514
87556514
75136306
265106784
18945387
148698732
142590391
213438714
54930883
217904686
104083571
15254646
72752369
232556523
39930950
26825590
93705419
120523766
126317407
26608985
253358893
194840078
200701240
224458847
173594342
223416400
131031341
128773850
109842002
90937929
2325345
242330176
97953522
51287311
166280437
49180274
240931940
62238798
86586788
136773220
179603823
69912803
236718077
56614663
92908515
61666910
64860950
268623494
28150800
132384045
119040228
121393120
79226580
9490656
154355876
62026863
221981540
19562869
269453842
33844575
65398395
215138496
25205311
226628476
100288829
198221560
69178654
210733658
217116834
79598555
78001009
142967524
72222593
154487952
98226541
94756441
12197730
46498287
139260235
210727762
152009881
178383305
79051351
36222746
100510340
190250701
244569823
113141865
270234511
208152483
146306706
245184154
249719251
55176928
138038994
77864092
249012530
183441546
118114382
192082730
97132586
95780004
268011708
32556922
199028965
88813636
228021432
261630942
8174836
219352368
180322373
246943061
133931691
45000088
153446929
54069353
56675613
170447215
252123166
101391259
244783898
139409671
61510647
87132817
73759239
164596640
176305859
217859488
251344561
53832250
15813218
116243267
109863866
4008521
59809263
255808504
146548271
145638857
260126985
237007912
56914623
86419735
99530433
266631663
196643671
127403999
170167476
211300641
2845764
140011536
44605682
182696433
228210697
168107935
196361574
189826020
64920815
192606368
172015737
139402747
148068591
52783229
211106305
87738975
31615974
247811211
92800939
120332173
191059397
129719232
213964176
123309800
185856025
68720724
123546154
229474412
87554904
70658421
91369488
23384802
84189861
4034392
178134438
81835379
106198775
220753808
96957890
220214246
103152557
229249275
83027044
250935081
56440329
248679886
263826264
188009184
235019798
55472925
132515933
124386431
190490222
150418919
126924278
137340891
69996767
50610474
229912701
85701368
204215856
127620657
252327553
60264362
91333392
15888515
158056563
37258416
140109676
181683920
15739519
17293327
140498294
213986174
105263639
13316119
50522416
240565103
194752693
265494650
189539365
154800450
233660506
78924477
41078447
169710996
140812956
243832220
233798781
