102 4570622
613320
93948
796207
298114
259057
295761
941000
913027
93552
164088
822012
734105
721274
414184
23609
882468
189439
98299
456984
866396
974113
436801
541707
670172
742255
20015
559934
251447
578322
996337
879082
692757
642922
927313
378816
967935
700941
931493
979831
752409
917251
91542
611136
97196
534718
958587
280772
892184
431281
497295
961446
663516
747638
787912
23070
130550
19527
815678
157105
604524
777468
47116
511097
983149
985062
838875
905130
733494
265613
256372
311851
117864
625547
145426
7954
257164
574430
345527
540633
194214
731374
192675
83106
382710
8966
642344
12305
612732
652813
603312
480404
628316
855479
937239
671989
979485
848180
452955
460299
21026
770334
748669
