960 301837458
877445
356055
629494
134626
554024
146617
882465
946338
647049
9361
998872
111223
686642
130516
925185
462847
611895
962905
261634
648143
682303
335404
844557
109736
397818
65259
153222
675365
882727
274675
64366
295179
938346
132892
592147
949606
608657
76991
553057
613753
183673
116744
679015
551449
488916
947494
898872
144329
9100
844391
728216
363989
719593
173389
318768
864963
958333
771806
982652
290027
703152
466192
871662
214613
968868
342889
265236
639288
189666
189084
384721
270039
234783
313774
943261
105289
654973
908714
549132
430446
571096
369630
340807
63300
490020
323715
756574
598928
272805
190148
699089
964939
539440
813667
308928
133033
269565
862472
651017
20530
5450
78767
213773
608011
196425
54646
516404
240799
417378
52597
616304
87430
686495
595383
655313
440555
937107
875942
532947
200978
468531
654204
232528
358009
153150
978096
237935
78360
296415
697833
437947
483820
777784
837122
899097
664502
663665
821290
324877
883577
17686
154564
147470
649450
435992
893137
5086
656852
453266
422098
364867
518894
394888
630311
540921
983649
229386
594347
128037
459578
300416
323316
721466
585666
394917
572176
789762
861802
160830
506240
176681
595605
761763
891497
37110
660063
621566
316166
98218
384505
775260
412984
516512
301338
377154
57870
585008
692649
967742
820294
915646
336628
439143
533967
614573
707456
117508
479706
134468
908891
609841
163608
554395
453560
941921
161807
813735
252637
941961
90727
23220
445297
870737
43687
374379
181194
699371
389748
234007
779683
552158
260748
263853
952267
690418
851050
733726
464237
376166
67197
859926
819679
787923
250200
25202
349368
528019
492837
851192
611422
952916
386524
441421
984542
341785
78019
269948
258128
19879
2868
555722
472345
221461
177974
913436
26312
473380
882403
884430
222169
184336
401606
26492
712930
841184
13191
385011
293262
405501
102564
40598
888644
72552
952818
284917
99604
980524
389768
723481
645696
555323
740224
836068
174072
108989
461520
223991
804614
251804
72583
172239
762933
935159
243249
297700
427368
736439
420429
422160
213524
110572
247630
412674
611902
310018
785630
452396
143207
838176
3239
667001
709430
637876
485340
646170
292341
778346
186459
538606
986557
482765
299661
142835
467652
513765
644529
790188
501599
608581
273587
698767
909301
414618
399308
271618
264690
944287
116808
659256
920796
705941
55940
435726
994697
188722
586655
108548
876669
606670
538568
964938
600910
995380
643655
71674
99494
604316
401648
23653
262969
246899
683117
581589
617248
262182
200948
254249
30343
548921
62758
384411
587577
360465
830597
869446
392559
188991
368557
591789
622104
819417
867707
156652
939257
714016
96793
552705
699567
164162
984165
875168
768035
326122
913072
676084
466195
999070
834990
212673
663369
898901
929596
874723
873405
87369
774165
979503
892667
78361
15330
525235
698928
981485
225818
592857
263294
498383
662060
228145
159159
449486
659841
870022
238858
185806
770371
597988
766660
108639
831144
778972
721403
221069
606305
258516
324237
586141
132874
171665
119982
329826
71703
675795
538353
971566
330962
322888
425728
732371
528290
645682
397541
502350
11097
341934
381431
930950
907536
663126
966733
414023
417641
507421
373284
306894
386341
118180
823975
253973
758467
841905
14115
55193
891677
628124
609504
98362
266677
33691
249353
513292
768073
523780
756209
811376
917703
515421
374957
961179
797460
90341
76390
372275
645281
552792
832736
942454
443524
782198
426650
540744
189147
718074
46385
702588
499932
582123
935964
887680
904404
249508
7457
828345
68512
146825
891133
207111
418716
768905
183241
367228
438540
587509
893732
737563
736480
24679
353361
823113
559224
839982
542149
420675
205016
812294
309324
720934
410157
119326
759792
295531
922603
463210
611523
508013
130591
583147
830912
216708
587840
628848
299224
97598
289213
256594
461896
881343
531270
882625
36595
588933
367097
237306
387523
992404
333286
668489
276424
3580
163415
777463
110268
86188
896904
930078
93011
550968
302771
116099
437366
929567
345749
557712
118397
975899
568682
787415
859430
834536
316098
111456
376740
987917
305302
142303
435433
587573
563861
501894
197560
237823
392899
573766
243006
395758
787017
948896
598202
489801
301697
312855
970255
210772
647607
203560
387970
186462
552738
549629
291606
877275
169220
475918
272420
709368
30316
46607
439554
931007
843880
149778
395141
694816
33270
26773
232640
75703
588066
990425
937444
213951
288200
975287
964132
815874
94874
174108
34050
741909
388401
102421
998290
525391
585107
110621
713338
500586
189567
230331
677591
726172
82908
346179
946941
581657
470433
96129
217242
304803
903832
84640
999451
800956
174334
496521
194504
366964
397521
584084
756859
986043
51447
193324
572829
168554
591805
433232
168933
287542
980056
655742
337291
338614
479599
93863
295067
916480
982762
867560
670482
612584
728535
534074
767759
5061
633626
11911
190326
527309
810702
11813
384930
667734
925225
382753
560872
257068
147765
304558
762838
288741
362845
784516
684644
462668
535261
205648
319183
176826
312315
211625
785452
543120
578909
896036
505683
691417
216858
737339
188040
811858
528130
761253
595766
255155
696791
18669
218602
690752
731135
143798
921904
952733
568857
614647
601708
927036
126370
711534
493215
510141
679161
729662
752040
34444
147189
465856
371180
112584
931355
332391
842606
252196
737735
444938
859746
836512
300732
388581
852130
314127
553007
57618
912475
656315
747238
209312
309577
51964
285688
666445
135876
785867
975368
519988
673406
128530
704494
505942
156021
558021
114330
109986
470415
200398
791143
829425
341380
273905
9670
367654
228431
874095
975864
479903
310137
606552
760350
88027
739122
828347
237751
278512
985590
414360
100587
384719
649275
87086
608562
283895
148323
114659
592107
555911
334238
260452
739162
512142
342868
824234
179509
387619
170850
256597
868029
842344
773786
160829
278618
32633
261972
804213
865291
842828
274886
426031
33842
178773
978434
907605
26646
778718
820602
604067
464606
778230
739982
747316
445412
653507
468660
30257
283662
255088
920774
274274
389053
567340
795819
591559
556230
950884
171915
716248
406393
235904
538412
432288
293759
416388
285310
827436
527303
140945
700623
68512
684243
911764
960713
265465
930614
581111
354823
146756
815791
331415
349391
732584
419258
319372
822995
971673
322417
117133
638379
616197
717028
886633
511244
566019
557876
353621
192579
789667
269768
849500
773074
795125
29350
828215
979006
119760
69598
582436
183385
704221
383052
915765
842214
355869
127799
368319
110836
655146
647371
251711
211230
857097
836860
364295
143454
643226
224665
858649
13283
234931
831936
584037
612160
