742 167579302
728145
653106
24002
713825
321789
639318
349616
833860
917195
528252
967224
386311
230303
637983
484088
70155
952968
90126
264940
927264
196994
221572
98970
94746
33042
504569
466291
632749
975116
760240
878643
637280
225271
341423
813108
29528
244357
421749
3890
260247
671625
79546
384815
39593
322529
479631
716616
708089
25524
256707
190564
538495
114982
225880
147677
208112
65607
160921
119050
190795
387379
710120
633562
472774
658081
456831
950824
915122
415324
398838
272402
138465
530594
467851
960172
693191
883020
506058
335771
551728
771397
842723
798932
633101
499210
316632
82077
203869
898956
625751
483845
127426
347166
376490
406596
256502
489184
650762
271019
186407
728992
951376
941369
717536
560065
145493
390358
327092
367855
218629
469161
333680
658380
257461
943467
776865
780214
853794
935295
454092
434653
694363
779677
214141
688142
22567
490012
187683
167094
21469
24272
865928
137687
482207
471452
436776
204466
480043
286473
897835
712346
974571
945552
940070
140643
626479
882951
264421
358040
119213
444730
622304
336981
287538
635563
311187
905528
24701
887039
728777
799031
28701
920359
409466
325577
906825
855695
986046
897640
174440
431728
310430
144707
381196
573436
437643
36917
909140
84376
155053
160919
75622
962792
663454
904455
834904
528226
672610
352582
329224
581964
329678
799036
424898
827764
767384
947221
820245
362464
984448
765277
370220
274390
223293
928971
459257
508493
819730
377111
766718
418398
430271
518561
167580
628959
995560
584205
917780
79449
343912
149059
178484
946111
422196
31357
695199
341002
894156
638036
34848
265974
59038
741343
950074
917168
888486
989861
714022
189220
171099
329640
757987
559836
85783
857779
920096
15519
371299
14147
579425
931655
159917
653892
978934
618368
549881
661654
969033
594814
177563
839503
992423
977802
704639
123835
949742
858713
272448
568950
449318
736219
962717
365199
254761
156607
424576
951736
68447
75819
993945
392884
471894
511918
535752
774005
309689
763917
669238
945853
671310
793720
762207
320014
811469
554858
703906
820729
271031
814031
569932
81220
874939
524767
76102
860181
268077
471308
54182
95819
570736
77898
653393
28340
222104
364110
349228
337298
822414
48181
596077
144100
258813
626594
187855
415747
805412
182601
509462
804669
692759
933427
630052
752634
662262
649290
216608
415824
800457
31176
894726
835381
376187
152871
687601
758852
691402
434087
99152
367949
849063
481814
158359
672346
922006
440723
371615
157713
644015
259456
24199
8138
466538
469201
894041
564047
255516
225353
141783
620483
290585
91204
25351
754256
159544
877510
821880
994292
495335
847473
594023
299003
768156
285003
756291
186462
434191
407374
326501
55704
54080
216349
106808
248417
355560
407793
985208
878709
136459
362546
912721
56865
794368
51445
33606
410439
193805
575410
573428
274015
578330
322094
600564
207074
207926
941044
177730
486897
792576
240587
156632
100516
643349
821446
652321
577902
759830
189533
83695
478698
758901
200376
91048
242312
701804
355194
642737
25527
874069
238268
778428
357345
127768
966638
852699
217488
588192
530277
957332
668460
355777
874222
812148
931914
285566
810731
693281
904441
518007
742059
64426
962106
531722
147280
310467
40733
391995
883017
566475
952669
982527
192487
238012
76436
630252
762979
513748
637422
831163
947622
817299
229985
405018
534973
612735
359260
411858
284669
976985
498016
17267
884531
144836
609381
437870
687312
444798
430201
131941
110717
680659
110089
923888
523757
838873
245455
350553
980432
832563
304766
431937
831440
641115
794447
867736
284076
420407
157729
934445
530946
694190
315532
263082
938812
30207
91926
734289
664528
872935
893267
117216
418685
808486
815950
203080
403648
513995
72898
99830
632823
443706
479910
602949
75684
66540
405197
492892
532799
350546
368179
345007
12002
461663
374081
959521
778366
953639
772462
653948
590766
457606
75062
776701
876072
825152
580426
888411
157271
671490
978737
411362
895902
975633
842921
687128
182190
478345
995168
314551
743011
471468
539605
171209
15549
814494
210236
785125
592854
419902
89083
611685
24194
743142
304093
603246
707230
504134
361831
828783
854283
590204
744502
519840
855766
684693
46465
701554
104935
914648
846333
96022
288085
664131
798384
755312
159393
482128
477925
605935
506272
684585
781818
172292
920802
938869
434390
746395
834175
327795
725045
671978
993032
390902
188871
853936
601855
277324
854002
671365
800373
454506
760980
702714
409655
809719
566715
514493
37036
884805
38321
261261
97021
297282
692363
511050
854103
490115
604809
274606
891614
407644
782204
209081
842927
690137
78841
410929
436177
903445
942380
941170
954588
840778
743306
623673
995988
900198
556906
997526
990323
715329
638434
330260
17253
514443
932428
909475
47327
298646
141514
17387
63783
230606
224391
178034
732629
260014
272596
233285
235469
27124
241388
267791
930008
341368
70225
645634
386597
602668
240750
174342
804271
6945
872972
927293
874510
316847
225132
480951
907090
910156
742767
592385
251602
808677
165878
882897
941784
980718
968633
548580
428773
529967
168596
194399
938018
716350
632488
123111
807428
607462
473691
820287
