530 69974001
636325
707559
159739
281234
526892
105543
710257
704225
129948
508557
247424
594334
634752
694806
14481
193234
152849
829058
312734
844617
666362
512727
867157
321042
251993
992231
341546
822113
834624
475532
177194
649972
716751
803540
334333
950534
561283
2318
8000
116503
317173
886952
862809
314085
788695
391121
529045
595266
542882
442667
291284
194111
742418
217766
488730
155941
288113
455358
839121
875440
899236
590091
144082
678132
719414
77371
435231
82209
11975
984618
737104
938046
457132
540866
9066
998573
562005
601346
640037
508692
274455
574005
595439
393731
929967
300683
395901
2594
518502
351160
159418
519060
686
587492
631172
25629
734996
176517
302710
545249
239027
312223
932994
757178
529711
323820
937351
275365
314550
508986
903104
789105
678954
812205
244996
875849
874714
58973
540576
883660
411031
918993
833532
803059
336012
401641
967675
538139
603353
724881
309333
306434
46948
777595
474302
137358
727156
10305
294671
138413
854562
531339
856209
199792
719877
369206
740007
291861
411700
50492
885535
782908
420202
27607
481038
740518
195656
743338
257549
240156
793818
22709
773393
905657
70069
316342
21366
129067
340098
788829
101323
534006
414385
458272
402345
991660
348751
72531
11966
323919
333439
417130
876403
702375
376617
260966
877817
345307
411675
850411
320489
934469
439579
124347
115338
401583
724422
177991
783863
661267
384987
224114
728229
98748
105348
640930
329935
256456
166815
66414
761383
423792
944208
460953
977530
828658
372277
477347
685561
431893
553096
11523
248924
802564
159062
957399
505533
311756
968975
936298
905475
653056
555439
213390
55070
560541
268661
313641
903727
709879
846189
381390
594005
232486
707223
553137
690100
296217
482262
630488
774701
94148
593966
30067
394244
495584
108993
643390
428296
143203
406528
225440
690141
953822
874304
488806
277923
675422
841942
172742
397654
233612
556530
291310
25071
363896
491051
160474
996741
448874
927837
730741
796924
7411
612056
490812
453735
93414
818602
388830
60345
890187
668543
125333
543463
817145
402929
58437
764921
684696
747877
821251
335196
786637
398898
634512
996201
429840
623242
770329
738915
735901
974574
582875
290861
369286
954807
321310
756834
699414
736756
107765
300450
102107
125721
407583
253178
705221
226711
872921
411464
209300
180929
70987
751130
562017
566654
862181
164434
558995
644140
961656
352509
691364
539186
417432
326008
304711
465234
54450
605467
259967
606217
45824
95900
18983
319851
296974
207121
738498
632647
557173
988557
976751
717814
642432
3262
972385
537237
822320
243237
754445
355138
305557
670423
769753
362138
212434
77830
213358
315503
446788
721372
456757
375516
378377
35103
794245
963515
409085
688892
586253
802486
879928
83402
141339
557308
778348
111129
752444
597598
223099
71217
766176
49924
962985
631133
62466
184447
210393
867403
52587
987851
571214
896780
596787
703157
357012
372278
990687
191419
402877
632191
296486
220866
196484
583291
546221
912680
164737
653101
264116
183007
571312
26079
995155
618709
534444
75709
651212
553425
93520
770110
825853
62574
554947
927422
40175
93710
519852
928653
754283
953768
737667
687470
838484
718040
113590
880605
548075
367709
484260
281768
496527
759164
74450
930548
933734
553953
543714
572119
857745
779062
184960
194821
81051
938763
460011
656093
54328
736917
806613
581323
316160
492541
626118
597033
842561
507966
886246
505832
888914
354848
960283
713784
900990
998962
851412
310946
507618
551776
612478
8093
886035
827732
745178
334170
890980
182306
729175
881409
256318
529857
398289
157253
674442
634169
619252
942099
700191
505870
87923
59756
901909
722107
523152
968563
455360
964826
358754
