10000
3
2
2
2
3
2
2
2
2
1 13
2
1 591
1 952
3
3
3
1 939
2
1 918
2
2
2
1 203
1 802
2
2
2
2
2
1 580
2
4
3
1 625
3
2
3
2
2
1 170
1 190
2
1 198
1 273
3
1 555
1 902
3
2
1 970
1 181
1 353
1 208
2
1 951
1 80
1 787
1 577
1 875
3
3
2
2
1 182
3
3
3
3
1 583
1 97
2
2
1 532
2
2
1 102
1 376
1 355
1 123
2
1 218
2
3
2
2
3
2
3
2
1 498
1 217
2
4
2
2
2
2
2
1 425
3
1 896
1 917
3
2
4
2
2
1 656
1 882
2
1 580
2
2
3
1 2
3
3
1 621
1 948
1 142
2
1 832
3
2
3
3
1 935
3
2
1 744
3
1 251
1 635
1 285
2
3
4
2
2
4
4
3
1 272
2
1 925
1 600
3
3
4
1 869
2
1 654
1 572
2
2
1 710
2
1 971
2
1 108
2
1 316
1 479
2
2
2
1 81
1 11
2
1 827
3
2
2
1 64
3
1 535
1 136
1 638
2
3
2
1 392
1 808
2
1 443
1 912
4
2
4
1 172
3
2
1 901
2
2
2
1 831
4
3
1 491
3
3
1 370
2
2
1 323
2
3
2
2
1 34
4
1 330
2
1 898
1 31
1 453
1 371
2
1 194
3
2
2
3
1 409
2
4
2
1 792
1 550
1 657
1 254
2
2
4
2
1 864
2
3
1 725
2
2
1 524
3
1 231
1 801
1 166
2
1 971
2
1 777
4
2
1 431
2
3
1 455
2
2
2
3
2
3
1 635
2
2
2
1 810
1 513
1 161
2
4
1 771
3
1 748
4
1 581
3
1 963
3
2
2
2
2
1 529
1 38
3
1 456
2
1 394
1 955
1 16
1 642
3
1 560
2
2
2
1 892
1 476
2
2
1 661
2
2
1 49
3
3
1 900
2
3
1 233
1 165
1 848
1 940
2
1 229
2
2
1 58
3
3
2
2
4
1 864
4
2
1 230
3
1 156
2
2
1 351
1 105
3
2
2
1 117
1 971
2
2
4
4
1 946
3
1 148
1 328
1 397
1 796
1 701
1 250
2
1 835
2
2
1 791
2
2
2
1 877
1 503
1 790
2
1 362
1 946
1 442
4
1 85
2
2
2
1 645
1 398
3
3
1 877
1 47
1 30
1 351
2
2
2
1 953
1 757
3
1 278
2
1 508
3
2
3
3
1 80
1 729
3
2
3
1 47
2
1 961
2
2
3
2
4
1 167
1 465
3
1 514
2
2
1 11
2
4
2
3
3
2
1 88
1 231
2
2
1 985
1 508
2
3
1 978
3
2
3
3
3
2
3
2
4
3
2
2
2
2
2
3
4
2
1 837
3
1 867
4
2
1 104
4
4
1 147
2
3
2
2
3
2
1 282
2
1 270
2
1 711
2
3
2
2
2
1 495
2
2
2
3
1 683
1 467
1 951
2
3
1 408
2
3
1 595
2
4
2
3
3
1 631
2
4
1 688
2
1 977
1 633
1 92
2
1 564
2
3
2
2
1 78
4
1 557
1 529
3
1 942
3
3
2
1 134
2
3
4
1 983
1 557
2
2
1 902
1 944
1 173
2
4
2
1 174
1 163
2
2
1 747
1 972
2
1 752
1 508
2
2
1 32
1 260
2
3
3
2
1 373
4
1 409
2
1 735
3
3
1 374
1 758
4
3
1 164
1 414
2
1 378
1 561
1 748
1 205
2
2
3
2
1 138
3
3
1 316
2
2
1 876
2
2
2
2
1 344
1 940
2
1 628
2
2
2
1 477
2
2
3
2
4
2
4
1 328
3
2
1 963
3
1 688
2
3
2
1 384
2
1 330
1 127
1 895
2
1 714
3
1 478
3
3
1 624
2
1 206
1 483
4
4
2
1 717
2
1 830
2
2
1 405
2
1 624
3
2
4
2
1 704
4
2
4
1 403
4
2
1 53
1 678
3
3
2
2
2
1 894
1 703
2
1 949
3
2
2
3
2
2
3
3
1 875
2
1 309
1 802
1 188
2
1 484
3
2
2
2
1 415
1 914
1 145
2
1 203
1 425
2
2
2
2
3
2
2
1 276
1 587
2
2
1 652
1 109
3
1 117
2
2
3
2
1 765
3
2
3
1 110
2
1 911
2
2
1 86
1 942
4
2
1 249
1 753
1 862
1 265
3
2
3
1 361
2
3
1 681
2
3
3
2
3
1 386
2
1 376
2
2
1 598
3
4
2
3
2
2
4
1 586
2
2
2
1 396
3
2
3
2
3
1 739
2
3
4
3
2
2
1 484
1 752
2
3
3
1 734
1 828
3
1 25
1 14
1 377
2
2
3
3
4
1 504
2
1 128
2
2
2
1 537
3
2
1 204
3
2
1 328
2
2
1 458
1 606
3
2
1 136
3
4
2
1 78
1 216
1 712
1 1000
1 206
3
3
1 966
4
2
2
2
1 962
2
3
2
1 277
2
2
2
3
1 45
2
1 697
3
1 853
1 130
3
2
1 308
3
1 692
1 875
2
3
2
2
2
2
2
2
2
1 256
1 219
3
1 825
1 727
4
2
2
2
2
2
2
2
1 572
1 829
1 432
1 848
3
2
2
2
1 405
3
1 41
2
1 951
2
2
2
1 143
1 319
4
1 336
1 312
2
1 704
1 630
2
1 832
2
1 354
1 807
2
3
1 477
1 224
1 877
1 370
2
3
1 722
2
1 785
2
2
3
2
2
1 883
1 284
1 864
3
1 711
2
1 642
3
3
1 474
2
2
1 580
4
1 244
1 13
4
2
2
2
3
3
1 1
2
1 411
2
1 369
3
3
1 96
2
1 228
1 560
1 576
4
1 766
1 371
4
3
1 412
2
2
3
4
3
3
4
2
2
2
2
2
1 358
1 58
4
3
2
3
1 578
2
1 929
2
2
2
1 872
1 710
2
2
1 912
2
4
2
2
1 602
2
2
2
1 733
1 411
3
3
2
2
1 774
1 325
2
2
2
2
1 310
1 396
2
2
3
2
2
1 927
3
1 618
2
1 993
1 972
2
2
2
1 875
4
1 552
1 143
2
2
2
3
2
3
1 619
4
1 731
1 7
3
2
2
2
1 727
1 669
2
3
3
2
3
2
4
4
1 442
2
1 133
4
2
1 956
2
1 267
1 646
1 799
4
4
1 359
2
2
3
4
1 462
1 575
1 522
3
1 321
1 944
2
1 273
3
4
3
1 734
1 539
2
2
1 326
2
1 622
2
1 111
2
2
4
2
4
1 18
2
1 331
1 197
4
2
2
4
1 118
3
4
2
1 768
1 472
3
1 348
1 273
2
1 256
2
1 186
1 151
3
3
2
2
3
3
1 894
2
3
1 707
1 40
2
1 20
3
2
1 520
3
3
2
3
1 211
4
1 214
1 461
1 943
3
1 300
1 73
3
2
3
1 735
1 65
3
1 577
1 975
4
1 436
3
2
2
1 607
3
2
3
1 904
4
2
2
3
1 476
1 861
1 774
1 389
2
1 282
2
4
3
2
2
2
2
1 610
3
1 820
2
2
1 869
4
3
3
1 833
3
1 715
1 676
2
2
1 19
2
1 90
1 725
1 505
1 163
1 120
1 132
4
2
1 974
2
2
1 92
1 1000
1 422
2
2
1 715
1 159
1 326
1 158
2
3
2
2
1 268
3
3
2
3
3
2
1 233
3
1 701
1 398
1 499
1 725
1 427
1 848
3
1 205
1 811
2
1 328
2
3
2
1 833
4
1 488
4
1 70
1 849
2
2
2
1 349
3
1 293
1 405
3
2
4
4
3
4
2
2
3
3
1 717
1 824
1 562
2
3
1 909
1 356
2
2
2
1 726
2
4
2
2
1 866
3
1 102
1 8
2
1 150
1 956
3
1 195
1 119
3
2
3
3
1 746
2
2
3
1 421
2
1 968
1 773
2
2
3
1 943
1 871
1 494
1 658
2
2
3
1 834
3
2
1 876
3
2
2
2
2
1 802
2
2
2
2
1 978
1 181
3
2
1 116
3
2
1 657
3
2
1 534
3
4
2
2
2
2
2
3
2
2
1 400
1 888
1 699
2
1 585
3
3
1 832
1 108
2
3
3
1 16
3
3
3
2
2
2
2
3
2
3
2
2
2
2
1 961
1 395
4
2
3
2
4
1 721
4
1 1000
1 384
2
3
2
2
2
2
3
2
3
2
1 676
3
1 560
1 119
1 784
1 334
1 141
1 808
2
1 638
1 666
1 533
2
1 854
1 912
1 198
3
4
1 438
2
1 677
3
1 187
2
1 424
1 183
1 704
3
1 921
1 144
4
3
2
1 709
1 393
3
2
4
1 799
1 811
1 381
1 717
3
2
2
2
1 624
2
2
2
3
1 890
2
2
1 919
2
2
3
1 500
2
1 829
3
1 913
2
3
2
2
2
4
1 991
1 483
2
1 210
2
2
2
3
2
3
3
3
1 65
2
4
3
1 729
1 677
2
3
2
2
1 891
3
1 410
2
2
2
2
2
2
2
1 231
1 219
3
3
3
3
1 937
2
2
2
1 820
1 150
1 50
2
1 281
2
2
4
1 504
2
2
1 955
2
1 315
1 974
3
4
1 728
3
1 734
3
1 293
1 349
4
1 498
1 410
2
2
1 345
2
1 114
1 45
2
3
4
2
4
1 99
3
3
1 180
1 468
2
3
2
2
1 958
3
1 319
2
3
2
4
4
2
1 488
2
3
3
2
2
3
2
2
4
2
3
2
2
2
2
1 242
2
1 988
2
2
2
2
4
2
3
1 187
2
1 840
2
1 686
1 438
1 147
1 26
2
3
4
2
1 397
3
1 881
1 850
2
1 818
2
2
2
3
4
2
2
2
1 424
1 507
4
1 978
2
4
1 652
2
2
2
2
2
1 960
1 223
2
1 948
3
4
1 885
2
2
3
2
2
1 339
3
1 57
2
3
4
2
1 350
2
3
3
1 515
2
2
3
2
3
1 514
1 940
1 17
1 992
2
2
1 701
1 881
1 331
2
2
1 756
3
2
3
2
2
2
2
1 307
1 426
3
4
2
2
3
1 43
3
4
2
1 634
2
3
1 819
3
1 790
1 717
3
2
2
2
2
3
2
2
2
3
1 754
3
2
3
1 976
2
1 826
2
1 374
2
2
3
3
1 92
1 11
3
2
1 661
2
3
1 114
2
2
1 500
1 762
1 594
3
4
2
4
2
1 958
1 362
3
2
3
3
3
3
1 180
1 317
2
3
1 163
2
2
3
1 851
2
1 294
4
1 593
2
3
3
1 272
3
1 654
1 789
3
1 807
1 12
1 843
1 102
1 292
2
1 573
3
2
2
3
1 173
2
1 520
2
3
4
2
2
1 940
2
2
1 885
2
1 906
1 189
1 400
1 559
1 286
4
1 643
1 932
4
2
1 738
1 343
2
1 38
1 206
3
1 739
2
2
1 41
2
3
2
1 889
1 543
1 729
2
2
2
4
1 461
1 626
2
3
1 22
4
1 577
1 659
1 272
2
1 445
1 609
2
1 113
4
3
3
2
1 224
4
1 782
3
3
2
1 298
2
2
2
1 157
2
2
2
2
3
3
1 199
1 256
2
2
2
1 222
2
1 419
1 532
1 59
2
3
3
2
1 415
1 51
1 661
1 976
3
1 403
2
2
1 954
3
1 417
2
1 144
3
2
2
1 785
1 984
3
1 732
3
2
1 537
2
1 186
3
2
3
3
1 97
3
2
2
4
1 230
2
2
3
1 303
1 102
2
2
2
2
2
2
3
1 396
1 281
1 684
3
2
1 74
1 626
1 93
2
1 657
2
3
1 46
1 586
3
2
2
2
2
2
2
2
3
2
3
2
3
1 295
2
3
1 517
3
3
3
4
1 368
1 181
1 157
2
2
2
1 254
3
2
1 611
3
3
2
1 600
1 162
2
2
1 809
2
1 183
1 87
2
1 975
2
1 410
4
2
2
1 299
3
4
4
1 647
2
3
2
3
2
1 643
2
1 127
1 830
2
1 684
3
1 417
2
1 870
2
2
4
1 224
1 368
3
3
2
2
1 203
1 456
2
1 921
3
3
2
3
1 214
2
2
1 730
2
2
2
2
2
2
2
2
3
3
2
3
1 38
1 543
2
4
1 270
1 999
3
2
2
1 458
2
2
1 198
1 177
1 320
2
1 830
1 330
3
2
1 37
2
1 390
2
2
3
3
2
1 864
2
1 356
3
1 401
2
4
3
3
2
1 115
1 659
1 866
1 620
2
2
1 541
2
3
1 564
2
4
2
1 31
1 918
3
1 659
1 427
3
2
1 456
1 153
4
4
2
1 878
2
2
2
4
2
2
1 303
2
3
1 30
4
1 12
3
2
2
3
2
3
4
3
3
3
2
2
1 502
2
2
1 731
3
3
2
2
1 796
2
2
2
1 172
2
1 598
1 263
2
2
4
2
3
2
1 192
4
1 760
3
1 954
1 653
3
2
4
4
2
2
3
2
1 936
3
1 387
1 753
2
2
3
2
3
1 822
3
2
3
1 209
1 550
2
4
2
1 386
1 491
1 142
2
1 751
1 245
2
4
1 3
2
1 32
1 177
1 736
3
2
3
3
2
3
1 191
3
2
1 875
3
2
1 236
3
2
1 198
1 945
2
1 756
1 367
2
2
3
2
2
3
3
2
1 859
1 368
1 872
2
3
1 936
1 205
1 637
2
1 387
2
2
4
2
2
2
2
3
2
2
2
2
2
2
2
2
3
2
2
1 701
1 276
2
1 878
3
1 443
2
2
4
2
2
2
2
2
2
2
1 628
1 8
1 852
1 480
2
3
3
4
2
2
2
2
3
1 703
2
2
1 918
2
2
2
1 23
1 602
2
3
1 720
2
3
1 360
2
2
2
2
3
3
1 709
2
1 443
4
3
2
2
1 313
1 28
1 976
1 266
2
1 657
2
2
1 99
1 539
3
3
2
2
3
2
2
2
3
4
2
3
2
1 65
2
2
1 997
2
3
3
3
2
3
4
1 290
1 681
3
2
1 2
3
3
2
1 668
1 899
3
2
3
4
4
1 784
2
3
3
4
1 697
2
4
1 96
1 296
2
1 764
2
2
1 647
3
2
1 962
1 922
2
1 557
1 57
2
2
2
2
1 929
3
2
1 335
2
4
3
1 239
1 63
4
3
1 431
1 321
2
1 600
1 832
1 431
1 960
2
4
2
3
1 798
3
2
3
2
2
2
2
3
3
3
1 7
2
4
1 226
2
4
2
3
1 177
2
2
2
2
1 346
2
2
2
2
1 113
1 594
2
1 359
4
1 623
2
1 632
1 852
1 277
2
1 241
4
2
2
2
1 849
2
2
2
1 588
3
3
1 118
2
1 385
1 480
2
1 968
3
3
3
1 195
2
2
1 902
2
3
2
1 150
2
3
2
1 764
3
2
1 801
1 113
1 230
2
1 228
3
1 283
3
2
3
1 109
2
3
3
1 793
2
2
2
4
2
2
2
2
1 57
3
2
2
4
2
1 356
2
1 980
1 847
1 486
1 296
1 15
1 864
3
2
1 404
2
1 374
1 600
1 290
1 285
3
2
3
1 665
3
2
2
2
3
2
1 248
2
1 220
1 781
2
2
2
1 677
1 33
2
2
1 439
4
1 900
2
1 295
4
1 702
2
2
2
2
2
2
2
2
1 103
3
2
2
1 313
2
1 585
1 147
1 227
3
2
3
2
3
2
2
1 868
4
2
1 984
2
3
4
1 918
2
3
1 983
1 957
3
1 221
2
3
3
2
3
2
1 617
1 886
1 362
2
2
1 333
1 919
3
1 835
2
1 616
3
2
2
1 196
2
2
3
2
2
2
3
2
2
2
2
3
2
2
1 834
2
2
3
1 489
2
1 498
2
3
1 884
3
1 428
3
3
1 519
1 403
1 339
4
1 683
3
2
1 124
2
2
4
2
1 753
1 102
1 182
1 229
2
2
1 780
2
2
3
2
2
1 238
2
1 474
1 759
2
2
3
3
3
2
3
2
3
2
1 271
3
3
2
4
1 854
2
1 966
2
2
2
3
1 600
2
1 648
2
1 260
2
2
3
2
1 474
2
1 389
2
2
2
1 296
3
1 879
3
2
2
1 959
2
4
3
1 691
2
2
2
1 557
4
1 514
1 150
2
3
2
3
1 522
4
4
2
1 892
1 564
1 247
1 975
2
3
2
2
4
1 592
2
1 290
3
2
2
2
3
4
1 273
2
2
3
1 95
1 791
1 635
2
1 800
3
1 320
1 878
2
1 418
3
1 459
1 433
2
1 26
2
1 589
1 708
1 778
1 60
4
2
1 876
1 71
2
1 730
4
2
2
2
1 516
1 780
3
1 482
2
1 909
2
3
2
3
2
1 435
4
2
2
2
1 643
2
2
1 704
2
2
1 151
1 75
2
3
1 665
3
3
4
2
2
1 159
2
2
1 574
1 503
1 160
2
2
4
1 313
2
1 335
2
1 98
1 405
1 839
4
1 220
2
1 506
2
1 906
1 899
2
3
1 54
1 828
3
1 370
1 227
2
1 438
3
1 446
2
2
1 946
3
3
1 142
1 869
3
1 415
2
2
1 624
3
2
2
3
2
2
2
1 386
1 501
1 387
2
1 770
1 660
2
2
3
1 271
1 992
2
3
1 963
1 211
2
4
2
1 331
3
2
1 328
2
3
1 170
2
3
2
1 555
1 203
4
3
1 786
1 408
1 381
1 642
2
1 683
1 485
4
1 402
3
2
1 315
2
2
1 118
3
1 360
3
2
3
3
2
2
1 680
1 308
1 927
1 884
2
1 229
1 585
2
2
2
1 293
3
2
2
1 736
1 987
2
3
2
2
1 3
1 289
2
1 42
3
2
1 722
1 695
3
1 655
1 409
1 270
1 849
2
4
2
1 849
2
2
2
2
2
1 298
3
1 704
2
1 77
2
2
1 652
2
2
2
4
4
1 599
2
2
1 601
4
1 690
2
1 857
1 552
2
1 447
2
1 692
2
2
2
1 116
1 46
1 376
4
2
3
1 783
2
1 378
2
2
1 719
3
1 980
1 217
2
3
1 108
1 293
3
1 359
3
3
2
2
2
2
2
1 526
1 897
1 46
1 93
3
2
4
2
3
3
2
4
2
2
3
1 845
2
3
3
1 756
2
1 409
2
1 269
2
1 473
3
2
3
2
1 119
1 666
3
2
2
1 212
3
1 855
2
2
2
1 314
2
1 384
1 13
3
1 121
3
1 256
3
3
1 201
1 662
3
1 178
1 798
3
2
2
1 270
2
1 611
2
2
3
3
1 129
2
2
2
2
1 516
2
1 863
2
2
2
1 637
2
2
3
1 304
1 445
3
1 262
1 728
1 502
2
3
1 982
2
1 376
1 571
1 771
2
2
1 962
3
1 367
2
1 833
4
1 903
1 409
2
1 347
3
3
2
3
2
2
4
4
1 118
1 911
1 261
1 871
1 243
2
1 510
3
2
1 897
3
1 45
1 205
2
2
2
1 500
1 947
2
1 52
1 959
1 907
1 520
2
2
2
1 56
2
2
4
2
1 640
2
2
3
2
1 936
1 57
1 930
2
2
2
1 921
2
1 598
1 788
1 463
2
2
1 424
2
1 391
1 357
1 695
3
2
2
1 516
3
3
2
3
1 155
2
1 61
1 633
3
2
2
2
2
3
1 130
3
2
2
4
2
1 368
2
2
1 45
2
1 993
2
3
1 793
2
3
2
3
1 393
1 411
1 726
2
2
2
1 388
1 640
3
2
1 910
3
3
1 298
4
4
1 197
2
2
1 761
1 904
1 317
1 911
1 363
1 136
2
1 758
2
2
1 953
1 280
2
4
1 589
1 663
3
1 726
1 267
3
4
1 342
2
2
2
2
2
1 657
1 751
3
2
4
3
1 970
3
1 644
1 839
1 119
2
3
1 673
1 827
2
3
1 949
2
2
1 893
2
2
3
3
2
2
1 783
1 210
3
3
1 516
1 381
1 116
3
1 126
4
1 447
2
1 895
2
2
1 134
4
4
4
2
1 469
1 566
1 929
2
2
1 362
2
1 105
4
1 619
4
1 597
2
1 407
1 642
2
2
2
1 306
3
1 170
2
1 153
3
2
1 440
2
2
3
1 911
3
3
3
4
2
2
3
2
3
2
3
4
3
2
2
4
2
1 12
1 384
1 984
3
3
1 366
2
1 750
3
2
2
1 853
2
2
2
1 220
1 471
2
1 985
1 615
2
2
3
1 852
1 420
1 112
1 614
2
4
2
3
1 744
3
1 287
2
1 786
2
3
1 414
1 612
1 238
3
1 239
2
2
2
2
2
1 346
1 932
3
1 563
1 75
1 27
3
1 360
2
1 577
3
2
3
2
2
1 770
1 37
2
1 65
3
2
2
3
1 562
3
1 709
3
1 728
2
2
1 625
1 610
2
1 984
2
4
2
2
1 267
1 395
2
1 730
2
3
3
2
2
2
3
2
2
2
1 60
2
2
1 510
1 277
4
2
1 768
1 583
4
2
3
1 679
3
1 638
1 27
2
3
4
2
1 292
4
1 12
2
2
2
3
1 776
2
4
3
2
2
1 796
1 472
2
1 789
2
2
4
2
2
2
1 797
1 484
3
2
3
1 534
1 332
1 159
1 692
2
2
1 830
2
3
4
1 460
4
2
3
1 7
2
2
2
2
2
3
4
3
1 54
4
2
2
1 236
3
1 938
1 704
2
2
2
1 33
2
3
2
1 110
2
1 683
2
1 267
2
1 962
2
1 200
1 545
2
2
2
2
3
2
1 561
2
3
1 561
1 153
1 240
1 802
2
1 298
3
2
1 761
3
2
1 845
1 712
2
1 597
4
1 356
2
3
2
3
2
3
1 889
1 485
1 411
1 161
1 813
4
1 92
2
1 356
2
2
2
1 193
2
2
1 968
2
2
2
2
1 382
3
2
1 797
2
2
3
4
1 451
2
1 492
3
2
2
1 69
1 291
2
1 207
3
1 195
3
3
2
4
1 884
3
2
3
1 482
1 450
1 912
1 548
2
3
1 818
2
1 4
1 985
2
1 975
3
3
1 173
3
1 928
2
2
3
2
2
1 445
1 39
2
1 286
1 446
1 290
2
2
2
2
2
1 656
2
3
1 589
2
2
4
3
3
2
1 523
1 631
1 702
1 861
2
3
2
2
2
1 673
2
2
2
3
1 625
1 886
4
3
1 604
2
2
2
3
2
1 976
2
2
3
3
1 293
4
2
2
2
1 686
2
1 157
2
2
1 378
2
2
3
2
4
3
1 764
1 372
1 594
2
1 194
1 923
1 517
2
4
2
4
2
2
4
2
3
1 388
3
1 326
2
3
1 474
3
2
3
2
2
2
4
3
3
2
3
1 970
1 18
3
1 366
1 117
2
1 231
1 956
1 709
2
2
1 228
2
4
3
3
2
1 483
1 323
4
2
2
2
2
4
1 91
1 142
3
3
2
2
1 379
2
1 948
2
1 500
1 306
1 422
1 245
1 540
3
2
2
3
1 597
1 281
3
1 122
2
1 839
2
1 834
3
1 815
3
2
3
2
1 940
1 285
3
2
1 137
4
1 992
1 212
1 920
2
1 229
2
2
1 724
2
2
2
1 688
1 883
3
3
1 806
1 820
2
2
3
2
1 548
1 835
3
1 102
3
1 591
2
4
2
3
2
3
2
1 429
2
2
1 959
2
1 509
2
1 668
2
3
1 471
3
2
2
1 526
1 993
1 467
2
1 634
2
1 898
2
2
2
1 507
2
2
2
2
2
2
2
1 190
3
1 297
3
2
2
3
1 967
1 968
1 730
2
4
2
1 609
1 69
2
2
2
2
2
1 950
1 824
4
2
2
1 993
1 632
2
1 950
2
3
2
1 178
3
3
1 793
2
3
2
1 830
1 823
2
2
3
3
1 406
1 843
2
2
2
2
1 376
2
2
1 696
2
4
1 972
3
2
1 137
2
2
4
1 436
2
2
1 203
1 446
2
1 954
1 328
4
2
1 75
1 778
3
1 738
2
2
1 748
1 281
2
2
2
1 822
1 2
1 447
2
2
1 236
1 585
1 903
2
2
2
2
3
3
2
1 481
2
2
2
1 605
2
1 579
3
2
1 176
3
1 756
3
2
2
1 911
2
1 771
3
2
1 104
4
2
1 873
2
3
2
1 53
2
2
1 74
2
2
2
1 362
1 853
1 151
2
1 270
2
1 128
3
2
1 293
4
2
1 695
2
1 243
4
2
2
2
4
2
3
1 288
3
3
1 432
2
3
1 492
2
3
2
4
2
1 920
1 74
1 315
1 694
2
1 462
1 508
1 236
1 223
3
1 909
2
1 160
1 830
1 716
1 997
2
1 93
3
2
2
4
3
4
1 331
2
2
2
4
1 402
3
3
2
2
3
2
4
1 136
2
3
2
1 242
2
3
1 360
2
1 473
3
1 432
1 96
3
4
3
1 838
1 91
1 774
2
2
1 183
1 762
1 349
3
2
2
1 656
2
1 442
1 534
3
4
2
1 489
4
2
2
1 533
3
2
2
4
1 826
1 82
2
1 846
2
2
1 3
2
1 200
2
3
1 158
1 758
1 41
2
2
1 858
2
3
1 694
1 51
1 133
3
4
2
2
1 403
1 631
1 706
1 46
2
1 702
3
1 156
2
1 159
3
2
3
2
2
2
4
1 313
2
2
2
3
2
1 124
4
1 511
4
1 285
1 879
2
1 298
1 142
3
2
1 984
1 711
2
2
3
3
2
2
3
3
3
1 383
3
3
1 406
1 810
4
2
2
1 576
2
4
1 253
4
1 535
2
1 945
2
2
2
2
1 379
3
1 982
1 561
3
3
2
1 13
1 31
4
3
3
1 853
4
1 909
1 583
1 25
2
1 194
2
1 248
1 709
2
1 814
2
2
1 662
4
3
2
2
1 264
1 359
1 142
2
2
1 161
1 666
2
4
3
2
2
1 172
1 568
2
1 148
1 648
3
3
1 991
3
1 701
2
1 173
2
2
1 172
2
2
1 554
2
2
3
1 900
3
3
1 371
4
2
3
2
1 818
2
4
2
1 243
2
2
1 633
1 526
1 65
1 372
1 723
1 761
2
2
2
2
2
2
2
3
1 77
3
2
3
3
1 858
1 579
2
1 200
1 804
1 989
1 137
3
1 240
2
2
3
1 508
2
2
2
3
2
1 419
1 559
3
1 310
1 713
3
2
1 364
1 609
1 452
1 680
1 336
3
3
4
1 588
2
1 937
4
2
2
1 955
1 956
2
3
1 285
1 27
3
2
3
1 110
2
3
1 582
2
2
1 795
1 535
2
1 634
1 254
2
1 244
2
3
3
1 282
1 239
3
1 467
3
2
3
1 38
2
1 214
2
2
3
2
2
3
2
3
2
1 394
2
1 177
1 322
2
4
2
1 432
1 614
3
1 805
3
2
3
2
3
4
1 751
4
1 601
2
2
1 408
1 469
1 589
2
2
2
2
1 304
2
3
3
1 796
2
3
2
2
1 658
2
2
1 966
3
3
3
4
1 561
2
2
3
2
2
2
1 54
2
2
4
2
2
3
1 118
3
1 597
1 226
4
2
2
2
3
1 796
2
3
2
1 176
2
3
3
2
3
2
1 152
3
1 914
2
1 1
1 104
1 482
1 725
2
2
2
1 420
1 539
1 779
2
1 339
1 714
2
1 257
2
1 648
2
3
2
2
2
2
2
1 913
1 253
1 455
1 979
2
2
1 805
3
1 718
2
3
2
2
3
4
2
1 940
1 517
2
4
2
1 981
2
1 751
1 592
2
1 863
2
1 664
3
2
1 52
1 543
2
3
4
2
1 490
2
2
1 947
3
2
1 783
1 484
1 233
1 208
3
2
1 231
2
3
1 597
2
2
1 60
1 21
3
3
1 40
2
1 529
2
1 131
2
3
1 992
1 973
2
1 506
3
2
1 813
4
2
2
1 538
3
2
1 150
2
2
3
2
3
3
2
1 102
3
3
1 725
2
1 748
1 400
1 553
1 641
2
1 981
2
2
2
1 146
2
1 808
2
2
3
2
2
3
2
3
2
2
1 282
1 222
2
2
2
2
3
1 719
2
1 195
1 808
2
3
2
1 545
3
2
1 623
1 766
4
1 797
2
2
1 203
2
2
4
1 488
2
1 709
2
3
2
3
3
3
2
2
4
2
1 830
4
2
1 38
2
2
1 998
1 917
4
1 275
3
2
3
1 623
1 350
2
3
3
2
1 398
2
1 779
1 49
2
1 159
2
1 520
2
2
3
3
2
2
2
2
3
2
2
2
3
3
3
2
2
1 930
2
2
2
4
2
2
2
1 356
3
1 209
1 552
2
1 177
3
3
2
3
2
2
1 625
3
1 63
1 923
1 835
3
2
2
1 134
3
1 540
4
2
3
2
3
1 901
2
1 374
2
1 273
3
1 349
2
1 973
1 41
2
2
3
3
4
1 207
3
1 550
2
3
1 815
1 592
3
3
1 212
1 710
1 48
1 211
1 469
3
1 230
2
1 471
4
2
3
3
3
1 262
1 342
3
1 528
1 373
1 653
1 271
3
2
2
2
2
1 776
1 823
2
4
2
1 40
1 884
3
2
1 229
1 481
1 218
2
2
2
2
1 711
2
1 265
1 421
1 190
3
2
2
1 582
3
2
2
1 514
2
2
2
1 18
1 117
3
2
2
1 822
2
1 515
2
3
2
1 271
2
1 519
2
2
3
1 577
2
1 664
2
1 724
2
1 509
2
1 605
2
2
3
1 204
2
1 903
4
1 526
2
3
1 613
1 14
1 506
3
1 588
2
1 444
1 746
2
1 767
2
2
2
3
2
2
4
4
2
1 427
2
2
2
2
3
2
2
3
2
1 213
2
1 627
1 782
2
3
1 11
2
1 180
4
4
1 826
4
1 162
2
2
3
1 452
2
1 125
1 723
1 355
3
2
3
2
3
1 783
2
2
2
2
2
2
3
3
1 236
2
2
2
3
4
1 803
4
1 664
2
2
2
1 250
2
2
4
1 347
2
2
1 497
3
1 919
1 647
1 580
1 150
1 96
1 33
3
1 642
2
2
4
3
2
1 108
1 570
2
2
2
2
1 235
4
2
1 924
4
2
2
2
3
2
1 396
2
1 181
1 441
3
4
2
2
3
2
2
1 403
1 214
1 547
1 683
3
2
2
3
2
1 611
2
1 408
2
4
2
2
2
2
2
2
1 816
1 374
3
2
1 617
2
1 462
1 462
3
3
1 300
1 949
1 823
3
2
1 40
1 489
1 842
1 22
1 82
1 675
3
2
2
2
1 73
1 363
1 583
3
1 848
2
3
1 65
1 656
1 938
1 101
1 555
3
1 335
2
2
1 520
1 20
2
3
1 788
3
2
2
3
3
1 516
1 654
1 600
1 281
1 420
1 249
1 381
2
3
1 625
1 270
2
1 663
1 247
1 773
2
2
2
1 332
2
3
1 763
1 382
2
3
3
2
2
4
2
2
3
2
1 754
2
1 154
3
2
2
2
2
2
1 118
2
1 740
4
1 615
2
1 3
3
1 856
3
1 792
2
1 748
1 172
4
2
1 601
2
2
3
4
1 511
3
3
3
1 125
1 312
2
1 648
1 638
1 226
2
2
1 925
1 965
2
2
1 475
1 829
2
4
2
2
2
2
2
2
2
2
4
3
1 828
4
2
2
2
2
3
4
1 868
2
4
2
4
1 39
2
3
2
1 298
2
1 16
2
2
3
3
1 404
3
2
1 954
1 305
4
1 620
2
2
2
1 185
1 151
1 793
2
3
2
2
3
1 347
3
1 691
4
2
1 386
1 731
1 153
2
2
1 858
1 72
4
1 725
2
1 790
1 99
3
2
1 795
1 796
2
2
3
1 344
3
2
1 759
1 354
4
3
1 748
1 817
3
1 278
1 299
1 452
2
2
3
2
1 416
2
3
3
1 167
3
2
3
1 685
4
3
1 561
1 510
1 382
2
2
2
4
1 661
1 868
1 476
2
4
1 31
3
1 899
3
2
1 872
1 469
1 951
2
3
2
2
2
1 550
3
2
1 636
4
1 268
2
1 13
2
1 103
2
1 888
3
2
2
2
2
3
1 349
1 763
4
4
2
1 900
1 478
2
2
1 884
2
2
2
1 819
1 792
3
2
1 508
1 861
2
1 9
2
1 271
2
2
2
1 140
2
1 724
1 659
1 476
2
2
3
3
1 737
2
1 550
4
1 136
1 432
3
3
2
2
1 62
1 667
1 596
3
2
1 855
2
3
1 520
1 734
2
1 110
3
2
3
3
2
2
2
2
2
2
2
1 507
2
3
2
2
2
2
2
1 452
1 939
3
2
4
3
1 626
2
2
1 965
1 279
2
1 417
1 961
2
2
1 165
2
2
2
1 575
1 756
3
2
1 615
2
3
1 269
2
1 639
2
1 80
1 185
2
3
1 785
2
3
1 54
2
2
3
1 563
1 414
2
2
4
1 98
1 391
2
2
4
3
3
1 962
3
3
2
1 52
2
2
3
2
2
4
3
2
1 391
1 975
1 517
2
1 538
1 446
1 137
1 448
1 694
2
2
3
1 630
2
4
2
2
1 498
3
2
2
2
1 333
2
1 985
1 191
1 167
2
3
1 387
2
2
3
2
1 413
1 512
1 637
2
2
1 675
2
2
2
2
4
1 749
2
2
2
3
1 683
2
2
1 764
2
2
2
2
3
1 508
2
1 732
1 394
1 115
2
2
2
1 725
1 504
4
3
3
2
1 261
2
1 249
1 540
3
1 855
3
1 956
2
1 85
1 761
1 887
2
1 913
3
2
2
2
2
1 769
1 68
2
1 970
1 363
1 917
3
2
2
1 269
1 811
2
2
1 896
1 762
2
1 546
2
4
2
2
1 400
1 745
2
1 376
1 815
1 707
1 724
1 468
1 91
1 543
1 908
3
3
1 339
1 251
2
1 252
3
2
3
2
1 299
1 534
2
1 615
3
2
2
2
1 733
1 691
1 82
4
3
2
3
1 649
2
3
1 865
1 785
1 688
2
4
2
3
3
1 163
2
1 178
1 916
3
1 415
1 305
4
4
3
3
1 940
2
3
2
1 355
2
2
1 500
3
2
3
3
2
2
4
2
2
1 485
2
1 334
2
4
3
1 637
1 569
2
2
2
3
1 749
1 974
1 723
3
3
4
2
1 983
1 280
1 165
2
2
2
1 696
2
2
3
1 420
3
2
2
2
3
2
1 395
1 798
2
3
2
1 967
4
2
2
3
2
2
2
1 294
2
1 919
4
4
1 572
3
2
2
1 940
2
3
2
1 399
1 573
3
2
3
2
2
2
1 218
2
1 198
1 950
1 175
2
2
2
2
3
1 440
2
2
4
3
3
1 595
3
2
1 313
3
2
1 620
2
1 279
1 365
2
3
2
1 908
2
3
3
2
2
1 392
2
1 629
2
3
1 306
2
1 504
1 716
2
3
1 593
2
3
3
3
1 205
2
2
2
3
1 144
3
2
4
1 258
1 630
2
2
2
1 546
1 382
1 305
2
1 550
3
2
1 600
2
4
1 45
1 746
1 187
1 407
2
2
3
2
3
3
2
1 372
4
1 312
1 881
2
1 685
1 889
2
2
4
1 188
1 791
3
3
1 249
3
3
4
1 83
1 383
2
3
2
2
1 750
1 817
2
3
4
3
1 591
1 455
1 272
3
2
1 550
2
1 606
2
1 863
1 42
3
2
1 124
1 93
1 516
1 406
4
2
4
2
3
1 56
1 648
3
3
4
3
3
2
1 891
1 750
1 450
2
1 4
1 775
2
1 758
1 673
1 87
1 476
1 895
1 686
2
2
1 467
1 59
3
4
2
2
2
1 407
2
2
2
3
1 339
1 585
2
1 39
2
3
2
2
2
2
1 928
2
1 847
1 429
2
2
1 834
3
2
2
1 468
2
2
2
4
1 902
3
3
3
3
1 166
2
1 985
1 163
1 295
1 873
1 198
2
1 481
3
2
1 823
1 481
2
1 1000
2
2
1 331
1 941
2
3
2
1 101
1 87
2
4
2
2
2
1 876
2
2
2
2
3
1 406
3
4
1 250
3
2
2
1 745
1 418
1 366
1 701
2
1 273
1 2
1 384
4
2
1 933
3
1 119
1 914
1 758
2
2
2
2
1 338
2
1 539
2
3
1 943
2
3
3
1 482
2
1 266
1 395
1 758
2
2
2
4
2
2
1 598
1 655
1 191
1 298
1 500
1 54
3
1 377
2
2
3
3
2
1 449
1 963
3
3
3
1 30
1 281
1 365
2
1 594
2
2
3
3
1 232
1 505
2
2
3
1 544
2
1 901
2
3
2
2
2
2
1 831
2
3
4
2
4
2
2
3
1 485
2
1 695
1 290
1 108
1 903
2
2
1 512
3
2
1 956
1 13
1 967
2
2
1 635
3
3
2
1 867
3
2
4
1 274
3
1 543
1 868
3
1 622
1 985
3
1 957
3
1 626
2
2
1 264
2
1 114
4
3
1 625
3
3
3
3
1 523
2
1 914
3
1 64
1 437
1 397
4
1 773
3
3
3
1 686
2
2
2
3
2
2
1 965
3
4
2
1 130
1 359
1 736
1 116
2
1 439
2
2
1 217
1 140
1 844
2
1 768
2
1 24
2
1 56
1 301
1 929
2
2
2
2
2
2
2
1 724
1 607
1 496
1 582
2
3
4
2
1 949
3
4
2
1 941
1 893
1 882
3
2
3
2
2
2
1 461
2
1 832
3
1 670
3
1 447
2
1 204
2
1 955
2
3
1 349
2
1 431
2
1 134
3
2
2
2
1 361
1 231
1 778
1 99
3
3
3
2
1 471
1 177
1 438
2
4
1 473
1 572
2
1 877
4
1 109
2
4
1 360
2
1 569
2
1 774
3
1 453
3
1 449
2
2
1 917
2
1 303
3
3
1 907
3
3
2
3
1 991
4
1 345
2
1 772
2
2
2
2
2
3
3
3
2
1 469
1 839
3
2
3
3
1 342
2
1 157
1 805
2
1 472
1 393
2
3
2
2
3
2
4
2
1 115
2
1 158
1 846
3
2
3
2
3
2
1 579
2
1 705
1 649
1 645
4
2
2
1 533
2
1 926
1 91
1 274
1 941
1 606
3
3
1 555
1 33
2
2
3
2
1 565
1 794
1 42
1 569
2
2
2
1 580
1 775
1 264
1 194
1 7
3
3
2
3
1 76
2
1 519
1 571
1 100
2
1 828
1 197
3
3
2
2
3
1 278
2
2
2
1 289
2
1 952
1 158
2
2
1 98
1 985
1 757
4
1 921
1 806
1 676
2
3
3
1 16
1 879
1 423
2
2
3
4
1 491
4
1 884
1 951
1 795
1 415
3
3
2
2
2
1 443
3
2
2
2
1 278
1 570
3
2
2
1 363
1 892
3
4
2
1 512
2
2
1 37
4
1 309
2
4
2
1 801
1 570
3
2
2
2
1 160
1 514
1 257
1 9
2
1 68
2
1 21
1 366
1 302
2
2
3
2
1 675
2
2
2
2
3
4
1 717
2
4
3
3
2
2
2
3
1 792
1 186
1 834
3
1 918
3
2
1 399
1 896
2
1 836
3
1 270
2
4
2
2
2
2
2
3
2
2
3
1 397
1 672
2
3
2
2
1 774
2
1 876
1 164
1 390
2
2
1 364
1 191
2
3
1 171
2
4
1 202
2
4
1 822
3
1 179
3
1 9
2
1 846
1 534
1 425
1 689
3
3
1 589
1 287
3
1 709
3
1 309
2
2
4
3
4
2
3
3
4
1 844
1 746
2
2
1 942
2
2
3
1 17
3
2
2
1 943
1 483
1 541
1 166
2
1 942
3
1 962
3
1 640
1 263
1 831
3
4
1 124
1 150
1 54
1 303
2
2
1 72
1 367
3
2
4
4
2
1 626
2
2
1 288
3
2
4
1 90
1 483
2
1 43
1 183
2
3
2
1 783
2
4
1 563
2
2
1 393
2
2
2
1 814
2
2
1 739
2
1 183
2
1 448
2
2
1 644
1 136
3
2
3
1 418
2
4
1 147
3
3
2
1 72
1 383
1 839
2
3
2
2
3
3
3
1 266
1 252
3
1 628
2
1 598
1 665
1 276
1 621
4
1 11
2
1 640
1 292
1 714
3
2
2
3
3
2
1 483
4
1 663
1 353
2
2
2
2
2
2
3
3
1 447
2
1 492
1 977
4
3
3
1 224
3
2
3
2
2
3
1 431
2
1 906
2
1 996
2
1 611
1 767
2
2
2
2
1 960
3
2
2
3
1 860
1 24
2
1 852
1 647
1 658
1 305
1 565
2
1 638
2
1 911
2
2
2
1 759
1 102
3
4
2
1 409
1 526
1 988
1 122
1 892
2
4
2
3
2
4
1 865
3
1 944
2
1 469
3
4
4
3
2
2
4
1 951
2
3
2
1 513
1 839
3
1 714
2
1 97
1 81
4
1 556
1 841
3
4
1 859
2
2
3
1 244
4
2
2
2
2
2
1 670
3
1 31
3
3
2
2
2
2
2
4
3
1 868
2
3
4
1 850
2
2
1 16
3
2
3
3
2
4
1 295
1 173
1 65
3
1 477
2
2
1 783
3
1 476
2
1 483
1 474
1 896
1 844
2
1 545
3
4
2
1 955
2
3
4
2
3
2
2
1 453
1 681
1 854
2
2
1 625
1 736
1 747
2
1 390
2
1 347
2
2
1 265
2
2
2
4
2
1 975
2
2
1 454
1 147
1 255
2
3
2
2
3
3
2
3
1 500
1 130
1 34
1 205
1 766
2
1 470
2
2
1 918
1 455
2
1 35
1 210
3
1 292
3
2
3
2
2
2
2
2
1 203
2
1 443
3
1 243
1 141
2
1 783
2
2
2
3
1 657
1 992
2
3
3
3
2
1 770
3
1 783
1 963
3
1 767
1 157
3
1 62
3
3
3
2
1 142
2
3
1 231
3
1 109
3
3
3
1 766
3
2
2
2
1 769
2
3
2
1 461
3
2
1 94
1 208
3
1 431
1 933
4
1 94
2
3
1 687
2
2
2
1 798
1 197
2
4
2
3
3
3
2
4
1 463
3
4
2
3
1 955
2
2
1 702
1 798
2
2
1 253
1 307
2
2
3
2
2
1 2
1 592
2
2
2
2
4
4
1 85
1 688
1 803
3
3
1 129
4
1 574
1 921
2
2
3
3
1 472
1 314
1 476
2
2
3
1 283
2
1 599
2
1 500
1 224
3
3
1 772
1 678
1 568
2
1 779
3
1 661
1 35
1 254
2
2
3
1 980
1 895
2
2
2
1 751
3
2
3
1 891
4
1 106
2
2
1 345
3
1 623
1 133
2
1 693
1 477
3
2
1 775
2
1 553
1 60
1 202
3
1 444
1 627
2
1 497
1 276
4
4
1 976
4
4
1 501
2
3
2
2
1 676
2
3
3
1 334
4
2
1 966
3
1 554
1 580
2
3
1 326
1 78
3
1 24
1 402
3
2
1 443
1 701
1 641
1 26
1 784
2
2
1 718
2
2
3
2
2
4
2
2
2
4
1 304
1 169
2
1 861
2
1 45
2
2
1 315
2
2
1 14
2
2
1 320
1 142
2
1 730
2
1 789
1 840
1 943
4
2
1 333
1 562
2
1 267
2
1 310
3
4
2
2
2
2
2
1 651
2
3
1 416
2
3
2
2
3
2
1 285
2
2
1 607
3
3
2
2
3
2
2
1 80
3
1 829
3
1 556
1 876
2
1 592
1 614
2
1 420
1 220
3
2
1 935
2
1 150
3
1 94
4
1 339
2
2
2
3
1 266
3
1 407
2
1 157
1 425
2
2
3
1 492
3
2
1 468
1 618
4
4
2
2
1 191
4
1 51
3
1 330
2
1 613
2
3
1 278
2
1 212
1 94
4
2
2
2
1 46
1 432
2
2
1 498
2
2
3
2
4
1 394
2
2
2
3
3
3
1 81
2
1 919
1 258
2
1 156
3
2
1 508
1 386
1 996
1 426
3
3
1 588
1 557
2
4
2
3
1 657
1 736
2
2
1 74
3
2
2
1 876
3
1 213
1 849
1 495
2
1 600
2
2
1 763
1 914
1 653
1 491
2
2
1 277
2
2
1 800
3
2
1 872
2
2
3
1 597
2
2
2
2
2
1 675
1 769
2
1 591
2
3
1 472
1 868
2
3
2
3
3
1 426
3
2
1 174
4
1 925
1 46
3
4
3
3
1 606
1 581
1 669
2
1 596
1 275
1 464
2
1 13
1 749
2
3
3
1 638
2
1 519
3
2
2
1 930
1 973
2
1 877
1 779
1 625
1 352
2
1 962
2
2
2
1 78
3
4
3
2
2
1 450
1 916
2
1 233
2
3
2
3
2
1 691
2
2
1 39
4
2
2
1 321
2
2
2
1 904
3
1 342
1 815
2
2
1 658
2
1 245
1 516
1 964
2
1 538
1 136
2
2
1 579
2
2
1 697
2
1 126
3
1 718
1 740
2
3
1 196
3
1 66
1 988
2
3
2
2
3
2
3
1 702
2
2
2
2
1 501
1 601
1 5
3
1 713
1 732
2
1 115
1 9
3
1 892
1 395
3
4
3
2
1 768
3
1 446
1 831
1 919
4
1 57
2
1 398
1 159
2
3
3
1 837
1 799
1 97
1 693
1 437
2
1 158
1 920
2
1 673
3
3
1 309
1 259
2
2
4
1 706
1 121
2
3
1 614
2
1 175
1 486
2
2
1 511
4
2
4
2
1 151
2
1 543
1 869
1 106
1 83
1 626
3
3
1 195
2
4
1 881
1 606
2
1 205
1 752
2
1 710
1 313
1 914
1 877
1 245
2
1 858
3
2
2
3
2
3
1 718
2
3
1 773
1 732
1 964
3
2
2
3
2
2
1 464
1 788
2
1 898
2
3
1 23
2
2
2
1 530
2
2
2
1 781
1 803
4
1 395
2
3
4
4
1 833
1 929
2
2
2
3
3
3
2
3
3
3
2
3
3
1 515
1 572
2
1 217
3
4
2
2
1 492
1 321
1 973
2
3
3
1 26
1 763
1 368
2
2
2
1 632
2
4
2
1 210
2
1 767
2
3
1 767
1 4
1 630
1 421
2
1 696
2
2
2
1 346
1 399
1 346
1 8
2
3
1 318
1 562
1 916
3
2
2
1 170
2
3
2
3
3
2
4
2
1 932
3
1 580
2
3
2
2
2
2
2
3
1 628
1 802
3
1 509
2
1 635
3
1 17
2
1 581
2
2
1 910
2
3
3
3
2
1 231
2
1 374
1 170
2
1 790
1 341
1 793
1 454
1 852
1 651
3
2
3
2
2
1 488
2
1 343
4
1 86
1 419
1 567
2
4
2
1 297
1 72
2
4
1 595
2
4
2
1 317
2
2
4
1 582
1 826
1 833
2
1 810
4
2
2
2
1 736
1 673
1 681
1 732
2
2
1 854
2
1 619
1 729
2
1 71
2
1 780
1 91
2
1 824
2
2
2
1 235
2
1 160
1 330
1 201
1 861
1 863
1 738
2
3
1 290
1 719
1 633
1 783
1 345
2
4
2
2
1 603
1 353
2
1 911
2
2
2
1 804
2
4
2
1 202
3
1 731
4
2
1 406
2
3
1 514
1 838
1 323
2
3
2
2
1 443
2
1 886
1 664
3
2
2
3
1 980
2
1 407
3
1 234
1 864
2
2
2
1 330
3
1 262
2
1 448
2
2
4
3
1 892
3
1 374
1 786
3
2
2
1 745
1 136
2
1 109
3
1 860
1 895
2
3
2
1 433
1 390
2
1 215
2
2
2
1 668
2
2
3
3
2
2
2
2
4
2
2
3
3
1 129
1 878
1 678
1 490
2
3
1 339
2
1 717
1 91
1 273
2
1 563
2
2
2
1 919
2
1 546
2
1 338
1 723
2
2
1 844
2
2
2
1 103
2
1 4
1 122
1 232
4
3
4
1 451
1 773
2
3
1 615
1 230
2
1 523
3
1 943
4
2
1 605
3
2
3
3
4
2
2
1 778
1 670
3
2
3
2
1 479
3
1 145
1 402
1 348
2
2
4
2
1 205
1 192
2
2
2
1 370
2
2
2
1 20
4
1 686
2
2
1 466
2
1 93
3
1 166
1 106
1 345
1 933
1 386
1 779
1 538
1 406
1 252
2
1 621
1 338
1 776
3
2
2
1 872
2
2
1 505
1 338
1 578
1 444
2
1 348
3
1 239
1 99
2
1 992
1 274
2
1 555
2
2
3
2
1 551
3
2
1 341
2
1 13
1 730
2
1 723
3
1 350
3
2
3
2
2
2
1 523
2
1 342
2
4
1 897
3
2
1 992
3
3
4
2
2
2
3
4
4
2
3
1 343
2
3
1 573
1 53
1 619
2
2
2
2
3
1 212
2
2
2
3
1 863
3
1 352
2
1 616
1 596
2
2
2
3
2
3
1 873
3
2
1 460
2
1 195
1 440
2
3
1 794
1 145
2
1 747
1 989
4
3
1 551
3
2
1 915
2
2
3
2
1 512
1 400
1 340
4
1 340
3
2
2
3
2
3
3
3
1 241
4
1 652
2
1 499
3
1 840
1 851
4
1 663
2
1 303
1 549
1 906
1 100
1 380
1 434
2
2
2
1 192
2
2
2
3
1 59
2
2
1 719
1 379
2
3
1 461
2
1 213
2
2
2
1 99
1 502
1 343
2
4
2
2
2
2
2
1 607
2
3
2
3
4
2
1 431
3
3
2
1 491
1 584
2
2
4
2
3
4
1 143
2
2
1 220
2
2
2
1 435
1 100
2
2
3
1 310
2
2
1 612
4
2
1 350
1 224
1 528
1 417
3
1 907
1 62
1 29
2
1 124
1 9
1 726
4
4
1 458
2
2
2
2
3
3
2
1 671
2
2
2
2
2
3
2
1 335
1 375
3
1 243
2
1 134
1 131
3
2
2
1 700
2
1 240
1 620
1 59
1 214
2
3
1 236
1 281
2
3
2
2
3
1 944
2
1 254
1 647
2
3
2
4
1 592
4
2
3
1 343
3
1 954
1 714
1 990
3
2
4
2
1 950
3
3
2
3
2
2
3
3
1 673
3
2
2
2
2
2
1 304
2
3
2
3
1 6
2
2
2
2
3
2
1 970
2
2
1 905
2
2
2
3
3
2
1 1
2
1 854
3
2
1 35
3
1 145
3
2
2
1 421
3
1 356
1 366
2
3
2
2
4
3
1 475
1 305
1 239
1 416
2
1 674
2
2
1 627
2
2
1 54
1 809
4
1 459
4
1 356
1 421
1 662
1 305
1 861
3
2
1 132
2
3
2
2
2
3
3
4
3
2
2
2
1 265
2
3
4
3
1 968
2
2
2
2
3
3
2
1 11
1 537
4
4
2
2
2
1 705
2
1 150
2
1 68
1 989
1 532
1 312
2
2
2
1 358
1 616
4
2
3
4
1 515
2
1 569
2
2
1 489
3
2
2
2
2
1 766
3
2
2
2
3
3
3
2
2
2
3
3
2
1 414
3
2
4
2
3
3
1 486
1 796
2
2
1 77
3
3
1 284
3
1 931
3
2
1 508
2
2
3
2
3
2
1 74
1 513
1 780
3
3
2
1 663
2
2
4
3
1 311
2
1 817
2
1 73
1 166
1 352
1 323
1 387
1 25
1 164
1 452
2
2
1 371
3
1 313
3
1 110
3
4
1 733
4
1 685
1 209
2
1 577
2
2
3
3
2
1 619
2
2
1 232
2
3
3
3
2
1 430
2
2
2
2
1 44
2
3
4
1 120
2
1 463
2
2
1 96
2
3
4
1 600
2
3
2
1 311
2
1 476
2
3
2
2
1 413
3
1 469
1 17
1 99
1 148
1 316
2
2
1 482
1 684
1 997
1 429
2
1 378
2
2
2
1 272
2
1 354
2
3
1 576
1 830
2
3
2
1 271
2
3
4
2
1 487
3
1 747
4
1 102
3
1 909
3
1 795
4
3
3
1 777
2
2
1 922
2
2
2
4
3
1 788
1 525
3
4
1 586
3
1 514
1 83
1 524
2
1 333
1 383
2
4
2
4
3
1 210
3
4
1 292
3
1 321
2
2
2
1 893
1 674
2
1 542
3
2
2
2
4
1 416
2
2
1 620
1 299
1 142
2
2
2
1 98
2
3
3
3
2
1 486
2
4
2
2
1 794
3
2
2
1 953
3
2
2
3
2
1 576
2
1 653
2
2
3
4
2
2
2
2
3
2
1 495
2
1 681
3
1 918
4
3
1 900
1 329
1 937
2
3
2
3
1 892
2
1 557
3
1 958
1 986
1 149
2
1 753
2
4
3
2
2
1 606
2
2
1 676
2
3
1 776
1 455
2
1 385
1 726
1 648
2
3
1 3
3
3
1 467
2
2
4
1 431
1 632
2
2
4
1 223
1 90
1 970
3
3
1 26
2
1 580
2
2
1 569
1 461
2
1 411
2
1 642
1 524
2
2
3
1 619
1 460
1 23
2
1 254
2
2
2
1 20
1 72
1 334
1 124
1 179
3
1 110
1 593
3
1 807
3
2
1 193
2
1 121
3
4
2
4
1 111
1 175
1 765
3
3
2
3
1 969
3
2
2
2
2
1 931
2
1 130
1 183
3
1 980
2
1 308
4
2
2
1 268
4
1 868
1 273
3
1 775
2
2
2
3
1 21
1 210
1 835
2
2
3
3
3
2
3
1 570
1 788
1 62
3
2
1 243
2
3
2
2
1 933
2
1 59
2
2
2
1 109
2
1 926
1 310
1 309
2
1 312
3
3
2
3
2
2
3
1 16
1 259
1 408
2
1 140
3
3
4
3
1 825
2
1 447
2
1 550
2
2
2
2
1 492
3
2
1 361
1 752
2
2
1 919
2
2
2
2
3
4
1 65
1 603
4
1 624
1 720
3
4
1 384
1 149
3
1 383
2
2
2
3
1 559
2
1 643
1 106
2
3
3
1 642
2
3
2
3
2
2
2
2
2
3
2
1 403
2
2
1 152
1 948
1 295
2
4
1 811
1 793
1 567
1 930
1 670
2
1 422
2
3
2
2
1 733
3
2
1 959
1 849
3
2
2
1 141
2
2
2
3
2
3
1 406
3
2
2
1 163
1 136
1 697
2
2
4
2
4
2
2
2
1 610
1 386
3
2
2
2
3
1 575
1 709
3
3
3
2
3
2
1 773
2
2
2
2
1 166
2
3
2
4
1 964
1 578
1 708
2
1 814
2
2
1 633
2
3
2
1 798
1 802
1 113
2
1 669
2
1 126
2
2
3
3
1 122
2
1 293
2
1 378
1 840
3
3
2
2
3
2
1 528
1 848
2
2
2
1 395
3
2
1 959
1 603
1 453
1 913
1 106
1 434
3
3
3
2
1 316
1 113
1 525
1 439
4
3
2
1 972
4
2
2
3
1 346
2
1 935
2
2
3
1 154
1 466
4
2
2
1 286
3
1 884
2
3
1 853
1 424
1 197
2
3
1 190
2
2
3
2
2
2
1 695
3
2
3
3
4
1 812
1 877
1 911
4
2
2
2
3
2
2
3
1 793
1 985
2
1 674
1 632
2
1 678
2
1 788
1 530
2
2
2
4
4
1 150
2
1 570
1 615
3
4
1 713
1 480
1 121
2
1 836
1 864
1 635
1 651
1 725
2
2
1 67
2
2
2
1 830
1 995
3
1 75
2
3
2
2
1 412
2
3
1 769
2
4
1 636
3
4
2
2
2
2
2
2
1 943
1 557
2
1 112
2
2
4
1 304
1 92
1 878
3
2
1 624
1 938
1 844
2
1 329
2
3
3
1 207
1 966
2
1 123
1 401
2
2
1 939
1 153
2
2
1 13
2
2
4
2
2
1 284
1 411
1 387
3
2
3
1 955
1 371
1 753
1 159
3
1 29
1 573
1 428
3
2
2
2
2
2
1 155
2
1 690
4
1 483
2
2
1 827
1 291
1 937
1 409
2
1 879
2
2
2
1 824
2
2
1 457
2
2
1 319
1 112
3
1 645
1 99
2
2
2
1 728
2
3
1 137
1 474
2
2
1 34
1 746
3
1 994
2
2
2
2
1 854
1 976
1 644
2
1 500
1 931
1 991
2
2
4
1 832
1 382
2
1 372
1 724
2
3
1 736
1 761
1 962
2
3
1 239
1 299
1 770
1 56
2
1 368
2
1 746
1 379
1 140
3
2
3
1 791
2
3
3
2
2
1 20
3
2
3
2
3
1 997
2
2
1 761
1 57
2
1 117
2
1 757
1 437
2
3
2
4
3
2
2
2
3
1 236
2
2
3
1 101
1 71
3
1 607
2
2
1 3
4
1 79
1 777
2
1 543
2
1 194
2
3
2
1 782
2
3
3
3
2
1 334
3
2
3
3
1 160
3
2
4
1 387
2
1 70
2
2
1 411
1 804
2
1 835
1 96
2
2
1 88
3
2
1 747
4
1 709
3
1 628
2
2
2
2
3
4
1 844
1 749
1 678
1 714
2
1 485
1 720
1 676
1 819
2
4
2
2
2
1 807
4
3
1 925
2
2
3
1 6
3
2
1 528
2
1 587
2
1 840
1 352
3
2
1 912
3
1 789
2
3
3
3
1 914
2
1 628
2
2
2
3
3
1 136
1 984
1 392
2
1 156
2
1 472
2
3
2
4
2
1 787
1 555
1 448
2
3
3
1 752
1 314
1 697
1 254
3
2
2
2
3
2
3
3
1 393
1 415
3
4
1 42
2
4
1 219
1 114
2
2
1 317
1 6
4
3
3
2
1 169
1 736
2
2
3
3
4
1 891
3
3
4
1 137
2
1 951
3
2
2
2
1 562
3
1 779
2
2
1 17
2
2
1 235
1 529
1 836
3
4
3
2
1 544
3
4
2
2
2
3
3
2
1 540
3
1 448
2
2
1 879
1 944
1 769
2
1 333
2
2
1 123
2
3
1 468
1 624
2
2
1 461
2
2
3
3
4
1 617
1 851
1 917
2
1 595
1 468
1 154
2
3
1 458
2
4
2
2
1 51
2
3
1 907
2
3
1 742
3
2
1 898
1 603
1 371
4
3
2
1 49
1 502
2
2
1 166
2
1 322
1 648
1 687
1 862
3
1 681
4
3
3
3
2
1 931
2
1 955
2
2
2
1 871
1 155
2
2
2
1 917
2
2
1 8
1 48
1 339
4
2
3
1 562
1 51
2
2
1 697
2
2
2
1 827
1 649
2
1 756
1 134
2
1 688
1 132
2
4
2
2
2
2
3
1 703
4
1 112
1 293
1 195
1 829
4
2
3
2
3
3
1 27
2
1 166
1 21
1 69
1 115
3
1 580
3
1 489
1 130
1 532
2
2
4
3
2
2
2
4
2
2
1 696
3
2
3
1 242
3
1 907
1 212
2
1 280
2
2
3
3
2
1 758
2
2
1 119
2
1 13
1 681
1 89
1 681
2
2
3
1 248
2
2
3
1 480
1 501
1 244
2
1 836
2
2
2
2
3
3
1 798
2
2
1 871
1 261
2
2
2
1 127
1 786
3
3
1 923
2
1 892
1 400
1 695
1 43
3
1 884
2
1 7
1 754
2
2
4
1 150
3
2
2
1 400
2
1 780
2
2
3
2
1 667
2
2
2
2
4
2
1 258
1 503
2
2
2
1 822
1 860
1 177
2
2
2
2
2
3
2
2
1 405
1 379
2
3
1 522
2
2
2
2
2
3
3
2
4
3
2
2
3
1 652
2
1 369
1 337
2
2
1 5
2
3
1 852
1 147
2
2
4
1 671
3
2
1 37
2
3
4
2
1 585
3
1 627
3
3
1 249
1 820
2
2
2
3
2
1 112
1 209
2
1 644
3
1 830
2
2
1 755
2
2
3
2
2
2
2
1 930
1 810
2
1 826
2
2
1 110
1 564
1 844
1 352
1 75
1 780
1 752
1 768
2
2
2
1 204
2
2
1 649
2
2
1 212
2
4
2
1 698
1 448
2
1 794
2
1 705
3
2
2
1 908
3
1 147
3
1 75
3
3
2
2
2
2
2
3
2
1 952
1 619
2
2
1 48
2
1 230
1 486
2
3
1 365
3
1 555
3
3
2
1 694
2
3
3
3
3
1 213
2
2
2
3
2
1 399
2
2
1 501
2
2
1 359
1 996
2
2
2
1 487
4
1 923
3
1 820
2
2
4
1 918
1 555
1 742
1 32
1 464
1 595
3
1 872
2
1 301
3
1 886
1 463
2
4
2
3
1 398
2
3
1 196
2
1 331
2
2
3
2
2
2
3
2
3
1 712
2
3
2
1 125
2
3
1 913
2
1 22
2
2
3
3
2
2
3
2
4
2
3
4
2
2
1 824
1 511
2
4
3
1 611
1 117
1 122
1 721
1 973
3
3
2
3
2
3
4
2
2
1 160
2
1 846
1 188
3
1 377
4
2
1 481
1 445
2
1 717
3
1 231
1 169
2
1 370
2
1 194
1 837
3
1 630
1 54
1 405
2
3
3
1 141
2
1 964
1 955
3
2
1 1
3
1 307
2
3
1 361
1 904
4
2
1 781
1 964
1 212
2
1 52
4
1 758
1 106
2
1 796
2
1 561
3
2
2
4
1 334
3
2
1 49
1 626
1 766
2
2
1 393
1 59
2
2
2
1 206
1 665
1 447
2
3
3
2
4
1 106
1 369
1 293
3
1 143
3
1 578
2
2
2
2
3
2
3
1 243
2
2
4
3
1 784
1 537
1 765
1 357
1 85
2
2
4
1 560
1 609
1 112
3
1 839
2
2
1 979
2
1 417
1 779
2
2
1 179
2
3
1 99
1 336
1 189
2
2
1 311
1 85
1 219
1 884
2
1 18
2
1 151
3
3
2
3
