200
1 296
2
1 930
2
1 27
2
2
1 353
2
2
3
2
2
3
1 983
1 615
3
2
1 607
2
4
3
1 557
2
2
2
1 322
1 85
3
2
2
2
4
3
2
2
2
2
3
1 506
3
3
2
3
1 429
1 406
3
2
1 260
1 789
2
2
3
1 257
3
2
2
2
1 679
1 425
3
1 975
3
4
2
3
3
3
2
2
2
2
1 186
2
3
1 891
2
3
3
1 666
1 239
2
1 676
1 259
2
2
1 581
2
2
1 93
3
2
2
1 114
4
1 686
2
2
2
2
1 969
2
4
3
1 34
4
3
4
4
2
3
1 676
1 65
3
2
2
2
3
1 190
1 235
3
2
3
3
1 863
1 6
1 608
1 517
2
4
2
1 978
1 297
2
3
1 155
4
2
3
1 722
2
1 507
3
1 99
3
4
2
1 909
1 555
4
2
2
2
3
3
4
1 79
1 20
2
4
1 713
1 385
2
1 953
1 981
3
1 462
2
2
2
1 111
2
3
3
2
1 468
2
1 699
2
4
1 587
3
2
2
3
1 549
2
2
3
3
2
3
3
2
3
2
3
2
2
1 325
