500
1 172
1 72
2
2
2
2
3
2
2
3
1 514
3
2
2
4
3
1 8
1 147
1 419
1 368
3
3
3
1 923
2
3
1 257
4
3
2
3
1 377
1 143
2
1 393
1 396
3
1 648
2
1 878
2
1 440
2
1 27
1 588
2
2
1 742
1 999
3
2
3
3
1 367
3
1 592
1 288
2
1 296
1 528
1 385
3
2
2
1 177
1 786
2
1 738
3
1 219
4
1 712
3
2
1 843
3
4
1 52
3
1 705
1 558
1 471
2
1 368
3
1 739
1 279
2
1 609
1 115
2
3
1 868
2
1 805
2
1 979
1 779
3
2
1 921
2
2
2
1 417
2
1 685
3
2
2
1 118
3
1 193
1 850
3
4
2
1 212
2
1 859
1 832
3
2
1 181
1 197
1 935
1 299
2
3
3
2
2
2
2
1 558
2
2
2
1 878
2
1 693
1 154
2
1 255
2
1 471
2
2
1 281
3
1 17
2
1 189
4
2
2
4
4
1 801
3
2
2
1 493
4
2
4
1 668
3
1 527
2
1 369
2
1 442
1 509
2
1 74
2
2
2
2
1 513
1 682
2
1 116
2
3
3
2
2
2
2
1 310
3
4
3
2
2
3
1 476
1 491
1 705
1 440
2
1 289
1 275
2
1 478
2
2
2
2
1 6
2
1 453
2
1 113
3
2
1 907
1 832
1 166
1 857
3
2
3
2
2
1 668
1 697
3
3
2
2
2
3
2
1 149
1 758
2
4
3
1 438
2
2
3
3
3
2
3
2
3
3
2
1 861
2
1 62
1 156
4
1 85
1 538
1 831
3
1 11
1 191
1 317
3
1 417
2
3
1 540
3
2
2
1 318
4
3
1 609
1 616
1 392
1 962
1 15
3
1 570
3
1 475
4
3
2
1 297
1 155
1 95
1 282
2
1 476
3
3
4
2
2
2
4
3
3
1 309
3
2
3
2
1 324
2
3
3
2
2
2
1 837
2
2
1 793
2
2
1 610
1 756
1 28
3
3
2
1 953
1 928
1 99
1 505
3
1 813
1 422
1 672
2
2
1 539
1 148
1 161
1 388
4
1 139
2
2
3
1 899
2
2
1 187
3
1 368
2
4
3
1 22
3
1 358
2
3
1 382
3
1 963
3
4
1 985
2
3
2
3
1 946
1 696
2
1 742
3
1 758
1 858
1 372
2
4
4
3
2
3
1 764
3
4
3
1 571
2
1 338
1 596
1 627
2
4
2
2
2
1 849
1 673
2
1 25
3
1 621
1 26
1 878
3
1 757
2
1 217
1 356
2
3
1 576
1 579
2
1 487
1 157
3
1 479
1 92
4
1 967
1 589
2
2
2
1 962
1 311
2
2
2
3
2
2
1 610
2
1 681
3
2
3
3
1 92
3
2
1 100
2
1 406
2
1 462
4
3
1 743
2
1 785
2
3
3
4
3
3
3
2
2
2
3
2
1 693
4
2
4
4
1 515
2
1 64
1 178
1 273
1 28
1 930
1 646
2
1 873
2
3
1 883
3
1 938
3
2
2
1 966
2
3
2
1 537
2
1 456
1 590
3
4
