1000
3
2
2
2
1 8
2
1 300
2
4
2
3
2
2
2
2
2
4
4
4
1 335
1 247
1 707
1 577
2
2
1 980
1 981
1 813
2
2
3
2
1 867
2
1 717
2
2
3
1 943
3
2
2
3
1 595
2
3
1 252
1 822
2
3
1 318
3
2
2
1 456
3
1 436
1 985
4
2
2
1 519
1 519
2
1 303
1 313
2
1 315
3
3
2
3
1 778
1 727
1 139
2
2
1 886
2
1 744
1 794
2
1 130
3
2
1 334
2
2
1 935
1 116
3
2
1 257
1 762
3
3
1 958
1 969
3
1 314
2
1 708
2
3
1 644
1 407
3
2
2
4
2
2
2
2
2
3
3
4
1 408
3
1 751
2
2
2
2
2
1 297
4
4
2
1 316
2
1 795
2
2
3
3
1 868
4
1 403
1 221
3
1 572
3
1 770
1 555
1 94
1 497
1 931
2
2
4
2
2
1 961
4
2
3
3
1 261
1 352
1 98
2
2
2
2
2
2
1 396
3
3
2
1 950
2
4
2
1 784
2
2
2
1 870
1 669
1 19
1 419
3
1 257
1 959
4
1 798
1 629
1 897
1 448
1 814
2
1 273
1 436
1 734
1 138
2
3
3
3
3
3
1 444
1 944
3
2
1 905
1 167
1 408
1 914
1 463
2
1 785
3
1 596
2
2
2
1 26
1 347
3
3
1 761
2
2
1 844
1 470
1 1
2
2
3
3
3
1 899
1 475
3
1 195
2
1 167
1 621
2
2
2
1 483
4
1 755
3
1 749
2
2
3
1 864
2
3
3
2
3
2
3
1 575
1 598
1 23
4
1 894
1 346
2
1 604
2
2
1 840
1 884
1 771
1 355
1 248
1 94
2
3
2
3
3
2
4
4
3
2
3
1 51
2
2
3
1 996
1 764
2
1 140
2
1 797
2
2
2
3
2
2
2
1 301
3
3
2
2
1 487
2
2
1 587
1 243
1 944
2
1 349
2
2
3
3
3
2
2
3
3
1 255
2
2
3
3
1 671
2
1 478
1 160
4
1 913
3
1 96
1 889
1 151
1 839
4
1 115
2
2
1 629
2
2
2
2
1 737
1 552
1 82
3
2
4
1 845
3
2
1 734
2
4
3
2
2
2
1 392
1 668
1 748
2
3
3
1 299
2
3
2
2
4
1 43
2
1 111
3
1 83
3
1 466
1 829
1 961
2
1 439
3
2
2
3
1 99
3
1 560
3
2
4
1 892
2
2
3
4
1 626
1 258
1 541
2
1 643
3
4
2
2
3
2
1 769
2
2
1 567
2
1 484
1 369
3
3
3
2
4
1 72
3
3
2
2
1 42
2
4
3
4
2
3
1 213
3
1 85
1 683
1 224
2
2
1 299
2
1 183
3
2
2
1 580
1 209
4
2
1 905
2
1 406
2
2
1 566
1 582
4
3
3
2
3
3
1 659
2
2
1 729
4
1 422
1 306
1 147
3
2
3
2
2
2
2
1 670
1 20
2
3
1 405
3
2
2
2
4
2
1 899
1 911
1 259
2
2
1 757
2
1 868
3
2
2
1 552
2
4
2
3
3
1 525
2
3
2
2
2
2
2
2
4
3
1 52
2
3
2
3
3
1 3
3
2
1 364
1 928
4
1 441
2
1 75
1 880
1 329
3
3
1 747
2
2
2
2
2
1 317
2
2
2
1 145
1 746
1 435
1 535
2
1 141
2
1 628
2
2
2
2
2
4
3
2
1 425
3
1 100
2
1 741
1 191
2
1 830
2
1 645
2
1 967
1 530
2
3
3
2
3
2
3
3
2
3
3
1 38
2
2
1 51
2
2
1 852
1 409
4
1 77
4
1 429
2
3
2
2
3
2
1 229
2
1 902
2
1 961
2
3
3
2
3
1 24
2
2
3
3
4
2
2
1 427
3
2
2
3
3
2
3
1 22
1 755
1 762
3
4
1 845
4
1 221
1 192
2
2
3
3
1 895
1 608
3
1 840
2
1 723
2
1 906
1 654
1 825
2
2
2
4
1 754
1 283
2
2
2
3
1 336
2
3
2
2
1 600
1 925
1 148
1 715
1 981
1 957
3
1 597
2
1 911
3
1 841
2
4
3
1 193
2
1 609
2
3
2
2
1 707
2
3
2
3
2
3
1 207
2
2
2
1 664
1 873
2
4
1 197
1 331
1 525
2
1 491
1 661
3
2
3
1 837
1 779
2
2
2
1 887
4
2
1 848
1 291
2
3
2
2
2
3
3
2
2
2
2
2
2
1 189
2
2
1 243
2
3
1 485
2
3
1 676
1 561
2
2
3
3
2
2
3
2
1 72
1 499
2
2
2
2
1 948
1 609
4
1 246
2
4
2
1 593
1 919
4
2
2
4
2
1 556
1 471
2
2
2
1 333
3
2
3
3
2
1 617
1 55
2
1 223
1 508
3
2
1 16
3
2
1 919
2
2
1 494
1 799
2
1 764
1 727
3
1 228
3
1 702
2
1 492
2
1 598
4
3
3
2
1 846
2
2
1 932
1 256
1 423
1 730
1 783
3
3
3
2
1 109
2
2
2
1 405
3
1 7
2
1 211
2
3
4
1 331
3
3
1 450
3
3
1 44
1 395
2
2
3
4
3
3
2
2
1 870
2
2
2
3
2
2
4
2
1 584
3
1 162
4
4
1 394
2
2
2
1 314
1 459
2
1 57
2
3
2
2
1 187
1 452
3
1 307
2
2
4
3
1 104
3
3
1 866
3
1 423
2
2
2
2
2
3
2
2
3
2
1 379
2
2
1 466
1 530
4
1 352
1 35
4
1 202
2
3
1 303
2
2
2
2
2
1 143
3
2
1 465
3
2
4
2
1 3
1 515
2
3
2
3
3
2
1 870
1 120
2
1 976
2
1 528
2
3
1 646
2
3
4
1 908
3
1 961
1 11
1 310
1 1
1 117
4
1 235
2
2
1 383
1 204
1 918
1 366
2
1 498
3
1 943
3
2
3
2
1 569
2
3
1 49
1 63
1 541
1 751
1 936
2
1 273
1 925
1 496
3
1 107
1 444
2
