1500
1 816
1 55
2
3
4
2
3
4
1 380
1 631
3
1 920
2
2
2
3
2
1 477
1 383
2
2
1 509
4
4
1 553
1 253
2
1 670
2
1 501
1 933
2
2
1 608
1 527
1 614
3
2
3
1 787
1 859
3
1 531
2
1 509
2
2
1 225
2
3
1 307
1 692
2
2
1 150
1 941
4
1 996
1 579
1 110
1 69
1 892
1 32
2
3
1 638
3
2
3
1 791
2
2
2
1 53
1 728
3
1 499
2
1 366
3
3
2
1 962
2
3
3
2
1 791
2
1 213
3
1 224
1 75
2
2
1 154
4
2
1 322
1 58
1 895
2
1 942
2
2
2
2
1 136
3
1 842
2
4
1 22
1 805
1 368
2
2
1 122
2
2
2
3
1 603
3
1 89
3
1 788
3
1 524
1 677
3
1 914
1 87
1 685
1 143
1 356
2
4
1 529
1 667
1 627
1 911
3
4
1 656
4
2
1 11
1 183
3
3
1 432
1 413
3
1 754
2
2
4
1 106
2
1 878
2
2
2
2
2
1 67
4
1 252
2
3
2
2
2
2
1 333
2
3
1 551
2
3
1 540
2
2
1 581
1 29
1 315
1 286
2
1 627
4
1 61
2
2
1 979
2
3
2
2
3
1 191
1 213
2
2
3
2
2
1 613
2
2
2
2
4
1 779
1 157
1 645
2
1 9
2
3
1 578
2
1 443
1 624
1 422
2
1 510
2
3
3
1 716
2
4
1 894
3
1 251
2
3
3
3
4
1 707
3
2
2
2
2
1 533
2
1 194
1 971
2
1 143
2
2
1 744
1 615
3
3
1 776
3
2
2
2
2
1 922
1 158
3
2
3
2
1 897
1 678
1 625
1 957
1 384
3
2
2
3
2
1 176
2
1 632
1 54
2
1 937
2
2
3
3
2
3
1 202
1 947
1 776
1 585
2
2
2
2
2
4
1 498
3
1 128
1 200
2
2
2
3
2
3
1 703
1 777
1 348
2
1 105
2
3
1 940
3
4
1 772
3
1 48
3
1 764
3
1 871
3
3
2
1 780
3
3
1 805
1 684
2
2
3
2
3
1 291
3
3
2
3
1 132
1 529
1 723
2
2
1 967
4
3
1 963
1 933
1 790
2
1 639
2
1 292
1 574
1 148
1 225
2
1 914
1 495
3
1 759
1 768
2
3
3
2
2
2
1 33
2
3
4
4
2
3
3
2
1 610
3
2
2
2
3
2
2
1 49
3
1 179
2
2
2
1 248
4
1 706
4
2
3
2
3
3
1 240
3
2
2
1 296
4
4
3
3
1 875
2
2
1 669
1 13
1 819
3
2
1 102
2
2
1 549
3
1 608
2
2
1 403
2
1 132
2
3
2
4
3
1 151
1 871
2
2
3
1 956
2
1 977
2
1 815
3
3
1 498
1 596
1 824
1 447
2
3
1 476
2
1 674
3
1 302
1 462
1 135
1 453
3
2
4
1 926
1 575
2
2
1 204
2
1 228
1 705
1 607
2
3
3
2
2
1 198
1 786
1 294
4
3
1 111
2
1 488
1 69
4
2
3
4
1 393
1 837
1 628
1 983
1 103
1 11
1 420
4
2
2
4
4
1 814
3
3
2
2
2
1 990
1 818
1 237
1 62
1 602
2
1 933
1 610
1 463
2
1 223
2
3
2
2
3
2
3
1 580
2
2
2
2
3
2
2
1 879
3
2
1 872
3
1 397
2
3
3
1 889
3
1 739
1 230
1 116
2
3
3
1 418
1 483
2
4
2
4
3
3
1 771
2
1 819
1 599
2
1 838
1 917
2
1 309
2
1 30
4
3
2
3
2
2
3
2
1 207
1 735
2
1 323
3
1 885
2
2
2
1 917
1 591
1 227
2
2
3
1 104
2
2
3
2
3
1 532
3
1 326
1 137
4
2
2
3
3
3
3
4
2
3
2
1 553
2
1 237
2
2
3
1 887
2
4
2
2
2
3
2
3
2
3
1 791
2
2
2
1 432
2
2
2
2
4
1 974
1 715
2
1 257
1 144
2
2
2
2
3
4
2
3
3
2
1 360
2
2
3
2
2
2
3
2
3
3
3
1 312
2
3
1 601
2
2
3
3
2
2
2
3
2
2
3
1 517
1 305
2
2
2
1 564
4
1 138
2
1 822
2
1 739
1 866
2
4
1 495
2
1 153
1 317
3
2
2
1 338
1 569
1 938
2
1 915
3
3
1 822
2
1 686
2
1 537
1 670
1 443
3
1 873
4
2
3
3
2
2
4
2
2
3
1 202
2
2
3
3
1 82
2
1 357
2
2
2
4
2
3
3
1 367
1 219
3
1 608
2
4
1 629
1 14
1 748
1 267
1 54
2
2
1 866
2
2
4
2
2
1 138
3
1 983
1 123
1 574
1 741
1 272
2
1 237
2
3
1 878
2
1 996
1 872
1 215
2
2
1 546
1 569
1 889
2
1 327
2
2
2
3
2
1 319
1 364
1 331
1 685
2
1 351
2
2
1 468
1 531
2
1 120
1 888
2
2
3
1 84
4
2
2
4
1 746
1 945
2
2
1 222
2
3
1 535
3
4
1 207
3
1 341
1 702
2
3
2
1 308
3
3
2
1 335
3
1 181
3
1 148
3
1 51
1 944
1 261
2
2
4
1 321
1 440
3
2
2
1 844
2
3
1 557
1 708
1 525
1 941
3
1 452
2
1 989
1 210
1 77
2
3
3
3
2
2
2
2
2
2
1 701
2
3
2
2
2
2
1 369
2
2
3
2
3
1 755
3
2
1 518
2
3
1 914
2
1 830
1 817
1 654
2
4
2
3
1 93
2
4
1 686
1 728
2
1 624
1 574
2
1 122
1 10
1 619
2
3
1 722
3
3
1 552
1 873
3
1 79
1 738
3
3
3
1 401
2
2
1 734
3
1 74
1 789
1 90
1 946
1 294
2
2
2
1 58
1 605
3
3
2
1 692
3
1 110
2
2
3
1 726
1 439
1 371
1 526
3
1 652
1 119
3
1 4
1 583
3
2
1 173
2
3
2
2
2
1 109
3
2
3
3
2
1 206
2
4
2
1 378
1 64
1 773
1 477
2
3
3
3
4
1 220
3
1 539
2
3
3
1 494
1 806
2
1 630
2
2
1 476
2
3
1 339
3
3
3
1 831
1 727
1 856
3
3
1 443
2
1 979
2
1 373
2
2
2
4
2
3
2
1 562
1 790
1 271
1 635
2
1 373
1 50
2
2
1 349
1 180
1 682
3
4
3
2
2
2
1 230
1 422
3
1 597
2
1 858
1 719
3
1 999
2
3
2
1 938
1 998
1 793
3
1 918
2
1 412
1 868
2
1 162
3
2
1 484
2
2
1 169
1 420
2
1 983
1 436
4
4
1 162
3
1 835
2
2
1 981
3
1 468
3
1 356
2
3
1 326
1 43
1 184
1 443
1 275
1 873
1 558
2
1 333
2
2
4
2
1 159
1 519
2
4
2
2
1 25
2
2
2
1 10
1 461
2
4
2
1 195
1 423
3
1 734
1 673
3
1 737
1 20
2
1 78
2
4
2
1 67
3
2
3
2
2
2
1 662
1 355
1 81
1 827
2
1 959
2
4
3
2
2
4
3
2
1 996
2
3
1 94
3
2
1 374
2
1 502
2
2
1 327
1 406
3
1 569
1 50
3
2
1 6
2
3
3
3
3
2
1 644
1 934
1 788
2
2
1 201
1 438
1 393
4
1 278
2
1 571
4
3
3
1 415
2
2
2
3
2
1 570
2
2
2
2
3
2
1 666
4
1 522
2
3
2
2
2
1 398
2
2
2
2
4
2
1 410
4
1 316
1 96
1 272
4
1 292
1 949
1 832
2
4
3
2
4
2
3
1 340
4
3
3
1 763
3
2
2
1 464
2
3
2
1 49
3
1 73
2
2
2
3
1 765
1 188
3
3
1 977
1 598
1 492
2
2
3
3
2
2
3
2
1 964
3
1 945
2
1 824
1 773
3
3
2
1 811
2
4
2
2
4
1 3
1 883
3
1 877
1 562
4
1 487
1 75
3
2
2
1 8
2
1 179
2
1 110
3
2
2
3
1 116
1 591
2
1 959
1 83
2
1 62
1 927
1 479
1 549
2
2
1 419
3
1 463
1 852
2
3
2
3
2
2
3
2
1 747
1 100
2
4
1 975
1 213
2
1 483
3
1 340
1 522
2
2
1 597
1 996
4
4
1 661
3
1 586
2
4
4
1 847
1 68
2
2
2
3
1 321
2
1 490
1 371
3
2
4
3
2
3
3
2
4
2
2
2
3
1 352
2
4
3
1 374
1 957
1 494
4
1 50
1 243
4
1 764
3
2
3
1 979
2
1 129
3
1 529
1 776
1 774
3
2
1 196
1 320
2
1 291
4
2
3
3
1 238
1 515
1 870
3
4
4
2
2
1 963
1 725
3
3
1 912
2
1 22
4
3
2
3
1 656
3
2
2
1 343
1 613
1 565
4
2
2
2
1 801
2
2
2
2
1 387
3
2
2
1 611
2
2
1 333
1 795
4
2
1 264
2
2
2
2
2
3
1 611
1 236
2
3
3
1 136
2
2
1 516
1 882
2
2
2
3
1 707
3
1 119
3
4
1 491
1 871
1 677
2
3
1 932
2
2
2
1 520
1 227
3
1 509
