5000
2
1 416
3
1 229
2
3
1 986
1 488
1 532
1 799
2
2
1 660
1 148
1 347
1 96
1 667
4
3
4
4
3
1 947
1 382
1 146
2
2
3
3
1 150
2
2
1 594
1 512
2
3
1 487
2
1 85
2
3
2
2
3
1 85
2
2
2
1 863
1 118
2
4
2
2
2
2
1 829
1 854
2
3
4
2
2
1 378
2
3
1 320
1 726
3
3
2
2
3
1 397
1 289
2
1 796
3
2
1 465
3
3
1 187
4
3
4
2
2
1 143
1 9
3
2
1 906
2
2
2
2
2
2
1 314
1 621
2
2
1 836
3
1 24
4
3
1 938
2
2
2
3
1 214
2
1 359
2
1 447
1 384
1 336
2
1 885
2
1 703
2
1 21
3
1 95
2
1 112
1 891
3
2
2
1 471
1 547
3
1 901
1 105
1 495
2
1 25
1 538
1 768
4
3
1 40
1 851
4
3
3
3
2
4
3
1 130
3
2
1 207
2
1 518
1 130
1 259
1 910
2
1 384
2
2
3
2
3
1 978
2
3
2
3
1 480
2
2
1 19
2
2
1 897
4
2
1 943
3
1 163
3
2
2
1 229
1 807
2
1 525
1 373
3
4
2
2
2
2
1 833
2
1 702
2
2
1 756
2
2
4
4
1 889
3
3
2
2
3
1 736
2
2
2
1 737
1 806
1 312
2
3
1 402
3
2
1 754
4
2
2
2
3
1 748
1 892
1 770
1 274
2
1 718
4
2
2
1 172
4
2
1 933
1 21
3
2
2
2
1 144
3
1 902
3
1 485
3
2
4
2
1 775
2
2
4
3
2
1 776
3
2
3
4
2
1 376
3
1 40
1 20
2
2
1 782
3
1 358
3
1 16
1 717
1 63
2
2
2
2
2
2
1 112
4
3
3
2
1 380
1 44
2
3
4
1 193
4
4
2
1 56
1 579
2
3
4
4
2
2
4
2
1 225
3
2
1 406
1 498
3
2
2
3
1 660
3
3
3
2
3
3
2
1 97
1 784
1 428
1 644
2
2
4
1 981
2
2
2
1 178
1 687
3
2
2
2
1 779
3
2
2
1 641
4
2
1 477
2
2
2
2
1 664
1 537
3
2
1 973
1 335
1 681
3
4
1 517
2
4
1 93
3
2
1 82
1 274
1 829
1 147
1 828
1 241
1 616
1 799
2
2
2
2
4
1 949
3
3
1 828
2
2
1 209
3
1 228
1 811
1 488
3
2
1 421
2
4
1 566
1 721
3
2
1 66
1 369
3
2
1 129
1 155
3
1 256
2
3
2
1 645
4
3
2
2
2
1 609
2
2
1 229
4
2
3
2
2
2
3
2
4
3
1 447
1 220
2
2
2
3
1 925
3
3
2
3
3
1 293
2
2
1 35
1 516
3
3
1 683
3
2
1 97
2
2
1 592
2
1 420
2
2
4
3
1 35
4
3
1 604
1 821
1 58
1 65
1 717
2
1 255
1 885
1 502
2
2
2
1 503
2
1 992
1 817
1 868
1 357
1 112
1 884
1 894
4
3
1 403
1 497
4
1 476
1 288
2
1 555
3
1 64
4
1 94
1 543
3
1 870
2
1 591
2
2
3
1 858
2
2
1 355
2
1 445
1 274
3
4
1 540
3
3
1 64
1 41
2
2
2
3
1 386
3
3
1 995
2
2
1 10
4
4
1 36
2
3
2
2
3
2
1 6
4
1 413
3
1 914
1 619
2
3
1 772
3
1 825
2
2
3
1 5
3
1 743
2
3
3
2
3
4
3
3
3
2
1 869
2
2
2
1 629
1 960
2
3
2
2
2
1 475
2
1 700
2
1 534
2
2
2
4
3
3
2
2
2
2
3
3
1 954
1 125
1 586
1 362
1 813
1 943
4
1 843
1 864
1 238
2
4
2
2
1 435
2
2
3
3
1 373
2
1 106
2
2
4
3
2
1 304
3
4
1 110
1 420
3
2
2
2
1 886
1 298
1 428
2
1 151
4
3
3
3
2
2
2
2
3
1 405
3
1 190
1 173
3
2
2
2
1 1000
2
3
4
2
1 2
1 864
2
2
2
2
2
3
2
1 401
3
3
3
2
1 151
2
1 309
1 861
1 854
3
3
1 886
2
1 446
3
1 660
1 694
1 829
2
2
2
1 887
3
1 40
1 973
1 593
1 36
2
2
3
1 433
1 355
3
2
3
2
2
2
1 715
3
1 786
3
4
3
2
1 239
2
3
2
1 798
1 250
3
2
2
2
1 104
3
2
1 192
2
1 282
2
2
1 112
2
3
2
2
1 844
3
3
2
1 784
3
4
3
2
2
2
1 819
4
2
2
3
1 417
2
1 204
1 502
2
2
1 921
1 952
3
1 687
1 256
1 845
1 999
2
1 11
3
2
2
1 132
3
3
1 396
3
1 276
4
1 473
4
2
2
2
2
2
1 433
3
1 207
2
2
2
1 724
1 32
2
3
2
1 134
2
1 272
2
3
2
1 752
1 609
1 907
2
1 311
1 61
2
1 872
1 947
2
2
1 146
2
1 586
2
1 1
1 138
3
3
2
2
2
1 619
1 648
4
2
1 485
1 998
3
2
4
3
4
2
1 449
3
3
1 193
3
2
1 534
3
1 706
4
2
3
2
2
1 113
1 79
3
1 102
1 454
3
1 385
2
1 253
3
2
3
1 589
2
3
3
2
2
3
2
4
1 320
3
1 483
1 410
2
4
2
2
1 268
3
2
2
1 860
1 867
2
1 633
1 134
2
2
3
1 765
2
2
3
2
1 967
3
4
3
2
3
1 936
4
2
2
1 399
2
2
2
3
3
4
1 195
3
1 782
2
2
2
1 934
1 919
1 873
2
1 683
1 800
1 329
1 767
1 101
2
2
2
2
1 339
3
2
2
2
1 99
1 337
1 590
1 766
2
3
2
3
3
1 951
2
3
1 739
1 186
3
1 303
3
1 210
2
2
2
1 955
1 27
1 826
2
1 626
1 902
2
3
1 45
1 52
2
2
3
4
2
1 145
1 251
1 897
1 600
3
2
2
4
3
1 304
2
2
1 223
2
1 492
2
1 79
3
2
3
2
2
1 938
2
1 471
2
2
1 721
1 568
2
1 126
1 627
1 930
2
1 885
1 72
2
2
3
3
1 45
1 935
2
3
1 229
2
3
3
1 628
2
1 17
2
2
1 873
3
4
2
1 535
2
4
1 467
3
3
2
2
1 447
4
1 127
1 757
1 746
1 164
4
2
1 269
1 718
2
2
2
4
3
2
2
2
3
3
1 4
2
1 546
1 135
2
4
1 708
2
2
2
3
2
1 433
2
2
3
2
2
2
1 104
2
1 51
1 763
1 431
2
1 804
1 123
1 393
4
2
1 385
2
2
1 913
1 159
1 503
1 268
3
1 226
1 76
2
1 17
3
3
2
1 515
2
3
1 254
2
1 986
1 42
1 923
1 979
1 885
2
3
4
1 623
1 123
3
1 77
4
2
4
2
1 361
2
3
3
1 120
3
1 862
2
3
2
2
4
2
1 494
2
3
3
2
2
2
2
1 299
2
1 916
1 501
1 511
1 324
2
1 23
2
2
4
1 725
3
2
3
2
1 460
2
3
3
2
3
2
2
3
2
1 13
2
1 267
2
1 330
2
1 412
2
2
3
1 725
4
1 326
1 711
1 207
3
4
2
1 537
1 984
1 200
3
3
1 492
1 229
1 872
1 260
1 530
3
2
3
1 770
3
2
3
1 421
2
2
3
1 880
4
1 659
2
2
1 605
2
1 572
2
2
4
2
1 141
2
1 91
2
1 510
3
2
2
2
3
1 878
2
2
1 945
2
2
1 579
3
3
2
3
4
1 363
3
2
1 197
1 72
2
4
1 669
1 104
4
3
1 675
4
1 16
2
3
2
1 202
3
2
2
1 818
2
3
1 940
2
2
2
1 339
2
1 934
2
1 862
1 360
1 1000
2
1 288
2
3
1 997
2
1 648
1 384
1 73
3
2
3
3
3
3
2
1 445
1 441
1 478
4
1 524
3
2
1 197
3
3
1 262
2
2
3
3
2
2
3
2
2
3
1 885
1 722
4
1 125
1 759
2
2
2
2
1 979
2
2
2
1 667
2
2
2
1 557
3
4
3
3
4
3
4
1 95
2
1 760
2
1 870
1 483
1 740
1 979
1 21
1 479
2
2
1 342
2
1 985
2
2
2
1 793
1 453
2
1 142
1 95
3
1 413
2
1 371
2
3
3
2
2
3
1 575
1 939
4
1 976
1 589
1 664
2
2
2
3
1 558
2
4
3
2
2
3
3
4
1 23
2
1 96
2
1 10
2
1 958
2
3
1 769
1 194
3
2
3
2
4
4
2
1 208
2
3
2
1 590
2
2
2
4
1 476
2
1 390
3
1 49
1 641
2
2
2
2
1 478
3
2
2
2
1 36
2
2
1 142
2
4
1 220
2
2
2
2
2
1 52
1 761
2
3
1 703
4
3
1 661
2
1 949
1 355
3
2
3
3
2
2
1 313
1 330
1 109
2
2
3
3
2
1 731
1 796
2
2
3
2
2
3
3
2
2
1 963
1 401
2
2
2
2
2
2
1 70
2
3
1 570
3
3
2
1 927
3
2
1 884
2
1 15
2
1 883
2
2
1 555
2
1 243
3
4
1 617
1 779
3
2
2
2
2
2
2
1 179
4
1 45
1 559
2
1 696
1 334
2
3
2
3
3
3
2
1 288
1 773
3
3
2
4
3
1 305
2
1 662
1 933
2
4
2
3
1 840
1 827
2
2
2
4
2
4
2
2
1 349
3
3
2
1 168
1 223
1 611
1 108
2
1 20
2
1 597
2
2
1 856
3
2
2
2
3
2
1 756
2
2
2
2
2
1 655
1 260
2
2
1 435
3
3
3
1 148
2
2
3
2
1 832
3
1 925
2
2
2
3
2
1 945
4
2
1 731
2
2
1 456
2
2
2
3
2
1 706
4
1 16
2
3
1 673
1 577
1 825
3
1 711
1 983
1 976
1 404
2
2
2
3
2
2
3
3
3
1 335
2
2
3
2
2
1 19
1 982
1 89
3
1 371
2
1 6
2
1 72
2
2
1 6
1 275
3
2
2
1 295
1 784
1 860
1 820
4
2
1 323
3
2
2
1 792
3
2
1 697
1 762
2
2
2
3
2
2
3
1 796
1 604
1 606
2
1 826
2
3
2
1 954
2
1 595
1 759
3
3
3
2
2
3
1 995
4
2
2
1 3
2
3
2
1 687
4
3
2
2
2
1 870
1 761
3
3
1 697
1 677
1 290
2
1 359
3
1 354
4
4
1 400
1 62
3
3
3
3
2
1 160
1 904
2
3
3
2
2
1 901
2
3
3
2
3
2
3
1 492
1 623
2
3
1 755
2
2
1 525
1 148
2
1 448
2
3
2
4
4
2
1 269
2
2
2
1 876
4
1 702
3
4
2
3
2
1 634
1 515
1 996
2
3
2
1 61
2
1 594
4
2
1 493
3
1 252
2
1 861
3
1 201
1 625
3
3
1 571
1 539
2
1 147
3
1 162
3
1 447
1 215
2
1 159
2
1 921
2
3
1 797
2
2
1 976
1 287
4
1 766
2
2
1 8
1 197
3
1 69
1 993
1 213
2
3
3
2
1 674
3
2
1 107
1 605
1 671
2
2
1 836
2
2
4
2
1 68
2
4
1 689
2
2
3
1 63
1 959
1 324
2
2
1 389
1 276
2
1 64
2
2
1 482
1 627
3
1 116
2
2
2
2
2
3
1 4
3
2
2
3
1 75
2
4
2
1 749
1 493
1 895
2
2
1 774
1 89
1 26
1 11
1 529
1 552
1 446
2
2
2
3
2
3
1 520
2
1 980
2
2
1 792
2
3
2
2
3
2
2
1 931
2
1 708
4
2
1 379
2
2
2
1 944
1 898
1 91
2
1 915
1 635
2
1 407
1 987
1 198
1 566
3
2
1 666
1 379
1 626
2
2
2
1 201
2
2
2
1 869
3
1 748
2
3
2
2
3
4
1 122
1 180
3
2
1 56
1 939
2
1 590
2
3
2
1 506
2
2
4
2
1 991
1 433
2
1 607
1 782
1 681
3
1 763
3
2
2
3
1 75
4
2
4
3
3
2
1 251
2
3
4
3
3
1 257
4
1 919
2
1 715
2
1 248
1 667
3
1 746
1 926
1 843
1 426
1 14
2
3
3
2
1 70
3
2
1 775
1 661
1 848
1 491
4
2
1 38
1 573
1 282
3
2
2
2
1 960
1 166
1 778
2
1 54
3
2
2
1 614
1 375
3
3
1 314
2
1 277
1 91
2
1 432
1 796
1 320
3
2
1 91
1 577
1 559
4
1 22
3
2
1 514
1 652
1 969
2
4
2
2
3
1 260
4
3
2
2
1 980
3
1 878
2
3
2
2
3
1 173
2
2
3
2
1 506
3
3
1 182
4
1 567
3
2
2
1 611
1 213
1 65
4
1 198
2
2
2
3
1 798
2
3
2
1 760
1 873
2
3
3
2
2
1 54
3
3
1 553
3
1 409
1 939
2
1 347
1 12
2
3
2
3
3
2
3
2
3
3
2
1 726
1 748
2
3
1 870
2
1 953
3
4
3
4
2
1 122
1 379
1 703
2
1 915
2
2
3
3
2
1 672
4
1 812
1 743
2
2
2
1 19
2
1 535
2
4
2
3
3
1 608
1 675
4
3
1 683
1 588
3
2
2
2
2
2
3
2
1 611
2
1 755
1 279
2
1 952
2
2
3
4
4
1 281
1 155
2
2
2
1 972
2
3
1 87
2
1 908
1 665
1 212
1 906
3
2
2
1 177
1 38
1 776
1 785
2
1 943
3
2
2
4
3
1 911
1 649
2
2
2
2
3
3
2
2
1 476
3
2
2
4
1 770
2
3
1 254
2
3
3
3
2
1 225
1 311
3
1 605
1 869
2
1 588
1 30
1 207
1 81
2
1 840
3
1 638
2
3
3
2
2
2
1 595
2
1 904
3
1 765
1 349
1 314
1 640
1 634
2
3
1 898
2
1 630
2
3
2
1 65
2
2
2
3
1 428
1 123
3
2
2
2
1 922
1 947
1 970
1 826
2
1 269
1 92
1 444
2
2
2
2
4
2
1 201
2
1 951
2
1 124
1 893
2
3
2
2
1 208
2
1 848
2
4
3
1 43
4
1 247
3
1 793
1 698
2
3
2
1 183
1 534
3
2
4
2
1 408
1 347
2
4
2
3
3
2
2
1 144
2
2
4
3
1 576
2
4
2
1 795
3
1 584
1 756
1 932
1 634
2
3
2
3
2
2
2
4
2
2
2
1 306
1 918
1 527
2
1 228
2
2
2
1 723
1 580
1 20
1 17
1 812
2
2
1 818
4
1 617
3
4
1 138
1 195
2
4
1 459
1 779
2
2
2
1 191
2
3
4
3
3
1 287
3
2
1 338
2
2
1 469
1 191
2
1 193
2
2
1 209
1 478
2
2
1 609
2
1 998
1 942
1 215
4
3
3
1 726
3
1 460
3
3
1 410
2
2
2
2
1 45
3
2
2
2
2
1 473
2
1 176
3
2
2
2
2
2
2
2
2
2
1 720
2
2
3
2
1 593
2
2
1 491
1 338
2
1 870
2
3
3
1 432
1 156
3
3
3
2
1 936
2
3
2
2
1 776
2
2
2
2
1 914
2
1 235
2
2
2
2
3
3
1 348
1 702
1 445
2
2
1 601
2
1 623
2
1 533
1 455
2
2
3
1 595
2
1 449
4
3
3
3
1 608
1 27
1 406
2
2
2
3
2
1 362
4
3
2
1 237
1 168
3
2
2
3
1 600
2
1 538
1 796
3
2
1 901
2
1 374
1 550
2
1 408
1 504
1 32
1 516
1 600
3
4
3
2
2
2
3
2
3
2
3
2
2
2
1 420
1 800
3
4
3
2
2
1 76
2
2
2
2
2
1 463
1 558
2
2
1 577
3
1 656
2
1 42
1 809
2
2
2
1 237
4
2
2
1 301
3
2
3
1 916
1 369
2
3
2
1 340
1 221
1 324
2
2
3
1 475
2
3
3
1 47
1 27
2
3
2
3
2
2
3
1 179
1 459
3
2
2
1 247
2
2
4
3
2
2
1 594
4
2
2
2
2
3
1 74
3
2
2
2
2
2
2
2
2
1 812
1 34
1 724
2
2
1 160
2
1 812
2
2
4
3
3
1 774
3
2
2
1 474
3
3
1 337
1 85
1 967
2
1 372
2
2
1 147
1 964
2
1 585
1 647
2
2
2
3
3
3
3
4
2
1 442
1 778
1 666
3
1 978
1 720
3
2
4
2
2
4
4
2
2
1 59
1 532
3
3
1 486
2
1 532
2
2
2
3
2
2
4
2
3
3
3
1 410
3
1 1
2
1 158
2
1 572
1 896
2
2
3
2
2
2
1 356
4
2
2
2
1 134
2
1 853
2
2
1 530
1 976
2
3
2
1 932
3
1 293
1 928
2
3
1 439
1 177
2
2
2
1 85
3
2
3
4
1 836
1 438
3
3
3
4
4
2
1 270
1 507
2
1 287
3
3
1 862
3
2
2
4
2
1 307
1 69
4
1 477
2
2
2
2
1 54
2
2
2
1 637
2
2
1 910
1 423
3
3
2
1 767
1 742
1 552
2
2
1 895
1 840
2
3
4
1 957
1 619
1 292
1 302
3
1 307
1 783
2
1 959
3
2
2
2
3
1 24
2
2
2
3
1 398
1 932
2
1 477
2
1 325
3
2
1 339
3
2
2
4
1 62
2
1 685
2
1 387
2
3
2
2
2
2
2
2
1 49
1 515
2
1 854
3
3
1 381
1 430
1 511
1 593
2
2
1 442
1 362
2
1 663
1 340
1 689
2
3
2
4
1 30
2
2
1 523
2
2
1 635
1 190
1 631
2
1 369
1 28
2
1 172
3
3
3
3
1 205
2
4
3
1 187
2
2
1 411
3
1 516
1 18
1 237
2
3
4
1 131
3
1 306
1 752
1 23
3
1 55
1 391
1 612
3
2
1 410
2
1 340
1 676
4
1 213
3
2
1 345
1 405
1 828
1 674
1 845
2
1 206
1 724
2
2
1 558
2
2
2
3
1 172
2
1 924
1 34
2
1 464
1 140
2
1 799
2
2
1 235
2
2
1 865
3
3
2
2
4
2
1 248
2
3
2
3
2
1 97
3
1 927
4
4
3
2
2
3
4
2
3
2
1 503
1 177
1 566
2
4
2
1 571
4
2
1 179
2
2
1 764
2
2
1 159
2
3
1 961
1 189
2
2
2
1 521
3
2
2
2
4
1 501
2
1 819
1 819
4
2
1 201
1 643
2
2
1 85
1 545
2
2
1 840
2
4
3
2
3
1 429
1 164
1 824
3
3
2
3
4
2
2
3
3
1 147
3
3
3
1 264
1 337
1 287
2
3
2
1 738
1 622
1 876
2
3
1 643
2
1 730
2
4
2
3
2
2
1 96
2
1 799
2
1 129
3
2
3
1 743
1 691
2
2
4
3
1 700
2
2
1 74
2
3
1 782
1 397
2
2
2
1 136
3
1 838
3
2
1 507
3
2
2
2
2
2
3
2
2
3
3
2
1 167
4
4
1 138
3
3
2
1 212
2
1 245
2
1 185
1 763
2
2
1 113
3
1 508
4
2
1 335
1 856
2
4
3
4
2
1 674
3
2
1 142
1 695
2
2
2
1 218
2
1 726
2
1 752
1 663
3
2
1 440
2
3
1 772
1 250
1 333
1 268
2
1 41
3
2
1 960
1 49
2
1 236
1 103
2
1 796
2
3
2
2
1 286
3
2
2
2
2
3
1 362
1 991
1 540
4
1 683
2
3
2
3
1 796
1 526
2
2
2
1 564
3
2
2
3
3
2
3
2
1 112
1 478
1 943
1 747
3
1 154
2
3
1 258
2
3
1 614
2
1 130
2
2
3
1 232
3
2
2
1 100
3
3
1 723
3
2
1 661
2
1 766
2
2
2
1 908
1 292
1 614
2
1 657
1 588
2
2
2
3
3
2
2
1 793
1 883
1 949
3
3
1 792
3
2
3
1 535
2
1 830
3
1 633
1 539
2
2
2
1 337
2
3
1 71
2
1 642
2
1 754
2
1 482
1 469
2
3
2
4
4
1 547
1 59
2
2
1 696
1 194
2
1 173
2
3
1 195
3
1 780
1 945
1 254
1 827
4
4
3
2
2
2
1 16
1 122
1 267
3
1 984
3
1 534
1 181
2
3
2
1 633
2
1 642
1 463
1 961
3
1 898
1 564
1 768
2
3
4
1 982
2
1 725
1 339
2
1 429
2
2
1 7
1 554
1 81
2
2
2
1 514
1 63
1 277
2
1 146
3
3
3
1 99
1 539
1 183
3
3
2
1 145
2
2
2
3
2
3
3
1 538
2
3
2
2
1 578
4
2
3
1 715
2
2
2
2
1 277
2
1 185
1 947
2
2
1 421
2
1 985
3
3
2
2
1 322
4
2
1 948
1 759
2
4
1 263
1 530
2
3
1 290
1 817
2
2
1 851
2
2
1 73
2
1 845
1 188
1 845
1 253
1 811
2
1 539
2
2
3
1 914
3
1 960
4
2
3
1 420
3
1 916
1 282
3
1 532
1 627
1 572
2
2
1 840
2
3
1 841
2
2
3
2
2
1 392
2
1 158
2
2
2
2
2
1 704
2
1 998
2
1 56
3
2
2
1 371
4
2
2
2
1 377
2
2
2
2
3
1 298
3
2
2
1 288
1 705
2
4
2
1 190
1 968
2
2
2
2
1 159
2
2
1 404
1 977
1 939
2
1 494
2
1 997
2
1 308
1 34
3
2
2
1 478
2
2
2
3
1 85
3
3
2
2
1 14
2
2
3
2
4
3
2
2
2
3
1 764
2
3
4
1 652
3
1 685
1 661
1 496
3
1 240
3
1 182
1 980
2
1 221
2
1 871
3
1 617
2
2
1 873
2
2
3
2
3
4
1 19
2
2
3
1 598
2
2
1 727
2
3
4
1 570
2
2
1 724
4
1 924
2
2
2
1 177
3
1 994
2
2
2
1 574
2
2
2
2
2
3
3
2
1 105
1 774
1 505
1 858
2
1 320
1 655
1 442
1 692
1 334
2
1 414
1 795
2
3
2
3
3
1 454
1 632
1 851
2
1 888
2
1 327
2
1 927
1 707
1 723
1 185
3
2
2
1 211
2
2
2
1 837
2
3
2
4
2
2
2
2
1 698
2
1 638
3
3
3
2
1 920
3
1 281
1 154
2
1 314
2
2
2
1 162
1 893
2
3
2
1 827
1 717
1 662
2
3
1 132
2
4
2
2
1 331
1 302
2
2
1 882
2
3
1 567
2
1 947
3
1 710
1 993
2
3
2
1 977
4
4
3
2
2
2
2
1 225
2
3
1 273
1 127
2
3
2
3
2
2
2
3
2
3
1 231
2
1 793
1 177
3
1 813
1 434
2
2
1 34
2
3
1 80
1 5
2
2
2
2
2
3
3
1 426
2
1 25
1 429
2
2
2
1 114
1 984
1 681
2
3
2
2
2
3
4
1 959
3
1 972
1 923
2
1 351
1 136
1 907
1 796
1 60
2
2
2
2
2
1 723
2
2
1 758
3
3
2
2
2
3
1 529
1 996
2
2
3
4
3
1 261
4
2
3
3
2
2
4
2
2
3
3
2
2
3
1 320
2
3
1 495
2
3
2
1 87
1 367
2
3
3
1 268
2
2
2
1 197
2
4
1 926
2
1 376
2
2
3
2
3
2
2
3
4
2
1 707
2
1 783
1 8
2
1 494
3
1 872
4
1 138
2
1 82
1 599
1 656
2
2
1 627
2
1 516
2
3
1 973
3
1 716
1 285
2
3
1 564
2
1 190
1 303
1 569
1 685
1 742
3
1 598
3
1 530
2
2
1 674
2
1 26
4
1 602
3
2
2
2
3
4
2
2
1 686
3
1 708
2
2
1 556
1 284
1 70
4
2
2
3
2
2
2
3
4
1 631
3
1 537
2
2
3
4
2
2
1 920
3
2
1 26
2
1 983
2
2
3
2
1 154
1 35
2
1 966
4
3
2
2
3
2
1 131
1 333
3
2
1 961
2
2
2
2
3
4
1 530
2
2
4
1 88
4
1 937
1 929
3
3
2
1 368
1 296
1 283
1 187
2
3
2
1 839
3
1 625
2
2
2
1 575
3
1 624
2
2
1 422
1 735
2
1 71
1 735
3
3
3
3
2
2
1 409
1 51
2
1 641
2
2
3
1 506
3
2
1 654
2
1 190
1 966
4
2
4
2
1 87
2
1 169
2
1 323
1 390
2
1 300
1 459
3
1 758
2
3
2
1 191
1 530
2
2
1 386
4
1 566
2
3
1 759
2
2
1 895
2
3
2
1 413
3
1 840
2
1 157
3
2
1 461
2
1 357
1 135
1 333
3
1 21
2
1 608
1 288
4
2
3
3
3
1 419
2
1 281
2
1 312
1 503
2
2
3
2
1 760
1 440
2
3
1 562
3
3
1 123
3
1 61
2
2
1 670
1 686
4
1 721
1 87
3
2
1 876
2
1 493
2
2
2
1 514
2
3
1 368
2
2
2
2
3
1 577
1 92
2
3
1 952
2
2
2
4
1 992
1 918
2
2
2
1 567
1 510
3
2
1 490
3
1 643
2
2
4
1 218
3
1 209
2
1 591
1 9
4
1 860
2
1 23
3
1 933
3
2
3
1 715
1 170
2
1 603
1 685
1 317
1 12
1 246
3
1 628
1 32
1 670
1 297
2
1 143
2
1 567
1 338
2
2
3
1 517
1 935
2
3
2
3
2
1 98
1 843
3
4
3
3
2
2
2
1 307
3
2
1 465
4
1 512
2
1 356
2
2
1 450
2
1 293
1 826
2
2
3
2
1 898
3
1 232
1 595
1 169
2
2
3
2
1 688
4
1 249
1 537
2
2
1 155
2
4
3
1 580
3
1 419
2
3
1 328
4
4
2
1 6
1 89
1 604
2
2
2
2
2
2
1 678
2
1 477
1 9
1 379
2
2
1 925
2
2
2
1 269
1 803
3
3
1 635
3
1 575
1 795
1 946
2
1 965
3
2
3
1 858
1 935
3
2
2
1 906
4
1 528
1 825
2
1 88
1 854
2
1 409
3
3
4
2
3
1 630
2
3
1 462
4
3
1 409
3
2
1 810
1 417
2
2
1 800
2
1 910
1 16
4
1 892
1 978
2
1 913
1 142
2
2
2
1 558
4
1 468
2
1 32
1 962
1 168
2
1 880
1 34
1 992
3
1 553
2
2
2
1 908
3
2
3
1 749
1 164
1 454
1 578
2
2
1 794
1 769
3
1 749
1 294
1 168
2
1 72
1 765
1 102
4
3
2
4
3
1 777
3
1 218
4
3
3
1 569
2
2
1 504
2
1 793
1 861
2
2
1 334
2
2
3
2
2
2
3
1 174
1 209
3
3
3
3
3
3
2
1 52
2
2
1 116
1 271
1 337
2
2
3
1 821
3
2
4
4
3
1 683
2
3
2
2
1 388
4
1 736
1 993
2
1 236
1 829
2
2
1 84
1 233
2
2
3
3
4
3
2
2
2
3
4
1 748
2
1 393
2
1 94
1 614
1 424
2
1 762
1 968
1 633
2
3
3
3
4
2
1 212
1 274
2
1 894
3
2
1 325
1 169
2
1 221
3
2
2
2
2
1 687
1 966
1 781
1 207
2
2
2
2
2
1 772
2
2
3
2
1 87
4
2
1 292
2
4
2
1 469
1 114
1 531
2
2
1 839
2
1 342
3
3
1 3
3
3
2
3
3
1 495
2
1 226
3
1 967
2
2
1 887
1 262
3
3
2
1 804
2
2
2
3
2
4
3
1 855
2
3
2
2
2
1 708
1 704
1 879
2
2
2
2
2
3
2
2
1 783
1 90
2
3
1 620
1 645
1 946
4
2
1 128
2
3
1 728
2
2
1 447
2
2
3
1 172
3
1 731
1 109
1 458
2
4
3
2
2
1 272
2
1 91
4
3
1 415
3
1 896
1 688
2
3
1 82
1 70
3
2
2
2
4
2
1 455
3
3
1 296
2
3
3
1 999
1 674
2
3
1 856
3
3
3
2
2
3
1 78
2
2
2
1 565
1 504
2
1 352
3
1 275
1 578
2
2
1 332
3
1 558
1 38
1 548
1 920
2
3
1 227
1 735
3
2
3
1 610
3
2
4
4
1 217
1 611
3
1 415
2
2
4
2
1 971
1 104
1 404
2
2
4
1 709
1 670
2
1 246
2
2
1 171
4
4
2
2
1 909
2
1 825
2
2
1 305
3
1 35
2
1 662
1 623
2
1 280
2
2
1 555
2
4
1 57
1 97
1 84
3
2
4
1 121
2
1 895
1 58
4
2
2
1 638
2
1 263
2
2
2
3
2
1 299
4
2
2
2
4
4
2
3
2
3
1 118
2
2
3
4
2
2
3
3
1 260
4
2
2
2
3
2
3
2
2
3
3
1 785
1 903
2
3
2
3
1 550
3
2
2
2
1 184
2
1 926
1 103
2
1 712
3
1 887
2
1 837
1 579
2
2
3
2
2
3
3
2
1 845
2
2
4
2
1 537
1 240
1 889
2
1 768
1 88
4
1 267
1 338
2
1 69
2
3
2
1 678
2
2
1 740
1 929
2
2
2
1 869
2
1 96
4
1 569
2
1 301
2
2
1 904
2
4
1 321
3
1 497
2
3
1 264
4
3
1 587
3
3
3
2
2
3
2
2
2
1 842
2
3
3
2
2
4
1 145
3
1 196
1 557
2
1 765
3
1 973
1 149
2
1 331
1 313
2
1 175
2
2
1 253
2
2
2
1 958
3
3
3
3
2
2
2
1 478
1 795
2
3
1 794
1 392
1 213
1 674
1 558
3
3
2
2
2
2
2
1 21
2
1 345
2
1 641
3
1 526
2
3
1 879
2
1 834
4
1 265
1 296
1 696
4
1 822
1 258
3
1 776
1 470
1 892
2
1 549
3
1 388
1 196
1 839
1 249
3
2
1 792
1 775
2
1 170
4
1 848
3
2
2
1 158
1 837
1 398
3
3
1 257
1 838
2
1 24
1 405
3
3
1 71
1 118
1 195
3
2
2
2
2
2
1 972
1 217
2
1 524
2
3
1 294
2
1 673
2
3
2
1 544
2
3
2
1 320
1 653
1 40
2
3
2
2
1 777
4
1 40
1 60
1 578
2
3
3
3
3
1 513
1 899
3
1 437
1 204
1 706
1 160
1 222
1 342
3
1 995
1 394
2
1 424
1 495
1 705
1 630
1 523
3
3
2
1 446
1 772
2
