1000
1 1001127828
4 2093575479
4 1886448433
4 483657298
2 1745743588 63398248
2 905495558 8353642
2 1441980708 170786740
2 85007057 692469780
3 1538576112 1520268853
1 -409141676
3 246866783 484966468
1 -140859685
1 409638364
2 1524627759 1360258507
3 1412899963 980817835
5 10 5
2 584847657 297285198
3 1004477999 2061491346
4 1895845348
3 720900977 1184560314
4 1809326303
4 1359268127
3 679810262 176220842
2 1930058623 1343488420
3 273584398 745366500
2 872962434 550711252
3 1397186613 581879909
1 2042604668
5 8 6
1 702268472
2 469396568 1007289563
2 1413543669 552770079
5 8 8
5 10 5
3 1490797588 1673967526
2 1477442725 48453105
3 402955661 358752376
1 -1859147575
1 -1012208971
3 438989400 1030653459
2 1927652970 1529408784
5 10 10
1 -1895696992
2 768712145 255951281
3 1336087921 723500202
2 1364555188 668118971
5 1 9
4 1715520487
1 879125493
2 1946954331 1837178030
5 9 2
3 666494172 310686256
2 1231168983 939620257
1 181155570
1 162361789
5 7 10
5 6 7
2 706845067 1249476983
2 1715531184 912256354
5 8 10
5 4 10
4 794862344
2 479410553 1994501005
3 1091735750 1759961099
2 1646144946 898300741
3 1113351908 359795495
4 2137468290
3 1970473838 170578290
2 320029939 383206933
5 5 1
4 732132141
5 7 1
2 126756224 1591665003
5 10 9
5 8 2
1 1627398116
3 184176997 1841652042
5 1 4
1 2000263533
1 -2101771332
4 1180596388
4 2080515072
3 381227965 1802413223
5 10 8
1 1843657934
2 1221535972 964685859
4 2066954287
2 546972744 336236049
3 2043378287 146956930
1 843522027
3 1099088430 1150259626
4 664903073
4 1436854833
5 7 8
4 687071308
5 6 8
5 3 9
3 174379806 1878495969
3 163392227 1846809912
2 1011898513 116330871
1 167248847
4 60846567
2 781744185 749793493
2 1765724737 103445399
3 309383556 555672285
4 403326679
3 1729220282 392045368
3 1727625961 1487353763
5 7 8
4 1394026757
2 892774952 1718582021
1 -1793565008
2 328214710 1476279724
4 1484441071
3 212879972 789987910
5 5 2
4 1979547228
3 797857637 338611656
4 557053625
1 -1001658075
3 1919506220 1211009094
2 483834714 304410043
4 623887415
1 -1619389601
1 -1764577866
5 5 9
3 641960091 1649232129
2 1623757383 400335246
3 874632161 700999765
1 -464503210
1 -763387697
3 2115243138 1886588825
1 1959612251
1 110454292
1 -416100210
3 1231151896 588311036
3 691536614 1289411680
2 446417584 2020422187
1 -1701662650
2 336289256 215809100
4 1763646453
4 1240756341
4 406929345
1 -1629361772
2 195482082 520245969
4 762602720
4 54806473
5 3 8
2 274318492 2075372120
5 3 6
3 2055392195 1435185457
2 1876954907 1743683780
5 3 9
4 1941836024
3 1593202415 138323850
5 6 2
2 87455191 841614249
5 6 10
5 2 3
1 -1638116730
3 1368545146 1784507185
5 9 3
3 1148587308 1315543800
2 884260698 611184756
5 5 1
5 2 7
3 1475659158 954982626
3 283279164 237710588
4 236362203
5 6 9
2 752637827 2104988520
5 4 5
5 7 8
5 3 5
1 1139941881
4 677447287
2 2015630089 64856397
1 1426742038
5 9 2
3 1735819455 1751845435
2 866634356 1103548580
1 -1358672354
3 1030367646 1294532410
1 -869958895
3 1143920161 752622265
2 740732130 25768967
3 803153125 2060092921
4 2047464098
4 1404028073
3 982480604 161159723
4 1880928225
5 6 9
1 -2101349140
3 1923503287 2094685763
5 7 2
3 2136626828 675343062
4 1012243372
3 367586434 33385328
5 3 8
3 901530345 191263334
4 51945473
4 652888088
4 1518424153
3 776852844 1779399023
5 6 8
3 1837330746 1470037288
1 225296660
5 9 1
2 1425890524 1714131875
4 342218295
3 1026105440 1300942664
3 1469806017 1678564936
1 2015752558
3 1602511065 1790975372
2 1556672815 1442737002
5 4 2
5 7 3
5 7 9
3 1633824635 1508728664
3 1738466706 1216737540
3 79517075 1899677912
1 -208304973
2 1486503427 1097226272
5 5 7
2 1914297286 875212920
4 448898222
5 7 1
3 936472911 1939696967
5 10 10
5 8 7
5 9 6
5 10 8
4 709069278
1 2001924903
5 1 3
1 -136943969
2 481768918 382239242
4 558250110
2 500863396 505552645
1 -574948328
5 4 1
4 830024034
4 516890403
1 -14913028
5 10 9
2 483359674 1032602459
5 10 8
3 540189518 1736229549
1 -2022010371
5 10 6
3 1137839912 361977574
1 1538003734
4 264321401
5 7 5
5 5 3
2 247696283 1554332109
4 417063248
3 87700984 2073750496
4 960236173
5 8 5
3 1717905003 1507138140
5 7 2
3 458730554 477459736
4 226316346
3 226656773 1343055322
2 161760468 324915201
2 977635712 1015668320
2 1265285305 695945381
5 7 7
2 186353243 203988639
5 1 6
3 1579055609 1148857716
3 2060463206 1615561943
3 1515310045 563935552
2 1469150340 845862514
2 1092977886 1568128335
5 7 3
4 1795871338
5 2 10
2 16732419 105653262
4 1126198078
3 123215290 339451526
2 470595019 881646243
1 -1264362955
4 1736148181
4 1089331431
4 200323756
1 -877998744
1 -2043192594
4 624274667
5 3 5
4 1360347633
3 9506249 739785754
2 293278 1523109252
2 1893808031 1471265206
2 2068008807 1072880293
3 1257590062 1387938806
3 1507896888 1091385691
5 9 3
5 3 6
1 842263008
5 3 9
5 7 2
4 541021149
5 4 10
4 1333037977
5 7 1
1 965541239
2 528567127 426387683
2 1516262322 1862884777
1 1261277372
5 6 2
1 -1935472138
3 2079693991 507530458
5 6 3
5 3 1
5 10 4
1 488305734
5 2 3
2 1490703080 876623385
4 85706739
3 568405025 1245057749
5 6 3
1 -1329527537
4 344295658
1 -451408286
4 1975354076
4 1669089004
2 841548096 1104112327
1 1280142119
5 3 6
3 1449634280 324003377
2 2024126065 946958465
3 483642346 2015326151
1 783796852
3 1533006729 90321258
3 1366190622 1519130934
1 -1131238538
1 1511972289
1 531221167
3 1362813982 1491750192
1 328168315
5 4 9
4 1100825651
5 4 3
5 4 9
5 5 2
4 1538864849
5 4 10
3 4977293 17176657
1 1904286224
5 4 8
2 1135861640 1278037165
3 950406754 625388838
1 467543725
3 334806552 618579218
3 1801592873 1879569717
5 6 2
4 1544583934
1 -176504419
1 1582562626
5 5 6
1 1206625051
4 1374161268
3 589256809 1232389017
3 845340777 1996640181
2 850001061 5569581
3 753941121 342271986
3 1472865 1261346975
4 55027335
4 378982862
2 1170651370 513192776
2 2003138683 1625661602
3 695243535 2012492981
2 675339747 1092793621
5 8 7
5 3 9
5 1 6
5 5 10
5 9 4
3 2077600231 1155385479
4 1556321377
2 657915319 100798747
4 1018327182
1 22125661
2 297172808 1834744813
3 1838280899 428953922
4 792686699
4 626627437
3 108407474 1901243795
4 902174306
1 -1589893777
1 552958046
2 1704328855 48758254
4 1944447089
1 45873553
1 1693617701
1 889686647
3 863836674 2129094476
2 155725582 25692259
2 715895594 895578504
5 8 4
2 1884674182 741375330
3 1825833399 688091459
5 5 2
1 -1555334746
1 1419740540
2 481173930 1563507712
1 1376077388
2 550612170 358152521
1 909881690
5 5 10
5 4 5
4 927276150
3 24741684 534440627
5 2 10
3 669341042 2080391317
5 10 7
3 458149090 118237300
3 576816333 673387407
5 8 9
2 1275329740 499149408
4 1187585382
4 635978451
3 1353658453 1663285022
1 64554742
2 1064020377 234008361
4 919551653
1 -484019894
4 2047856902
5 5 3
4 1807650935
1 501565619
3 625442632 53828221
2 1054288386 344538156
5 5 10
4 1710995999
1 -1053774600
3 200561885 1757540163
2 129562296 1911232535
4 269091926
3 1754411482 865090158
1 1470043313
4 1763227002
2 1688909785 856436142
4 2138844789
3 1338101668 1653897199
4 1579979785
5 6 3
2 2049971847 689853143
4 1501643851
4 231371862
2 219225058 269923737
3 543574259 1514110931
2 1874162215 883414472
2 388456286 152409993
4 1206652401
3 1851104607 353041154
3 1382968685 2064676569
2 1484359229 1157633307
3 699941082 654215063
3 116904248 1299937755
2 1301549727 98384694
1 -686720637
2 444690611 1585557299
4 1196251499
5 10 8
4 7005352
5 6 9
2 1619795451 762482237
2 1439399474 1652660080
2 456097113 167102907
2 677386757 959255824
4 980658900
2 812376526 75366644
4 2068667588
3 1479053078 1258686505
5 9 1
1 1671114801
1 1283044346
2 152903242 1644981845
1 1355044289
1 451715377
5 1 10
3 1925388337 1281303463
4 766504950
2 2127006485 410977075
3 1357315930 636556758
2 421851629 1252327687
3 1959525418 353690696
4 567057210
1 55993232
5 7 6
1 -1188205349
1 1773107360
1 1991175484
1 -1116122904
5 8 10
4 1475998236
5 8 2
5 6 4
3 604956443 1066045502
4 159845045
5 10 6
3 1228341320 1841579939
4 397109637
1 -2015524762
3 1408632110 116642873
4 1731800192
3 678796360 1057485765
4 1281830459
5 6 9
3 1908499969 761859090
5 8 10
5 9 4
3 1184663548 1314990322
1 -1777142203
4 717463426
5 2 8
5 3 6
2 337624208 1448028050
4 1329534075
5 8 6
1 -1936400649
4 1123207661
5 5 10
2 559792013 1085519389
1 572519976
2 209592018 1785597518
3 576672156 1169307664
3 1163377509 1592721359
1 -2064016448
3 726617322 2074945789
2 213208938 949152548
3 1103285241 1195202770
2 414642934 1494184045
5 3 1
1 1684952761
4 2122376442
4 1899233443
3 978959828 2020743556
1 -1514548984
4 1861232539
4 2042217545
3 211124552 376329468
5 4 5
5 4 7
3 2004681563 1881470865
2 1722959182 1401420107
5 10 9
4 500282804
5 1 8
3 1053470189 1903102808
3 935374198 1472073502
5 3 2
3 1179361168 276527809
4 313450044
5 2 2
4 920609907
1 -57370325
1 -980826621
5 3 9
3 484096634 1264527513
1 -279147727
1 1127656723
4 1711428686
4 344719328
5 10 7
3 734555478 1713100069
4 383612649
4 279370074
1 -1653738885
2 959999998 1462932199
1 -423008220
5 1 4
3 581857975 584672503
5 3 5
4 646618295
4 858685820
2 294967195 112428101
2 1404764315 1809042871
5 5 3
5 2 4
5 6 9
5 7 7
5 5 2
5 4 2
1 2092787941
4 467627506
3 1081399323 2122869499
5 6 7
1 -161071723
3 1886914453 509973790
5 2 9
3 1504118762 1156788798
1 2032505426
3 650186934 324807025
1 1438593758
1 653084375
1 -1242140796
1 942537684
1 -2092280128
5 5 4
2 747131380 1685018470
3 2134251524 910963412
4 1853478011
1 393026261
3 106368559 1896630971
4 428980718
3 1175278225 1004247869
1 1907163937
5 3 9
4 1026804739
5 2 9
2 1630121110 969819652
3 1860547577 419200392
1 155973253
2 577460043 1379976612
4 1767422976
3 341582592 117127561
4 1354518356
5 1 2
5 4 8
1 1849772952
1 1474771647
1 293393020
2 1811945994 1925965186
1 -1070092582
1 -474903334
3 1402563126 878242249
2 938756240 1737682342
3 1568774613 1235916868
3 1963983252 127055105
1 1711102006
1 1295610795
1 1796284595
2 1429737070 1167036838
4 143730127
2 1930194974 150284061
1 -793436569
3 1275560572 1869103689
4 1085046386
2 430550311 417855120
2 1963492947 756540444
1 -534877515
1 693928934
4 1895019811
3 795455978 1359846375
2 820474165 1049934932
4 119252816
3 1589811403 1460575579
1 -1036148510
4 1031512976
3 2104903189 1025572496
5 8 1
5 3 8
4 1530986801
5 10 3
3 1224220798 488389686
4 1923120789
5 8 4
3 1036485090 1229266898
2 52449031 1591398515
2 1675586413 865636265
1 168919600
5 1 8
2 873106234 573405822
5 5 9
5 2 10
5 8 7
4 883820903
4 1964243348
1 -1711385498
4 918238798
4 540492317
2 868587900 2135714959
5 8 4
5 7 6
2 343353285 976688812
3 822931268 343654739
5 7 5
5 4 3
1 -1234356042
5 1 6
1 47454803
4 1243355004
4 1824930735
1 1119121908
1 202942393
5 2 2
2 798409406 1551850678
3 209264752 2018784755
2 1296184242 1678346156
2 763619051 1842385121
5 5 6
3 2022627570 1920477888
2 1734855407 1747719163
5 10 8
4 858914928
1 -1803554163
4 329380441
5 3 2
4 1987211158
2 760776481 1858270396
1 -2145360795
4 1064677556
5 3 8
5 9 2
3 1952102802 11115222
1 -1102702226
2 1080802390 1201786417
4 1073364118
5 1 8
1 -1085081279
5 2 9
3 1240600037 336089950
3 500171481 1138540494
2 25605998 124540008
5 2 10
5 3 4
5 10 7
1 1342341204
5 9 3
5 10 3
4 1233441006
5 8 2
3 1111695729 542683283
5 3 9
1 -48985396
4 1837390469
4 1057889298
2 1223977246 791398718
3 821780712 215540949
5 4 9
2 635363623 174584348
1 -98947127
3 510664571 440215193
4 1750313567
3 617166210 1370153380
4 1141224719
3 1632434221 1615376009
3 587689910 2137537315
2 312419103 1640436146
5 5 4
4 1770534630
1 558873344
2 1352276427 162736797
5 1 8
3 830666420 1618085050
1 -1325995208
1 -1714871276
3 1387417979 1149526938
5 8 10
3 1685335611 1551775186
2 1282734043 1154465390
3 178113452 1962374792
2 230772122 2036399638
3 1049107485 902360098
4 293128664
2 1935029798 2086359270
1 360906985
1 1655183440
2 1070093911 1616471445
1 -1119721097
1 2034570111
3 608522205 1038139569
2 756116704 1045277747
3 1134395354 2094645430
3 880868377 1698408964
3 791183318 666123971
1 918409748
1 -1666538353
2 2026044525 546934114
2 429917307 1170348121
5 2 4
2 858551850 1887834645
3 1654256157 886521178
1 -1716900563
3 61428445 1998251549
3 1240882818 835439430
3 257900102 1682670482
3 65590325 1232431372
5 7 8
4 1150571758
3 1093645624 1682350305
1 2016211677
5 4 2
4 887110271
5 8 5
1 1531531394
4 1630945844
2 1145930160 193382877
2 1908708425 1086825364
4 1462037068
1 1571142491
1 1870248019
1 -1913051963
1 2101023188
2 1128936585 1758532725
2 602769605 755614970
4 361652630
3 1294500792 93282573
5 2 5
3 480366581 343252747
5 6 3
5 2 9
5 7 10
2 1959676688 1241794927
4 1584762385
5 3 2
4 156257302
1 -1755475572
3 2104717737 1216607258
4 86443074
5 10 2
1 -1908035293
4 297124775
1 498948231
5 7 5
3 2130796445 1846687161
5 1 9
2 406316074 245688856
4 2097773837
3 476337163 8694112
3 1606550069 1696994898
2 16063385 1349184723
2 868959311 10356402
4 529872311
3 926296150 1393021946
2 1650526398 2047260802
2 2076401272 1641528843
3 115770561 1713712269
1 281586814
1 1392894378
2 174219019 709945166
4 878839798
5 7 5
3 816819195 58286823
5 10 7
1 -998479566
5 3 3
5 2 9
4 978927167
1 -1592168407
4 1014505391
4 356822354
2 1043788421 710471701
4 1948796652
5 4 2
2 1619254579 1833162911
5 4 8
1 -1451335298
4 2092087330
3 70596614 383804370
5 5 7
1 -843114946
1 -122370564
2 1928925053 1044972383
5 4 4
1 -1433091336
3 121852256 1605909787
3 1396225038 42629934
2 389808233 1450609243
1 -406544794
3 1146700710 1389899858
4 1440214481
2 1589957802 706439755
2 641299365 1838204353
4 1177997936
1 -1503664152
3 2081316242 155618034
2 47909984 1163187108
5 3 3
4 138904229
1 -1997810277
4 1648228685
3 1819772282 28627797
3 1018597862 408480547
1 1842994357
4 1860728199
2 1918056860 84431084
5 1 2
3 1365104386 2034448462
2 958226399 469077182
1 1325078630
1 640554800
1 -60295903
1 -2054110635
1 -1377673135
3 1722520253 698766588
3 1442812308 664894155
5 5 1
5 10 5
2 878836364 1044556390
2 940801809 1134816162
4 1102920917
4 217541824
4 201708225
4 640052293
2 635000561 2020327482
5 1 2
5 8 8
3 50689661 1894659820
1 -981146663
5 10 5
3 1438861241 1593621813
1 539858155
3 2139137454 1887390063
4 1380355653
5 4 10
4 1999916204
5 8 10
1 -208681847
3 2058087789 602818125
5 5 5
5 7 8
4 49532102
1 -1751261815
1 -1669225446
1 2110822454
5 9 10
4 570272008
2 669546145 253054719
4 312230954
1 -1233302974
2 1160741063 416979127
4 413675142
1 19252062
4 26420944
4 1401590534
4 1031428682
4 1836714670
5 7 10
5 5 5
1 1607393430
1 1972645507
4 960481867
3 285743036 1841316713
5 7 4
1 -2126333388
3 632540064 627350046
1 1394071071
2 2068225352 235534428
4 1336426711
1 1919097033
2 1215954942 901407150
3 691807316 646191926
4 624372199
3 1106424758 404229045
2 1492709429 1603322214
4 1732184106
5 1 8
5 4 6
3 706503884 146523681
5 1 6
4 181460436
5 8 7
2 1173843518 1390231894
2 2055526633 448631349
4 309833983
3 195802460 108741468
1 -1798543878
3 1854312452 941109075
1 -1990351125
2 1794165134 1735489335
2 374416352 1561203547
2 1002155723 1642364770
2 1991489499 1221849606
5 3 1
5 8 7
2 2111081222 1793410864
4 1880331776
5 9 5
3 1560170814 858001834
1 1242615523
4 73189164
5 1 6
3 2057514644 1721941707
3 1884537175 1669330444
2 997113699 1437324805
3 1118665644 1503180492
1 -128158239
1 -983743723
3 434868671 1622549543
2 970530836 1951020236
1 -230173085
1 -729480419
2 480876613 1468384682
3 1449102107 1149055522
5 5 7
2 554000257 539250039
2 785922415 1687942288
1 -662700821
1 355451250
5 10 8
5 5 8
3 1274274342 201085814
1 1898347138
1 625954427
3 1045165140 497438006
