500
4 1807571138
1 -1914431060
4 1308605637
1 -72336617
2 1102039917 1649053627
3 1623581470 1742024504
5 6 4
5 8 1
1 1385420185
3 1787884457 2023449272
3 1679379753 916019049
3 406099973 1541706554
1 1073354958
3 2009515353 1905850943
5 3 1
5 1 2
5 3 5
4 393420256
2 941547009 1261383958
5 8 8
1 1767223957
3 1803441965 1163995171
3 440171469 1743996567
2 1547847267 880607866
1 634506327
5 5 7
3 280380653 1252016709
5 3 6
4 642435816
1 -550909247
3 1892244413 1140637765
5 1 6
2 509496401 832012722
5 4 7
2 7686371 350852945
4 236745660
1 -1996877638
1 650049426
1 -1995781500
2 1197408936 254198565
5 6 8
5 9 4
1 2121058533
2 305526145 934876048
3 1210611445 1077567878
1 -843555672
3 521735228 849694055
4 2037281386
3 1051602875 647743885
2 2083137539 452527985
4 437044279
2 400334874 1186729771
3 626078605 1883510533
1 -584885829
4 65089625
1 -1998872526
5 2 4
4 71431196
1 -162536057
3 2126444318 2012692622
2 618765428 2093942349
5 9 1
1 -1592878708
2 219899079 2143329416
3 1256226505 237504029
4 1074758192
1 -1454789690
4 178004838
2 2033083819 1248818827
3 206389251 466420553
2 1940527898 181724033
5 9 2
3 417600656 787872253
2 1254028401 1624978384
5 1 2
3 361886500 1270607215
3 362699318 617354700
5 7 4
2 1029699441 201525223
2 1967683892 2109991494
5 7 7
4 1146657782
4 10867274
4 25573236
1 1740578851
1 1433627000
5 4 6
2 317252352 653887525
4 619928621
2 1684357085 1469932290
3 1149205663 441527615
2 379647245 670541238
2 1686366593 1166079013
3 1923790739 1085702521
4 465595263
4 403722385
5 6 8
3 547819486 1496011353
1 -1483045299
4 308735158
5 10 6
4 1291867505
5 2 8
3 1095274572 1458160231
4 1614631843
1 1000194178
2 241719512 1999619695
2 1809077056 541465854
4 955282724
5 9 4
2 1829523599 674432659
3 123705990 1959085166
4 1604321724
2 664662374 111568103
2 1430858249 291725800
4 2094116705
3 1445803944 275955263
4 1086258733
1 245468328
1 -430256426
4 1780775648
2 588074591 20763495
2 490441777 1876684075
5 5 4
4 1632472326
1 1778462491
2 597966509 2116061863
3 215961357 825992512
4 186973958
4 609523189
1 1271254502
3 717609145 559190792
4 1099570899
2 1769630600 385406100
2 366814988 550914746
5 9 8
1 -70064985
2 1726646581 1857781868
5 3 5
1 2100698762
5 1 8
5 7 5
4 1588741527
4 956299769
4 1006213967
1 -547674424
5 3 4
3 1708625329 1270078744
3 2041548835 369101847
4 872527682
2 1155972556 928122859
2 893987010 612561023
5 6 2
4 147095489
4 1957558901
5 3 10
3 761805617 315087230
5 4 4
4 900147025
2 1766970793 2086183282
2 251485978 1370599890
4 1539460922
5 6 6
3 759225486 413467480
4 579193927
5 8 8
1 -2101927330
1 -1250491240
1 822414636
5 9 4
1 237967028
4 1389906178
2 453511299 1840188569
5 4 2
4 482356701
5 1 3
5 6 7
4 1890590784
5 4 10
3 398295841 1017139398
2 481140158 388217494
2 675760946 422082198
3 372402739 2006231331
3 299007975 640509175
3 1131086351 176220621
2 835703680 1438482500
4 1220871759
4 1894621460
3 1809714519 1509239578
3 14430814 1753544031
3 1857811810 1307258923
1 1204644446
2 1389131598 1506179520
3 1394379932 1479320039
2 1449921046 513631966
2 1413582827 66891460
3 368167149 937636253
1 11168826
4 924117965
1 1683470653
1 -1009862995
2 1884203948 424397894
3 1621040086 515147981
2 379688768 1488001290
3 590896941 328959031
4 1244864435
1 1862268104
1 -1900337469
3 592151367 1234255400
5 3 5
4 1435625841
3 556149819 1356863442
3 263672624 1027398871
2 368864169 602620419
2 2061636092 1199949769
5 4 1
4 694614004
1 1096990757
5 1 3
1 1369014909
5 1 6
2 1536473058 496372599
4 1998941179
5 10 2
2 1153876965 1569890236
1 -1949174563
5 7 8
4 766908917
3 1258326325 1584362697
1 575283583
3 203994366 942959506
5 2 9
5 7 6
4 1974719945
4 1096887982
4 1265273370
2 537965556 1116539898
4 1381007238
1 -1057045193
2 1943192214 563619624
4 1277903341
4 1827278548
4 1206770947
5 9 1
5 10 4
5 8 8
3 868854096 829115628
1 -523620127
5 9 5
5 4 4
2 1129580061 71737156
5 4 1
2 300322862 791497070
3 893925125 1728936538
5 1 4
3 426475626 67435857
3 206164615 1046546964
4 586221922
1 158430588
4 1108862983
3 1463866434 1069775112
2 1318890814 15484825
1 1873789113
2 234799875 990756700
1 -1521346722
1 855671392
2 1462453204 729365749
5 6 1
2 369746996 248374234
5 8 9
2 1993020420 1360151685
5 9 10
3 556108171 1065384220
1 1387979543
5 3 6
5 5 7
3 600077132 1813131582
1 166744943
2 1530031075 1804329536
5 2 9
2 664423185 1413852883
4 1199944960
4 29157668
1 -1136221893
2 1901909725 764404044
5 9 7
3 1919347340 1980915257
5 8 5
5 10 3
2 361009002 1432099185
2 456876298 1257958868
3 101147744 2004126192
2 475009794 934941153
1 -1341210903
2 1053420174 746029569
2 1513288331 1994335578
1 -1849685442
4 183938838
3 531484015 556590774
2 1509737098 347376176
2 1809905965 1003996647
2 668231840 2067214086
1 -2092033865
3 1412835316 1884635626
4 927064902
2 1344498642 2102326210
3 1154916457 675769496
2 1597412127 588700574
3 988463469 282880316
1 1996446568
4 359678493
5 3 5
5 5 6
1 -569959004
1 -1093584398
5 9 3
2 1124756130 1070925747
3 1370229478 1808152645
2 1947764617 2056072841
1 -1265474152
1 539615867
2 1839316654 74667912
5 4 10
4 695389913
1 1321147104
1 1721352281
2 1198601231 809364937
4 177443756
3 881361320 652211775
1 -423572504
4 51506227
2 1433129190 209932159
2 1496404912 1950968067
4 2012729524
3 906807124 1305427919
2 1949224418 1844332228
4 459718934
2 527739659 1248400068
3 955221021 1893566129
3 29294284 796545536
2 903672194 1705595921
3 2072925778 1145993193
5 8 3
1 -793410729
1 1378506620
1 153236775
1 1661814658
3 500091568 1117933611
2 1951972540 360116203
4 535116853
4 1573962271
3 29709116 1899616333
4 2101318175
2 677539967 1917311141
2 939432175 1370059751
4 447652538
3 2077166053 1639538835
3 446765066 1754451385
5 4 5
5 6 4
5 8 6
2 335392540 134649854
3 1557165545 2063309271
5 5 6
3 1427092051 1507746879
1 501981284
5 9 2
1 478255863
1 1699421000
5 7 1
1 -1347743254
4 1452863632
3 39241774 1626471998
3 841672899 1117354638
5 1 9
2 808489784 936616643
5 1 2
1 -635616510
1 1523499566
4 1565737385
2 1875058426 653837439
1 175128017
1 -128750804
3 1589475584 68659811
5 6 9
5 7 1
3 1271380463 111154952
1 -316186290
1 -761540042
2 909911298 1543939961
1 1547613926
3 1372473648 331212782
3 2139292659 1362275767
4 925729814
3 1776337257 1225256788
5 10 3
5 4 6
3 1309589958 995710914
4 1663322470
2 210450830 1169431231
4 1104981626
1 -308649366
3 1071591509 165194262
2 757635467 1724861593
4 2118929120
1 -1107083866
4 1924040396
5 2 10
2 281284483 713691791
2 1307322800 2061423993
1 -892250410
1 1485944044
1 2143777398
2 31112367 971870828
4 1741622100
3 660388577 895021941
5 4 6
4 2018991969
2 1077796469 480708175
2 1563033565 754741711
3 1385444338 1689619293
3 1709821617 1251677591
4 256598374
2 1214647641 1093261589
4 1575634983
4 493902434
3 1004131322 1254197114
3 2042986302 627850871
2 335563439 263010372
1 115524727
1 -687806125
2 1780478322 1076635421
1 -757899004
1 -1557379599
4 298807700
4 61102681
1 -2030835499
3 1041670480 89675533
2 1077137526 1022812216
2 1837054934 18464224
5 6 9
4 1827647344
1 -1299727875
5 3 9
1 198074022
5 4 2
1 1069461148
2 213195576 1765197826
2 34656886 838517998
4 954545604
5 7 9
5 1 9
3 1885893680 1636841681
3 658064226 1189397088
3 311313685 1769672390
4 22284301
1 662722400
2 1766524111 1995858720
4 346141052
5 10 9
2 845495404 1094038163
3 696014982 1823401076
1 -1896584112
3 261216774 4610389
3 1648279984 2022726220
4 1638578807
1 831090384
2 765897983 362294185
1 1580075989
4 1556579100
2 576648623 1156608806
4 1728145402
5 7 4
4 1387604735
3 175985752 785573601
1 -1270492782
2 151046632 1169218097
3 890625922 1564781053
4 1582141253
3 1005935644 213546862
5 1 7
3 893574675 1517786720
3 348173238 1050857126
1 1702548179
2 945684570 1613253394
4 1520360286
5 7 4
2 514750638 1309292562
2 702912135 1623133025
5 1 1
1 1563328388
4 51532944
4 690882003
4 750627303
5 10 6
5 4 3
4 1039337434
1 193502518
2 1990836475 422947298
2 212488815 203420223
