562 162623927
726412
348375
915545
6127
594458
872253
515474
959261
975368
169613
661709
316994
528771
701493
788670
255360
74117
574536
329924
338123
583875
238288
30979
172040
928802
966275
19756
653810
779547
477892
336120
66078
342603
13885
414912
841714
907517
282983
651627
920445
570758
848286
7829
560440
287017
889642
729730
1073
702558
262210
453057
337956
223758
934391
872263
478193
717611
978830
885656
767924
336433
703109
671579
166947
605660
497975
66671
646994
768414
664892
827053
851625
144886
533144
2384
306179
493985
328325
97027
413879
692511
562209
625201
696502
755146
576242
461901
319660
777640
994612
751756
582693
976488
397531
178000
409352
449653
142919
835609
633486
576304
355687
399879
153663
791972
97930
492120
152898
542577
838082
739461
619387
125165
839606
128981
115862
765897
802936
442496
257549
208312
66186
887973
347610
339495
494462
838314
843795
924479
380984
798208
451057
316913
277989
499715
197718
135186
329198
454376
708485
546796
203021
881855
463738
726156
338155
346511
985146
954653
770937
597865
130508
180163
55028
349945
503838
761134
553292
514041
430574
852840
423707
359784
74713
764563
134058
203902
956572
460215
170809
219967
418902
395527
453393
140421
23951
734973
558903
585473
706066
841264
480997
767466
443317
989851
670828
914190
19547
923355
419163
875550
204712
790652
955051
889980
898385
354014
988554
367293
197112
73418
218930
818960
25851
678206
455344
674911
226213
679003
807058
306241
635891
537558
913715
300141
811548
794631
96498
831580
55236
545627
372606
85667
619292
208515
194510
156671
417413
300121
458648
295152
885839
252331
444621
340895
279823
363252
166992
572590
612462
841741
624512
772215
496960
224539
982961
340518
62495
982026
407417
310788
546486
353599
375977
224429
307585
702543
411386
867124
421890
452283
639136
466667
187259
572090
735053
368556
88816
3909
562765
101885
707116
221257
739032
863628
833114
979415
161848
549794
883759
345359
960400
972460
744966
678808
509875
190357
554879
245217
861595
396034
53520
724262
397761
735203
509561
657089
48075
762790
75943
339728
412626
997510
119583
881393
613833
543023
882334
43453
776338
651725
29130
317735
741569
766592
308746
148487
185937
143195
122075
989604
334479
361115
168922
485740
253308
959574
383095
35645
438130
124236
325652
495544
825772
331939
765019
828120
478263
706705
643198
474226
650047
350660
736902
692610
822124
536010
5495
166859
300748
457270
195642
774853
943344
333664
237383
657664
695690
915732
647970
201087
993009
461005
593315
414032
778762
136779
432061
982242
355021
52654
11218
611327
720522
635177
554344
262754
937369
567738
452005
323751
346258
531164
982068
277788
306880
380589
599564
883862
188401
163089
809620
317315
151083
100776
842262
779013
400196
357515
940153
284345
858926
464426
326204
303724
768703
69033
462116
305047
746584
312030
16611
469140
211056
423592
335070
530916
991850
711235
124291
884525
72702
538051
342799
280741
531593
810907
7560
803466
294284
991733
364147
300335
179772
687701
106833
908460
640363
592079
973162
636314
702251
56868
847374
960993
23357
25504
838675
16687
509191
541849
208893
754035
815712
41578
519887
944163
749748
901888
554052
263420
898653
426232
96387
941429
192784
339846
815494
933765
657579
948059
581400
365619
711351
681315
872975
455767
574388
333134
168364
82841
430919
137582
344153
906860
573589
503991
921221
667714
594377
317580
901500
494404
786788
673484
622130
244361
115446
765281
184267
142764
298618
18669
818795
606231
14473
853287
484766
115549
140156
207480
878779
153634
437031
702159
70151
641219
388968
587819
39025
265136
324783
291188
616881
11477
280051
592580
560499
761423
985073
658532
504089
240223
267453
616783
665239
542048
461709
582740
551083
274946
214129
465157
413883
477692
792004
878960
529260
729966
893654
373414
185739
511687
595051
373788
935634
49832
97107
870612
654110
164742
93466
