619 246459668
118924
116411
48769
443978
733902
976066
827742
527476
420779
998871
991946
662136
910376
827914
513672
155302
125552
609266
746770
143496
745074
453880
379726
872009
962015
354084
54390
937710
84128
752836
683517
362733
160021
741941
515229
569857
700237
715923
10510
330457
555566
253501
85375
228380
106961
157633
946818
662988
8576
2369
996806
910226
838627
64508
218648
161973
51654
149587
305020
154692
417923
592784
303887
138025
683881
650882
274200
814736
607036
495166
209290
179201
659692
31189
234355
277511
160942
999234
173180
57933
492284
130085
872790
538910
212846
878562
205808
18394
198808
96164
666500
57592
587237
533987
434125
735611
245869
886621
656735
941513
238240
203819
819562
582122
414668
349428
168744
319730
54526
286901
35771
295905
914710
991517
687339
134335
193433
265516
930118
78463
734030
56447
304708
73622
80592
26145
311433
836203
221478
170287
576059
909910
404043
128753
512435
198961
352474
429639
549498
5304
454512
387726
387373
762250
5701
250568
799989
562517
882526
914307
243241
678938
927671
296767
182286
6690
967406
152666
136729
282895
730193
937998
886421
959435
131067
822198
149137
982816
527929
175722
614368
400217
617268
416648
829408
648483
657331
8715
493390
711945
395982
188299
29442
606808
946635
400832
872212
3066
176961
860899
479452
947487
147669
920141
649685
231352
750309
617718
897635
628950
301408
815044
175719
211534
556745
97089
495767
184538
16437
865949
865489
567079
396392
258537
475643
679837
751865
870251
245088
321344
817928
43477
84360
320423
987559
99790
981597
341860
481421
117628
871980
555820
572513
610853
456107
421661
846072
505203
285148
270633
502210
266060
619195
39375
955317
953771
134739
798392
373495
602127
839988
289875
523193
848908
997823
627601
743221
552442
776322
22040
759682
410605
563598
906213
306944
261245
693894
382204
235253
378370
592940
22083
528508
170610
386962
127706
475234
419362
900373
842655
386405
265200
806799
773860
755673
827554
417397
512482
357701
505662
704771
979081
887605
381031
695081
199745
730735
629231
248363
896514
197297
560901
600554
441713
287027
541995
277943
649392
748765
584066
109202
153273
826280
85488
429032
271635
140635
405502
837133
661396
729964
639143
243083
271942
156184
628556
221640
92978
749553
31367
259776
476099
342245
788461
200695
713173
213352
127626
571864
386303
502829
17796
151725
498916
248361
740478
990141
366615
9682
6139
256077
584619
919363
934603
858874
843638
997679
865096
732435
33375
129854
928566
987329
986738
508094
333801
483657
900840
420374
95626
152561
477593
937567
589506
268335
609445
603127
125436
64891
459994
284549
678766
330128
302818
424725
413369
724604
224671
677634
991661
673563
229295
80108
974315
709635
610539
854190
708920
42069
47
546681
826042
495621
686578
698115
836774
193901
221480
633630
657136
966608
519265
93499
564154
703298
741421
331365
362097
372440
881183
644015
775083
181577
416420
484568
821040
613206
759089
700424
209905
630877
370565
774070
267552
378132
372700
111256
215630
817983
612805
267886
469756
677339
870631
313260
280164
95151
195658
185959
642187
640671
603389
331349
831591
818663
344225
987072
913404
441506
111092
239886
890749
873380
822487
340430
290384
703492
415206
857286
983957
258554
79589
15045
890674
576491
634437
226988
536376
134606
325781
666112
185327
898602
794683
795343
510323
810472
865735
742588
825261
877255
234274
969945
596838
170209
238401
192071
440362
333178
188805
501727
75542
675501
546994
9886
258128
835510
759748
112093
47762
359113
513091
963591
575745
193667
271479
580460
101244
586792
337830
83642
957382
778402
495277
277723
467533
237315
92947
496534
520355
409784
886218
75028
712334
434917
438474
245938
397134
364359
515628
883474
324370
959543
94944
113465
781016
657481
846136
708044
439231
810121
382480
710168
612811
186614
685166
42003
423943
258775
470490
379810
482689
966032
195397
898930
478233
754168
393201
982633
468556
773586
558667
593815
174733
968341
687803
729736
215054
353159
372204
663725
920551
635006
508573
990139
669849
30665
433315
893874
745138
554610
477210
125767
632762
106314
33614
482390
803946
813923
502255
957138
993484
455280
300140
575896
841176
418347
598029
958160
582290
968818
701406
518601
769726
649466
737248
664555
597354
314750
