881 27859510
942777
374692
900948
472109
185512
473749
330774
224098
180818
219104
314746
196591
508449
173452
934434
525082
139267
298327
588392
526821
82077
249525
389242
669996
766777
568640
632169
882450
471877
842903
702952
480080
6721
816741
450161
865305
608877
50165
566700
561082
282741
647010
701527
448416
649455
689017
299755
675324
239232
359796
658399
31155
557236
171479
436719
56561
773887
5202
764898
430422
152349
197931
784103
108773
400598
470360
240741
877598
197670
441449
755025
239938
320983
176846
693060
511245
275219
153217
633593
579815
36684
520352
867381
41705
254107
885112
408434
275804
574874
982749
273980
470573
705646
668665
528195
259035
631981
456374
122809
478527
207350
171804
280680
354899
960240
558896
966874
328234
98951
637016
323527
16616
172111
510941
903447
68666
253092
157598
188454
637640
936004
25962
575274
246280
715637
231193
767672
931039
909294
944939
111855
311243
537436
731201
168805
93457
907859
964926
672834
771030
615003
357200
530634
586085
737942
131227
918989
267947
592835
95013
439198
805776
147207
800868
832592
692204
532083
676793
919757
735324
510893
691031
589321
334381
250566
520046
738721
643226
191404
66687
492335
323688
905073
262514
658429
595204
701226
851084
601396
562073
817791
888057
7743
872862
972020
311438
880801
701779
796764
473590
404682
386174
70709
667664
243884
939877
827273
435194
926203
342498
305121
360794
526120
33412
851503
352554
91264
202941
139880
368652
478458
416360
805280
865862
58060
348283
441125
198637
31409
508314
96024
487446
645481
273042
140889
173107
73791
776520
516470
559687
681819
498265
376561
614294
7212
95560
934323
872747
335419
109361
461460
89784
683021
708591
84730
512396
398542
356984
681161
339713
808739
510160
47188
388278
172215
115684
849325
742615
808293
314044
928281
633512
938029
849885
906996
509800
259016
496219
198281
782935
646473
809352
259416
544857
935918
456427
674518
429647
279495
844495
119306
384082
77664
219994
712636
840395
968224
115843
839080
321312
309465
658524
668802
558893
747048
13580
10596
84342
529213
223549
885845
356033
913779
815940
609062
535816
893967
922643
856213
721901
469845
987287
971530
221015
318026
168145
667023
275880
212797
585914
449964
47111
933454
270006
221243
435463
174315
475518
624690
240090
490647
347475
278168
704838
928894
23065
439318
861520
635293
85672
450987
247547
259241
288985
703184
161796
274392
842992
467627
235542
311239
962838
64709
477119
974398
404475
658050
877799
605712
431795
211203
626222
979192
572117
537921
314750
312042
744020
274196
445821
460392
131756
5070
516577
929877
775289
167526
847538
283414
452399
978437
419191
598839
141487
401115
265467
112183
619307
509354
880531
853148
201526
313081
523873
498800
536675
638206
842176
223673
907202
957649
155051
832047
589415
16109
165789
251334
265228
856691
34777
862596
351809
975337
643249
323889
68822
771712
615345
138836
760945
801747
257519
558267
376974
789921
82647
571553
410508
303778
21799
460392
197285
740111
23989
231527
667503
97779
245055
696974
908694
765132
937461
574137
422360
608024
224321
907882
859027
640381
214121
294662
245803
581462
573023
444909
881959
564923
13644
371003
393233
420899
794408
523854
965498
533764
827548
764464
217728
197058
819103
369543
4742
580732
642061
24763
148709
71372
111790
757540
774017
576939
232925
520695
368140
909162
167729
667251
249239
637581
733098
476436
13837
884777
798473
978722
204347
315575
893018
277193
437555
638127
754860
208501
463531
967473
763641
538987
208088
817164
998617
394812
471676
850975
569332
366992
869814
763695
554725
398549
156214
62715
498928
725275
961019
855548
400655
586985
495194
664691
702257
93678
591279
233805
800942
806555
143555
198722
556052
222755
100934
594785
791532
889711
685553
43385
74707
683815
627733
698690
676694
545066
18277
757555
564795
392022
520426
866933
86289
860486
358676
376567
436244
869069
65419
100443
61669
53913
296048
155578
746199
709594
798770
729267
234444
873338
304535
4624
580404
81568
85013
2506
59967
537422
740323
31979
830996
548383
891612
844368
604988
67265
553598
592166
51772
10856
421925
147268
190886
447719
354699
316225
423805
719115
160256
979792
720826
499702
639251
154267
416341
996410
634501
792214
431173
585861
827357
570683
812525
970211
224722
981789
365573
540029
567569
609962
463768
729722
774719
272626
98020
544681
784509
514663
114092
613553
143758
460728
499111
76941
317489
352880
803382
735732
986925
182639
617098
515642
645493
896152
885329
178012
990003
361948
131012
332413
302295
608906
960141
92263
616013
415580
198213
391327
692102
13209
961707
998499
288835
14491
452664
730466
811188
561631
307586
416870
877429
338426
569285
688051
940378
322223
502001
223897
395920
728008
351533
474638
645293
786967
525032
796377
582989
759325
119514
370820
565741
509204
634422
733877
672494
230043
543769
467690
584162
498387
951553
292431
296171
156294
122501
154166
151573
53807
94135
805353
320356
281643
829286
501460
97311
3596
353003
199349
475827
725374
791393
139174
608839
28459
71186
647938
945894
581497
485174
41767
325555
501694
476391
333214
855638
8600
915161
525783
821512
617973
851256
78497
611491
605369
982998
240877
893103
105991
149657
92256
922420
385902
152586
19625
395484
498118
251506
99299
822169
399329
16142
390553
660711
444595
966193
629050
889327
843129
60585
881661
584039
878385
762385
595046
306504
553980
569855
144999
824253
628585
10379
183130
128947
308673
256745
822787
929603
609505
161220
982785
972365
844091
393782
393803
509565
447446
324180
849278
55154
11611
883364
526209
121665
2147
448652
767713
942117
611582
763194
63116
177762
387093
337296
356729
168744
198754
323454
735945
666226
725001
299709
268583
538709
774604
804911
955603
611561
321950
769829
646299
548161
81968
365893
25098
841089
591752
375989
70352
544582
487722
414823
728822
765322
736907
473537
468530
99462
836643
46472
618311
553835
416196
706933
495106
162167
489453
60006
366998
792989
386386
440467
751398
616691
708132
826694
652555
359402
295247
239753
609824
385156
327392
756000
997091
77484
27508
