226 4753750
287633
115368
723955
688579
194253
508049
40848
965882
773841
447245
922313
766103
402142
557145
800142
701973
804388
604659
192543
463985
213661
222384
676865
105410
536325
105569
625549
314296
75342
151334
359861
455349
473063
278653
589327
324147
920918
670618
671044
298691
86797
95011
977499
88359
512559
497397
735470
535099
581092
959694
752474
416171
705780
262662
214978
684280
393974
319432
509072
730381
869002
606690
222419
704819
836456
862665
121086
946591
227755
7793
49209
644233
524544
471257
57389
158105
299083
219187
410641
191714
447807
588897
751083
808639
711060
507373
752887
93304
2252
253927
408942
120307
239333
951650
702281
290766
845527
264526
497292
640405
633603
576368
4427
344567
393433
136
709412
275847
882071
685265
366937
963208
499711
542610
585742
646454
544615
702327
508330
928581
847971
266093
926770
233405
508390
69573
715774
392297
860755
223798
846086
971188
666798
168527
668118
251989
903128
357510
938852
628367
620884
867435
695188
79081
1638
334734
449716
216154
246188
198596
352579
706223
867668
108874
576757
587460
907156
524324
108312
184291
602813
901477
424293
968651
236390
979976
560555
281646
980939
210376
8291
812847
923589
395906
94329
380903
227436
908120
157365
205495
268105
694319
408301
759092
39919
493845
264743
579905
828782
566809
258408
191867
866238
619248
607493
160361
158625
69800
210250
716974
920053
713418
777405
354229
391964
514258
145436
380994
596246
964316
201997
512968
514881
675190
150909
237006
942769
441061
554909
225264
938670
95076
369949
365066
562984
714022
