506 39384628
101612
351619
266660
349918
97620
831670
447646
268594
544623
562666
541861
741835
130046
49242
961349
547109
338433
966439
387666
99305
442083
511983
513872
556685
285760
193126
695940
876338
272956
89995
156780
396028
784794
691604
988531
751537
884598
571794
455966
941194
188058
466505
705425
645363
866899
797621
951195
443484
98334
175281
949771
302886
482201
894771
312929
643023
538350
933712
876325
322975
802496
652734
878993
954077
885981
709397
233014
828531
13862
783679
514952
490670
886400
455264
435665
685642
808857
229304
197359
448743
549306
128797
620343
145994
870121
125793
143119
669030
428788
179687
18235
26721
20249
418867
456835
893065
203660
822405
440541
225475
588974
8374
256256
130017
61732
959199
525224
669031
797125
675836
160558
848552
971402
676956
517786
342131
797904
663234
178673
629061
130121
126133
896261
770255
248131
447135
681384
35219
813786
197022
924416
88751
364226
548720
271009
272320
807312
206612
436023
694030
301172
733543
399946
245239
137385
52365
378327
654291
842590
944452
486030
205424
912814
191004
350979
843040
574648
895987
886867
690729
634825
830892
455744
191685
876070
382127
154491
192041
707138
974749
790547
217805
576668
503679
988760
865702
565087
663324
7233
43832
75021
443530
878860
237528
944020
147387
895316
560495
700567
538793
87068
975309
946672
412390
302835
151284
11785
904538
670048
195454
166747
304184
31214
407473
578547
78337
913345
439002
135083
462529
974513
883335
463894
363647
344764
347988
784824
411558
994062
424295
791408
863287
22988
351516
183058
595767
49542
883386
671033
199804
543402
547404
467744
143388
153754
888292
880362
294957
851775
783820
478250
919873
160105
839535
349921
759255
451709
537183
866580
195249
25847
734451
72647
346623
268961
642746
733717
823205
541370
159097
54554
609196
630888
870140
39646
177426
974984
331954
761018
199453
912302
861561
13967
749669
686898
39168
157653
136652
286747
843943
897049
135496
469918
498412
102736
559
221193
415865
653266
409055
242302
437240
809353
444664
730682
575648
596148
914756
59177
74816
905050
796973
117995
747254
603451
89505
194785
836648
362568
665923
543566
608756
66944
277379
899019
69997
85627
474435
369555
582480
594112
870565
774222
505377
258283
200535
194622
204971
914528
352370
73390
650841
249127
166693
932285
323208
620314
882636
503929
370496
633370
321725
382149
489024
686644
55543
439059
740480
680286
44843
82261
482602
699129
480443
422837
980392
477676
868957
705628
30684
943779
268008
754550
622451
713081
868815
901871
206338
468545
570200
227475
748787
895724
861763
705889
359576
587221
482759
572550
235979
24428
741219
324533
780431
403184
52239
195953
78677
863533
95795
712949
280682
406663
267073
825151
438612
882796
818252
195852
996395
895509
709861
695165
715371
411653
690968
914878
14061
36954
797105
615017
427684
738716
251743
356080
404558
994743
873180
788809
376209
941442
629891
570292
312889
159922
454908
563156
383293
160062
846821
624451
438393
969587
325457
221657
197889
59150
574921
875840
5693
597177
36652
148670
22102
620229
579112
759203
849991
83008
753226
521249
128778
968394
94523
893636
165133
119669
346011
371872
722799
478877
97468
940281
250220
603718
781716
370721
355667
858120
993772
441559
572222
448439
942071
894493
206427
808036
814028
908377
912110
722847
780132
400053
65517
219696
840034
628791
153414
884091
273628
127395
770477
925575
242245
354343
865519
196305
247933
999236
655807
495890
951867
297158
771682
902757
872225
