531 188865418
909223
5177
93811
609303
513601
296786
503401
559751
661780
499936
904485
80415
798592
71803
813587
505394
901007
195020
812432
414078
577829
156539
577277
232962
530293
366918
11926
58006
898059
164441
980244
930563
216778
349706
971517
939746
613209
59485
326914
625217
844006
829386
236174
947934
932713
231144
689733
574495
874332
735696
167728
525206
517790
252763
994882
275781
818008
175799
246704
22815
781089
855794
775454
492729
307994
570087
368606
550797
382757
100391
963284
306554
864920
236038
295930
81315
55371
50164
46086
526570
237850
205037
795072
815236
503299
287455
638171
691423
531543
571081
760332
752387
491376
273726
995592
286618
145514
764059
944360
437761
309773
667364
824655
169169
139256
260304
396399
629844
75797
867059
27991
796776
547237
386896
753649
120546
243397
617603
101749
25083
798729
429722
646212
535410
815623
789968
991194
570847
784972
722764
363579
597454
537710
537093
82959
914007
376761
107485
948486
546842
488638
420288
748882
136529
300788
901271
971755
191244
709430
168098
71333
320323
770928
308951
498413
752897
57970
243664
521528
188348
548482
947633
424372
283429
483530
343448
352173
486855
435609
528362
975615
494625
410278
791061
471858
368506
310258
158244
587078
427764
115498
242476
776217
361849
943663
254743
382783
200240
545108
951802
152316
348619
397613
399884
879289
544466
770496
412911
19109
455684
799674
411096
28611
930718
460491
577961
389119
522247
120121
783731
589804
30549
574024
845750
698393
785636
694280
535897
490291
509383
783581
196453
762149
939083
951741
327479
110781
655622
413185
994202
714497
458427
89499
903781
713335
749382
759639
356018
533735
90071
254721
889011
506206
611095
680967
120137
536057
731785
82747
515654
871098
84341
852892
891034
180707
532367
978585
218039
525820
819065
293326
280749
351939
670847
168445
513325
602934
43447
817042
150978
477955
494959
223738
159875
570673
233019
817647
179198
802030
941165
617290
982185
219287
912751
578386
704128
738128
939705
294886
196089
796484
72779
95852
615709
817641
477168
980306
566654
741853
40262
974436
966582
172211
38671
250903
888698
667332
138390
150290
748949
232393
838662
619061
494188
540321
992452
860124
828785
59192
804458
202223
189248
114433
721716
977072
556898
221861
4049
459072
748276
790402
396477
7481
628404
307063
404731
4823
619049
246796
483834
431437
648822
233715
768759
953544
242367
967117
764568
558527
53922
798189
67971
736687
131153
53745
551278
648763
211433
81145
330668
718880
409333
853223
653752
415646
436724
380446
27148
958264
964457
658195
194023
616194
465058
968492
275610
224270
883161
181416
844533
601310
455951
90588
845770
741578
660721
472522
633399
166195
382384
486161
330913
734140
907683
964215
357383
153105
279431
754194
853825
959836
334706
795921
24788
405846
675982
696803
974423
551739
32881
178763
948817
475805
699377
74424
673930
392694
197602
687577
56996
398326
898428
486712
917312
302027
391106
170292
219889
667485
592373
56754
747978
450533
650314
19855
395626
181559
675644
184860
667951
189354
552508
534094
647368
662568
670803
372924
740548
329035
302984
298695
856173
705524
548671
166303
848931
700355
580065
969406
72481
387358
22314
541773
937722
200919
258057
630917
64696
131545
430852
930512
669129
767689
473516
847588
13333
496625
474428
190256
42913
741221
858404
637329
866664
350565
893366
39325
901529
30430
106946
475851
635819
947577
231242
446309
218480
110650
593939
617176
39041
746078
298348
93699
478696
28083
82431
461898
956735
138620
470642
641673
568228
802291
325461
465424
672013
309685
828204
404029
89435
960320
954464
439104
245120
409332
486519
219840
438193
528558
712221
513703
