46 24 17
6 3 11 0 44 7 3 10 25 4 6 6 12 29 33 13 26 12 45 29 38 10 18 15 11 40 28 4 5 10 34 18 30 16 37 5 28 12 22 40 39 34 40 35 34 4 31 16 23 23 27 31 5 19 20 36 38 22 34 11 35 28 16 20 39 18 33 29 10 41 3 6 25 18 11 42 38 17 36 37 0 36 9 9 24 15 22 9 14 19 28 13
44 33 27 22 45 28 15 19 2 35 25 20 2 4 28 18 26 9 39 1 20 16 33 3 28 20 2 21 3 19 3 39 36 5 7 15 1 7 16 33 39 30 33 37 14 27 18 1 15 26 28 14 34 28 0 10 34 3 35 13 10 27 35 22 9 10 11 36 2 27 31 4 35 38 44 39 28 24 4 39 13 44 27 30 45 9 16 34 41 42 44 43
25 16 18 41 37 45 33 12 41 0 14 12 8 18 37 20 23 45 37 3 34 36 13 2 2 14 10 20 13 31 25 21 3 24 5 16 43 41 17 12 38 34 33 44 16 24 30 44 12 40 2 22 41 3 14 15 5 3 29 38 1 43 40 27 9 27 13 32 29 40 19 24 14 29 3 36 10 31 35 11 31 32 11 19 32 26 21 19 45 14 0 9
42 35 15 44 7 23 11 31 40 15 32 43 11 35 3 31 27 13 41 26 44 27 36 11 24 3 29 16 29 5 6 43 3 22 39 3 10 19 21 17 42 0 21 20 22 27 15 16 31 24 35 43 20 41 14 40 23 25 0 17 44 37 28 3 40 43 9 0 0 25 5 4 17 24 20 22 41 41 22 7 28 39 1 9 6 9 2 13 17 9 30 21
27 12 34 30 11 45 30 14 16 5 34 41 44 30 30 18 42 39 43 29 14 18 40 22 37 43 3 21 26 45 24 29 1 3 24 0 18 5 40 4 4 3 10 1 19 13 45 25 27 26 4 4 20 33 39 37 4 29 43 39 45 18 12 18 0 31 40 42 45 27 45 45 12 33 14 7 44 28 27 40 0 32 3 41 32 17 41 25 34 13 14 23
45 39 7 30 41 29 15 24 25 35 31 41 29 18 8 5 23 24 27 35 33 21 6 31 14 16 0 30 6 42 20 43 18 35 33 24 29 19 45 17 41 6 17 35 18 13 18 26 15 25 31 12 31 5 32 3 25 5 34 23 25 10 23 22 2 25 0 44 9 30 32 44 24 21 31 15 23 29 16 43 14 5 9 32 3 4 0 33 33 27 27 42
4 43 24 28 6 22 6 39 19 42 41 44 43 4 25 24 44 25 8 25 10 12 44 29 31 43 12 41 29 21 24 16 0 3 25 23 20 29 11 10 38 42 34 38 30 6 34 0 30 0 41 35 25 39 27 33 24 17 42 32 0 8 29 2 37 4 19 14 4 40 14 28 31 40 35 9 17 7 44 15 30 35 32 23 44 42 30 4 44 1 35 29
37 30 0 42 1 42 9 2 41 12 12 13 18 3 45 3 17 21 27 41 22 28 38 12 34 27 0 15 42 40 42 1 23 41 15 42 23 44 43 28 42 14 45 40 10 43 45 19 23 28 39 27 43 43 38 8 45 22 7 11 27 19 11 30 41 34 7 32 32 40 5 14 44 41 5 39 34 35 43 25 15 10 43 8 19 27 14 14 28 28 1 38
40 34 0 23 6 6 40 33 15 21 35 26 16 28 28 11 20 34 33 2 41 14 43 45 15 3 1 14 16 0 34 42 30 33 23 13 6 29 10 38 27 32 43 36 34 7 8 41 19 9 32 27 9 19 26 15 22 43 5 7 2 18 34 14 2 11 3 29 5 8 22 23 25 26 33 11 39 45 9 26 31 26 2 7 35 3 39 12 1 32 38 38
0 29 28 33 5 44 17 25 26 14 40 38 14 35 20 11 43 40 8 20 9 40 4 11 38 1 3 27 45 43 20 7 38 20 38 40 13 4 14 3 15 28 7 19 25 33 1 24 30 24 26 37 23 6 15 5 9 24 8 38 13 6 15 33 16 32 34 15 10 21 44 17 25 1 26 33 8 8 30 39 13 7 26 22 36 8 22 12 8 36 30 25
32 22 6 28 20 37 3 17 33 6 45 11 7 4 3 34 21 40 21 34 1 29 8 13 38 37 36 0 9 11 34 9 7 26 23 33 6 40 18 11 9 21 13 36 31 18 34 16 23 42 37 17 43 3 25 15 42 29 11 21 39 14 38 39 23 39 13 15 24 7 23 26 10 29 15 35 15 38 41 39 5 13 9 23 36 1 44 32 32 37 24 33
9 34 3 45 27 16 19 1 25 14 25 9 6 26 10 36 22 26 26 41 29 27 41 7 37 13 22 44 2 28 13 23 39 10 17 11 23 8 31 17 3 9 16 42 28 35 43 35 8 35 18 40 34 32 11 37 19 18 31 8 24 38 45 0 23 5 30 19 25 37 36 19 36 18 23 16 25 6 13 29 1 25 19 23 24 2 43 30 2 17 32 33
43 10 16 35 20 42 44 6 19 41 7 16 12 31 0 27 36 21 8 40 31 27 44 19 13 37 36 3 16 39 24 44 9 14 26 35 10 26 24 6 6 41 36 39 39 0 37 14 9 16 8 37 44 12 19 20 6 45 14 21 15 22 21 12 41 36 19 28 25 43 22 4 0 45 7 44 9 33 35 23 6 4 12 34 37 36 20 25 36 42 25 38
18 6 16 12 28 41 13 41 3 11 28 7 35 12 10 28 33 33 31 33 24 12 33 42 30 38 13 30 45 36 3 5 17 0 6 38 30 3 25 45 33 20 29 23 6 14 5 28 23 1 5 26 29 26 21 28 4 37 22 36 27 8 15 11 5 1 30 22 8 31 14 4 7 25 44 24 8 26 31 45 17 13 38 4 8 11 21 14 27 44 35 25
44 43 35 24 20 5 33 16 16 44 31 22 29 45 2 29 16 22 31 2 24 13 7 8 2 26 11 24 1 39 38 19 30 37 16 26 1 1 22 41 45 12 28 15 22 30 13 16 19 35 29 22 20 13 41 11 40 39 6 21 41 28 41 27 15 45 13 11 40 31 24 19 37 40 5 40 6 15 30 36 22 14 15 15 26 13 14 44 22 45 38 31
35 8 8 10 43 37 26 43 7 43 45 21 41 45 29 7 0 39 42 19 45 41 3 28 7 37 39 23 31 9 0 1 34 26 28 1 35 16 40 40 35 41 36 13 9 31 25 27 5 34 4 0 13 34 8 21 23 17 33 18 43 17 33 15 35 6 21 39 22 19 43 31 15 23 16 36 11 2 38 32 10 30 21 31 31 28 12 43 35 35 28 17
10 42 45 31 37 9 23 9 0 16 39 17 33 9 18 4 19 16 38 9 19 12 37 6 26 4 29 20 11 16 40 11 35 17 32 21 45 32 40 9 25 31 41 24 44 8 44 35 24 41 34 1 4 38 12 25 29 12 33 4 2 39 2 0 33 26 15 30 8 24 37 1 37 7 17 38 9 25 17 4 21 16 44 31 28 8 25 12 8 14 27 34
2 2 41 21 44 20 41 31 33 30 19 37 34 39 31 39 5 42 18 23 20 0 22 1 37 23 21 9 37 29 7 5 34 6 1 34 2 33 26 18 30 11 23 21 7 31 12 38 2 43 32 4 34 44 11 39 32 24 8 12 22 8 39 38 39 42 33 40 34 10 11 44 19 22 34 34 21 22 1 27 10 45 23 37 39 6 7 2 24 1 7 34
40 30 36 6 31 19 1 37 17 10 38 33 40 25 32 6 30 32 37 37 38 6 24 4 39 25 44 26 16 30 33 17 15 12 43 7 28 26 14 22 3 42 23 31 25 28 30 41 43 33 14 11 18 27 34 37 33 23 7 36 12 27 5 2 18 44 27 43 37 16 3 3 31 30 8 3 10 34 7 1 38 27 39 13 37 22 17 31 29 30 37 28
31 36 40 21 45 4 18 2 13 24 21 8 43 34 27 24 29 1 4 18 12 19 29 17 21 32 5 25 4 45 8 4 32 36 11 6 6 33 24 10 30 9 30 10 36 32 1 40 42 28 8 29 20 2 10 44 9 28 12 39 45 24 45 34 1 41 16 3 16 2 25 40 13 21 1 6 34 40 7 7 4 35 11 25 23 14 32 16 0 20 20 39
30 12 45 44 41 8 45 2 28 32 10 37 17 17 16 9 19 7 43 14 26 32 28 2 26 1 39 43 42 30 16 27 18 12 42 6 8 43 31 0 16 7 39 35 18 17 12 0 14 8 14 10 25 41 14 17 9 44 32 18 17 15 36 23 24 14 23 32 36 33 29 39 26 29 1 5 24 20 0 35 40 41 4 10 26 11 21 0 0 5 21 18
14 30 42 10 26 26 7 3 40 29 36 24 11 33 27 6 12 10 11 43 26 31 42 41 2 42 44 22 32 28 3 44 19 30 43 13 11 23 12 8 20 27 27 38 2 8 21 13 22 38 6 34 0 7 44 18 42 38 42 42 34 45 4 1 9 45 31 34 19 3 24 45 12 36 15 32 4 12 38 41 7 10 33 7 14 26 7 14 17 16 38 7
16 11 29 32 4 19 14 38 14 41 3 30 32 38 22 11 30 23 27 28 6 44 15 13 27 4 36 16 41 13 8 6 6 11 3 32 37 34 43 15 45 20 13 40 37 33 25 22 44 3 15 14 0 21 13 28 40 18 24 26 27 39 4 25 17 41 41 5 18 45 1 2 11 32 14 42 10 33 10 25 4 24 1 30 9 13 10 39 28 10 29 44
18 10 17 14 20 18 18 21 42 43 30 1 13 43 34 25 27 9 10 40 13 42 20 8 43 0 8 32 26 8 24 31 17 28 6 36 31 1 15 37 0 4 40 44 27 45 26 0 40 36 13 18 33 0 1 10 15 4 22 29 7 39 4 26 35 21 33 22 41 32 27 17 2 15 45 30 19 5 36 9 11 38 40 23 23 36 33 38 8 7 22 35
1 12 18 28 31 31 10 7 7 29 23 43 5 18 31 10 22 34 22 18 45 23 6 2 39 39 0 19 15 39 25 44 37 39 -1 -1 42 17 38 29 39 21 14 45 36 17 18 33 41 18 27 5 9 5 29 31 2 38 43 42 37 41 12 7 45 6 38 35 30 15 2 5 30 8 35 34 31 25 37 12 26 17 18 38 24 9 23 7 27 18 10 45
28 22 15 17 34 8 1 4 29 3 43 38 10 8 14 20 41 30 33 34 37 38 18 7 44 0 19 11 24 37 24 22 13 20 3 13 32 15 5 5 32 10 15 31 9 43 43 22 31 29 20 44 41 40 22 17 20 21 16 13 24 18 27 20 38 21 1 8 29 13 16 4 36 22 25 36 34 20 3 23 19 29 6 8 33 31 42 22 9 41 10 11
23 0 25 0 20 9 9 17 0 14 22 42 20 35 43 26 11 22 33 8 0 26 7 20 2 37 36 45 6 37 28 9 10 35 36 36 40 12 21 4 39 8 17 43 8 19 12 9 19 31 37 15 45 26 37 25 40 32 37 44 9 3 30 27 39 31 44 38 30 13 34 12 16 40 36 29 23 27 4 5 17 22 3 38 39 7 4 41 27 14 27 2
39 29 33 19 3 12 10 5 20 4 7 13 39 28 8 17 8 2 26 38 11 29 3 25 38 36 38 44 42 37 20 14 2 9 24 32 6 32 9 38 39 44 32 45 40 20 5 12 0 37 3 15 2 31 17 34 33 43 6 5 42 31 8 9 14 37 20 15 6 10 22 2 26 40 43 32 32 35 23 35 25 17 22 39 28 37 44 13 19 36 38 26
6 24 38 24 19 26 5 17 12 3 36 38 8 30 13 26 44 40 11 27 21 35 22 37 26 42 40 16 17 23 18 16 1 26 26 27 12 5 22 13 43 44 37 18 24 39 8 39 10 6 29 34 17 32 10 22 32 1 40 8 6 16 15 7 24 23 28 43 13 39 11 12 41 22 43 27 11 17 17 40 7 22 13 0 22 0 39 2 29 0 28 6
2 40 35 45 12 23 20 3 21 25 41 20 40 14 30 29 16 15 19 19 9 22 17 1 0 6 30 43 11 1 4 15 10 15 44 2 5 29 1 28 8 22 15 41 17 18 22 16 18 36 43 16 42 36 1 18 37 26 2 41 35 4 17 44 31 35 41 43 9 15 43 20 10 16 40 17 16 14 24 11 21 42 32 31 1 19 44 34 25 34 11 34
4 32 9 29 24 40 25 19 21 29 29 36 41 16 20 45 45 42 41 17 12 24 29 42 1 35 39 11 14 31 43 23 31 14 40 26 18 22 13 14 8 33 24 36 17 19 25 25 40 19 29 43 39 32 11 26 24 27 42 24 41 37 1 45 31 42 45 1 38 11 16 8 12 6 37 21 22 32 4 33 21 23 29 15 3 7 11 14 32 13 6 7
12 1 17 39 14 6 10 13 42 44 21 2 42 45 26 25 2 24 25 3 45 35 20 17 -1 -1 10 18 39 40 5 38 31 7 29 14 43 5 35 0 14 2 15 6 42 25 20 20 26 16 20 31 34 22 21 1 26 44 35 32 28 25 27 11 4 21 0 2 10 32 30 5 32 29 9 39 33 45 12 14 38 18 36 44 13 5 42 2 28 0 42 23
34 17 43 21 42 34 34 21 16 23 29 25 2 23 11 9 6 13 18 34 2 1 35 39 43 18 20 38 19 32 19 8 4 2 25 42 32 9 35 5 32 0 32 7 19 21 9 37 22 3 27 27 8 15 38 16 36 31 12 37 2 32 1 44 38 2 0 40 18 29 26 36 45 37 23 34 2 30 32 19 45 5 5 6 30 17 37 0 22 24 21 11
1 22 29 35 38 5 12 17 18 9 1 33 35 40 29 4 36 26 4 13 8 27 19 39 13 33 5 20 32 30 14 13 2 12 19 25 4 14 13 9 17 36 17 42 20 30 36 28 28 36 12 42 41 2 19 40 29 10 37 24 19 15 28 29 24 43 33 5 0 24 17 3 33 14 6 19 23 10 40 13 28 16 25 30 27 0 23 12 37 10 23 2
8 28 42 26 38 43 15 18 5 33 5 27 42 4 2 6 5 0 33 36 4 34 39 5 26 34 32 42 28 40 23 3 13 13 26 3 28 44 4 16 40 37 43 2 6 1 13 1 21 36 23 40 32 5 7 33 18 32 34 43 35 44 36 34 42 33 6 23 24 42 34 29 33 28 38 23 27 15 18 0 34 31 42 8 40 6 28 45 32 12 27 29
39 9 17 45 12 4 7 45 6 18 9 6 18 19 9 8 37 35 7 9 42 9 28 23 31 37 15 43 6 20 21 26 36 7 38 3 25 11 4 44 19 17 4 6 26 10 19 6 18 31 13 35 27 1 10 4 13 25 41 38 17 8 33 10 0 41 14 24 0 34 12 33 3 14 17 20 17 30 37 8 26 2 1 20 1 23 20 19 15 34 34 5
30 31 18 37 0 13 7 24 35 31 41 10 25 8 33 1 13 38 32 34 29 41 16 6 12 21 1 11 12 16 18 24 17 2 35 19 43 9 41 15 8 44 31 2 35 10 39 19 11 41 23 30 4 20 4 23 43 6 35 2 21 27 40 7 17 37 2 3 2 19 27 23 7 41 8 34 45 16 42 27 31 11 27 21 19 45 3 2 18 30 40 24
45 13 44 14 19 43 22 31 18 8 34 24 24 8 28 34 7 38 20 10 40 1 16 37 39 26 15 2 12 26 22 10 44 23 40 2 41 9 43 11 26 39 19 33 14 1 30 28 14 39 29 8 20 1 24 25 44 16 40 3 23 15 14 34 1 15 3 35 16 19 3 0 13 22 42 11 4 17 26 21 28 38 31 3 40 0 22 20 37 11 19 0
4 9 3 33 12 35 7 27 25 38 25 2 36 20 13 19 42 18 24 5 28 19 13 3 21 45 35 1 9 4 0 18 29 28 16 18 6 30 43 12 45 8 12 22 39 41 29 33 22 6 0 43 39 16 38 15 37 31 15 1 8 42 3 18 7 17 12 12 5 45 20 32 5 22 7 35 35 42 13 27 3 26 4 42 6 27 8 1 22 22 36 30
22 33 42 7 5 15 12 44 42 5 32 2 26 23 25 7 11 5 32 41 26 20 12 11 36 14 0 38 37 2 23 38 35 14 25 13 28 27 29 9 22 21 36 25 30 2 45 10 37 32 7 18 16 41 36 2 33 35 6 35 9 42 21 44 16 17 30 45 26 28 36 4 25 29 35 36 38 0 24 24 44 21 1 17 16 1 15 29 11 8 19 10
32 20 18 25 24 35 27 10 5 11 42 15 29 6 17 6 12 45 33 39 2 0 21 10 38 14 18 39 15 8 9 18 3 43 11 11 15 40 38 30 23 20 4 30 27 37 4 28 19 34 20 12 21 41 32 39 18 14 40 45 9 20 4 31 30 7 42 16 31 21 41 4 19 38 29 24 7 40 5 37 11 18 30 34 11 20 21 21 10 14 7 6
4 7 35 37 3 20 13 45 42 20 27 7 5 41 2 16 20 23 44 4 27 25 11 15 13 12 41 33 24 30 10 0 1 0 11 7 11 28 7 12 10 2 42 12 31 44 33 32 37 27 18 18 10 24 0 22 21 33 29 37 35 18 32 25 44 44 30 20 2 34 0 11 15 36 20 40 16 25 36 40 44 9 35 30 2 20 25 32 5 31 23 11
3 1 21 35 38 13 20 28 13 8 3 40 43 24 5 21 43 19 31 6 15 0 9 36 21 6 37 42 14 36 11 13 10 9 24 34 12 2 28 31 30 30 33 25 38 45 0 12 39 20 1 36 22 25 9 35 21 30 23 4 44 11 31 23 19 44 11 4 31 20 12 15 41 19 10 10 43 1 2 45 16 45 26 6 44 36 31 38 39 36 40 5
21 15 26 7 22 5 5 43 18 20 6 25 39 15 21 7 16 10 5 9 8 23 14 25 16 38 3 37 15 9 8 0 26 19 20 26 31 13 41 23 9 1 21 3 32 11 6 17 30 40 5 23 6 12 9 12 28 5 34 2 6 0 8 16 44 45 38 25 3 16 45 38 42 13 29 11 23 18 10 17 29 29 14 32 16 16 26 24 2 36 11 3
21 38 12 30 2 10 35 15 1 21 42 3 45 7 32 14 2 44 28 30 27 36 33 41 42 21 30 26 8 45 21 5 5 30 12 32 16 21 18 42 36 27 44 10 1 31 5 32 13 10 17 33 23 19 21 43 35 33 10 3 15 27 35 7 39 24 17 5 17 26 10 23 16 31 7 42 36 35 12 28 44 5 45 15 34 19 1 16 17 27 32 8
37 19 36 43 45 33 20 24 14 9 19 4 18 43 39 22 36 15 13 17 30 42 5 24 39 33 4 27 14 43 4 8 34 33 16 29 9 7 22 15 5 36 21 24 45 19 20 6 35 27 15 20 36 10 1 13 14 33 5 35 35 20 36 41 7 28 38 28 12 20 26 5 27 3 28 21 28 42 32 32 40 28 36 12 17 29 4 22 7 21 7 0
