14 11 0
0 5 13 10 2 0 4 3 8 8 9 8 0 8 11 11 7 6 10 9 11 4 13 9 12 0 0 6
6 1 7 1 1 5 5 8 3 12 10 8 8 0 6 13 4 6 3 10 9 2 7 2 3 13 6 8
2 11 2 10 1 4 11 9 7 11 8 5 11 8 9 9 5 10 10 5 6 0 8 11 13 2 12 8
11 7 7 9 3 7 4 5 1 2 6 9 7 13 1 7 3 1 9 5 10 6 9 13 9 11 1 0
13 13 11 5 2 13 9 1 3 8 2 6 4 1 7 8 3 9 6 2 0 2 13 7 6 12 3 11
7 12 3 4 10 13 1 6 1 12 8 4 8 1 9 4 4 2 2 9 3 6 0 9 1 10 1 8
4 7 1 3 7 7 9 12 8 10 8 7 10 1 7 10 4 12 13 4 10 7 3 0 8 3 12 3
13 0 1 2 10 0 6 11 8 13 6 0 0 10 11 0 5 7 2 1 10 3 6 5 2 8 12 13
5 9 9 10 8 12 5 1 12 1 0 7 12 6 7 8 2 12 2 3 4 2 6 3 11 3 12 4
9 6 6 4 5 13 5 0 4 13 8 6 10 2 11 6 13 5 7 4 5 2 5 12 0 13 4 0
4 13 13 12 5 4 4 11 7 5 0 1 8 2 9 3 4 9 1 1 12 5 5 6 6 7 12 10
-1 -1 10 11 13 1 12 12 0 4 10 12 2 3 5 11 2 2 11 12 2 4 7 3 2 5 11 10
11 2 9 7 0 11 12 9 0 12 13 11 7 0 1 9 4 4 1 13 1 11 3 3 3 2 4 10
-1 -1 3 5 5 3 12 7 13 3 9 0 6 10 2 7 11 13 11 1 8 9 6 3 10 4 13 6
