12054
21410
16249
25132
12120
12345
7131
22482
2633
22271
16121
28006
32000
21443
31798
1108
4234
17258
5302
20925
31700
15934
18534
15213
23754
15496
30780
269
3265
10592
15808
1433
5138
6084
7115
19733
264
19944
11406
636
9725
6861
28887
6650
703
10773
9360
25434
23865
18966
15496
8386
19791
22573
29047
30110
16393
18260
31804
16858
13812
29943
26472
15700
16581
16388
6656
26513
1088
5698
32639
8111
15960
27619
28955
30874
6808
20828
17481
7555
21697
7028
8835
23182
28341
20891
3657
7627
32147
22142
14694
1128
21028
32472
4212
18469
118
2699
8098
8455
2758
13295
13493
28497
13219
18794
25165
16816
15185
1345
18538
2998
3180
6061
17966
8329
7117
5938
30949
17885
32690
19244
11330
29471
536
1195
8171
4339
12908
31104
17977
19681
14947
21912
24632
21835
31271
30345
6902
4515
12211
1387
4602
10971
11648
25321
23314
30748
25697
6551
32594
9146
17579
19079
1369
7272
15002
18455
28886
9896
18928
21260
23371
8838
3295
11749
2577
22918
6697
31337
9629
26843
5766
5507
30209
7129
30022
25935
18613
19117
11319
19829
25496
4428
24265
15798
10546
29353
17520
3780
21052
15403
20042
8535
24674
15710
20482
29565
11847
10217
12276
8241
16586
11200
25234
32048
15752
9114
13574
19208
10913
26022
11033
11122
23488
3193
29779
20961
12373
19531
15459
8795
1829
10340
23234
12936
2821
7377
9620
24841
15586
4187
27599
30474
24325
8890
23198
2075
9621
11013
21000
1083
20574
31341
27853
12342
4560
14123
16272
30770
26443
25527
4923
20612
18074
26171
7840
6344
17597
9287
860
13616
6635
1734
4609
21020
9943
31281
6516
1515
24371
16130
17811
17681
15730
7788
20763
23658
9171
22345
3785
26063
20123
22356
3520
27366
15265
5272
23851
10814
11024
6952
13091
12955
7529
8977
31443
18574
29383
17037
3546
19017
3943
4217
7408
1458
10599
19209
3021
13494
9166
22203
17479
5088
6861
10633
17594
18218
1349
30307
28076
275
3976
11484
21169
8177
4964
8484
4749
13705
20830
28726
31385
11485
20283
29778
31080
581
32709
23982
9385
16833
6091
17257
22095
16270
13418
16576
9456
16119
13963
29316
15211
31598
30637
26827
21454
18395
15333
24807
22903
14388
1314
23444
30329
2382
11190
25461
4161
15091
24594
6082
30585
4148
31185
20283
20268
27136
14329
26464
28459
12278
22141
5091
17840
15224
7430
16990
31810
30977
19186
26178
25560
13240
1181
16655
27713
16197
9696
31435
10947
29667
7640
7853
13315
12470
14313
20505
19748
22624
30210
19409
14387
31695
24610
2409
8131
10072
27931
4347
26068
1546
26774
22813
23034
20284
31319
16656
6843
12905
12994
31546
9784
13630
16542
31702
24080
14320
13338
16363
641
5075
29453
122
26832
2089
17026
9724
28907
26935
2420
4108
32334
17823
12502
1376
30755
30185
17623
24573
5293
19043
15203
18859
29670
19243
1005
7335
19815
16010
17516
15513
13705
27011
26531
31685
15818
16044
24742
24709
29810
28477
18330
24311
1910
4711
13244
23283
3740
22247
30373
1600
16608
29402
7372
28423
6422
17875
22348
21127
11730
24875
13031
2059
16517
27288
16459
6169
18408
3329
4501
21485
31134
27537
12564
294
5909
19211
30031
28094
429
25949
22089
63
23068
7031
10243
6196
12049
31069
24131
21214
32535
16507
15764
2089
4540
27706
7566
5086
27635
25808
8279
16154
25528
21596
874
24063
5874
21042
28055
30121
18845
22643
24139
32356
28456
14306
8722
5660
25372
32242
28762
14101
5375
292
5754
18140
11128
1935
21491
4477
25268
15296
19445
1270
10759
25541
12325
16620
17623
3717
2205
20125
29366
11091
15668
5398
25294
16322
17408
23973
30338
12218
6426
31890
5970
19403
25505
29194
9215
6594
27650
5980
14576
2938
18294
11368
22485
6133
23756
22867
12938
27307
9832
30848
7486
7458
21900
15548
27604
11967
15062
1977
16009
11996
6154
1214
472
19739
16146
23452
9627
17401
8771
4068
20338
20902
14818
24663
3176
13076
25319
15006
17876
21837
6912
5948
32126
12555
15833
20928
5379
1154
10139
20799
9339
24449
24755
5377
9304
13753
14036
31099
28305
27484
26431
18813
23297
4075
15938
28589
31498
15177
20478
23604
14461
16659
11886
29367
23486
11828
16549
5257
15651
17587
8023
6943
9630
27088
6811
22212
8860
14928
19695
25997
20780
14613
24445
30352
25700
19441
25501
19793
27392
31420
26010
6525
6221
9380
7353
30427
5190
8133
23671
10623
5884
30458
11027
27201
21307
14834
8524
22381
29802
4998
30572
23996
13235
6729
25477
11651
18532
3937
11515
4139
14229
32662
6466
12769
18188
31401
5609
13198
5981
21735
17368
6410
10581
9981
18390
26509
21145
14
1102
2150
25995
32259
8274
17391
4205
16419
32736
26816
14281
26595
4452
29475
20496
7167
5247
18632
31361
16841
15879
23738
26956
24769
23887
20370
20216
25703
26280
24555
23810
12365
1831
16149
5575
14960
9641
7694
30115
8136
29973
1709
14171
26398
31713
21793
14264
26142
13528
26010
15477
31917
11546
19014
8796
6781
17252
7551
13995
17118
27793
17475
16316
727
8545
13540
30949
3445
22906
5632
1438
29283
14252
18868
8161
8891
19321
14605
1495
14364
3029
29631
27312
12797
28458
30746
28370
7488
17567
14137
25399
23050
12954
10621
23568
29651
32387
1850
22191
16313
460
31151
30371
13594
28718
22588
7717
13409
21301
17871
26035
12320
24318
17056
14074
27744
1088
1566
3833
18485
25481
13608
11108
17813
1482
18561
10054
17257
32278
14206
19179
7653
22695
15106
4861
10517
31522
15532
13037
14777
23067
17999
5780
12371
10204
1443
10011
14974
24674
14394
22296
16001
22185
5045
14841
9508
10026
32311
10918
30147
13217
11034
17762
30880
3091
28641
14578
21373
26896
25966
13058
21611
6966
10614
27588
24285
5110
21553
5338
12032
27547
30294
12150
26447
2183
13126
3520
7266
19392
19335
888
21254
26284
11125
2524
9363
15897
21044
23244
32122
32384
9449
18220
10782
17803
554
19594
9701
1236
10675
11776
24718
496
19546
5212
28101
6060
22597
31103
21236
7318
21850
25347
26461
4800
26103
12321
31334
1216
16355
32465
13363
13307
12677
27698
25722
31780
1876
13357
13203
4095
25999
29781
27087
29547
27182
5650
16651
22175
11032
9215
29829
14004
25750
3728
750
26468
27656
9208
22208
27153
15063
16202
18641
13832
9642
29406
12585
22024
5085
12790
31248
32510
19247
15777
26988
1043
9146
22752
5194
19432
14377
2056
12475
11040
26149
24423
14817
18464
13072
9514
6729
27666
26870
19070
20603
25904
32704
32758
16848
24127
9899
26925
12164
20313
505
13228
524
27632
28903
5390
24234
12816
28638
29794
15166
32484
27373
17104
25695
19580
5239
18304
10666
31949
5161
25271
9306
22010
8751
3139
19482
5074
25256
4378
19991
12953
5463
21566
23128
22283
28059
5859
23378
30622
9889
3028
19383
11016
10200
14867
7824
16385
19877
29375
28043
586
10841
24123
24982
20718
21344
25741
2476
27080
3770
29956
5103
3653
29872
28958
7416
25963
22975
16040
2411
16154
5337
17703
7630
7314
30157
23159
18587
8758
3
25266
21139
22160
15724
10068
26966
21140
15801
10652
14385
18217
5579
29749
823
31717
29547
12309
30867
11032
6460
166
11292
24333
22253
27427
28970
13452
20915
19781
1704
9891
12535
10016
18795
18343
844
15431
24770
2933
28579
20535
6479
1789
1730
499
25109
18690
18674
2795
8145
12315
13304
25890
19086
25086
27975
7312
2420
18429
23668
20422
16609
13521
18922
9168
18107
6039
21983
12127
12548
24600
23431
8488
29358
30797
5255
9607
15025
30499
4268
20328
18780
28795
21981
2151
12264
1653
15438
19510
11859
8174
23287
13119
9068
26695
6213
4235
17194
31848
13071
9955
1857
26885
22475
14645
3575
24096
5634
31289
23348
15312
18945
8019
12249
23616
20178
6844
27475
16122
3178
16605
11120
31078
13860
23803
7793
4237
19822
31001
15200
8227
15554
23834
21668
29381
7897
2343
14546
28543
1563
12112
21958
145
22617
28790
4595
22387
4798
24680
20471
12822
2563
5452
20594
1389
31459
17985
26137
12588
32463
15682
12294
8400
14562
8269
20050
32223
20247
21957
17638
22385
954
2070
142
25327
796
3223
12880
14875
14731
12724
29947
14928
17793
14412
28930
26891
23068
31832
29323
427
9678
4302
9668
4213
4438
21189
28022
16091
27375
14297
2012
13566
20935
23505
30133
13425
30130
4479
22424
20544
32544
31464
13704
26161
13133
27813
25800
15689
10423
8329
32752
28050
8149
31620
9537
29980
21510
27335
28470
7746
22728
7209
23387
6958
22314
5578
4962
31392
16260
28918
19572
23018
17253
15436
12485
30784
11213
18719
1899
3886
24476
26652
3696
5226
11851
22829
15142
18636
13018
29342
21690
14491
25353
17279
7436
4362
7883
13641
31678
28418
21496
28868
24460
2850
2626
2599
18907
26373
27498
14465
14484
24515
7092
7257
25138
18874
30360
22929
30746
31118
954
2193
25387
24174
14364
17057
11927
4505
22418
19861
5361
32545
2679
10928
25479
3055
31647
3267
10225
23816
4748
31125
23530
9231
7653
6791
863
5386
547
120
28870
26985
16526
24295
9137
5188
27240
599
30115
3044
21608
1528
2338
19589
7786
3203
12045
30810
25444
102
13872
14546
9628
7969
22806
17690
19224
21488
15902
12771
15958
9642
15825
28261
1854
15337
25459
4771
28757
16235
23512
25329
3123
6584
18042
11444
12087
22533
7368
24682
12665
13657
9152
3306
3328
4078
7103
8172
11318
19930
8856
4043
31896
29934
31716
21130
6578
31199
13210
17942
9291
2723
20192
28106
6621
22558
32544
10552
16456
8958
2909
18471
31174
4068
25544
8152
5410
1732
5006
1422
28197
8590
1269
21068
29266
28174
19367
21473
24019
1809
26957
20258
17586
18633
16480
30583
15436
9330
10556
32665
14595
22326
23927
10137
29748
2126
11632
27685
28265
4715
13355
15111
25039
31828
32092
20718
14570
25808
20929
9329
23943
26054
7605
593
29682
12963
9731
16126
22122
30204
32504
8541
25810
12917
31164
27337
31913
10977
31714
8280
11580
5546
30013
31071
31770
8051
26613
5944
19913
253
14043
27202
18103
11335
11770
26666
14451
21754
31086
30569
28445
22531
32378
13326
29468
18050
19156
29118
4878
6115
3651
7929
18949
18250
21100
28062
22000
24629
25833
25778
4695
15965
10140
16221
27468
1245
15171
15669
31902
4245
14412
18368
12623
27089
27114
4403
30536
31014
16232
4224
23372
925
26558
32400
8491
12820
19298
14541
11320
10208
22624
11492
19452
27831
21677
12745
16684
11726
10936
29179
3801
6718
25667
19209
27623
24236
18289
18005
26816
1065
18976
3864
7497
13911
20344
2470
29462
13517
25540
28660
24538
29629
27265
5975
9249
12244
29365
17294
25153
31074
9603
11011
8589
31419
763
4174
4557
32221
24887
5371
8939
30035
24995
10637
17647
3161
20636
16066
25645
576
9021
7193
30141
21780
1909
32658
10284
32637
14941
27317
3185
19939
6345
16597
19235
3797
7710
6806
14825
8876
17763
29357
25905
11883
154
4071
25125
30186
14928
20589
31962
8500
5491
14918
5835
28973
24420
29981
18823
10104
26701
4421
8614
9623
13749
16378
1537
1876
17233
24810
7971
15456
17949
2292
21242
25915
9644
26159
10450
30547
8124
9518
10629
27760
18958
15234
4075
335
26229
15233
23960
18317
15660
5446
10183
3784
29036
26873
12433
26880
1086
20049
8291
20035
31119
13654
29614
9097
21378
17516
28896
10461
22538
22413
14996
4797
21687
1238
20997
21188
21712
19013
7625
21382
32163
18625
18620
11196
1305
12378
3386
3233
30349
16851
16529
28571
14814
2397
12981
18206
4291
13990
13878
14029
32351
13842
25712
5859
19734
28488
29186
18130
9886
19697
10113
4906
29273
29116
21101
12987
28130
16038
16995
7934
13286
3704
9877
19377
9525
19089
24440
450
26648
15589
6332
24942
29158
17222
16257
20394
20178
18403
10440
21186
7175
8974
31783
8768
26615
19010
14018
28175
27887
28772
23158
8416
23023
31561
7511
8653
7610
29305
11613
22844
26665
19250
23642
32007
21956
13744
18479
26586
31123
20396
21312
32732
14642
24611
293
28817
12068
88
2979
15359
1897
22044
17370
26383
2643
17229
5055
17719
18837
11933
13261
10070
9117
18836
26872
29151
4388
30681
24291
24122
28931
15277
29266
27495
17992
19384
32738
16869
7305
13832
2808
3794
1656
13399
20727
6739
27320
5516
7350
7478
4847
24709
28209
6614
12573
5140
19070
15423
20268
10311
18435
1427
23752
13549
10983
18093
20336
24917
9670
11779
2253
345
4777
27857
30531
923
14389
14196
9415
5391
28450
9491
10224
7610
15343
12933
11088
31417
12500
27759
32516
6532
11257
1197
26762
22644
17893
22260
9427
20611
1081
8373
20633
27732
9374
28740
10995
28787
5116
3897
26151
22749
26093
27671
31423
12227
24689
18219
12511
16779
28643
9911
21461
21016
5931
22096
17394
14155
12342
30085
23192
31945
4259
22977
21653
29951
26303
18291
13999
23396
25268
18027
24704
27646
32765
5511
16773
5160
797
400
25713
8338
32657
9055
17607
3209
31235
18756
8871
22137
31424
4008
18664
32176
9324
27888
31080
3428
8949
13477
29600
22776
1733
21970
18812
19835
24636
22702
30313
31858
12125
24443
27823
17367
31687
11950
3329
14177
10471
80
15442
12038
23149
9892
3051
7871
31996
16906
10171
7051
18214
3619
32494
12726
18071
2614
23233
28763
19856
211
22420
20008
21656
12982
29760
19297
9326
10477
11180
29991
23617
29246
19611
11771
10275
20419
968
24446
15292
5335
19509
31098
25915
15926
14784
25126
19602
1119
20983
15270
13027
27965
26413
8914
17973
8455
10702
19256
23916
1637
25583
7268
12408
27092
4905
13407
24780
13387
21672
29557
26130
29983
22399
30011
13085
17188
18750
6865
10015
14613
28871
2661
7964
4405
27485
18424
15262
9271
16382
19301
11947
20315
15603
14239
9716
1499
21413
5946
9551
4485
26290
16941
25959
18089
15936
20694
2738
12085
5778
16446
18596
28959
31961
11167
17699
29699
28236
16163
20538
2574
28026
18415
17425
8218
479
1376
8477
14618
21942
8084
14996
14521
26127
26413
1828
16702
31009
16977
27108
10419
20193
27381
1931
18758
16340
25180
31712
12527
15905
15834
881
29779
27882
12510
28040
10473
16860
30768
27227
19035
25861
2678
2435
3887
17126
12797
31919
28838
1226
29622
29338
27108
25430
26495
7738
12882
1888
26020
15931
30529
27909
11686
14507
22736
31989
27195
7927
11791
20498
13973
11798
21604
20794
2279
7940
3630
12640
9766
23410
13481
25058
781
27324
16658
2326
13923
11035
28939
9510
24704
11036
2624
20767
11278
14160
331
24644
19469
28741
2005
17320
6937
31926
17918
28156
16368
11263
17151
10661
31535
7379
16654
5394
604
15409
4227
14668
3113
12436
7736
28366
29175
1387
16693
1176
2714
10952
2957
23935
8796
7516
8835
30663
13380
19107
25073
4851
18584
1372
20203
26588
7328
7740
7583
9985
30637
29923
20095
12574
20826
5391
9891
15872
11538
13328
1896
26007
20178
8828
26974
16205
11568
1571
32353
2966
17565
28741
16133
7112
12263
9219
26424
27694
10754
8468
9762
9303
23815
18105
1360
29108
8829
8947
19218
28771
6360
16883
23585
5701
12863
4562
24709
21590
8338
11906
12214
25150
17068
10757
18434
26659
30437
9436
21806
31426
30427
19139
2656
7614
8307
1947
21309
16439
20506
2216
8270
26527
12369
24060
21160
31945
8808
20531
2764
28483
9353
15969
24268
8934
22777
6217
15279
23467
4763
18640
30231
7105
2742
9393
20001
10204
9207
12657
27277
9679
24250
22678
3871
2397
25221
23316
4676
17228
16597
6408
22009
26300
21790
424
18409
14519
26125
16250
11477
24073
27664
29893
15161
6994
8472
7238
18733
23385
15774
25123
4489
28579
1764
2341
21580
16197
4733
12321
22079
22518
25359
2999
981
5480
16984
26687
15190
21209
31855
2049
572
23269
24652
12708
10718
2462
10635
746
10059
21726
14189
23450
8825
11996
13600
29885
159
30462
5952
30732
28127
27886
4765
11178
10792
23024
28735
1551
7515
25715
25255
15940
30380
16869
16472
11350
23372
15052
18326
3589
26693
13587
20334
956
2981
14497
2550
22982
30942
8753
15318
29118
15469
30813
3335
24647
12986
5883
22235
4862
26175
9389
4926
4781
6381
1716
20795
13762
31947
18181
21186
22271
24545
8351
14248
25714
20308
9755
23023
23208
30162
13957
16200
30
14640
13418
17366
29944
23378
13106
25141
27381
8780
3760
15547
6563
19398
8440
19453
17103
20389
2673
22165
23360
13800
16427
5667
11173
975
21618
11666
32203
1091
11683
21661
10771
28530
7998
23697
6436
13754
6461
29268
3549
29128
24996
16806
19341
17921
3162
23975
27751
10528
9527
4761
31792
26145
16478
1256
11067
21343
25805
16743
11671
1273
1330
8925
6791
32377
31488
12480
24626
10168
14275
23360
8092
2300
8369
14472
1237
4708
18561
10048
28529
29318
31616
31318
32567
16470
20961
4606
22814
31818
15444
1527
14453
11451
16091
17680
8289
6543
19929
19948
16780
27413
364
25858
26652
12336
4861
27623
1506
4024
22806
15824
11476
10525
13683
13651
3518
26701
10587
16237
20276
20696
1073
8137
20683
1106
24646
19007
11913
2042
25073
30108
6297
3480
27874
19361
21315
17324
17331
23118
29468
28868
17856
10848
10618
24110
16185
7960
13611
21967
32629
830
19303
14163
10633
26470
3330
26759
29466
13682
23526
9474
17775
7512
9409
28939
29898
16165
28923
13239
505
13890
21739
15442
6696
27126
3658
14080
18681
18221
26344
21668
4311
18296
12189
10753
23943
26964
26499
2592
1279
32175
25442
24561
19068
28328
2412
19252
6095
25495
29995
1178
24823
26189
6071
19752
26101
28061
10284
27869
18140
28955
30811
1172
7720
27171
448
14124
5456
26141
16053
28133
10143
3584
9188
15373
1855
18197
19970
9693
22679
20734
14267
20126
14295
1270
3048
21007
15568
6746
26632
19723
28938
5225
8942
22887
27664
15688
27575
282
2575
21064
21759
27808
28831
17772
8277
20640
21985
14374
24043
24268
15818
4962
13458
15880
8638
24773
26086
19919
13921
18743
25286
14547
17322
23711
1032
6884
17209
1773
15210
15891
14570
22110
20683
13079
31146
30459
32667
18672
21641
1892
2192
10186
21009
10955
2970
4899
32214
31811
15898
5936
28239
18235
20815
9597
32484
10565
7440
25813
28744
285
25281
14433
25353
20198
15488
16915
24678
27062
3231
25670
25952
11861
343
1694
9236
2882
186
8758
28487
3575
4330
22778
1091
21870
4233
7249
9954
3556
21360
9984
17384
23005
30628
20043
3477
19560
1669
28252
18043
22692
13897
30185
11918
23171
24489
21778
18042
7374
31706
21384
23865
106
16063
4596
7140
10457
8541
14999
969
20995
28815
9517
4799
13111
13307
29208
438
4973
324
24762
20882
29390
3970
25891
6714
28022
7919
16620
20459
15224
2274
9058
29395
29218
3074
5352
23771
27267
10419
12694
8644
28971
8661
30502
13685
9010
30126
10769
19603
7292
25380
5621
11091
23354
20272
11578
22156
31924
7823
19445
23313
14151
22459
8716
7997
13737
8473
2204
29391
14197
28532
18071
20728
6883
30890
2226
2227
13270
16037
4222
16213
5149
18061
24276
357
10482
20540
23927
21933
20935
8691
19445
1681
21571
15435
29646
5536
20871
2670
26584
3433
8373
25222
21218
9616
12979
27254
6552
27937
25388
13513
21415
28451
23256
10727
24609
1393
26366
4495
6434
19909
27191
20609
27316
29974
19060
11899
20720
19748
66
14439
358
24657
11085
4819
17343
30642
20515
20641
15777
18278
9019
8704
13779
13606
1334
28571
4770
27934
5220
13840
6019
14587
30602
13731
9721
19782
17891
18996
1465
240
12388
32622
30733
9006
20548
13634
6774
25479
16060
26771
23701
42
23052
29747
3403
11910
23486
24079
17184
29205
9262
1190
9185
21880
24394
16576
20365
14793
26263
20316
29299
12333
1141
6122
17044
4520
31907
8890
27726
18742
32261
21429
12860
1047
24997
15691
17496
15466
23289
8108
4706
20989
32100
26683
7558
9572
15102
17727
3385
26952
16536
8668
2916
7682
21243
7747
11204
27496
4465
22565
25232
19687
16775
5997
20061
17363
2064
13102
22848
1018
13165
17114
30002
20095
31500
28598
30648
28390
22575
31370
22723
3691
23535
18845
22740
20888
9856
4832
21093
29718
25526
30314
14981
22212
28872
7460
5314
13318
3925
12230
24139
28256
18852
14850
13398
11587
27696
19966
14784
15398
14436
31752
32755
24537
13475
29318
30477
5654
15755
23083
10559
29530
15483
17009
17778
4850
10066
12867
15665
19801
11642
12537
31171
10433
13862
23434
27799
14320
5079
23037
32486
23373
4389
18721
9363
6203
15036
27774
5718
31397
2725
15499
30489
13530
22727
9506
26786
29084
13485
2096
21363
3187
3209
22705
26094
9288
17785
25052
3773
15406
10506
3738
30321
24195
19451
17725
15465
30264
21059
11119
31478
21101
13396
26216
22204
2113
27042
11109
7516
9960
7263
13397
14160
29182
19081
27861
28950
5658
30759
27486
24464
2983
22224
2749
25515
7151
1644
14276
4415
15481
21311
18240
32054
13461
5411
26667
14065
16693
5140
1570
28903
11006
5618
12313
7311
671
31107
22349
32129
30562
696
31354
30680
31744
15409
4430
7642
11706
4610
19486
16603
12709
2488
31705
2398
31814
15255
13882
23166
14174
28966
2625
1164
14855
3310
22755
2810
18176
8062
9729
375
1350
19890
30103
17500
26340
27701
2358
4167
29195
29765
4532
15621
8293
13750
10530
8118
18599
27194
10494
22571
18022
3551
12458
3475
21547
8409
28701
24151
19401
13954
2777
1858
16622
30111
10012
1509
10745
28133
32091
14906
2827
26300
31724
19335
22369
2882
21251
21637
31969
6035
31967
6850
19954
27464
5701
21828
15761
9533
6958
18031
8610
11416
23485
11561
28547
19206
15731
20795
9959
15432
7334
12026
24290
22255
25135
1576
10560
12899
8548
20501
16411
28202
21062
24841
12717
32359
31739
14566
32354
8609
25470
18186
23857
25542
4757
9587
6701
21104
19203
3878
17239
18022
14847
5585
6071
26214
32742
23215
27819
18210
24621
20140
32126
19592
11673
15818
22844
12358
18098
10691
25285
20878
13941
14320
5921
12822
19785
13929
3603
17508
17972
31854
26865
28488
19535
10757
9138
27306
29815
2789
31817
22917
32582
8339
25650
17716
30529
6091
12362
24045
32595
11553
31459
9355
25979
17640
27672
24976
19905
14931
23646
3434
2414
10714
1372
3573
28284
15071
13565
27970
17228
11410
14019
28055
4759
10770
26462
7862
31655
10709
9853
22626
21191
23625
6884
15904
9720
28091
31934
12347
31205
8057
23093
19978
21273
31795
2625
28021
24432
11175
16829
11190
21451
10622
32448
31581
21000
25456
15914
21399
27442
687
12157
25775
4596
25731
23279
30165
4436
1585
28093
20511
23454
26658
8385
23245
17821
11329
27975
19665
529
29605
1053
6031
29022
16240
15081
28385
6530
22775
25535
4702
23113
1315
17139
15324
12740
1815
5932
22323
9463
13842
26554
26436
8402
10903
3370
15418
26467
18124
10263
24336
23881
7713
31299
22100
19308
49
21990
10282
26859
10989
5957
15763
16726
26615
23687
2799
19230
6476
28612
8641
16969
31014
5984
4019
7018
4385
16535
11994
8913
11420
14424
19258
7167
19042
26199
16781
30045
20874
15966
31552
25645
3483
23523
27583
31936
13812
31712
29426
6889
1131
18655
18695
11955
7989
11604
22387
16719
23046
8240
9011
18000
4728
8115
11352
3355
11185
20098
26306
26264
27968
26361
12332
21294
18761
30914
26473
19695
19938
9383
2284
527
17852
19108
29838
5019
19462
24129
16524
11367
22414
21791
15823
1097
298
25552
4465
9092
2390
31979
1916
31367
24862
18016
757
8664
14911
30986
12057
22091
25225
24195
21990
1399
28295
24892
32733
32362
30562
25293
16647
6812
28675
19593
22326
29474
21880
3670
32141
30244
16025
32700
6466
28817
3819
22331
9123
24593
20676
11234
30039
8508
31408
13597
22247
19977
9236
15567
31357
24713
27921
30624
17131
28117
7595
14233
31726
3397
16427
11502
26548
16354
15041
10522
17821
27678
11374
6193
13887
16835
4385
9330
8364
6698
28961
14364
31991
10413
8106
20868
10228
3934
19675
23907
9280
11258
28368
2932
27777
12568
17931
20799
15087
24486
280
3887
27156
29846
17264
3051
21199
7893
5023
14819
19359
4477
29858
31529
11550
1611
11923
22403
32716
17491
2696
22718
14094
32498
1464
325
7543
8453
16351
4338
22085
22616
10468
3107
6191
30050
12729
14609
1374
29487
1156
1885
17593
15261
2044
5612
16485
31691
12821
19189
11660
7375
28127
12888
16734
13479
6315
5682
14166
882
23153
1454
3263
20705
23918
15902
5494
15848
10513
10826
19953
24249
9240
27655
3712
12530
503
9228
979
16917
8057
27650
4285
6714
4777
14042
32055
16128
29171
2915
5800
25289
5767
19740
9572
5159
24062
1863
23410
401
12096
28222
8338
9563
18085
2826
24446
28133
3418
17714
14449
13842
7
16081
15590
8699
26798
14059
6306
13285
28631
26113
19444
11633
18666
2275
23356
4371
32220
3526
6058
22469
7693
6038
25928
12029
21617
19342
8763
21212
10479
7429
4934
22696
28934
2955
31119
32124
13238
1844
13734
19774
1182
28468
7107
13778
6754
24236
23887
23181
9295
15300
11174
15341
9026
15610
30748
1927
18885
22714
30014
9280
10108
21294
15706
20160
9152
24151
16961
23076
2953
93
27211
26867
13969
13347
32412
12884
1974
30751
20134
10110
19616
16233
11503
3439
16549
30993
10516
24289
14057
8630
11023
2682
12234
4948
21429
24899
23931
1886
18050
18779
23534
32525
16537
2285
8184
1527
8455
15711
25008
739
17992
21196
1560
2780
25868
4021
19455
27268
15419
2291
16421
22955
18998
4592
15521
3360
26464
32023
30592
6855
27101
16521
25775
25580
13977
21266
28443
31191
25484
21851
19734
12449
20285
23393
29693
21574
20869
27173
28439
13306
27030
32166
7617
30657
3387
11020
7368
29754
32098
13094
24343
28859
17367
6422
14738
5027
15954
4427
26177
26860
23220
23728
17073
14080
26766
25635
19863
5582
9187
10281
10167
31772
23855
22752
7172
14111
25255
10805
29449
73
3779
14422
5511
9570
8186
4203
16992
30426
15820
12673
23475
28766
20230
6598
3913
20393
1346
13308
24112
3485
16813
14632
18341
28050
14093
23178
6968
5870
27906
18386
13866
27893
2187
26001
12314
6371
32205
18414
15072
31288
3856
17818
14778
29012
15627
14086
21414
14403
3169
13779
1294
15834
17515
28810
29866
14083
2872
26253
4003
23125
722
8269
12532
31208
19395
14270
22550
28519
4312
17672
13020
3686
37
896
32412
4342
21833
17110
1167
12919
22772
30863
13690
27822
31142
1462
10382
2840
25017
1231
397
2173
11937
13325
559
27335
11635
20421
19140
4373
16548
28961
3610
10252
21267
17689
15521
14445
31818
12191
27341
1005
14849
12058
30396
9281
25316
5142
12569
8312
13975
24890
3392
27789
12022
26490
7331
1853
30369
29326
22892
10774
10424
6562
1124
16337
15843
2127
6675
5345
19094
21450
9001
30284
29331
12379
25628
12986
13744
6929
12307
12747
31194
19381
25347
5550
30298
764
18199
6896
25687
2304
26966
10897
6300
28657
8576
21085
27292
28424
20792
6009
3251
27069
7784
22333
14767
30522
11490
10817
23439
32271
6979
32187
3979
14375
18205
22280
11092
13051
7253
30088
10140
8197
29641
18095
5081
2424
17718
24665
30534
16174
12378
30046
17195
4066
8533
30823
14943
8863
5205
24832
29195
1144
15474
18158
20400
15994
4567
18370
10348
2015
2851
27310
25977
26756
1551
30360
20982
24478
9040
28269
30186
25256
6591
10168
8838
18592
17591
12147
5034
30066
29118
28956
19115
22965
12648
21516
1620
6805
12153
17157
31786
30224
22090
21002
14068
14182
16750
30323
15995
20426
17300
1344
27791
26462
943
27566
4938
31326
30037
22024
22681
22171
12389
14528
27383
3372
27629
28606
29564
11360
8267
26616
26903
22007
5266
1859
10520
1425
23343
18024
30961
7014
460
12667
21821
32568
30836
17000
12801
28550
29688
18895
4146
20739
20370
23058
3192
4678
12745
26796
19250
30659
30868
6596
26042
25594
12482
27137
15594
28654
7321
10913
21727
26585
3518
965
7676
30
5717
28943
20274
22143
21864
27759
13695
5008
25229
15162
7349
16491
7363
4477
13693
9382
24734
32656
7323
16514
27044
24046
26484
14181
25334
11075
22989
16011
27443
4295
10453
25592
3993
203
28518
16817
621
9105
14216
28971
4253
1633
15671
21252
6821
16601
20070
32497
5295
1157
27715
28664
20990
19120
4541
16607
8076
5241
17219
3300
29170
28969
19407
18606
10889
16067
19236
10116
14287
22749
31060
24765
5388
10671
17284
26999
27957
20842
9715
30348
25872
22475
26425
23234
20633
7151
6349
5442
22437
30313
202
9292
19909
16786
20723
28712
16749
15392
20212
25184
1621
31226
20971
32044
16160
22347
14630
1838
10812
8661
16430
8031
13833
27785
21509
19786
8253
16724
19885
24952
9351
9531
13801
14891
32370
8874
30280
16463
17037
19977
7006
12461
21193
30865
3157
1378
29218
1374
23461
5007
15233
5317
5407
12627
32737
31207
11568
30710
20401
11910
30052
30311
13178
14616
14889
26601
22466
14618
28118
17161
12336
3495
1259
13523
22001
19017
26522
23621
9561
28175
7303
23044
24270
4320
4301
2126
20194
31502
8513
28464
16831
23342
18682
18681
17864
3624
6417
10990
381
11658
23973
9791
8351
22562
5154
30010
7317
26827
5827
2239
25615
3975
8534
2548
9705
206
4928
9273
17234
12070
4800
11103
11565
17140
30072
29204
12471
17554
4649
25762
30571
11425
24510
15322
15907
20129
1420
23626
1919
20927
16600
13751
19850
11245
17305
14023
30363
21304
28800
10493
4474
6486
6198
2282
7364
25983
7141
11938
23953
16511
6393
23150
2387
26376
552
31168
18178
22092
18863
14444
19318
1739
223
12820
5396
18794
4313
22500
2732
31430
28822
24192
418
199
31786
18491
28492
18040
20809
24458
18844
10774
21770
13752
23295
4455
18155
31195
3460
6220
1301
15366
28993
3482
26082
28864
499
12838
19101
18613
28644
28191
20361
12460
28690
28833
15652
3513
22413
28038
7852
2484
1569
28032
8675
1001
25653
25701
9232
31249
30707
457
4166
32130
21929
28626
29416
2210
28527
29768
26221
18593
2059
10220
15713
12136
19729
14347
3500
25036
23631
26194
279
22024
14439
15076
3852
13930
28862
7338
925
23628
149
17386
30665
30534
10614
15132
7930
13474
19666
25081
3537
31504
2280
9940
24102
3739
7400
27181
21579
12508
22617
16516
27025
4462
6584
1643
24590
8866
8290
31455
17309
9843
13748
21464
31781
1980
29040
287
21791
21416
7522
4448
7762
26474
31812
28032
18913
9775
30688
24112
11144
19281
31348
4035
15651
11470
30554
2108
3184
504
26344
17324
13845
622
14742
27323
4581
29002
1630
22404
29791
26780
30825
23718
10615
31000
16359
663
3226
29195
2623
12092
25068
26004
17768
27575
21716
15632
12950
15489
16314
29142
3098
16312
8463
15909
17027
1466
24974
23130
5386
22514
20418
6758
2349
25074
29897
32640
1433
28866
9815
4631
5197
15480
31230
6155
4093
28681
32172
31516
16564
25439
22901
29603
11198
15276
16018
19328
6853
26109
18346
19795
7738
8210
11857
13295
3831
877
31183
11787
21282
18089
2850
19003
27220
10509
10822
24351
1274
15457
30899
17370
11004
256
27944
27846
13725
2095
15527
16487
8355
4269
21696
14493
30391
20876
19219
9245
23822
26430
26129
7201
585
5875
8962
607
29850
23587
23884
6968
9001
29798
31474
6195
3766
23948
16987
9897
28031
31210
15701
22210
18020
20210
19801
28320
18249
4615
21777
32217
23228
30607
6935
17707
16599
30793
18944
18027
12136
224
12697
4287
15696
16321
11632
7437
7465
1322
21654
20147
27436
27012
22180
27769
4689
11763
10748
9667
3255
2859
28497
30732
839
25221
11882
2191
4245
1362
20514
17991
11014
1647
31156
26650
31288
18970
11573
6994
7070
18435
21346
30284
6763
13222
4764
884
7858
32473
5937
30833
6091
27297
12509
28060
26104
6730
27025
10679
18248
23735
31090
21980
3004
8182
15397
11699
21673
17175
2890
32744
25437
14911
8774
4828
15109
14584
28486
16795
6607
22219
30081
25871
3403
25105
9405
23923
9751
21766
18964
20489
3771
8479
32248
27920
2514
17566
13173
20977
7019
24163
19638
23481
25006
13317
22731
32203
24771
24097
24233
28887
17903
3826
22898
19974
26112
10018
18935
27255
31468
3296
380
1775
25781
31027
2491
10188
29071
12174
20011
10555
28997
21412
27265
25515
6105
20861
17015
29826
29547
3018
18125
32526
31067
17526
2958
31166
28338
29565
5013
23442
12222
32769
30031
15824
6909
3995
15555
17913
9021
24559
11983
27643
19712
24195
20916
28840
6949
29393
24277
6247
11973
11930
443
32297
7772
22654
2141
4767
18473
1226
26782
7083
9175
12433
16152
18452
22364
4862
11032
11133
4898
6376
11241
13976
31076
16039
25430
32663
5340
15398
24938
28387
8859
14138
23930
9233
13112
28722
102
10002
26412
7344
9243
14761
19069
25783
11356
23842
5018
13828
23747
24642
18822
24994
20482
2426
5433
14265
29807
12639
16964
5543
12736
24927
12979
6737
7186
19116
18999
29883
22577
10621
5253
215
5395
26742
11001
9883
16037
6244
7551
12118
19915
4142
25267
1348
22945
18697
4935
4448
19976
19178
29861
11129
27486
15681
5846
20616
29580
28644
2467
4929
10310
28745
27898
31464
32398
32505
24723
17510
11130
31041
5842
14748
28216
2859
3824
4855
15183
15789
14934
5957
11559
13599
4425
28103
24012
13298
23244
22151
3567
13728
11202
15595
15662
13791
24916
22667
6037
30746
6802
20544
23652
25377
30045
4989
8722
17696
4740
24035
7059
5070
9517
6415
17111
31974
4471
4279
3219
23259
24157
11509
2371
25032
32478
9954
6000
6309
13914
27495
2862
29377
7232
8272
28394
7532
742
32674
16738
22004
17848
32047
21749
23508
17045
27239
13341
21287
630
3185
12090
11107
21841
22651
30609
24131
25917
19022
27540
6917
1238
2341
30820
12758
15587
20159
13460
21387
23862
17587
6192
31121
5332
19460
30205
2599
21846
25333
6659
3274
1423
7454
12617
753
18287
25024
24288
14587
21799
25686
8738
9062
14734
2924
29244
7233
26564
14772
13034
5348
30229
11607
26242
4062
32
27017
16692
30511
29752
24160
400
8888
20490
17126
12872
8943
4224
21869
14648
9175
22758
30242
22435
31792
5452
20453
32704
15594
7211
856
9077
21728
4939
2102
24674
7363
7139
14567
11553
24404
2563
15441
27596
12759
11055
16880
1472
12484
24652
17449
29857
29887
3777
17627
23711
21450
11478
14392
7159
17082
27999
4563
29628
27367
20127
10233
11735
18472
4199
24901
25677
25343
21886
24687
19904
31504
29765
8805
13113
13784
15003
17053
29476
9627
10495
22953
13724
15518
26868
10764
13801
151
682
3916
17735
4706
5594
25416
27369
24053
6642
19916
17726
1686
26994
12899
4211
25420
7318
12396
30265
8083
30517
26992
2760
21587
28137
435
6948
11539
1648
3849
12447
28010
5970
27115
28063
27319
10948
5322
10145
19986
2253
11683
25214
12931
11431
7636
4333
29553
10600
31790
15946
16221
16866
21835
1430
17104
14279
20002
31166
32657
5649
21720
25376
9244
31392
21466
30283
30544
8997
6952
26630
11368
16704
29684
661
13100
23013
4715
8247
22632
13316
22995
12019
19102
6761
9942
8596
22264
29921
5149
29171
29312
31902
27937
6260
25491
4060
17214
7379
8083
26821
22794
9249
12509
15250
22500
8201
14587
32756
976
856
25370
27058
24962
8125
23230
21651
696
4300
6836
10110
27853
22601
10313
29408
19851
4004
3769
20046
29250
21184
12010
14700
13590
18424
14170
1037
21661
26980
22614
411
27050
29528
2158
3002
28515
7214
27941
6184
4506
31046
15341
26087
13658
13642
10066
1439
28607
31671
11381
16702
24331
15769
21692
9953
6647
13206
16328
15095
10567
16685
2471
5539
16289
7488
24907
28515
9119
25552
25403
24816
35
29961
3209
23141
3819
17790
23044
5538
20837
949
26542
2035
19396
14054
9329
5869
30291
15104
28173
5273
22793
15853
10581
18133
1374
8727
10907
32246
25182
27179
617
32434
32508
4637
626
17214
24232
31084
3783
22451
29732
17063
3918
21942
16019
19504
5489
17240
15571
9792
2579
22843
11020
10795
30664
29687
16009
5861
17733
13499
21447
22213
29717
5432
17100
21130
14222
29370
19898
30108
30724
21656
23972
18324
5692
29135
416
16125
803
14826
25630
12636
32704
25893
10872
1135
6504
20433
29386
1203
13873
9466
25603
1320
17833
7240
1084
11352
27079
20259
18761
4758
11297
26906
6030
5508
4960
14214
8980
1240
11505
23658
26333
3167
24318
10398
9844
32578
5789
24877
11719
26760
9799
29691
17209
1244
26763
24491
32756
2448
31491
21183
636
23779
9608
17921
12170
9087
16802
5666
29975
18246
13890
24738
17335
23374
23476
10223
12840
298
23503
721
32555
13164
25199
23301
26002
6503
12837
32553
30363
18490
28972
3032
28284
5386
17055
28693
14143
23694
32746
4333
3536
25553
9855
20568
32085
13875
19914
31585
9405
9393
14694
25478
31388
19047
23441
10082
822
14931
23517
28297
11481
14940
30249
7348
18033
12179
17872
16414
17494
8120
20768
16173
18280
27648
26894
2389
6750
10517
12583
20282
6491
14431
25546
1556
14274
1666
9877
14936
6220
4904
797
30101
27480
9728
22498
15259
1922
21767
21890
25315
28790
16390
23596
19499
16391
9563
19800
15713
9595
13309
9653
25538
28457
16059
29539
16707
21063
13508
31843
2352
25853
876
10572
12307
32445
17709
2111
13015
29399
25068
31772
22829
22856
1150
27638
30511
22995
2411
1733
29251
11604
19186
28507
3395
18768
28237
25754
16347
27088
5686
14819
7474
28016
7849
13265
3532
14259
17900
7464
24751
3481
26317
10248
30660
8308
10283
28519
4993
15095
17847
11454
453
17552
22012
30209
13315
3832
12701
6101
163
8712
24542
24574
5029
31182
11366
27670
21128
27360
19012
20613
14186
8432
10287
11181
26480
27553
23058
31077
2152
19865
15304
15017
6573
471
12579
17807
21579
27463
10036
20861
22116
8852
15046
5018
7635
5694
10284
32642
5646
28908
26685
62
15697
14851
7836
15731
9465
25719
15677
16601
20782
16354
292
4079
15300
32723
11376
3566
32355
19816
8601
14843
26598
5919
17398
7584
258
4841
16770
32637
17448
9856
10719
11835
3244
10747
30363
30658
294
14496
26803
8364
32025
1017
24405
28665
15826
23850
3050
8964
22163
26753
10068
23989
12273
12111
3188
27385
5755
1014
23536
24943
7324
27716
3379
101
21443
1535
4277
22786
8384
6593
26492
6084
12146
20486
21475
558
18847
15492
1946
31930
5411
13243
29422
11541
32077
7884
6474
3211
19334
16782
3838
32448
13107
9951
1088
16546
21725
10040
368
17307
31887
15749
14497
18699
8064
7731
4180
20981
23794
17546
19334
14073
1626
27197
29422
31874
29377
7487
25472
14144
8554
26585
9781
5337
28597
16122
29966
23771
26179
10958
4439
32246
24923
23953
20265
31592
6285
11430
31282
20152
18837
8163
30648
4519
2690
2864
18908
1124
1815
26192
22556
17407
11633
22270
8476
17696
3562
8508
14758
26361
29246
29160
15599
12921
28652
14224
4636
6594
31199
32135
11012
19422
13646
32056
8248
28845
5601
22971
20033
24866
1301
14758
22568
12207
6369
13094
13116
5374
7578
15950
8207
5346
30484
8622
13506
28557
7434
3368
23682
13059
14015
22271
28755
207
6630
3889
19724
23540
12479
23815
2723
4902
2948
23274
14507
6970
8451
25720
17435
28124
652
2775
27217
16512
1805
9033
23895
10139
12668
9217
32100
31250
22133
17206
19366
2290
17701
3189
31294
32611
30566
24635
15757
32471
3371
4547
17070
19335
5919
5917
28483
7456
29833
32640
20085
26553
18547
9185
20278
12553
18955
17860
14281
17879
29769
4179
29317
25521
22738
12205
6102
10977
6685
29312
22916
27805
20692
10714
13112
10622
24701
15164
1084
21556
32601
6385
30338
11383
30092
5277
22248
17984
22399
16409
17082
4410
16259
20606
20088
29811
19127
14208
2522
21080
23851
26366
1298
2272
28997
29398
15185
16903
30308
1278
1676
10366
708
22481
128
21665
23714
10918
29940
1449
7840
25767
18750
31523
31594
23009
32008
673
25754
26263
10324
3503
6361
21724
6846
25608
23879
16481
32769
17930
26142
27787
11709
4968
12946
16584
32376
18975
24571
24356
24034
29099
14389
2327
27229
18042
32583
18081
20412
14753
17476
921
16203
6350
14703
5955
10512
29309
22434
27168
6737
2671
20721
11786
25943
29272
5770
23680
30321
6873
30175
28478
31291
28845
4360
1808
14623
23079
13922
29929
19485
10460
23421
22831
3784
21405
16181
19802
29329
3240
30494
19389
5960
2078
27686
18851
19680
1720
2677
14238
25203
30902
10392
23580
26245
19737
27103
15419
15501
16658
8195
1759
11186
17338
28684
13825
19154
16899
15986
23114
28104
28399
9859
17632
30703
23552
260
896
14306
30191
15899
25293
12422
14753
5741
27367
29515
13654
22403
2624
28590
10788
20338
25259
23555
24996
7099
27830
7025
3051
24432
25914
17726
14779
9368
14640
12620
18171
27861
25542
11748
18789
13636
29363
17075
22399
29093
9415
9490
15308
17084
22214
16779
26691
27638
12918
32408
15872
19536
21495
7341
32058
24181
22867
22393
29045
1062
4182
11370
11768
8415
13984
27247
28290
18360
32760
28417
28729
137
22243
13412
22243
26705
2933
5418
29272
12505
25704
26874
30775
17300
18027
24207
1497
3018
26044
14083
32387
11253
13817
17998
6624
8812
3124
23818
13998
8510
10053
32633
17847
7521
4708
3528
24835
22796
5623
16789
25420
28001
10920
9392
5042
5967
8891
25886
14768
19383
32158
10852
11599
22221
6594
20482
14233
2754
14506
10557
22353
16800
2370
12833
15841
13941
11377
20935
6292
31155
26609
4564
31237
1239
31583
28482
30680
12617
19342
10339
20647
5763
22561
11298
11839
4982
12121
3725
22541
1833
21547
9872
27091
31908
19094
14595
25247
19980
15923
21736
8190
783
30478
17645
6509
28291
4276
14905
28688
20297
10125
5220
9895
30840
28780
27335
5565
17591
28261
15095
28706
22763
15071
24716
27548
31251
5097
14887
25050
31343
9426
8115
32169
488
15603
3562
18539
13740
26832
11035
11204
793
8544
2347
15254
4572
1448
18651
23600
8538
21135
584
6338
21839
3309
5816
15892
13748
4581
20371
3448
26087
373
28336
7166
22278
14155
5074
12774
31131
17882
7027
15963
12927
10158
23232
13150
5880
6908
23780
24064
13349
23422
1417
3796
26012
11901
15516
9892
32593
30000
1873
23395
20154
14660
12904
18787
14128
26556
29102
9416
28057
11771
6342
7997
5956
11551
20777
21989
20500
30609
29036
23444
23521
3290
22978
13120
1819
18361
31169
20146
31408
29298
25449
25985
1840
30056
3938
14401
11056
21486
13957
5112
22764
27483
25758
10705
16176
10332
10352
3861
6520
9871
1274
31062
19286
28237
2041
2798
19220
17607
10670
17320
8090
16980
23009
27068
30099
8969
24102
32513
4044
1419
25951
5726
5852
3105
29826
7553
3082
5133
4253
28372
25451
30493
18967
16301
2379
2941
3384
16070
22222
21967
23531
30444
14807
8573
21699
18939
5161
29518
11069
6153
5581
2616
30021
26338
5811
25206
29179
7605
13212
28378
11702
10508
12854
31843
10057
6913
28809
29714
23174
7087
25491
28410
21505
15848
26927
20631
12823
3110
28988
23392
14126
25027
16890
29599
20797
25708
23479
1153
14992
12755
16300
15209
6085
5540
7714
3466
14107
23483
12249
15285
21740
4756
16041
18543
2423
20994
8554
5191
17379
23076
12050
5223
30337
7829
27933
22376
22610
4580
32050
19563
24521
17732
3587
101
23249
12420
21365
17850
18450
13889
18945
31246
21872
14426
18777
24151
10197
20644
10831
13623
20529
479
1011
7050
4543
29929
17404
20283
23945
5682
9834
22619
10030
10096
20585
18548
30435
6548
4727
1050
23736
17148
5577
19140
10525
17898
30955
28890
3748
15157
8104
15
4360
30014
14889
12785
25967
28454
18273
30910
10220
15422
5800
2682
2632
3007
3237
8766
24578
5308
12146
27603
11156
32340
15867
19840
4344
6188
22183
1055
20843
30493
28987
17782
13425
18985
12283
23749
537
31668
19474
30108
29314
29424
8499
2287
13982
2458
7297
8300
32310
2532
4780
25612
7982
18610
16733
9705
16907
12296
32725
24655
14258
19907
25297
23061
23666
14984
22448
25902
11333
27899
31447
27515
27731
19761
11605
15843
3512
7271
11715
22950
11655
1268
14446
6126
22031
26236
29369
31656
25949
12903
9660
4497
15618
27793
3121
5780
7958
9283
14225
22611
23676
31075
20602
1028
14440
487
13908
22398
9503
9103
16948
26771
15870
13780
12544
30369
8894
28
30933
31332
6134
26671
3493
26638
4321
25838
22821
22426
1634
2371
27110
1885
16197
15188
7617
27870
28104
27644
19321
18407
18010
25211
12188
27612
29602
28780
8362
13132
3011
8696
20089
20934
27359
15946
4312
30702
5850
11330
2419
32207
4192
3950
7415
1907
13609
12598
1910
22449
6011
2646
4108
17735
28401
146
8131
1577
1660
11428
16308
17688
19367
15482
17007
13685
25375
17822
7325
6488
26226
7158
12516
28125
12055
173
4875
12734
21167
15729
1631
31271
13450
32735
15189
18885
20589
2363
4208
24097
8850
1637
23141
26412
20721
9224
30590
23834
31166
13077
12860
26740
19251
29040
14144
4201
18575
19177
8811
9062
24671
9837
26437
3558
14332
4989
6299
5002
20565
27616
21357
7788
26606
15765
20743
6321
15913
4364
25709
1117
7109
24470
26364
17771
17572
19993
22607
21022
14033
8
13664
15762
23233
5778
19183
20630
2265
12314
1832
9406
2097
31720
3712
30131
27288
13854
6112
7374
27096
8173
21509
27365
10811
18440
25639
21605
1613
14169
9176
9121
18404
22004
18992
9578
29278
7241
9767
992
554
25757
31298
17287
17802
28859
15218
5790
12950
30694
14137
31404
24197
20755
25870
21595
31272
3413
26371
32137
30647
5785
32165
31133
15824
9875
29475
17431
3005
10744
16819
28012
29430
25582
31026
31248
2534
26049
10250
14292
15346
11991
19289
32114
23224
2278
2640
2150
21652
29796
16601
27904
13417
14655
7548
19640
20126
28623
22147
18113
16230
5641
14940
22241
7749
1269
8000
5759
2768
23138
30226
5118
30388
10968
1162
13385
20729
4046
2706
21167
30344
26141
22256
4850
3051
20661
3878
6554
9301
21390
11926
7823
23010
6882
234
3559
15135
17050
7091
11005
12749
12806
6992
27075
18146
24528
10002
29273
26577
4659
158
734
4363
28520
8850
9094
454
29281
12907
24812
23805
6074
18854
170
23480
22253
23077
25640
29837
15301
12757
3505
7271
13333
24974
31692
1158
26025
2874
20169
31175
8317
23354
27802
18726
16685
12549
5860
19841
6061
15122
10070
2719
9786
2553
26170
31088
19600
24277
12105
27030
13150
14572
22724
7205
3063
26258
4288
31655
30794
7498
9410
5476
12052
23855
26507
14304
12372
9106
10549
23204
7680
12517
30079
13121
3318
26071
3174
7059
25141
31681
18677
11587
4173
7233
27229
13967
18708
7204
29512
27726
30619
23946
4971
32046
5728
7492
20314
27201
13765
12161
23201
18616
18113
28586
22544
20718
32214
26506
29782
24232
25155
29106
3794
18075
23930
23324
25765
9518
24276
18446
29196
2690
26500
24641
32237
10159
4810
1603
943
24913
28265
7706
28495
27460
14170
10026
24496
20907
20162
11609
25395
4919
31522
21872
25224
12454
18893
2244
11716
21897
9376
1047
24499
32331
28653
19897
2927
16239
17592
22258
26673
4633
6950
19621
28520
18896
31026
23341
8456
6018
31138
27019
25125
15816
16185
4035
10688
23148
10287
19587
28641
26921
21982
15878
4838
25521
23742
25144
10010
8949
12435
8731
25737
26016
8421
11369
10003
8164
31153
25467
13504
30842
7262
25193
15955
5860
9458
23923
20002
9974
28550
24991
6436
13716
4600
14244
26188
19133
7647
28167
21
25801
16068
20100
25695
14574
2191
17071
9849
23817
2623
27611
14207
16027
30942
29243
2278
2834
1716
20295
15701
27979
15036
5985
23478
17492
23636
1721
14478
14198
18232
21870
2441
19315
15281
5878
22362
23820
32522
10431
16833
9414
24644
29718
18925
10222
29963
1865
5893
15067
8936
18952
26882
30835
18615
20753
11711
21233
7260
5389
27731
8677
4274
4276
31390
20859
22468
2616
12578
5889
21824
3041
4372
20132
5416
20468
4275
26234
6859
9178
473
31430
7156
1662
18128
1911
31841
1527
18790
21233
7542
8295
26692
30224
22067
11299
20091
9578
10084
2836
26976
8149
23
11613
28826
26154
9811
10045
13433
8264
6151
24119
9866
21339
30785
4465
20584
19806
23712
16731
11476
27102
3852
14992
5896
5121
6052
18433
17481
10696
8952
20560
31676
9361
6265
25210
122
10976
29998
30137
25062
28510
16040
24745
9791
290
8759
19369
881
28976
5214
8836
6705
28991
1157
18769
26440
20416
30958
6295
24367
29979
9962
25781
26589
17980
23373
5249
9437
4174
18207
2864
18851
25030
1172
26998
26144
29860
26686
27117
24980
3573
29314
23739
6052
30365
30025
1648
19372
29011
16887
26157
26198
20973
29601
9995
12652
6622
10619
16570
1514
15869
17807
2921
8280
31112
949
19174
3926
21096
31935
29959
28793
12982
27124
14152
28501
15231
15552
32693
15067
13508
24233
3339
25830
16069
11653
18970
24592
10368
2026
30829
4042
3956
32231
28205
7852
11434
31217
27459
3849
29430
30240
18877
14791
25211
4508
3443
12141
13677
6738
5866
12158
18971
24299
32120
10758
28204
23806
21673
32626
28456
8068
24802
29348
5179
24973
32580
327
25910
18738
17619
5728
25303
20171
6360
19238
5194
9314
20100
10772
3567
12647
469
10300
21854
30372
15294
18654
18089
28276
8578
7993
24289
15664
13153
8865
4059
17899
24182
2258
307
30559
26080
6788
25234
25894
26400
13888
13101
302
32194
30065
8846
2407
19008
10174
28311
32190
24611
6295
25284
12879
24427
21262
23728
20950
15665
22505
31195
25703
32651
31221
21162
11872
28848
21661
26287
31643
3420
4282
7723
10984
12918
27565
1233
3514
19953
13484
8653
28704
5872
13401
4357
23799
4397
12953
16799
29279
24475
3747
32195
23147
10826
7511
8098
15389
7051
16850
6071
14481
14422
29759
10316
18552
6120
10991
31297
3528
16048
22957
28425
28082
8300
31563
21493
1749
3472
22913
23221
22449
4071
1784
31516
10590
31356
16289
8739
4733
12475
9035
21041
9840
26836
32373
6297
9414
28000
5472
31844
15609
8775
9577
19026
14940
20705
4246
25115
11343
32603
26479
26874
24245
22365
17679
1388
13992
24553
12666
2102
18283
3719
32305
9893
13215
29599
20740
10777
11962
1574
20776
14533
12982
21116
10889
7088
15878
4245
23393
9727
11726
25944
10
8567
2131
21316
4369
25662
19377
7769
18315
29665
5324
10038
7084
22939
12936
383
4501
3029
31037
18817
18542
4329
27237
32025
32693
16171
1176
23505
1749
15914
20411
4685
19195
11571
31092
13542
30501
4887
5600
19860
23164
31534
22665
273
2275
25500
22930
3899
27088
24787
15157
12987
10586
6746
17264
9188
16276
1228
15866
17117
538
32035
14972
11523
29673
10550
31486
16777
18292
16769
9887
22881
18164
10277
5258
13920
5887
28975
17189
28061
1884
16413
20364
20762
26134
7839
317
7334
2255
12442
15893
27137
87
26994
31355
12354
10877
9865
31195
21110
5669
21251
29526
394
28059
30925
28343
30059
23335
25309
28073
16747
7138
13499
13608
18407
13511
6976
19254
4390
32269
31389
31951
2437
30901
15776
30
27345
8799
10803
1777
21749
15201
24358
21867
22997
13082
24366
12536
121
11908
19757
15238
878
23817
15795
3827
20073
3992
16837
11457
32558
17911
3806
5649
28080
9819
26676
8143
32634
4918
11580
22314
19021
21328
12656
2631
18955
25
16720
18742
11731
11838
30887
29477
110
1146
19983
9171
12266
13487
30647
5448
14468
2869
3428
18884
30412
2161
2998
4597
25859
14506
7341
17260
18376
15897
18795
13138
3572
16703
31036
18775
26562
15228
25043
16108
22835
20444
19671
24242
19376
9780
22174
22578
25329
31854
2616
31694
6431
25121
32431
29431
26165
21093
22925
18593
30380
8165
23199
22004
13655
26421
21753
26437
11404
31590
14650
11588
644
216
5393
20087
5380
10832
11264
11495
30781
19530
3424
13337
23794
14993
19366
17215
8664
9228
14564
1968
5186
24795
19603
23446
9213
26275
5775
31974
3705
22309
25443
12438
17706
23830
30151
9738
4910
19242
31079
11983
17968
12659
4838
7819
24204
23785
12579
26420
2740
30026
955
17793
29138
11556
15055
4510
4527
14383
29703
2084
13267
31713
30934
8008
15854
11837
12800
15443
24950
22252
29786
23890
28306
26254
2769
2830
20023
22610
8622
10046
26512
4548
30489
27388
29860
29927
29915
10614
2611
22660
5992
10982
22240
23233
17948
13252
23958
16885
197
3129
12068
24507
1634
7128
26410
10822
22826
28041
28729
32756
17360
12229
21302
18725
17414
1289
5631
27725
32320
14468
27985
18504
7866
11027
17898
10478
19388
3184
26858
27112
3357
13479
16255
15298
19718
12745
31169
16192
22008
24035
7387
27382
29200
4401
15468
28435
3978
17552
25389
2942
3717
14386
28371
3108
7173
29333
25399
24464
15934
11190
30900
31676
30224
30850
27088
1318
6606
19085
17439
27687
19779
6150
16485
29824
15095
16363
26107
23350
29358
32377
32116
3745
4402
1511
5759
11455
5458
3923
9487
15310
1579
30717
31162
20761
20134
16051
6495
6674
29250
30092
14348
31649
32532
31705
23327
15292
24844
5209
26283
26936
31353
11180
6685
30174
9679
25354
16415
14018
1192
13109
5564
16080
16394
15276
11461
18344
7656
4642
19828
7340
4075
9774
6992
15446
8050
3396
336
9168
23255
19172
10563
30910
10228
26897
623
1374
8165
29957
7033
15060
22544
13347
21381
11711
15459
9517
9885
16656
24285
8631
6487
29468
24656
13276
1970
240
22117
29743
23362
21476
21216
1012
27789
28019
28709
30609
5044
17737
1787
17727
11350
19870
29073
3077
4273
4547
32703
18151
20490
8954
141
16475
9295
18315
1273
23036
27388
8212
16373
31874
9531
14113
10160
17394
17231
12028
15382
15378
16178
455
5786
16672
19069
1991
10035
22723
5001
14339
17060
5954
26068
22286
26113
25844
10662
2081
21359
14328
1780
29804
27691
5669
12164
31918
27598
29508
5202
10500
26831
16253
2611
19198
15945
14864
8632
1528
17150
23622
13909
12712
29085
28838
30914
19187
26176
10859
30882
26373
21817
20790
29027
23712
24334
21761
24165
6068
26050
24148
6750
19249
18262
11963
3581
29977
8592
25975
12749
26841
763
31860
26461
21465
11567
4475
28062
28754
19538
20393
29836
23136
18399
3360
5136
15192
4262
28924
10789
16219
4117
13705
25659
2347
7349
23219
30680
6206
6135
23741
20101
21777
6449
17206
10472
14271
18916
7209
32046
15570
22336
14229
5292
7257
7402
14108
11461
30523
27900
17919
7950
28362
6478
3402
21680
23195
8692
14412
2318
4246
11527
7498
8104
29513
11177
24181
4415
14977
20547
5912
13371
10780
14865
26902
25673
11033
31201
32404
19784
31473
21527
21491
23910
25898
25589
24065
8838
15145
1049
24688
5862
32328
8263
2183
8446
28712
21609
8215
19115
32073
31956
27825
29580
13783
7117
3862
684
18631
14412
30447
23394
13603
6656
16062
6518
9634
1682
1045
22661
10876
25646
4102
2727
17788
25920
25562
8782
31831
8571
32261
4978
25916
16416
27482
28651
25004
6013
30844
8990
31628
26036
6037
4315
6265
1725
20042
7046
30555
19374
16366
21877
11325
22330
10229
24986
3676
9080
22700
18274
19581
5350
4648
15836
7044
16046
17788
12830
13123
15400
6192
3301
3472
17311
15342
31611
7066
22104
28285
16350
25981
12752
13812
19486
18451
26182
11559
11527
17677
13945
29798
2048
6467
9395
6759
12339
3401
20742
4480
5870
13379
3286
1305
6985
3322
18328
9058
32010
14639
14552
12097
30405
16175
27521
28303
17224
2471
3673
18563
4662
6586
11723
10350
12273
8017
15081
30889
25789
27570
945
18892
20259
29269
143
31265
15764
19442
6948
29017
19279
28639
21062
17533
17541
6041
24392
22055
5562
161
16507
18161
19054
137
19700
18990
24317
8014
13712
13016
27076
11240
5942
19658
24453
32544
604
22063
30476
24738
7117
11579
28691
16979
15017
1561
16740
17892
10157
15652
29245
16552
25012
6489
8952
12706
2942
4876
2283
24035
26289
29403
24974
1811
29
23777
8411
28749
28996
7212
24315
9520
23322
17008
18718
14130
32265
28668
6571
25912
4920
22510
23449
24932
19213
21667
32028
10542
5361
8306
30085
9143
5203
1690
611
31321
26351
8312
16367
24451
8272
29438
8359
14276
7827
96
2104
22821
7279
8720
3489
21692
9330
16109
10390
32382
18829
12728
20002
10069
18643
29639
16529
15731
30846
24573
5773
18149
10291
8697
15751
27243
22151
9614
31577
31367
24513
6771
13097
14036
2529
24636
29072
14233
4578
28297
1019
14238
7741
3454
8018
12350
15022
29299
23000
31678
16698
5356
31827
29149
21617
20427
28268
12972
20209
8900
16984
5024
19499
10258
9144
25318
11882
4712
11710
29942
17937
18219
27794
12395
32291
26846
3572
3090
12809
26078
1314
13121
4240
24399
9724
17514
12338
31830
31590
24047
14486
32136
23790
27960
17754
9379
1967
29700
26127
17532
15988
14332
24453
3385
13601
4238
4681
26816
19279
18168
10861
31600
23095
15523
31879
7438
6609
19379
13308
24066
24893
5596
13951
27843
18017
13687
24788
28560
24788
1237
218
9825
13306
28627
12488
26909
1137
942
30647
22029
7340
12569
21345
17553
17630
29837
3880
20497
29210
22753
3162
3895
28856
2074
24499
19291
3578
24196
26659
19519
1264
13314
17106
3069
12952
20386
16482
26429
21834
14708
16244
7595
23379
24221
4205
13993
1249
15271
18042
7744
23839
283
6609
3677
20128
26194
16186
6202
22273
7816
22734
25114
7626
9266
25599
27961
29334
20113
18649
30723
30324
25992
28296
20612
29836
10155
31001
11040
11782
30360
5253
20868
7463
7562
28907
15836
29629
26155
21533
30278
22718
28586
25694
15495
10540
31758
4202
26110
16443
10186
14519
28630
2742
16273
32251
9087
27039
10347
22766
24414
10262
3593
24401
22467
2171
19285
23087
25628
11479
16718
4451
11369
24184
4115
28762
19184
30940
26173
26650
13874
31697
23154
12931
1821
2265
824
23253
28547
20435
16646
12147
29899
11992
28321
231
17127
2404
27558
21029
11142
6838
13666
24084
9610
18297
490
5706
24764
12963
4456
32535
16830
6558
10676
3270
23106
15270
28708
26143
12666
20594
5540
12337
28879
21014
2313
18254
18646
7720
9122
2390
8832
12833
1040
5433
28817
1799
2904
9143
13651
20553
12343
23914
4235
8683
7350
20999
27052
16866
18941
29921
2635
10434
3692
17070
15571
30102
20968
29838
17274
22799
23667
25673
15219
15330
29440
1496
16485
9323
13957
6696
25629
8086
31057
32538
20096
12543
32416
16590
6595
3672
22637
20513
16094
10764
22407
628
9789
20769
16871
16048
12473
24675
17217
31622
19656
21695
19417
29436
27632
15085
20888
12069
27778
16978
10079
21551
19332
30500
24219
19364
13039
26575
26394
13545
14363
14743
24861
16139
24183
28799
21934
20410
12925
28266
18739
7062
4325
28033
23620
5034
28185
31188
28346
19510
12778
11844
30984
16562
31617
14496
4047
6415
24984
26894
17836
21568
746
20653
24405
31737
31463
13176
3556
17847
3757
20846
9074
17664
9780
19184
30184
4844
26056
9322
25618
3812
31677
11573
12533
7338
30302
19900
10595
921
13862
222
18380
21295
20531
31892
19031
28872
29943
19924
28465
12972
12081
27573
19237
11340
3867
1491
28270
4041
5605
4597
19401
18614
30051
23789
5582
13343
30723
8896
1663
6602
9473
29191
17698
19132
29918
24213
24140
2303
10766
18266
575
7331
8689
13191
32117
14851
12804
2803
8061
7498
25945
11710
1030
32565
11844
12084
29242
18202
24664
14324
17997
7721
1681
21329
6485
18418
27091
11256
7004
25639
23443
31699
21427
32163
6356
13102
15242
2732
22870
6937
26302
17013
24330
30477
12018
27623
6600
27090
5345
2465
13124
8607
19442
1854
5951
3972
9230
19414
19450
11781
17838
21959
12016
6920
29752
17333
27076
2289
19083
28367
13177
19211
9688
31316
12769
298
12981
31830
3928
9870
20588
9151
6322
2059
16025
32657
30577
25959
18676
19314
23611
16900
25963
25959
11660
10430
30836
20704
3753
26391
13217
27381
21205
914
17012
13295
12486
29532
14710
21002
19034
21297
31619
12665
23687
10110
2408
26027
11152
26563
28592
12237
32639
22844
18106
20112
17615
31936
30991
31532
9577
5097
17395
14245
11730
373
9786
21068
21154
2284
12637
17034
27192
12675
28877
17113
28332
20545
23431
19475
7173
32096
1001
21999
16044
30966
31172
200
17953
17109
4786
3233
28653
27055
3242
16743
7896
21886
16081
11381
12891
4386
19603
22366
29272
22348
3827
23526
25353
26268
10271
31057
5431
24838
30024
3809
18092
14970
21168
8090
26346
31428
26117
17224
21533
22193
25325
10435
25679
25715
32226
3442
3803
28486
320
19982
18980
11860
14492
29864
29062
25302
9816
26606
18317
8573
14196
8106
26725
19216
27047
651
16530
30806
6063
20776
23521
23862
24549
16962
8351
26397
22804
13385
19208
6816
2443
6178
15618
29795
21617
31016
30220
20793
20825
18033
18289
8588
16918
16722
6337
27648
6865
13605
20609
25427
20569
23625
13602
5000
24761
5739
23088
27204
18960
21508
28108
7800
25501
23331
31324
15168
19738
18797
28801
21003
26699
30562
3402
6141
4310
8418
28839
29329
1621
30447
30752
14211
15530
32436
12742
9197
1682
25030
31594
20144
20094
5035
8718
6677
20894
28825
5529
26804
4414
14719
1231
6549
28245
4426
30079
3990
9051
24417
11518
18444
4188
15217
31957
17581
3403
18032
18359
19630
13976
5340
21174
18728
26628
3652
14006
16576
22965
26122
1569
13959
4997
4455
31452
28703
10912
24239
16506
26400
32078
4567
11952
27065
24845
10804
2057
11931
30435
13701
4315
24594
6642
21556
4730
25205
7245
21209
7851
22977
17930
32000
10076
12929
19097
3372
16018
12785
10324
24092
4770
20834
9814
16716
31396
26848
25745
7871
10021
27923
12827
16892
19228
17507
7625
30807
20767
30559
29951
25713
28887
16480
9414
11010
14514
15977
12575
23766
24535
20306
13976
16918
29791
21798
10780
27337
14786
27337
19215
10394
19343
19422
31643
21980
22625
29671
29508
3531
2318
14510
32707
14869
26657
25573
18449
6553
23947
4105
17858
9326
4757
19596
26772
28967
21017
19762
6216
32597
14578
10428
2224
2894
19121
27332
5130
20269
16017
31976
3980
21786
6318
11050
20032
16076
25457
18327
17938
9803
7503
12583
2856
31739
11955
16869
5489
1494
31800
26703
1153
25593
26908
28672
21916
15970
24050
15756
16400
32760
10134
428
11208
17099
16998
10139
30239
20894
26031
703
30962
25251
25446
32652
2041
28549
12313
23462
22615
20139
10020
10565
1647
29116
24360
8670
11770
27998
8889
3072
18518
11844
24919
14460
17697
32615
11424
23240
4359
17811
5571
16549
32472
5158
32568
11520
18142
32533
13999
23062
4205
20015
27462
26332
14779
30118
21502
13214
20978
30667
6768
29158
31108
5145
23996
27551
7359
26485
25027
17786
15521
25012
16022
16529
14829
13406
9261
16203
22142
7857
1629
4479
24796
15081
17668
19420
15885
12479
9351
11912
17838
28976
10878
24327
9282
24447
12973
31071
14281
2941
20535
15481
6805
24840
20238
21963
20569
28882
27054
4148
18819
13924
1803
27175
12491
32610
5319
22284
14092
22544
20905
12259
20819
8469
7243
5931
7478
12927
6674
21506
24424
12296
19043
26765
20618
29335
23060
26522
11331
11018
19233
19844
13970
8755
17569
24663
11107
14880
7928
23349
19553
5280
77
26873
268
770
7487
12825
15627
8992
29139
465
8387
19869
1713
18046
2088
14698
5777
29000
31699
30863
10224
30979
14422
12840
28423
1111
16332
15789
3069
32543
10676
887
31068
7952
9471
18048
16066
7067
24679
15211
15321
7444
19715
4292
8072
10003
28440
19592
24427
539
12595
8936
17281
26745
28020
10826
23077
31343
8493
4241
26688
15762
32428
13726
10684
11121
20820
20246
30268
4983
26611
31078
7690
21523
31055
23045
4944
12053
14082
14073
13196
15708
648
10141
17726
17838
30871
17057
32227
31463
18094
27986
9255
25942
32497
12316
8791
31588
24116
13389
7445
11638
14422
20251
25167
26901
32464
15849
17522
22349
5517
30662
13786
23122
27133
14391
14478
3690
101
10038
30250
20998
27513
17018
5148
6450
25132
27641
6163
4144
26567
16812
28853
20832
14904
8850
30353
12900
31405
1271
31060
27776
17506
502
11583
9287
9655
14909
3288
5236
12166
30736
736
24598
3763
12945
28806
20464
25605
22078
25562
32543
20020
30395
4740
15101
23107
19922
27830
6726
19983
11192
23647
3961
297
15505
1186
31361
14305
18231
5510
32149
13475
18743
2031
6493
29575
5149
21965
21590
17443
20466
659
29047
13732
1794
2027
31253
2333
7907
31399
7940
7710
25266
31739
13567
3465
672
19178
20553
26273
11437
2559
17301
16996
8884
3389
1572
8475
29096
17496
17709
17967
11805
5414
9345
1598
23050
14928
29295
15214
22477
31309
21221
21505
3695
19089
9689
12074
9002
13057
11495
15391
27688
1451
13372
3952
142
16052
17074
25239
2489
8337
5436
12752
14791
24698
27013
27691
2906
30492
23508
27103
11928
27023
23603
7393
18295
7815
32464
12213
24887
5070
11171
1669
15152
2034
29009
22128
21197
27707
32593
18212
20185
13023
2893
21167
12281
19833
9675
22418
27258
28600
16908
4375
19789
27220
30004
27109
23120
12871
12460
23762
29648
26681
31685
22520
843
29756
28830
22027
32122
2489
71
8682
26510
10154
16934
30835
16827
26890
21146
31900
31475
14730
1247
12735
20980
17030
27698
28726
18308
9271
53
2088
1531
20266
24724
1698
25091
4593
31721
20714
22684
12056
7645
2576
11875
3931
10384
30405
5139
25621
32060
21360
29772
19964
22549
20607
20115
23564
9075
10491
17307
30401
1586
1888
14018
2953
12633
11435
10463
3193
12539
3508
12347
6207
17499
23230
12765
24152
339
9549
16395
4995
18167
6200
16909
2677
17269
30206
18740
17614
4416
20829
14107
4172
12141
13345
6445
1086
22877
10299
23911
29500
412
22290
17503
9494
29705
13086
13446
27914
25399
24498
21162
28730
25876
19225
959
12381
8904
12005
15326
11956
16352
27268
16014
15167
15532
27668
13379
17458
22501
7032
14628
14755
13203
31660
18705
22917
16686
30293
11493
30681
14596
1437
19704
5923
8410
12349
3305
25883
9686
3035
5274
28582
19869
14743
10875
9732
17080
4321
780
31307
16444
27789
10653
14100
24746
20009
26200
23924
21524
19342
17794
7982
16769
31413
9214
18726
22419
20428
25875
12825
20583
8585
13679
396
27837
18367
32619
25346
10841
2095
29840
31090
14761
17824
20570
9976
30375
9522
14397
31947
26881
7663
23782
26479
3959
9891
16579
27436
31365
30189
18373
1214
31299
2199
29797
590
25481
25123
30181
26785
12374
15270
27608
14480
32627
5338
740
10424
14163
23406
20167
10098
20542
7328
1432
14598
2479
29966
79
1563
3834
13001
9352
11890
20273
23980
7044
13268
3145
6636
31345
4425
25977
6383
16363
21131
24803
3170
19138
16314
14454
20358
11774
29009
28179
15050
1568
24665
27374
21919
13227
18141
11832
23176
7907
25757
20219
16752
26837
31750
21829
17473
11671
7010
11912
4530
15313
1613
16705
8801
25980
21352
25560
25633
19946
4689
15047
12181
22791
3538
16895
15358
8158
32344
1415
1361
3679
16551
19815
22669
3679
25805
16580
31307
25568
10580
17484
7062
7827
14012
6101
4350
17563
12073
30528
32744
6804
26200
17060
30248
11476
21975
29097
8146
32240
8566
22065
3916
32386
16377
29246
19368
12842
7183
25872
6449
9683
16776
13197
12356
6968
27330
28646
22114
3494
612
1144
3458
29699
27983
9712
19884
25615
12498
12467
31939
31466
18717
30077
6307
11991
17401
14663
18284
28223
29622
27759
16924
12281
20068
23827
19812
22728
19782
26813
13492
6693
24707
28998
31641
11839
19231
6388
14664
5441
31530
2534
21115
14291
12855
19634
1403
4835
4624
29260
31870
20645
25000
5418
23092
29400
7761
30117
29853
29260
11567
13731
12829
30625
16621
30579
15570
4433
18350
25592
37
2801
30023
23562
9375
18867
15787
22809
32255
21040
21414
16659
8073
23396
32719
12680
2720
4858
25528
1549
11159
30410
32103
7646
6341
26529
32522
9415
18391
22848
20198
25412
11626
17319
17297
23015
31450
14739
28769
11258
28244
18501
5668
7526
26931
1157
3089
10195
16521
26855
13567
27409
31739
26957
21717
31926
30419
24493
23106
23305
5968
13844
28846
1823
4160
29163
28272
2628
24785
1146
29505
27293
1701
1194
19184
21259
5668
13839
26712
29265
11542
293
3216
21882
29553
16602
28257
16757
7791
2381
30205
20483
10724
19414
24813
21459
15311
31814
25164
18410
26159
7024
4915
20041
15128
19176
18292
458
26373
19978
6795
8012
17776
7230
18641
18959
9120
26747
10483
28513
9667
16906
22947
3451
572
12941
30605
24998
1854
32063
28557
16802
7834
25469
16671
9287
17365
4742
17687
7533
8318
7807
19602
20746
17086
11962
11308
8602
8753
16183
1907
7620
26356
7019
28828
28986
9984
30273
12405
23777
3510
17247
19099
31282
8634
13738
4589
19936
7429
1804
24896
28090
2870
28021
19541
15828
8745
24863
23816
2273
2251
6167
12489
30692
45
23289
2640
11528
8919
5882
11149
1483
11870
20780
3038
18530
2873
24318
16005
16473
1744
2050
7513
3707
29654
29940
3003
12273
9433
4087
26060
174
29975
14881
28638
15626
21396
31290
23080
18092
1129
2241
11453
12462
3167
23856
12223
22268
31420
8322
9167
1277
1373
10481
24265
28534
11013
25348
8366
1451
20469
19401
13538
24007
2237
24671
13208
16509
1873
9912
30602
6128
24159
13213
7149
17872
3808
20979
5796
9414
5102
12092
17076
14611
24789
12641
28408
21620
1388
22958
17686
12616
27814
22814
7345
18676
26980
14809
3808
27015
1421
16891
24031
20122
18273
29591
1285
16763
24842
19964
1270
1162
32372
13366
16410
3554
9567
7384
31566
21820
23475
28409
22233
14609
2067
12413
21409
16127
16564
27030
14495
13166
31856
24969
27792
27763
23062
6326
6125
13301
29189
9171
8990
7438
26105
19576
25835
18611
8996
6880
5427
23960
2689
11502
22496
14158
29541
32366
29722
4270
15447
1694
3003
11643
24097
20204
26371
18243
13607
26370
10382
16774
29944
23040
32130
26907
31267
2312
7693
17102
28236
3840
12815
11598
29310
4499
28179
23111
17347
9081
31876
25291
3570
7161
1822
31478
24777
1964
29858
2258
31547
5763
11982
8824
24843
11019
1164
14200
28314
28400
31850
27003
24318
4289
11082
22567
30803
3826
25434
25667
21078
13351
20295
11804
27440
10416
19886
21287
32399
15695
8404
12007
21243
21314
18070
8977
29032
1405
3235
10991
31495
30520
13544
15874
4450
27561
15948
17899
1192
2835
9630
11148
15429
30975
13003
16234
3510
8137
9813
341
30108
21855
23296
2892
26383
15686
12239
9115
9524
3038
20014
14918
23314
3814
8305
21930
26017
8002
3197
12898
1060
24572
18117
6760
25273
28298
20857
14204
13103
26703
31737
25802
18455
26980
30352
17351
26142
26775
20063
6236
16282
5300
26007
12358
20066
5892
15340
22973
32739
24340
6982
11603
26480
23479
31929
12064
27354
17742
14775
2844
7489
23879
23940
28876
15401
18148
10987
21025
720
23870
10800
2461
18368
10889
21317
11191
6304
25753
10304
1921
18511
4773
21517
6792
9012
16460
8544
31739
15823
25045
24046
784
4500
19899
32221
11428
23546
28521
4985
1058
29647
5954
28456
5029
2254
3044
31648
8033
371
16558
10839
12351
27406
21888
1083
12743
12311
17345
12964
10051
2241
23719
5255
15393
22993
31922
13292
13210
30129
6266
12194
31633
29632
1707
27953
26302
4589
11086
10000
21003
21636
26698
11032
14654
22599
30506
23865
32473
2753
4128
21100
27454
15575
586
6120
10007
17312
8501
31385
13557
7031
11168
25294
11831
16718
3970
6194
18222
13893
12110
509
24191
24955
3189
14187
7112
17443
31532
29806
24966
13275
17265
18079
5686
3898
21320
1659
2234
8360
26187
28876
29695
9075
18017
29797
26077
7967
2510
2066
3390
3325
29292
7375
13187
31743
21047
56
25891
9930
6415
17217
3477
12301
28602
31015
2673
30993
1065
25255
31186
18066
27388
22893
18430
10190
14920
4047
16457
21467
16791
30907
9526
28989
816
27630
5088
31672
21145
23143
13976
15459
15451
10012
2768
2046
6917
30699
15928
14213
32115
4819
26406
3845
16976
7012
7227
1711
3290
17524
12100
10795
30437
18964
3934
559
9251
18371
5726
15439
6818
16097
17775
1303
1174
24934
13565
18519
16217
29907
15314
19390
23472
24937
4479
22442
29520
16793
28670
25151
30625
1469
30869
28855
24001
5
24573
8952
19404
27828
9668
7532
11099
19084
23280
17677
17738
6022
15333
447
19135
17863
8585
31459
28519
31952
3493
553
30979
31477
22159
8357
26660
11024
13830
31270
7730
17014
16221
31427
9395
31530
220
694
31178
15953
21603
1134
1534
21222
9040
18655
7997
25775
8611
19997
15649
30576
17504
29737
17010
6750
30517
27658
32747
28630
21853
7456
21569
23887
27076
29878
3425
30606
14956
21462
28409
32537
8975
3937
571
237
17158
13919
4830
28531
617
4755
32101
18353
29304
5970
12963
5821
3385
12950
5247
29560
6243
13391
4085
16504
12155
16377
6237
19014
14653
31859
26608
5578
19517
30223
10632
29443
18126
26342
28583
10236
7715
22894
7355
18427
10420
22862
8352
2811
26595
9840
12135
14684
5344
7768
21846
32730
29898
20405
3119
16316
14359
27702
13750
12109
26933
3231
8045
24208
11889
31516
29602
29744
25369
30677
15275
14006
19421
11202
22385
13822
27259
15809
3627
10476
13468
15846
7276
21339
12792
23314
25440
2134
17857
5831
7506
7307
10047
27450
15218
23804
19896
6058
20694
24056
21394
1777
11966
13898
5307
1113
5660
31408
3145
12976
8788
3471
13662
31135
20800
5860
29519
23863
19575
14462
17669
29645
22479
21099
18339
28168
2336
27568
19560
25912
11595
4925
1496
25577
32379
19743
4118
23737
4011
24568
22677
870
4457
5804
10479
15403
21465
19038
22805
5453
10748
18587
27817
32497
4658
27092
8104
13616
18430
27666
9804
4205
8970
26085
9265
12262
26475
26013
7862
12938
27429
4285
28326
29195
13554
22445
29976
29747
30783
4527
6035
1659
4728
5396
18294
14298
28037
8112
6295
9435
27541
9099
11051
18930
16410
19417
27878
20496
23060
20013
30051
1909
17299
23529
453
1222
6775
18425
21407
5215
1659
13505
30481
30698
20594
24147
13364
8752
32464
21734
12216
25904
7019
15236
32460
18030
1667
24322
12862
28046
31488
14645
7396
24865
10236
13411
22842
1471
897
17144
21068
4950
14996
8058
21463
29889
25202
18623
26027
17821
20249
3678
30291
25176
13066
16739
6392
16010
27726
23879
23171
30089
8887
15647
29186
18744
7016
12563
20557
799
26007
2066
21225
27585
17554
25028
7724
19497
31488
23744
25250
11719
23402
29952
4528
19578
16890
9873
17783
28398
23426
10383
24571
6440
23999
21585
9605
19807
5344
3297
22086
20238
27202
15023
2876
7239
18558
12166
23130
4426
165
1726
1507
27222
5322
21940
15127
6079
3009
16503
9233
6209
12839
