11880
8800
19720
27729
22503
837
6011
13787
12255
20439
23960
25672
5519
29224
2493
32461
24672
23761
6578
19301
16502
14644
9180
3887
3461
19204
15539
11793
30694
11528
20598
28066
20458
19227
17693
24391
22382
15736
30863
13724
20911
26932
28437
2325
17760
2572
17934
20453
9466
2401
16101
3358
20820
18049
30273
31514
10867
13352
7035
13595
8867
28487
15445
9262
1990
13059
30953
13141
30445
19969
13279
3812
11813
31969
4835
29484
12436
19976
25430
20055
28868
29347
14148
14739
30014
8424
20119
3443
11099
27551
8330
5521
23639
13026
6496
10105
30887
4641
24661
8386
11660
28521
14805
4222
30953
4069
23020
4053
12114
21925
15102
3564
10341
2718
19640
4876
1373
23794
3910
16128
17892
28786
28358
1726
7977
10593
29437
30026
18739
5243
5961
29656
13941
4150
24279
23857
27042
6984
30998
24663
24002
27753
2668
30316
13446
14170
27943
28624
7896
17190
32438
23690
13239
13736
19737
21481
10562
14413
14486
24426
9234
23068
23982
3293
4301
21235
23375
27588
15352
3091
18763
31228
7181
4574
29449
17311
462
21216
10875
14888
8920
20493
18255
1752
12923
8777
9834
23641
31945
31022
15762
2978
14317
30473
5994
24602
32703
3621
19364
1792
12181
17229
18290
1546
3675
31116
31293
1356
230
11063
15002
28764
13957
13357
30586
12980
985
4446
2464
4951
24551
14730
14681
29624
14188
29515
19559
30167
2672
19542
12350
19885
2078
5630
5235
16842
7379
2810
2417
7997
9845
615
30574
9396
17158
21521
413
10468
28025
20974
10661
43
23748
31467
18259
25972
22838
19179
10379
27228
31755
19469
28037
12947
3390
19758
30006
32388
29598
25008
28171
18744
27428
3705
24285
32119
30084
18494
15394
1585
14594
9985
23904
15901
16775
29400
26344
672
22516
28145
31680
28144
25526
32723
19425
31865
2715
9702
21154
8576
739
19766
22901
3846
19355
31092
4817
13551
16166
23870
24943
15203
13341
18335
8121
31861
8281
2778
31616
16642
29261
16483
14829
17628
5273
3631
30650
17960
20445
20781
14753
9221
32459
20757
24853
20591
18561
24928
22833
6498
21781
5015
4078
3394
12401
24273
3992
32378
20321
24696
19587
27236
27370
6731
31482
18281
9694
20905
376
32361
12461
29708
23323
4956
24446
9428
32341
16698
26238
22598
7141
3353
12408
8148
18949
5269
935
2974
28645
7029
26824
17722
1369
7308
2162
18352
31438
25052
29354
22729
23939
26626
1203
10122
3062
4302
24867
13307
3740
26929
11836
25645
26836
1628
3704
27258
30238
15910
1894
24847
10120
16046
19125
16040
13674
18754
5518
2203
6483
5248
6696
26136
25667
6587
10134
30895
17691
20897
995
7698
21329
9242
11360
32541
29160
3955
28733
4115
24224
19131
6487
26155
16746
26477
5969
1611
20510
13904
24806
4371
23152
29596
32637
28701
21025
32350
30974
26755
9074
7965
3045
13986
29150
8638
29077
5918
3336
18085
6894
24871
12787
20253
6945
5626
27761
10490
13507
2474
11486
32125
15649
2336
26125
10103
18900
8544
18307
21681
23701
27663
26595
22156
338
1330
29610
26085
4737
3641
13340
24123
6068
25148
639
13332
29293
24452
31622
10908
19764
27213
1808
3216
232
3274
2067
27738
25683
22634
18642
12158
14848
27738
30551
26932
12369
17739
17949
18518
10188
14965
1293
7293
13238
19420
18091
13928
2275
9682
26002
10141
20172
32189
32286
9554
1762
11290
12392
4749
32290
10178
15991
30091
31978
18028
23220
23647
10507
26228
15007
29915
19999
26075
16833
23475
29
2702
22753
26336
19498
16363
17787
28483
27570
19841
5486
23947
11704
27415
29429
32344
2666
22000
29912
24992
5369
19278
16100
18771
16295
3125
1688
27450
9762
20081
20513
2597
21008
16091
30601
10821
11755
30935
23083
25815
6671
5921
13418
7938
22545
16842
1954
10243
16467
23933
7263
647
30165
16391
29901
23896
3150
3606
17264
32572
21628
9793
14869
10779
17080
15689
17673
14687
9165
3999
1672
32672
5130
19494
9848
10113
27798
7225
19032
7125
6916
27888
18803
15111
5927
23967
29017
22968
27432
30624
28303
22697
469
4947
11654
20956
12092
3682
18378
8438
10105
14154
20860
19176
22476
4631
6914
2254
21999
23150
15101
31255
22950
26321
29819
16871
29847
20767
19823
5049
31836
2138
26974
29513
23255
12205
31834
11185
14533
28334
27188
16850
13974
5856
26094
26101
10109
17020
9583
10418
707
20593
32122
30482
32608
25001
31201
8688
3532
15246
17910
29861
9235
13261
31043
7908
4136
2393
7291
30178
17531
20148
31408
20666
21197
18794
4805
1041
2371
27358
15655
16629
26042
17992
22968
23307
21339
10239
6668
14826
26223
12788
15320
31170
2676
8575
18343
32577
22128
8799
10191
695
31621
21244
11172
22136
454
24046
19179
27778
18249
19651
15762
24415
30077
30717
15262
589
24766
14427
31076
15517
1575
15706
13308
13401
7080
11514
25075
3113
26200
28869
23616
14455
19212
21518
4985
12242
19752
22391
9543
31376
28597
23990
26136
26040
11444
5528
13075
23839
30386
17733
8273
12496
30877
23239
22346
18865
2006
26054
14733
4452
31879
24213
7093
4460
25655
24179
11416
3473
17052
11530
23745
7557
21680
18236
23073
2503
2567
17183
29697
28616
10335
13638
31547
29005
19833
31555
29354
29460
17191
3945
9183
11962
22951
18903
27669
7132
15407
12978
21863
29821
29641
18865
20545
22695
3169
26335
8469
21845
4124
6300
22095
21137
19692
8933
23178
11482
6242
982
30468
32200
1475
8557
23119
22515
16989
1169
30538
31248
3099
17747
20560
15709
30296
3187
687
17216
28913
20006
9820
9770
17822
8726
21989
12738
32642
23723
29350
26176
28928
19849
31040
19222
19409
18266
31303
21718
32595
21709
2875
25168
20772
16094
17338
5370
25584
18521
6899
2198
8327
17049
14686
11790
13619
24470
4779
19875
8008
25887
23544
29766
29436
9571
12870
20550
21881
24758
1326
16684
23857
29842
6608
7908
19570
31708
14861
31773
23098
17513
25590
26609
32076
15809
3459
29385
28035
17699
20617
31355
20327
29385
4838
438
15870
19564
32510
5792
9957
267
24684
3261
11422
4585
14577
3603
812
3285
8624
18316
31453
15277
19614
13467
11624
27941
14900
20002
311
15045
30567
8340
30470
28721
30681
3415
30125
30637
24657
15212
2106
28640
21865
31569
16963
20184
8838
8742
15995
13903
19725
8208
27522
23853
26580
21979
6914
12878
15063
28131
1783
7300
4909
15412
16718
31712
20282
27120
16818
20525
31525
28657
1443
10430
4492
9392
30408
16746
13431
24933
2950
28884
29323
624
21969
19440
27777
18168
29762
8898
28374
21458
6506
14953
21443
23972
7527
26717
16751
15946
19892
29429
6244
31096
28486
23340
9791
29857
9940
29604
28844
26136
15222
26859
11410
16246
26481
7934
13707
5947
11089
2059
6551
21944
22329
22651
3345
10540
15992
15408
23266
1325
18780
28939
9460
12617
22859
27314
2282
10990
13071
25488
32014
24199
25458
32541
31114
31720
21003
24927
16860
27116
30295
24497
25220
7516
25356
11971
14079
22291
7081
12770
3065
3424
26706
20345
12735
1196
7131
28376
4851
23389
35
821
9091
3322
23715
18416
15323
12431
19270
4636
13402
30291
20347
23354
21763
10376
25481
26951
28022
13219
28708
14330
10526
31149
25149
1863
29611
29929
21278
13095
451
28087
30389
14491
20980
18360
17456
3054
14830
10803
3275
9275
21487
1975
29926
24624
24702
18690
859
10257
28764
7970
15118
28928
27320
16602
29382
1403
17314
5959
24379
14118
30402
7619
880
24011
6730
30986
31554
18335
7721
2460
21569
32455
2946
32098
26816
2074
22620
9363
28968
32553
9115
3545
16274
13180
27951
11696
22932
11039
7819
5391
25690
11870
30552
31563
5881
16588
12907
7992
9985
11146
30453
17297
25425
31941
27130
19098
28976
8321
29701
13571
24473
30357
3865
2064
1237
2551
12522
24311
23120
19770
9549
11146
19109
85
27886
27157
9723
9126
29761
19594
12436
7223
14011
8411
32675
27967
8769
30376
6238
10988
20193
18458
1365
2655
24256
10767
22018
13049
6739
18295
15521
13525
7378
11261
15938
18581
9450
8683
10524
15458
23987
10055
17700
12846
13281
15938
29406
4924
2878
7380
11379
23779
26712
32672
7429
10895
25206
9245
16959
8456
29137
11767
19504
7927
28161
31667
12121
22182
20662
11923
7428
13575
4264
27065
21976
14840
10449
3214
2731
9669
8153
27749
16279
8174
9170
20828
25936
15147
3621
14979
7348
31406
25548
11585
22692
15528
9666
5107
21011
11790
1464
28629
604
11165
21258
25126
6105
13340
13297
20615
6321
20449
32506
10405
10225
4502
18615
1815
8415
5181
31156
17802
31883
6770
172
13339
13734
13040
29949
516
7831
1623
15706
6523
24012
12845
3776
29399
1102
21794
22443
8949
29337
12440
27529
10458
32682
866
623
16025
5721
460
24843
12663
15593
3804
15578
1358
15070
6872
12442
26415
20750
19208
21763
13131
14331
20157
20914
4628
22624
1427
31334
28831
29194
23282
19566
22605
9449
31451
24674
27050
4199
17377
9234
32405
31992
6773
28860
14242
17395
359
20866
30908
27040
7082
3610
6415
7570
31576
19912
18981
5431
25077
26249
31310
29869
22008
11409
13894
14807
12679
22008
19986
23985
3715
18097
16683
8160
13252
22715
13790
12430
26534
29851
32755
11380
19396
3593
31373
7992
9731
22762
14673
32762
15059
19070
21706
23594
7345
15067
22028
9372
5360
15002
1432
20702
2490
28880
8576
19657
1362
5440
16076
25686
17051
23246
23067
8627
25310
24119
23438
20886
12488
27904
4577
8658
5298
14508
26843
3624
7718
18994
24297
3935
18078
18862
32262
16534
20878
28247
23517
28378
28069
10929
25906
18164
31568
26884
30846
5508
7297
27660
5081
19796
29102
10226
6685
18406
10268
10107
29513
29775
15709
20864
3107
26696
7192
8862
31010
1923
30216
12078
16522
13627
32583
375
4057
17423
28365
10275
24674
6160
26675
2288
20280
12057
12989
19368
11341
863
24984
29011
1243
31816
20832
27563
11523
24961
7910
18640
3253
1099
31535
18237
13263
4885
192
26107
31113
19280
28184
17684
11024
32127
27007
27211
3441
6029
12798
15882
14009
10596
25007
21660
602
6075
9527
22428
9425
28975
3216
9134
8838
6550
22796
28269
11764
16272
27798
2212
12553
20574
15931
4288
1488
24056
30698
10629
8781
11097
8568
2305
15273
21278
31975
29630
9359
15439
30696
30780
27349
20861
22174
32414
30815
11789
31653
164
15168
13779
29011
32217
6435
19171
6206
14
12778
5539
7934
17414
13716
4901
10036
23155
20836
23988
15307
21793
30783
25517
31869
21618
2647
145
8857
2314
8198
11351
17156
32203
31740
13575
29054
15876
26781
13956
10535
11237
1189
17577
7746
6967
17166
31640
23864
1098
8755
27215
23264
25390
24117
2941
23037
5925
8862
16531
18953
22105
32580
797
817
2507
9329
16467
928
9612
10816
4843
4608
20783
26442
20274
26942
29822
6786
5467
20878
31852
27742
24087
19120
27723
2872
13670
11121
3903
26355
6060
23156
24051
20449
9479
1074
27786
31972
7904
29248
29913
15572
25536
26577
20691
22305
23909
10107
31044
24506
5398
1598
23747
557
25139
12226
8929
2063
26384
32736
12199
7838
20483
5476
31552
8101
2236
529
4594
24992
23509
15334
20563
21281
12458
13216
12217
25970
23403
13440
14066
2684
13168
29006
25397
18919
25548
25246
7513
12675
10788
23122
3909
9447
30658
28768
28072
20568
10469
11478
2538
17132
18011
4891
16482
29678
1362
29303
5833
14213
31084
8149
7918
26257
11537
31944
29100
15830
5129
28621
22041
14428
3146
12752
26881
26901
24846
5361
22675
6081
1065
10375
2137
9487
29082
24165
12654
31237
29024
5469
21227
1697
11151
11523
1698
5057
17058
1715
3599
27712
26643
6102
11147
8546
7977
29024
7107
28274
8722
24733
17257
32681
7473
3374
25897
8274
13497
14415
29663
5164
2171
347
21767
8208
10748
21393
10100
1491
14539
24856
25158
30574
6417
20289
24598
17756
30826
30733
10867
19524
5363
25839
6546
26072
31397
26322
7233
24829
10977
28510
15389
17708
25163
3959
12805
25880
28892
16135
7886
1169
22579
20990
15416
5544
9260
16023
6689
20756
12724
6364
15353
11732
22492
26476
10870
31766
10028
13692
19849
10072
13113
1564
8848
25549
6777
3259
8909
19202
16471
20206
28183
11201
28035
4973
3535
4406
19084
16990
25622
17744
26800
6871
6973
21098
19699
24990
10621
18475
12654
27955
15593
18346
28906
13072
9120
6870
20653
14895
1095
23318
7316
5837
31415
27436
18786
21358
27890
18527
4440
27425
11356
30425
16134
14597
14120
3406
6752
268
11792
9182
11284
30207
21065
10813
19227
24770
8118
26897
10382
19674
22364
12955
19900
24108
3606
1690
16505
13319
5001
11628
16825
32101
17755
3703
23133
8814
8864
17863
10828
10046
13205
15608
11718
11240
6545
19287
27893
11707
23352
8516
18885
28100
16626
731
24566
8339
21916
5587
11120
19266
24445
18085
26838
29108
25979
2289
25693
31259
5262
30494
10975
27069
6518
5442
20779
24311
17065
15169
17824
27778
32400
27192
24570
14837
2546
4380
9067
3467
25265
1182
26350
8999
21172
11858
22488
29845
10020
14097
2735
22291
26587
12444
3648
4624
8985
641
13548
21299
8569
7747
2115
9119
5668
16053
6868
17014
8005
13991
11330
2203
10941
4804
21403
14781
4887
4795
9190
26257
2238
15773
32507
17502
7021
5510
2712
7615
30696
11904
31664
16549
11754
11428
11270
3483
4702
28035
11771
3150
4561
24772
21156
10572
1832
21518
22048
268
27278
13864
9769
23599
27825
5470
30440
16645
21038
23847
6670
15955
9033
5894
19488
21331
994
12974
27666
6397
18341
6505
20760
4229
5760
4282
12985
15141
13658
12353
22309
24348
18178
28384
31688
7671
6501
2844
11295
16399
21253
21190
31435
22867
5286
3546
20708
11079
25418
4263
18319
26701
28256
14640
16339
15396
1593
23507
11432
15790
22203
25384
17233
11766
14937
10028
1516
10353
14659
16287
23624
10372
2265
21930
12022
2119
8038
14533
14499
23689
12299
15064
421
21012
8953
6048
14803
28721
24035
27477
25754
25711
28852
31882
2893
15265
31357
23892
27069
11302
23217
10158
18698
21869
660
22812
31928
6327
31473
4495
13829
28447
29195
14729
8570
24792
26071
21377
705
439
15976
31881
17078
5873
27819
24622
9152
18981
24916
9120
4194
3485
28696
3091
14349
5585
29469
25700
28217
3116
17071
26112
32692
24339
21812
10498
29241
21284
7010
24475
25156
14779
27823
24759
29477
28859
6153
17885
1363
3979
27848
8279
9988
25950
20449
2452
29434
11448
12636
4810
20896
6190
30216
22495
20565
7277
10605
14730
776
7037
3074
694
9221
21831
20896
32039
26126
16725
9271
14687
11438
13786
16064
3523
7882
32754
13426
4346
18297
20778
14393
5014
14614
9795
30820
23798
26259
2867
25245
12138
9999
24685
25631
22425
6059
1378
31267
19232
20378
3144
9883
6780
6776
23322
7459
14890
11485
24032
15413
26380
1841
11824
9884
10767
31426
21493
4395
16139
1299
879
6318
25323
30072
31867
13345
19725
4319
28437
5920
22508
10225
2331
6303
7420
21338
4435
29147
2005
19044
13232
27024
9364
1995
25297
16237
11646
12493
29387
27589
7143
29312
20776
1927
16467
18792
32304
28784
9690
26441
11111
32127
17617
11066
9046
22442
18598
24571
24206
19151
27916
13448
27115
8941
13912
8942
534
27028
2347
14686
2125
6042
25938
31104
13415
3856
18410
16905
10258
29044
30920
30352
18272
9768
18200
22942
31362
9507
31043
19716
15571
23015
29719
27761
7448
12979
23842
13891
4869
12281
15454
13982
19972
2066
24852
26811
24883
13105
3578
17027
28843
29590
12446
7773
17416
11780
10248
30532
25126
9844
24219
11036
6696
29963
15165
14150
7615
18250
11704
9074
4265
16773
23135
3764
12663
5270
10484
4827
32660
7122
15049
29182
643
5948
3110
16983
5736
22009
17643
3156
25034
25860
31862
3820
22679
5667
29895
7728
28776
29466
4322
20514
27143
28958
2677
27593
21551
30860
10939
20101
11154
5339
2720
15265
15392
24784
7718
18983
10119
752
3847
25848
13558
20027
10908
4379
20007
23319
26365
28246
19868
11403
17258
9723
553
13741
2026
15365
2994
21342
10289
30307
30006
3636
19911
20116
12300
14520
19815
8564
21613
15826
2982
4438
19251
13185
5333
20050
17632
1487
27687
14561
8674
19973
22039
4775
12310
10779
8708
12687
24970
10354
14110
26909
24711
7110
26758
7680
9423
27486
21681
14311
28195
13189
21518
26006
18440
19006
15080
26425
31435
31796
29325
21240
3523
5616
11696
1995
16086
3406
15372
17040
4926
24370
16714
2395
25997
30071
21285
24845
5359
10536
17100
296
14768
13555
5511
31201
766
11226
28830
119
8687
18476
31863
21956
26054
9908
766
31506
28018
16944
19785
10543
4695
17157
1149
15812
28753
30512
6635
4834
12022
1664
31359
29918
28700
14082
4443
10847
1948
21949
23999
17077
24661
6048
8236
7788
12915
1721
25289
26145
28401
20392
24837
25493
1116
850
4734
28928
24794
8410
23842
29352
21868
31693
12947
3761
15984
21148
7376
5943
5482
10576
32275
23194
20483
15481
2037
19993
12370
8295
11736
18083
27227
24733
5766
13289
17109
13187
20758
4536
2865
5723
20752
902
7895
25974
30161
20043
17843
17576
8496
9362
8176
27641
8545
30927
32515
11421
29210
18931
20460
16935
6389
7742
31416
17401
8470
8276
23371
19199
31245
4756
14172
8093
15869
3237
21953
997
8958
14161
6893
28174
7105
31383
20151
18209
27507
20987
28509
502
12515
15137
13768
7775
11494
29338
12049
27811
18427
29438
3909
9518
6955
27195
8549
10374
51
6444
30897
31617
27877
20846
18214
21430
7628
1391
32070
18481
21519
7879
5911
31339
10903
3788
14958
19321
18036
19808
2669
29059
26237
14862
21579
376
5687
4950
31059
16640
2041
30788
14896
21682
23117
10312
18279
7816
19608
30017
15141
24719
9982
7131
24635
30691
22912
30235
27239
17371
5735
15416
981
3457
27622
18349
21477
837
8443
3212
25391
7410
22934
15637
197
31712
17917
19335
3255
7020
24943
15926
19421
26021
1031
2526
10448
72
19428
26167
1594
26095
8583
20681
1616
8069
23420
12802
27548
12797
17725
22662
30464
5187
3411
16070
26360
16755
24254
20180
31775
15178
10647
6262
9973
4314
24308
11641
17119
15745
9228
6215
623
29723
16540
8380
28902
10871
19593
21302
11511
30984
24774
32235
16590
8925
20344
6272
15185
22995
10072
18903
28326
4874
1625
40
30709
32661
32652
20307
29807
32118
6208
2420
1935
5321
8301
17848
5791
21823
27219
18800
23935
10190
9566
1892
16546
26791
24653
10602
89
23913
30355
22583
12628
23444
27901
13684
7781
13120
406
15381
30600
12815
29384
31462
29217
21088
16835
23910
16004
27333
29731
30425
30394
29112
6348
921
27267
10633
5145
5293
27799
18587
30519
6556
1329
29136
26315
15491
11726
4418
21723
17510
31282
28980
4587
29124
21165
6984
31078
2414
9116
23026
15680
409
9778
28204
5338
1329
9849
19819
21286
16752
27283
31698
10251
12720
8006
22182
4363
23933
28088
25347
15651
15599
7798
29901
26610
14134
28091
16872
28702
28535
29936
13740
11508
21463
19823
6291
18254
8917
20620
24629
6586
23260
6358
15223
23512
18456
10394
12031
7428
9354
22953
21995
21045
32343
31323
6850
31525
22630
15316
31914
8883
14633
21894
13532
16005
7099
503
20566
12785
30508
14533
4559
30750
20505
18919
12272
14694
2175
15925
17345
20479
25040
8491
31586
32731
25927
6122
25851
26060
9849
27007
26101
25068
5166
23656
12907
316
19310
3412
22747
10891
8415
9003
13858
4762
21582
1102
26023
15229
8843
28960
470
836
10618
10181
18640
1499
21095
29994
31072
22063
13978
22341
31794
21138
12843
5278
11583
6241
6424
27918
22924
23268
17045
18374
17684
8565
24227
660
19714
12517
18916
18018
31268
9243
21422
1280
6045
30718
10846
1059
8666
3734
25071
6573
8647
28013
18635
32046
18498
15164
32480
21163
24016
16579
759
21151
23182
28921
10817
13120
14955
15461
13875
14083
24981
13260
31892
1122
9521
15884
21973
10973
19535
25928
17824
31039
7453
32581
4531
2338
19034
13588
15087
9141
21774
11762
3244
25533
13945
24940
13904
14554
26185
21703
8992
12300
4368
18334
1110
9589
4852
5069
16755
17249
2729
17550
17110
29315
6300
10466
19086
8065
7793
25907
20333
31156
4784
18487
3677
3881
15547
26391
17911
27115
27908
17617
20562
4740
1404
2267
3865
7105
26191
2313
24033
7094
4814
10928
32441
13826
8876
24332
13570
6996
21358
16095
641
8750
19997
2395
15026
23785
30014
2626
24671
20730
20228
11084
370
13171
24515
13513
1288
20173
2216
391
8134
30180
16040
10742
25200
10307
11702
27274
5815
19362
7225
18785
24147
7853
8893
16166
18514
18695
3048
26421
20656
11407
28848
31487
32295
23522
25804
7344
4680
23073
18280
13584
32715
2036
3101
26791
6948
25038
4128
26661
14679
29555
20410
8193
12556
9400
4088
2911
29158
17290
20643
11831
9745
28466
6770
31412
4634
18647
32127
9690
9988
3397
21496
12140
31384
31725
7447
8461
6652
12076
1108
18597
27271
18896
26841
29190
3284
7640
31030
25552
30229
12411
14166
9105
13226
16236
30897
17713
3315
11101
14020
18830
30562
27586
17342
20579
4308
28631
14205
8558
5153
4324
10424
20690
31729
31167
1662
698
18386
10131
9695
4671
6024
26593
22505
8076
4260
30660
7126
18751
16985
10361
16771
5395
31626
11550
4132
19388
18215
30138
17719
19475
698
15230
32694
6515
17213
8779
27537
10595
31791
4980
16731
13429
7399
13764
28227
3694
6183
9923
30791
18854
2548
22837
29348
10674
28581
15588
5777
10561
9787
5023
21548
5956
8944
6019
28597
3922
6675
22137
32506
20810
2066
26368
23314
15418
20697
23085
23118
28799
26970
3823
26221
23854
16237
19096
17167
15539
21467
15001
6253
17592
15029
17293
5702
3401
30187
16762
17181
29493
24089
7507
19361
31159
3492
23489
26221
28501
518
2338
8177
23049
26470
9939
8880
28319
17004
32170
20397
5982
27731
31175
15135
19946
5440
29581
24940
19561
16594
2539
10325
23013
28922
29152
110
13809
29453
24382
15058
26512
791
27310
26388
29522
14707
6388
19833
15552
30360
26484
22884
5882
16694
501
2065
18591
19074
1446
12166
1773
3277
30046
12743
11306
14428
17192
28746
11586
25204
4863
5034
4785
10932
6870
31647
30883
19112
17372
27438
23130
17306
28925
17693
11473
7851
3756
27818
3231
29475
20448
7805
797
9990
15452
21978
9931
7656
29748
4635
6896
18945
19597
4190
12929
21380
10660
19835
14916
18989
14866
25657
11829
5401
30542
7105
24105
5339
3955
14930
17841
11212
7235
28727
6977
8354
19308
28406
23186
3909
23563
203
20036
23518
5487
13396
23752
23600
6943
28814
7293
11051
16926
1280
29465
23230
19309
2614
17483
30702
10194
9841
29599
5413
10456
2717
15777
20172
17175
15235
11333
32283
17845
31552
10886
3632
11053
26358
31566
10079
26447
7361
6038
9418
22153
32237
14286
2097
12900
24934
3199
24587
12113
19055
27183
21461
10150
30615
27781
19114
30692
24041
21677
24596
28731
25700
9982
6946
32592
29611
19418
7098
31293
11773
14294
12849
9689
25446
24347
5401
25915
5687
30733
10586
12665
9141
20778
4229
16053
25870
15924
29028
29275
23697
24722
11990
3748
17181
20212
217
14175
2522
24630
9193
13296
9256
7559
4745
4761
11733
8138
32031
4344
16787
23612
29700
28113
5033
9303
30684
2062
9448
23799
25635
28420
8673
12476
26633
18424
16981
16815
384
11490
15597
7720
11923
26736
9003
31983
18681
13134
14753
1185
16362
22181
8289
8789
9265
22498
24500
13184
14979
4536
11535
1814
2063
24168
31810
31218
3414
14144
12531
12920
9021
28001
1099
16249
11872
24518
29423
7766
7338
21122
18226
27753
24867
19273
5001
18336
25096
5938
12607
8811
3361
23995
5993
3801
1615
25870
7709
17662
9317
27523
479
26775
12344
14949
15196
20977
6650
22009
32603
24070
6339
28348
31472
2537
26737
30701
8178
23909
6578
1867
5552
26849
10335
25120
8672
23175
19468
23422
7640
28326
14045
26569
19457
16212
13979
2421
8584
14167
27654
31505
22614
11334
3181
14981
23875
25579
24957
22936
28294
2284
31575
14261
32368
21162
18661
2286
11867
25706
2669
20033
30173
10163
21094
8986
19009
9718
2187
1050
23095
9589
9007
29463
12746
3421
2768
7268
23187
21813
23534
24914
19500
892
31517
27638
16616
32654
12122
12333
17089
15048
13979
32222
1170
29932
2218
2175
23431
8135
15410
2011
27857
9745
16922
22034
25502
6548
27411
12001
17224
3217
27501
29731
10700
6751
20783
7064
5759
25429
8294
10726
2300
32746
2493
24285
3169
12059
28494
30463
699
17421
11192
9792
17598
5876
20338
12298
27066
32051
18527
16516
19402
3269
10146
27412
7247
11995
31155
29219
7324
17862
25778
15392
20211
27160
252
6599
13233
774
8189
16803
26309
15889
30021
9425
12646
10726
21981
264
25606
30850
475
21462
3201
11417
11316
4908
23707
13881
13522
20253
21673
17067
18662
8419
1678
17306
23936
2851
1257
29046
14429
12146
21133
19739
31487
32023
26162
25774
25603
15634
5738
24520
15024
8030
470
5847
6348
11636
18329
14785
1715
17936
9229
18890
7594
1591
17845
27319
9328
17273
28275
20275
23062
31604
13563
17523
25361
23705
31368
8470
3214
19507
26830
6991
23045
3492
3119
19013
4369
28402
24113
22202
14207
7811
21552
7915
14244
3621
18000
20920
7924
1874
17078
17669
10961
21681
8440
2912
6049
9439
27089
3300
26147
2672
26394
10077
2819
15665
28661
6573
15532
176
17740
15982
21341
21503
4730
23000
28543
20148
26183
32485
23094
20276
14362
20404
21558
24114
19818
7467
18136
27506
4982
10721
2924
18387
16694
5179
15569
140
21905
11221
18244
32694
17872
13859
10870
5643
28755
26200
8673
20973
10114
3206
10075
18346
26887
16391
1004
12030
5435
2333
25309
31193
15069
19925
6929
18531
19210
1585
8857
24125
18793
31621
24706
32010
19623
5922
20721
18479
25379
1074
12147
5590
12266
10467
7054
20793
21477
15048
27548
21021
30545
29308
8665
19868
1904
8840
14266
17448
31870
13702
13184
4301
15335
22407
15374
32182
27319
20147
7927
499
17490
18223
31964
3194
18789
5700
4085
107
23324
14525
16621
18072
5782
4240
32243
6212
1174
9665
2062
26411
29051
28292
10928
1731
370
25250
4495
31426
21738
24093
12464
3808
20808
5911
29380
7134
25052
10992
8632
7623
17684
1711
15752
32630
14832
11939
13652
16216
8630
10570
14005
20851
27111
4465
1873
25255
21105
5021
7341
24884
25638
23210
26179
28285
11117
12210
32213
7692
2872
20784
12800
9685
15414
17765
7956
25535
19529
11259
18979
23648
12858
21225
29272
5896
18860
4758
3210
31490
19278
13633
7441
4630
5461
28064
25561
21586
22570
8391
3765
24843
31583
1868
26101
18718
20200
27049
10042
20091
23688
31713
649
15589
28041
7271
28063
16371
6320
31291
16772
23131
27760
26198
22115
25199
2398
21576
4505
10216
16613
20000
6668
9955
3131
24460
9918
27689
28563
15425
7074
3763
7573
9629
26798
25198
28427
21387
24369
18491
733
25768
29031
16186
6719
6564
4170
6984
1321
24554
7084
1222
13063
28547
6275
9629
15283
55
8580
10110
29856
23030
17907
26479
26200
17527
19129
643
13864
6687
439
8168
22553
548
11098
7207
7459
5618
5743
31144
29086
30158
29241
14965
24569
4281
1729
1855
11182
9111
18286
18342
6261
13200
29653
4021
12729
1975
15058
1708
9800
26089
5080
11011
3150
5880
17029
6059
8580
30217
14458
11927
23461
3899
18793
19579
23842
4490
25967
27092
8726
6130
19877
19752
31100
3543
30450
12943
7840
12964
3875
3186
1747
179
22589
16787
14179
31597
19985
3149
14282
10418
18962
24350
29734
14715
6500
29282
9193
9661
14645
24417
2258
16273
11600
27788
6684
403
9455
28420
28661
7303
25041
25948
817
2115
5517
12192
5440
7113
10534
2198
21597
28851
8927
9283
4105
5588
7761
6065
4536
21788
2746
28144
28106
4284
9112
3675
24764
31627
22391
22556
3232
12456
4359
5875
10954
28257
5745
13619
1485
30804
29419
20237
20390
25812
7819
2832
10294
22927
22616
23537
26614
31597
26279
3976
742
5563
12709
20252
6086
15496
27696
29920
32649
28239
16107
23229
28935
30935
10641
1618
3314
9560
3721
22074
26123
28639
7355
5261
22933
19955
2979
4777
19466
18553
23971
12850
7694
27861
7326
32599
28065
22866
17602
16471
30616
26820
20901
7748
11598
16748
8596
19208
21143
19227
9000
18597
14325
20634
281
13761
25871
20554
16471
17249
18270
16392
1111
14325
14634
18515
28075
9109
29877
15025
18134
10634
18358
18254
29534
784
6920
13799
21795
8026
8868
9702
7150
1239
18893
6607
13133
22452
12170
20954
17055
10658
18265
14818
29547
30425
29218
28285
29174
29788
9066
7533
23572
4991
26313
17719
4670
24231
22942
6161
7909
4946
27905
1537
10246
7511
1017
12868
7935
22382
16879
22509
8865
13554
7523
25038
18310
14566
2782
14747
15012
24119
21544
4685
29219
21824
28602
12741
24684
14995
27766
32178
23939
10999
17814
20404
14998
22701
13027
21698
13270
1528
18727
31689
13445
2268
32484
14229
8528
15397
26950
6133
7392
427
17751
32282
31404
14805
8562
28737
21521
21596
15098
20626
29604
24145
25675
31559
2759
12642
1777
4112
25978
10329
5657
27318
4212
31973
1348
3839
9587
12957
5955
3027
12752
13122
6495
6556
27478
68
24280
30707
10068
7560
4241
20088
18417
6505
9481
5377
5056
22013
5261
18168
11156
30617
7596
26110
4758
7319
11756
4052
31892
16982
17083
11132
22172
31619
22184
29083
15818
23447
11987
21538
22622
15265
7330
2349
17681
15430
1974
15660
5290
10502
21534
12352
460
8385
30922
17128
23314
10105
23106
13788
21342
1369
15768
8505
11373
5878
26522
26335
28591
29398
15437
9239
10582
2095
29335
26234
22957
6896
12348
10254
4268
16645
8716
22193
26569
17623
25690
27323
19984
4371
20399
20703
23158
2477
32192
11090
6251
30244
6814
11823
686
24839
22061
6939
8293
4280
2519
8229
30829
32112
26241
7663
20207
26755
16062
6419
24884
30950
16707
23232
5050
238
14236
1188
18055
20826
7453
7183
17341
15764
8730
20565
31855
13620
28507
116
1971
5830
15818
17398
6136
8141
5743
31513
23194
7688
20126
10798
30132
17907
5231
9279
6198
21137
8047
18676
20535
21097
22933
22967
7052
17870
5240
10775
26265
29284
7870
12138
28007
4064
19928
13239
13047
12815
20461
12243
726
5146
23059
4297
12530
10504
1733
27775
2988
5508
30866
27031
13358
30433
5394
24212
20735
7003
27678
27710
20180
4000
8000
5959
9130
9615
23913
9518
18449
22591
18146
16484
23243
12611
19845
10158
8853
4908
25901
27850
25157
3408
6251
1621
13077
7370
21883
14572
22847
32450
1910
7058
18122
30703
20424
15185
16547
13657
29669
8740
23023
10852
21304
17685
14752
4106
31068
7587
24134
26984
8335
29286
21544
12668
14436
4854
4500
5677
17592
2824
28019
25739
10470
4314
25632
2649
13119
13010
7803
20681
31924
2146
28473
13446
28886
27182
14974
32503
4609
30065
31661
1219
19923
24220
23935
11664
30179
22337
6226
10513
12464
2864
2756
30015
30424
30944
16513
6630
28811
10512
23385
15716
18238
2477
4758
30381
16292
28663
15500
147
12250
1504
5745
12869
9698
9908
15983
24853
21074
28415
5112
3966
2893
940
29274
3429
31667
21610
31123
28063
21141
23892
22886
29876
1772
11216
21166
25826
906
10935
25331
19301
20304
31159
20027
13046
1442
21494
31522
24466
13080
18936
21805
30588
27254
21187
10588
15749
9695
30785
12542
16523
18501
8933
16073
9280
21284
18577
16938
26412
9328
696
5338
18934
20684
20416
18098
15327
28156
938
23488
28815
24989
11252
12442
788
2067
27326
30962
18984
18372
3373
3179
16818
25732
24845
30123
11664
10063
3514
30642
22932
11838
29760
32106
6860
30900
23233
10111
30215
984
26391
27760
3988
2889
11451
32487
18509
16909
20965
28230
11221
6090
4085
13698
5149
24120
4882
11316
9773
25302
32017
3565
3105
20700
3992
3018
4209
28529
16771
7241
32374
4127
17286
32091
27690
16772
14356
7355
20784
6730
8832
23165
3860
12377
20835
23018
20179
4170
18493
21643
22430
18719
27743
9092
17115
24626
30984
29476
12653
16748
32462
21689
26165
32695
29247
8873
27096
31158
3529
27326
7107
14003
2775
21186
21613
4057
30269
11084
31964
31139
9174
9433
16235
404
1387
23326
13770
21545
26839
10909
14406
24332
24937
1143
12875
25482
24714
13441
8231
3399
16800
19865
6672
24880
19762
12347
4201
6322
30540
24399
7489
15657
23845
5957
3869
6044
17919
23396
4343
18599
11087
27999
4998
7352
3102
25386
23488
28799
4015
20235
23198
14751
15202
11764
12831
1962
16344
4112
2959
4428
8536
12188
8969
8646
16241
27128
11323
31390
32737
20222
29801
32149
8374
14994
26036
13018
30131
11386
20381
32637
5365
21105
6341
8230
14039
30838
15862
15367
19730
21354
16999
9231
5417
23002
30012
4705
10756
7962
12365
32260
22746
25747
29736
22236
15701
21853
1369
15833
26865
8209
28393
3438
6566
25304
3620
17989
17350
7624
2975
13361
29480
8049
25978
24420
18310
8114
28387
7650
4132
31954
26843
22837
19122
20171
6205
23650
2420
17641
31996
15901
1184
404
3756
15161
23304
26730
8772
5474
17912
4754
23842
18958
17506
23884
22863
13745
312
18124
24325
30512
31002
3400
22382
10137
9009
17488
23727
14865
8539
21598
2853
6158
15240
6318
30702
19910
10852
3919
28844
23271
30006
20347
26757
31624
26375
14884
13935
32095
24328
6351
2218
30005
46
7845
12685
26776
1055
32711
12678
16336
13649
4835
8797
5140
21616
12549
26552
11773
27905
18351
18660
18490
23878
20779
22482
27270
5473
10016
18784
28887
20923
25444
8922
4824
21671
17169
24769
32666
25411
16347
31435
24966
2463
21408
26922
24215
27170
6721
3857
26822
7209
17841
11893
29381
24048
6219
18705
23791
7606
22889
4780
11904
7708
30770
22686
28417
14799
20659
657
13319
2662
18226
4229
14109
30350
11710
14871
2047
27492
10251
4866
12041
17698
381
22758
21486
11006
10627
20040
15533
25167
18982
18138
14529
23794
11490
18685
19608
1772
25012
26757
12615
5968
23668
16060
31868
26724
31845
9129
1204
6911
12811
3218
21934
2357
14140
13247
18719
19510
3450
28033
6055
22900
13952
20083
30212
31492
23323
1792
4742
10055
21563
6181
1730
31689
19018
17784
4491
24425
24252
26730
11550
4027
5096
2249
21917
7594
26390
24201
5055
7522
20697
8387
8133
3437
8095
17918
12464
14619
24710
6574
19377
6696
19057
19194
10209
32153
24412
22722
31282
28647
14316
32481
15781
13407
11594
2223
19390
19401
21810
11466
22838
20040
1095
22039
10991
7297
19114
32259
5933
11263
7882
31759
9986
29398
10878
28299
27658
13959
28241
8353
24153
16932
12060
4502
22194
18357
25051
333
30969
28889
2489
9741
8939
25265
15469
28547
13069
14585
16585
31499
15330
15480
31632
7467
30561
22683
7817
9312
3750
5213
19921
14622
2536
4713
12149
32530
31915
23683
6464
23466
16951
32292
20690
1495
24136
12900
4594
17170
22023
10525
20262
30109
5433
10062
24704
24587
13239
1725
5306
16898
12062
22753
22662
12864
27847
12542
26655
23004
6138
22930
16164
29902
12382
30960
15014
15282
23732
26923
8576
6857
21957
18229
1766
23105
32153
32072
15169
7094
30442
19589
16186
20728
20696
6620
27925
4111
6879
555
19521
26748
29957
31146
17197
7618
28760
31366
7005
27429
21399
1740
3004
13490
6192
393
15668
18815
13162
9008
32124
6964
32740
3387
5169
3786
23358
16661
28201
19091
19478
32312
4868
9595
17462
19346
6403
7053
21259
12334
2846
27577
23642
24336
30032
17108
10030
23137
2870
6112
22805
20940
7384
7566
12683
16423
19911
27905
6583
3158
17000
19925
23637
12652
14223
16224
6644
12820
14415
10039
19809
23344
26129
18676
29795
6591
1764
27447
12456
26628
19988
19947
29952
5605
4862
21963
4809
28817
27170
4388
15274
3429
21626
31196
19333
15377
30987
6323
28326
25590
7353
28105
30785
20691
19551
16993
32027
12961
27935
18404
1671
21691
9975
10281
29076
20546
23957
27379
20101
15808
11117
21691
21633
10763
4872
8880
15756
21101
23199
18429
7862
27649
17896
4170
4242
31328
8752
19333
15338
31101
22698
26338
7857
24270
31495
5920
7481
13741
32326
30735
13223
23293
6094
17743
23459
7184
28858
4186
31316
15560
9076
6084
27275
10493
14213
9154
30526
21791
4011
3050
23097
4637
32300
19001
4880
22661
29547
16218
10840
20204
31417
3109
13590
3984
31085
9319
11384
28988
25655
32481
28099
22380
24241
1683
30349
19890
31031
12602
12588
29272
249
24343
25966
29767
5710
26610
8587
10279
32076
31071
12119
30920
23701
10816
27068
14017
24179
26507
1640
2903
26664
7757
10179
4768
23423
18159
19236
24808
5799
13752
26436
30547
9793
21652
20211
27588
23992
10772
11273
18430
18897
20917
9888
25609
12675
18789
3200
16344
6408
14403
3291
8232
31540
4775
23611
29355
11526
16226
21688
15718
8061
8775
26222
7511
29612
12266
27694
6236
5393
28327
14452
18000
20003
2278
28313
5495
2858
21662
31818
11804
16211
29720
18233
14712
8196
29686
25362
4054
10861
2675
25521
4597
10080
23532
8082
12718
8546
26784
30345
28118
258
1972
28851
17766
17257
4986
18860
26073
32563
10994
15362
6358
11133
11409
8426
13583
23871
20034
14386
5737
28381
30379
11383
24925
17912
15281
10136
5534
11146
10814
2922
13308
27186
15169
8878
31624
9932
6647
24128
505
10053
8042
29329
11086
31661
10039
26966
17589
15758
8595
31618
18092
22909
1680
18290
614
5870
3741
14184
15984
21069
21580
11323
1684
7498
17241
16461
13054
14708
30951
14012
27293
8457
30988
27357
9420
4620
23952
21478
28210
20377
25074
28906
29926
3446
28844
12555
8151
14826
5560
11243
13676
6610
31315
15971
21863
27377
19969
24440
18959
136
16593
16778
29838
3622
29410
5071
22680
5314
32038
30720
2893
9735
30566
82
2401
29167
8071
18856
14458
21139
1547
1543
6105
19010
25563
2890
25661
10192
32067
14871
13060
17712
13886
20753
18580
5189
15348
79
11769
28150
26497
20750
18895
22401
15864
13730
99
12817
12711
21939
7957
2194
2205
27301
5889
28612
3178
16472
19166
11406
26406
11794
29733
5270
20917
7097
25462
23822
30536
26438
8249
19409
12839
15990
11137
32430
1455
16578
27189
15619
31126
32146
31345
1934
14967
8878
30762
23169
9098
28405
29969
21972
5554
15697
10170
16351
16318
15338
5630
5672
15336
9114
16030
8314
9890
930
1576
14903
4755
30107
27423
17902
32220
19887
17750
32560
11423
6920
5277
7840
3266
3209
8863
1098
1776
3516
31755
23606
24801
12300
1266
28988
5340
13365
11377
8729
17018
18424
911
11459
7340
19475
15208
17402
30975
13936
20108
8992
25631
25757
22946
5194
24474
29308
26449
7319
11495
26940
13152
17089
18855
23175
10523
9201
298
15357
8441
19160
14133
5858
8573
31995
20483
24595
10074
29262
22921
3135
14554
11013
23039
13395
18560
22439
26523
24118
10989
1892
28064
15799
9216
4264
17047
452
20289
26608
29660
476
26496
22749
27229
24518
12729
21894
19615
29060
3899
20499
16898
1923
31497
21128
31557
25364
30337
18654
9292
28960
10555
12632
8993
7446
14388
10004
18490
20521
6188
31457
21498
28857
24396
20048
30073
30222
23052
25870
9864
25676
26452
8304
2288
17571
24545
22864
10491
28103
3307
3096
18742
12448
29189
2844
7028
15682
28228
11053
2838
21535
30883
7786
31882
6011
31654
29018
9746
4385
5182
24120
26055
16469
14317
27278
14557
17417
1578
774
14376
30036
18695
2428
15839
1567
26897
2391
6305
30754
22648
1562
28597
15
14704
6198
15510
10508
17366
19491
32175
19559
11799
30638
1635
12677
7502
31125
4176
27164
24748
5969
29141
16034
31773
27955
7633
16134
17960
9394
20654
19357
7447
25860
3743
10847
30553
12779
22309
31827
21284
11474
12760
10056
18783
27672
30820
1990
18366
23724
466
32580
13871
25050
4873
12955
2933
10084
14484
3259
5394
22997
28069
22941
30315
14610
13402
3449
8999
14642
832
3128
22744
9615
11286
1324
23517
31261
8147
14079
31623
26363
13290
12265
8570
12872
19660
24102
28758
27704
4526
1192
13719
10599
3469
26633
12986
14189
24944
18371
418
32690
27630
30627
6201
3204
2543
11643
12122
25702
21687
22296
4335
12203
288
3187
4438
23620
17446
29227
14346
13271
24745
8243
23423
6161
17007
24776
13389
22844
19049
23463
11153
23316
12343
380
26768
31702
7405
19357
24990
29083
25368
9208
29759
4580
30716
2379
18571
14198
4640
17299
983
14952
4365
15558
3729
11898
4690
20932
29036
23464
22475
12171
3517
9471
25379
4267
13605
20912
27288
28411
25713
27747
2814
32137
9662
11469
23303
32471
24033
8069
17345
19268
2310
19
16992
7112
10902
31050
30526
27876
29791
16345
9760
3545
26863
15132
3003
12313
32064
12344
11383
2811
32155
9062
114
26546
14774
25487
8392
10624
15392
29722
23058
9767
4318
18690
18476
25249
24407
2347
24380
2064
23405
19190
1519
9464
20973
32531
9478
3756
21545
32150
20498
30470
18147
26957
27515
2651
22637
23889
29639
10670
8719
6364
18969
5412
30889
7514
10744
6840
12441
29379
11346
7472
22751
1575
31681
1872
12671
22155
7692
32589
24871
25587
30449
28293
11794
5312
26658
12652
15916
1340
12941
970
8823
30068
31968
32036
12717
18758
9037
12663
30247
20154
13451
18989
13053
16022
16413
11081
17519
11052
22998
30949
24452
20855
30365
4318
29936
102
1646
19662
15163
2680
28577
8250
9248
30089
20335
26381
16692
23788
9138
30789
23496
14777
16876
20717
17423
1384
16267
27467
7044
27295
12139
5722
7814
30793
22685
24955
12613
2792
19047
28775
13282
24620
29067
19304
25042
2244
4812
32713
16516
11380
20143
9354
24899
21608
4735
5977
31325
12232
6803
1470
7045
1676
27092
5782
374
20114
23161
18370
19673
5869
11285
21536
8297
15745
13012
13754
27221
8909
3073
6206
23781
20487
31692
20399
23137
17262
22603
10073
22575
22236
9662
7434
32059
29850
18455
23679
32668
3705
28090
3869
1396
2846
6017
21474
3351
7582
25091
29594
8304
15179
29718
9558
22433
9165
13970
30490
28394
12148
14680
11990
29644
22476
27027
14231
19822
11890
32062
28415
9279
13863
14311
26355
27869
21027
27826
28563
6710
16299
24992
32111
15085
19942
30737
16375
1535
18413
16008
31796
6822
17697
20399
32694
30589
21441
8859
16334
27877
12732
12368
30973
3752
1987
4744
25259
26845
23203
32688
19228
31756
9938
18484
12193
17554
23111
14588
9483
20806
8335
1847
9317
11612
13598
10583
4067
8586
12259
16732
1045
4202
31
31830
18784
29216
2422
2853
31151
13116
5959
6276
11878
31458
6713
24646
19096
7208
25622
19422
13689
14015
21981
14373
6422
19158
13330
18520
31043
17467
5465
27232
14037
16579
8003
28759
21266
5613
1384
25415
1894
22978
32438
29493
1368
29439
9480
10334
29371
29814
29434
14784
30249
18354
21500
11484
26541
27354
31398
8891
31168
17879
29004
30255
28279
23225
6353
3931
11514
21847
2496
4213
19256
15926
2968
16331
24537
21677
5736
21252
12404
21574
4764
32681
4099
10598
19223
29924
404
22833
17794
8839
29505
8360
29923
29007
9569
3860
31345
20587
4608
8104
26791
15416
26765
5730
15511
8783
29139
9266
385
18113
28715
5726
21156
3745
20463
5413
12116
21443
15409
13731
21837
9668
27565
25332
5447
7242
14845
25244
21962
7821
24844
30758
14404
17431
26317
27660
5209
13000
4909
31191
15738
7708
582
27015
18105
19377
9941
22581
14555
16643
20718
29687
28335
32378
3310
12036
2975
27560
28338
11801
16517
22731
7430
30235
21184
14746
12640
7421
6534
32062
16335
484
25979
10142
6958
20617
1667
4063
10653
21471
25557
26667
23858
23543
23122
29362
9451
15136
21780
2031
27111
7762
21577
21037
27862
17613
22082
25161
6063
23293
22215
441
6049
31905
22702
26061
21323
8748
11692
10293
4399
32107
28778
10436
25188
2409
25819
15476
9612
20880
13006
19881
13830
13328
11967
20922
7013
9093
9459
14253
19744
11220
23236
13378
24202
15957
14905
3892
9989
2360
23513
21947
14963
24097
25281
5717
17902
27670
24309
2502
9401
20635
10740
19805
16758
17435
29071
4730
6041
25994
25850
26445
26908
26953
14372
31968
31861
12106
28996
3672
30405
1140
13492
19832
9810
4937
771
30822
20791
18374
7494
31922
23642
10890
942
19348
24223
30523
16992
17269
29787
29222
128
21169
26380
16677
1423
14236
32071
19398
10488
451
1777
26281
24549
14452
31154
20010
23895
19072
12711
13376
30838
11071
10839
26021
19750
16597
17385
19000
19162
1972
26772
17567
9645
3938
9814
13616
23983
13437
4329
9234
20604
15356
32755
22175
2324
13239
32125
21517
16870
15402
30886
7502
19758
8053
4248
7220
22401
22952
3004
3545
14502
30270
20266
27710
18088
26343
27236
6962
24361
14219
2883
23670
6905
17291
28209
20254
24552
20554
7833
32314
17624
12524
7068
17078
31766
22365
13574
31871
14314
30357
13440
26343
15724
6683
9991
3147
6554
22216
23196
7411
11432
30926
25661
11577
32663
21241
16917
7918
6153
4916
28144
14841
15956
16462
29681
14401
27093
17662
24967
18638
18311
11301
8349
20011
3795
29268
4881
23566
6314
4238
616
14394
27858
9295
14272
25253
14717
22732
20485
26838
26912
30077
8296
2194
19074
13785
16141
26039
32532
20065
1028
22376
9088
17119
5755
4202
26244
29168
23090
9934
513
31168
20783
16081
19023
23061
17842
23808
18388
30607
20587
9120
3797
25646
3819
32588
18827
4372
7769
1760
10362
19852
11878
4758
11518
14156
16514
20079
551
32759
26449
19413
22470
11238
6744
22142
29640
11816
29181
4243
28099
1479
24494
6674
18639
16461
13920
18289
24471
1415
5947
11140
22192
4233
5779
30880
2345
14834
11547
32001
9059
30578
18773
15977
24610
29833
5453
30986
7141
10385
17543
1446
12915
3582
32310
27381
23223
24293
14254
7751
29901
31419
4892
14186
32349
22880
5749
7118
8488
12123
20140
25831
4064
10088
13096
1491
9533
21808
23925
29757
31053
17751
26938
22657
24844
20155
4203
2320
3124
2299
22463
21783
13654
3127
24421
25179
6186
24087
11251
8807
8740
12303
31647
8938
4423
21217
31665
15707
30014
867
29240
27102
18089
29826
12284
14699
2229
14983
24245
15149
10479
31641
32634
20776
4442
2435
11644
14367
8382
18616
30964
18101
32068
2196
28250
10194
30016
12517
7640
5192
25166
26794
14078
20407
17056
6683
3255
27822
31894
30697
5500
7186
143
26566
15303
3012
15616
30248
4811
6270
6339
14154
17250
22270
26545
14708
17735
14439
3442
27773
14469
19940
17044
8846
29487
28558
12251
3624
5970
19088
21464
24937
17704
6792
26301
29323
15758
4657
12400
2477
2232
14144
1246
15318
29988
13707
23186
30519
716
28016
12166
9392
3744
16757
12345
662
21043
26412
21761
7348
2997
16218
27043
1423
25121
31063
13089
13551
22967
1464
10195
12186
27821
7212
28089
23651
7202
22692
4880
10851
3411
13239
13603
27783
1809
23108
2404
3659
25459
10329
31931
1476
18888
19283
23838
9956
17615
20295
16738
15354
2347
7073
9041
1912
17
8971
24572
4857
27204
19089
4691
28546
12099
19458
31730
19208
11456
6041
28734
32563
6741
30940
30129
32098
21875
709
4466
15343
10651
1824
28969
2228
26832
7476
26385
25806
26700
31653
27727
19872
13682
10649
7554
5915
5892
19226
26011
15165
11926
3260
19183
17112
20034
29311
4746
11157
22174
3574
11718
28472
12523
24489
9757
4134
14735
26553
31548
20260
11974
10690
10072
28257
30612
10245
15813
9655
22270
6599
22469
11310
24441
24820
17310
31426
15011
776
10735
11366
6449
10543
7491
8008
24360
27563
18407
15191
24657
27767
11257
515
16614
1322
10690
19267
20114
3101
16454
21469
26009
29904
15384
226
13906
20362
18547
31863
32478
27712
5767
4059
3348
9400
3857
24230
7355
4591
16942
26447
26108
12471
2417
27889
28694
14756
4147
11855
31828
12329
13866
3605
7485
27903
62
4193
19978
10182
2967
20865
7773
17391
14075
23039
17967
25817
30295
29658
13834
3386
1179
25879
30585
19905
26571
13176
29118
18170
31571
21900
26306
625
29852
29928
15442
26394
5596
9651
25991
19696
818
14184
134
29661
28146
727
31850
25050
2622
22893
23423
27735
726
31158
26033
28893
24368
11552
24388
242
4044
29442
6085
1341
5314
23772
25920
7146
29341
32737
24499
13904
26987
8114
28867
14801
8725
30317
2990
10242
17901
15846
8577
4620
13446
24116
9611
23379
19400
25968
13841
3925
30275
11449
15683
20180
29636
20091
7791
6199
4134
20977
17269
28462
15467
12265
7803
10133
15884
5320
29665
22427
26764
973
119
13603
5459
16282
20462
25194
19898
7152
22413
28138
23395
7354
10533
2431
13003
1613
21063
15561
27682
17134
15284
5841
15962
16788
7445
8943
12414
12784
22765
9451
30021
16811
21707
24674
9447
16111
8644
28523
18735
17448
2336
27771
28625
20748
20820
29574
14079
29913
20273
15975
2103
28125
5978
24706
30047
25148
25595
26024
27667
5614
696
22587
13118
16903
24292
29330
26343
28987
31732
32670
26190
1441
29747
11982
26680
19383
20407
24369
10631
16039
18323
9691
27149
25032
18766
5001
11170
21352
20116
32136
26484
31945
23852
19922
11679
873
17194
7803
25342
24454
25446
9291
4416
15330
9772
11437
32062
708
25141
12999
30603
15423
20950
20459
6989
8630
26744
2862
28492
2720
7240
19542
7497
5769
30768
30202
13201
14425
2565
27364
9426
1753
258
698
31276
30323
4213
12766
27531
24634
27320
26770
21045
31274
26723
28000
10655
9392
12224
14009
4741
12653
28799
2012
3129
1847
1963
21753
22588
18272
8157
12950
15371
22587
8624
21555
5435
30941
2164
24105
29640
16929
28455
3800
11947
14575
27041
769
9898
21949
32270
6513
11124
9557
21153
14816
14061
26329
25479
792
29383
19205
21786
9306
15442
14517
13912
26109
6805
15015
18323
9560
23197
31361
6505
18402
17941
27926
6135
27032
10263
5093
22090
19103
5186
30690
11798
16427
9229
16762
1963
11423
7770
4561
24100
17142
15695
334
21474
6497
1633
26457
27449
20273
26801
20323
14184
18936
5532
16167
6607
19947
18317
12848
24412
30091
27414
28316
21063
19589
24128
5919
5119
4566
14879
7755
21348
25906
23209
32526
13110
25511
6344
24188
29901
30590
27309
31438
15115
24418
24168
2987
31120
12484
8885
30631
25644
22909
4633
778
29338
25781
29742
23506
19563
1796
26939
9979
12608
13784
13320
29437
12604
19991
22001
13207
18873
3589
12600
10955
14906
26215
9632
25386
9633
26345
23351
8017
21411
18877
12147
25268
9848
25221
30848
30618
6359
29811
4825
5737
22561
13230
27926
4644
20189
30200
1540
11826
13156
22159
4347
353
28381
20816
13420
2602
28780
6434
5818
22583
16551
11666
11595
28450
26954
29627
478
18048
1323
22121
25119
2846
3184
12670
11640
1418
12543
3220
13611
18901
24374
26851
25246
5272
14045
9829
6133
31029
4184
17465
32486
17759
25121
70
14793
15837
6774
6688
10991
6282
16719
15663
17973
22433
30355
22030
8409
27191
8331
22321
13196
13833
24215
12491
712
28280
5152
32750
8547
23762
8141
14580
16741
32211
4858
20767
18199
6252
32102
11132
4700
12738
8491
19725
29252
634
8948
7206
30431
20788
2666
12056
5455
22101
9967
28173
21025
3338
11407
3123
26078
5514
7475
7197
4060
3227
21016
17254
2906
31831
14720
20887
23244
18992
7336
15946
23924
17970
505
21136
25394
16264
32642
401
12957
16962
4518
13426
13650
25173
18962
3452
16013
14307
27379
26234
8182
28861
16997
3682
189
6951
23086
2616
10984
3547
20396
23856
17132
4432
26636
7187
7547
11835
13501
20451
10142
17751
23588
27586
5379
21601
23186
23056
18584
3175
20339
25812
11097
7491
10952
32093
25957
23139
20183
10025
11608
7371
31264
2565
8661
1628
3476
28534
24930
2646
770
12120
21625
24348
10194
20421
24027
15671
28661
23608
25896
3998
29980
14322
28589
31028
30248
28573
15229
21395
27362
20016
4291
2824
32749
14610
15702
31710
3833
6018
28302
13536
26424
18742
23895
17177
31254
28738
131
27358
16421
4668
14693
29199
27222
21662
11931
24473
13167
22635
18731
21567
26041
30998
2002
24731
26873
29343
7320
31839
27810
13055
2216
737
585
23238
10847
22743
15449
12547
29091
8030
9480
3684
11894
6210
8586
926
11722
8057
5508
16143
6295
24048
23235
30114
18732
6539
24878
21236
2755
18023
2809
13493
30551
15714
6428
13648
26554
15325
15364
18894
10722
4288
7304
30455
29059
6847
28958
25019
14052
31708
29519
16081
30699
9773
18792
26014
3961
9696
14451
2648
5886
19580
12901
25451
1604
8553
5273
15900
1423
15283
10877
18028
9704
26891
18572
1599
29622
17935
4988
24509
6030
11211
18360
1785
31052
5759
5392
16080
6499
27042
25263
23829
5233
13608
3918
23019
1303
24577
424
28273
14343
23522
7470
1701
26206
17991
28411
2690
27189
6841
9994
17004
8562
23116
12711
23246
29412
19565
1315
19202
10640
15578
30668
9073
6725
23282
12828
1787
18295
7727
4401
21401
30538
21489
3453
15936
28652
14973
31167
26121
20008
19781
11826
8848
10808
9834
29700
4505
32475
6527
17673
10234
1704
27536
13233
18869
930
19554
3896
11620
9484
29949
6172
3802
32639
3944
22740
29959
19257
19380
30399
3868
23736
17979
3931
27888
2952
9002
30135
5794
31577
829
25643
18305
31572
13770
30278
20520
28591
19457
32520
25581
31103
29042
3921
21885
20686
11728
16538
1728
1262
29684
6115
4099
5900
8740
5356
25173
8968
22422
16808
26929
2693
17200
21999
28510
22076
20370
17267
19220
16789
20566
15861
5472
9336
5270
5049
28873
12128
687
27191
9012
11698
8517
13075
1797
16974
12680
27983
6023
21091
16053
1728
7310
4743
18143
29118
14683
27143
24815
17184
25279
8315
1002
27752
132
2462
21362
26170
15880
9053
5520
24339
20011
23086
13744
16951
9835
26531
30957
10987
30030
32575
18319
6117
22529
15752
12242
29441
4926
3421
1514
16693
21362
30602
17731
3783
14368
4250
5901
27581
11904
30957
8696
3222
24429
8970
1852
25399
13438
21557
12509
17448
14450
4933
21805
27648
22225
31152
21394
31006
16080
6888
20105
11674
28021
30186
9963
3451
8957
9491
15472
11563
18299
16438
6001
17448
705
9453
24562
22523
2947
6444
17887
4974
29114
31772
16022
7674
26695
31014
15270
1919
20953
29005
16086
7224
5392
3778
28522
13549
31715
14002
5281
22378
8767
19811
6530
15153
14320
127
32216
1644
6597
2992
22652
22309
1519
11116
20178
27833
28587
12819
9622
1418
13857
29495
20185
17653
17035
31034
6470
13700
20889
14623
25770
15204
27668
14490
32692
2841
21187
23145
4857
30832
24971
17639
15674
12725
11737
5855
17642
15143
25669
24222
747
16041
10607
1868
27289
954
557
12412
21257
9127
1769
9217
26002
19967
26180
24067
21901
12616
31487
23379
17754
23536
31004
8700
31908
10631
30272
14363
21477
4139
20828
31984
31020
25155
15756
6196
29214
22640
29760
29613
32570
30656
21145
29441
17506
10277
26134
24008
23191
3878
11375
12260
12037
725
2753
17429
21311
10497
16364
3272
8907
5804
22073
20272
25057
959
22593
5272
14704
26365
19722
17912
13410
3638
16242
9670
8737
1725
21713
7182
602
27164
14042
2245
24065
25349
21698
4187
12693
32396
16293
5775
19621
7572
9765
23431
19091
6791
13140
28448
2200
30539
21716
28291
15624
10097
11324
16377
5079
19119
12222
16640
29789
27536
15879
6814
21590
5738
10599
12277
15405
23697
32306
23320
24698
6090
2150
27677
29897
514
23693
7795
7069
30016
26597
30838
6068
26585
19391
18753
8845
30947
2085
14531
3112
8427
14783
7702
2061
23275
28408
4107
19343
22902
22620
25610
24914
7222
22596
3865
22027
31128
13750
7482
8839
28870
30343
13050
30447
22486
9410
19783
19274
14912
846
13186
22851
31638
30154
20437
25388
4719
8124
25031
27716
28581
32491
16141
17973
26048
1289
5795
6113
9393
29845
27164
16734
7620
1280
12599
16703
25552
4623
23474
32534
23472
23168
9571
7991
20727
4592
28804
17342
17120
18940
6735
24275
32132
30375
32203
31276
21328
4603
6373
6100
2741
8948
1986
4139
21537
11161
19028
4399
23599
17004
2091
8953
19995
23300
18062
21898
23160
505
17611
31688
5669
4096
29387
6084
17789
6231
13801
23614
26574
5732
28676
26475
5900
7833
31955
6902
4039
5786
6521
13636
30043
14498
27226
4092
9831
26147
4908
10183
13696
3500
5457
20820
23078
10256
26724
16288
28150
4293
274
16244
18978
15754
14891
19503
6431
6476
21496
25029
28829
1611
32208
12296
18364
19321
7654
4902
7549
28962
19301
30067
25462
20690
11967
32361
203
23668
15425
13037
345
24759
31980
27348
17716
18102
22912
16294
17492
6359
7129
22690
14987
20211
6782
14338
20410
9656
17016
28032
4165
1356
29536
21016
18884
15155
25020
12560
8188
2931
29580
566
28173
23798
19231
6505
18412
1327
29739
28506
12308
30465
26397
26516
21881
22748
22190
14266
28094
17961
31671
21520
32679
16360
21318
1341
12753
4247
753
2896
29089
10070
22378
29184
1658
11850
4436
31288
25907
24639
29781
15571
22472
24977
19565
27300
19791
8268
23942
19897
26158
32658
29004
28640
4236
21053
30526
2667
18693
26822
27397
9009
21410
13926
29957
31445
264
20858
31027
12363
21487
21292
2086
15767
6870
23120
26224
12760
20981
13708
7726
19590
24948
30908
20190
24056
3034
404
12145
4393
8392
12167
30369
699
18407
21224
7557
18748
30751
5968
12387
21161
28426
27967
8645
15152
15528
14086
21455
314
14164
15588
19407
15017
27638
11375
17430
12126
24187
10037
4103
31999
11906
9380
1645
10231
29784
11047
26130
15806
27175
9362
26765
27738
13674
20928
30555
13094
25764
8570
14129
4306
30034
28315
23953
21163
30238
26994
1180
26908
6485
12392
28967
25973
19355
23523
32528
1260
8926
362
10194
27874
14728
29193
22360
31847
18937
14327
783
22271
7732
6006
14143
3238
10200
5883
3739
787
21587
21135
18455
1082
29010
7797
28409
5652
13691
15629
18739
32674
16735
11256
32752
7984
11434
19581
13933
30167
29597
27435
778
3141
22719
27328
32417
5313
3791
5706
24086
28265
16124
24204
18991
28094
16217
1699
27046
3683
3467
1002
20861
29218
25028
5402
20370
20784
28150
21686
17267
16306
7488
19110
31091
27775
26541
16673
15358
15656
3613
24785
3881
27446
21123
22578
19085
1714
81
4668
1366
491
22833
16449
2199
10867
14838
15128
15329
13163
3026
32635
16403
13568
21961
18862
11379
17718
613
5217
8702
3557
11692
32472
10493
1024
3919
24137
3289
9245
21796
32390
10800
22578
470
21979
25384
27293
9180
12346
11780
10856
30887
5525
29173
9418
20512
28556
9778
6129
17489
12872
26442
766
6498
3239
30393
30546
22984
25497
22714
3848
697
7370
1117
11458
21731
31873
23001
26793
7517
6856
21283
20143
2782
13261
8896
21016
25389
22408
13527
6712
11480
15518
18058
3198
8489
14981
1926
14257
31318
12009
31193
1146
29176
21071
1029
20259
958
16377
26962
20126
18531
13577
7272
27849
31965
19177
8220
29680
2520
12521
27275
13715
8034
10538
32357
3690
14568
19644
11916
27559
7521
23299
16350
13691
12233
6239
23886
17115
9169
11
4666
14980
27349
19782
16121
1341
27918
8113
15283
13660
25353
16121
7541
1931
25431
16821
20868
24780
30855
7058
754
28091
21329
22189
32368
18195
27924
31808
2147
16244
11907
28801
22842
15972
28314
17863
13310
19603
24024
19183
19242
13667
12712
22782
26558
24999
9248
9223
1679
20395
7149
4944
24545
19574
4238
25776
3383
21067
32449
7995
16746
12406
315
6434
18169
24645
24988
5332
14496
11092
13730
14697
10284
1805
23709
27201
10125
18800
28963
16872
26669
6928
772
13373
25728
19038
11648
7124
18397
25642
23992
13976
2188
13671
23907
21941
26656
6703
30146
17589
19974
15879
16086
11240
12383
12643
28368
29194
32523
30829
15817
24864
17670
30466
12723
4771
29688
24061
26256
26336
3591
32185
9954
2975
8688
8657
26722
22019
19798
23082
244
29617
14682
21812
10203
14132
17771
12140
5929
929
21599
23590
24954
7030
28611
2953
20450
22216
13680
12763
23588
1182
17247
5119
6949
31640
5567
32059
11168
7636
2884
575
32026
21521
961
30051
793
17429
19705
28721
10385
17997
20915
5667
6047
24244
16140
29869
10617
15605
5137
9342
4774
2004
20365
4100
8042
30666
12320
814
5253
1263
14993
26741
2077
11294
31333
22301
18168
3923
12465
22200
6638
30039
25900
31725
32670
27808
3464
17015
11873
5490
16131
18544
29308
22347
7737
20176
15514
1406
316
9009
29817
14110
30694
22229
25571
22045
11886
26345
19936
10677
24122
14859
1578
24583
16628
5899
7393
23299
14816
30958
29312
17543
10605
25657
18448
11723
7946
8556
8091
15868
23866
204
228
13351
25579
2917
30293
16473
29956
17744
22073
30725
18237
25906
11307
27045
23347
9477
22222
5028
9916
4123
11711
17020
2679
29279
17352
6684
17832
19679
6487
20108
23619
29575
21294
20435
9031
14383
18779
27929
26445
18137
619
13065
24929
5939
28379
2425
28176
5988
30927
21581
15042
29700
15366
7064
23883
8556
31246
32517
2492
2609
7860
30838
23167
1771
26815
12778
24227
827
2782
29348
25204
29708
22750
26506
9807
792
21792
19147
30644
5038
12875
11972
24733
1203
7486
28709
24846
21480
25417
4943
26350
1642
18588
4353
30741
31359
8959
22068
17062
1679
3268
31555
1951
2417
17402
30287
5038
20457
2532
19682
14919
29550
5802
2258
1779
5680
30029
29801
6379
8281
23520
25026
23781
25235
21494
374
6446
16843
18263
3193
32761
20533
17655
17726
15351
30609
4648
5154
11047
6316
23566
17159
15344
17449
7507
7231
8301
28801
3101
28845
19464
20809
9277
18726
28490
13236
8618
18205
26097
1112
32557
30848
19267
25141
19805
8925
10403
25331
30158
18889
29282
27755
16006
29826
18135
18281
8624
30419
9138
20400
19861
16696
1421
25919
24775
31811
9668
723
13983
29502
19079
7597
22506
4626
23853
12949
25568
31336
15051
9247
1366
29709
29446
20013
18484
15515
26917
29365
25384
31318
2923
25541
18844
22100
5283
3780
6630
481
3068
19706
15295
11041
30487
7507
17143
9463
29279
11103
27239
17958
9113
18334
15142
17334
15035
13563
13312
2714
29954
28566
1315
23695
22079
20678
13340
13383
3186
13407
15362
13511
12697
816
32241
10254
24522
18128
5562
20727
19328
10907
26329
5216
22579
3575
30120
15756
23339
3036
24786
25030
149
7059
3849
10055
1751
11965
25852
29530
17441
28824
6019
17342
10820
2686
28189
14156
15560
4526
2461
2521
11576
591
800
1886
4545
27570
30530
14935
27132
12760
20882
22888
26119
2100
27715
14406
9178
2481
22564
16341
22232
4599
24786
12686
3493
15338
8491
14884
2616
10612
15367
5991
24625
30853
3363
21864
19820
2392
26206
26334
214
31223
11560
7368
17279
31489
27703
16724
14321
25003
11643
23040
9153
6917
12373
21759
30563
25727
20484
9694
2114
28075
11872
5479
12560
18244
30410
18630
19547
17264
19811
17386
15714
11074
15996
27438
31526
28035
16974
18489
20932
10930
10475
5666
19969
16969
629
22744
1831
17730
22414
962
15120
29146
17935
29602
28800
7317
22013
16319
5048
10882
6841
9795
16711
192
29814
6114
13092
3393
1520
9916
1018
19662
12892
23685
15555
29259
14234
15331
24728
4925
14514
28951
27335
32137
19582
30176
29479
6782
25764
11420
27816
790
8392
14001
12846
10617
25087
2603
21920
15299
12934
2727
25915
9223
21940
10607
6957
18836
5165
20710
11103
30583
6233
7975
9106
3137
28436
13289
4525
22282
167
5542
25685
17845
5623
29180
14783
18550
15869
15699
4290
3730
10102
30144
4145
102
17116
3369
22631
6827
16532
16042
4899
3832
16233
21304
13719
19848
16185
6532
10427
23614
11246
5410
19431
7910
5296
10475
1441
29886
25434
16544
22196
20277
10282
15824
9090
9714
19900
11259
10138
27672
18745
32759
18317
27337
6860
26259
13566
9449
12885
26235
6393
10276
3170
22875
14470
28466
7003
71
18301
14681
20732
14171
23963
31540
23560
3230
16854
19636
28220
15916
32750
30820
7810
25493
31813
4081
15208
18048
31216
10729
8656
11924
18190
11459
27625
9368
856
19232
3166
28888
13562
5456
10701
22731
8098
17432
20090
24564
4566
8370
16453
4102
7306
11798
5337
3147
26866
30584
22055
29766
8341
10258
19219
22936
7075
20515
14444
19744
18824
31544
11810
18278
1985
31658
13491
28730
23278
3944
28391
2456
15913
16886
957
463
31895
12214
25765
28898
18748
3687
17391
1327
2324
7915
20356
9038
863
27725
980
15676
27708
31746
11023
9401
32121
21359
23704
23790
4522
30380
4279
12115
30072
17544
7310
2000
25404
21453
10830
23587
23757
13765
426
8833
22421
16892
13452
7040
28395
20296
1031
29492
4253
32263
4494
32152
22475
30632
12387
4656
2556
18285
27473
19181
27243
12398
4766
10833
22434
9442
26172
27859
26442
17050
12351
2437
29762
30926
25492
9716
21230
15132
4847
336
8146
26062
21509
6861
23647
14172
25340
5960
19980
817
6687
10798
21417
434
4567
1434
9456
24957
31958
5565
12382
32238
5270
2947
2881
24296
10754
31347
10257
26066
11891
3544
18179
19423
18653
6430
21724
21907
19275
1918
11267
24451
7304
28382
27611
10332
27167
18930
23119
31782
13958
7592
943
9418
6039
3523
3258
17362
14655
9413
27388
31089
30842
21267
30554
31939
10879
26964
3819
2389
25655
4634
13833
17896
22004
3780
29096
2162
3936
15267
19175
7014
16308
8027
12517
26677
17962
2444
11478
11029
9908
1202
7254
5121
14062
8010
26108
30977
5969
20535
23603
32171
19626
31331
16965
21482
3531
21417
10169
31230
6529
13043
3551
6596
10438
2463
2985
27960
20791
3112
25532
19512
27592
19970
16583
18315
21430
21701
3092
29985
4541
26254
4701
20892
18316
6050
27360
23312
28534
23381
21685
18695
17514
7211
32352
1481
26149
7996
27555
19674
3494
14045
28054
4803
26082
2172
24825
6677
23738
27084
9928
22956
42
6435
2832
6193
15299
21792
3586
24802
2651
6032
17221
13718
28675
30610
15249
8699
20537
30458
11386
5155
29791
16116
19081
7743
22124
4074
2449
1450
994
26791
14144
17193
11520
10428
9205
22641
13368
12834
19921
7913
20963
20002
16913
29618
8244
22898
10395
25829
9066
31649
11734
17435
8778
28084
16063
16947
25293
5138
19258
30799
7958
28573
677
544
18086
10786
16051
3428
24531
16883
4216
684
7542
6354
9152
11107
31973
27153
27813
30988
33
27640
21345
20939
22608
8295
21088
1575
5229
6332
15002
21518
10302
12535
4639
6937
24454
1565
16627
9746
4477
11226
29
11700
10365
25961
16123
30897
20990
26041
29400
15610
27332
23240
1216
9786
31575
18515
20883
9635
22708
30130
28761
28398
15682
29438
13013
18077
28167
31092
5213
1412
16412
11038
2793
30087
4702
30128
28265
27557
3943
7344
27228
17206
19389
11993
11678
7792
5192
27330
19585
4144
266
22203
2336
4856
8202
4087
30192
28979
19601
5361
9880
705
1689
3848
25347
25519
24195
24428
4275
2118
18696
29502
18008
21064
28530
8947
15777
2934
20492
8442
5970
26965
17111
15262
9623
32306
13950
30253
12439
15204
14732
15706
26957
26833
9181
15072
32403
13748
29778
3176
2176
18077
14025
25005
15860
25785
1613
17886
10353
12883
32649
6212
18989
2203
14211
30756
27237
25254
2695
10215
31731
31159
22368
11128
21027
30397
31439
9710
6083
23836
7989
14955
15481
4784
13459
29763
19546
10511
9396
31329
26039
19471
6057
4583
16698
31113
23670
13333
50
26204
18955
15212
13612
13492
11382
27667
23235
24460
4694
23417
11449
32625
3731
31548
5958
19593
16972
19274
12463
469
17169
30534
28955
1459
12627
25389
7331
31655
4888
27449
5032
9050
18163
23301
32105
10467
9012
24563
212
19014
5468
31435
32669
30266
21972
13476
1934
18480
990
6920
28190
1424
15819
18259
19012
70
2415
30044
16525
637
8402
27991
21869
10154
30504
17658
14802
18125
2563
15327
17919
20980
21192
14122
5784
20224
27743
8299
32761
19883
16687
11206
19404
32458
21834
18769
29915
20688
228
17853
21794
13716
12042
24121
31273
30036
29841
19347
5009
13049
4940
2208
12268
1436
15746
22495
15314
19274
11678
19545
30513
6404
26153
22987
21732
27658
11766
12295
30855
90
7324
26008
18058
28787
19241
13733
14981
606
32021
21784
30667
17903
21877
8958
18498
26697
27761
14385
32114
24736
22776
6709
26587
23107
691
5473
22668
32729
20535
575
24817
3050
1406
31285
17645
17058
26264
16228
21288
14546
29342
23504
6059
3128
19176
15297
7338
28928
6783
18282
11680
14474
4565
16329
20642
13678
19124
25294
27116
8382
10357
6847
15809
25739
2162
15579
17522
28586
22206
6974
1212
30391
23315
28164
26710
18011
21003
22449
16075
2763
9875
2257
25222
12433
24477
18139
13355
17039
5654
23131
24622
26945
1816
10320
8862
28482
5728
31443
32065
28434
21762
15610
5094
3606
24667
11772
8951
26848
11592
20374
17486
5297
5013
5037
30281
23100
11705
3380
6433
3501
24768
10320
22135
10218
8328
11706
10032
1305
17456
5478
27523
27746
32462
27746
18768
17654
20576
20992
17588
7248
774
20535
18138
25019
2158
4935
1812
31508
19343
17564
2602
5841
19098
3317
11250
24386
3373
453
26400
29463
19146
473
20320
18211
21897
17724
29090
21855
7433
9304
3765
15666
23980
23133
25624
14575
20484
18151
30477
3232
27784
29403
5614
20994
6028
23697
964
17872
18800
20281
534
31300
1815
18807
11519
4828
16026
14161
23939
27994
23614
843
1571
23566
11172
17104
15791
21847
22848
468
27740
15464
10252
29112
20247
10056
12158
32622
17688
17948
13751
5341
7097
20393
31229
2439
19593
5909
875
1641
24988
12013
18407
24866
29734
15725
16213
12888
31048
26107
14090
11096
20778
27636
31108
28412
19530
29355
7768
29138
6932
32431
5739
9594
23474
7245
18533
29520
14885
20310
20835
19020
22165
12323
15853
17446
26085
22997
20263
9661
16523
3553
8267
16057
21407
12493
16470
27759
10289
1076
5122
17414
29920
16912
5109
10200
28072
32057
15160
19483
17916
27432
14826
28353
6421
31489
16438
18076
11401
24017
30082
28102
16671
25619
28649
19264
26082
21626
16364
16345
372
8170
25700
6738
1445
5831
15035
5823
324
883
16220
27952
1078
19986
12904
13201
2500
3473
29867
5839
23865
10726
12494
12093
11437
29593
9422
29749
15900
21635
8109
4866
31419
32214
1895
11517
17547
14173
31527
16631
18990
13317
26043
17367
19706
3997
5189
11396
3404
23002
9524
30470
20766
21150
25459
25320
14556
15225
25056
28896
22132
25201
27392
25522
15021
18942
6385
18513
27833
4697
10656
18759
13
2038
25404
20824
15472
31567
7402
16738
3154
17892
16314
15752
9568
8320
21465
21903
8021
11965
28169
3208
27923
25546
4431
944
27634
9324
22763
19604
32088
19011
32397
9849
24202
27727
4294
11002
12993
4275
28093
11763
29569
11192
22051
21662
15142
4116
11369
10236
7616
13421
13360
9847
1056
29209
26113
6341
15667
8488
11070
11791
14735
13732
5720
9043
9548
16919
27459
31239
21525
846
3111
511
13182
22877
7769
14992
14232
20963
31625
20214
30148
10127
17213
12787
25028
23267
8318
7353
24856
18488
6096
29962
10375
24323
29032
24222
6140
24150
5018
31685
2195
15018
24977
8525
16628
4315
29250
422
992
19060
13218
4932
27913
22317
19991
13893
4135
8114
23597
23892
3656
5542
19083
15821
5479
1256
29733
19233
32321
2581
20147
381
31844
21070
15201
17318
5257
2107
20424
20520
19747
4687
11037
4527
19768
1614
11176
20149
23920
30221
6264
31837
32620
31098
4950
14495
3928
6619
26359
12198
9156
603
1398
28790
8111
6594
19201
29906
10981
27012
22738
24669
1164
30205
7264
15103
25593
27643
22231
10890
23496
18301
14534
28574
29483
22458
26136
10698
27010
17509
30278
9971
22572
30768
17611
16890
9885
5263
9687
5273
1201
21182
21319
142
24384
30213
9685
21500
755
13115
28300
3342
24918
12681
1152
221
11310
2160
23227
27028
15116
24333
12922
8146
28450
4252
15770
847
2390
31292
17741
22211
9877
22001
10513
4867
22122
18159
18915
30061
32719
31510
13743
19847
2115
1465
9996
19939
28956
22435
11558
25670
24351
30812
4091
23816
16462
25768
17611
21950
1025
13905
1737
17175
6456
31014
26647
3588
10032
20804
28401
3100
13364
22164
4905
22334
11958
18837
12243
18552
3230
1372
15681
6695
29922
21209
26418
30048
10071
347
21318
28303
5831
26710
11189
13662
26947
13925
16961
31705
21178
12683
24425
22735
32203
19646
4576
10619
30424
13990
4669
13923
19804
17826
3828
8065
24446
25868
29829
21409
998
26558
1523
5898
1487
25556
22904
23904
10077
31668
3447
31433
7729
14412
18866
28751
15932
22683
24765
22406
18128
14963
9651
12654
1533
16509
18983
7322
17946
22909
22621
13970
14754
3287
7610
11383
22850
12371
6522
16101
26671
11037
17313
15645
4797
27152
16436
15204
23342
26931
21160
2214
18631
30340
9627
10079
3370
4597
15042
19900
5087
3765
5923
12541
12340
22960
32644
8221
23879
2393
22819
12725
17505
6823
679
2334
32133
32605
14679
30421
15945
24975
24202
30756
27365
16482
12638
23039
15754
18963
20653
813
30709
5947
6461
10664
21315
11089
13367
30533
8711
24176
27099
24983
22682
5210
3185
14609
28594
25790
3971
13164
21814
6326
8009
30024
24401
8596
19557
24342
30150
27870
8145
8501
25987
14743
11029
23387
4728
21184
26813
19255
31657
21279
266
20053
17794
22079
18152
15169
15979
15032
288
21999
4509
22960
21455
25434
7220
22434
24087
8300
6277
29279
24596
8222
5041
28754
32017
21728
24955
