11972
14844
28397
13374
16399
12481
27624
30128
15827
12133
19819
26905
2816
1001
1282
26408
21912
15379
25070
22632
8456
22126
3611
3688
19128
1170
22354
14361
15585
25253
6320
30071
17311
18466
22615
20075
14407
5593
28003
4336
30458
9528
16928
23158
21114
15560
1658
20611
31293
11770
26292
19616
1728
36
6749
32627
8222
19655
24448
20265
29409
12563
13852
29975
26392
30893
28627
7840
19882
26031
26598
5465
30697
14833
30561
12907
28010
25991
31123
8505
13333
32394
29889
13635
24184
26140
15132
22346
21600
16038
6127
19894
2475
5988
23837
25652
5976
28964
25803
13987
27360
74
23386
9009
32713
20504
26008
10177
22392
11052
30519
11921
9031
27978
28030
3609
21719
8796
16958
16438
2216
5815
27400
5255
32486
15520
14493
25111
5766
2831
19110
31805
32402
14771
27557
28353
4545
32309
26924
17728
4171
11969
15437
25042
11259
28099
5713
9961
6790
17134
9644
30845
8731
17795
10033
22630
21563
15312
6019
8713
27339
21495
6348
10550
31592
23024
24753
16465
29946
3793
17029
27056
7052
1357
10684
14405
30299
10107
6307
9085
25644
18905
32591
21095
18915
28561
32467
8729
3922
9211
27831
27472
24143
3426
10917
19286
22537
7435
9828
29737
13468
115
5643
18393
226
14297
17518
17202
28300
30204
477
31643
27250
11558
3342
13374
27944
28009
2135
20073
14802
30761
20256
6452
32569
11483
16281
17509
3870
13067
19624
31376
8142
1444
27686
26243
19446
17260
13642
10209
17593
26830
17253
31500
27136
22236
12496
6216
15633
19348
15907
3614
24932
12130
31144
6911
8113
23527
31504
18986
8014
16377
1892
22480
18872
1259
12606
8309
3184
6414
18744
8089
27912
17271
12965
16792
9085
9475
28799
3279
11975
19097
32417
26112
6063
13487
19254
29687
21985
30736
25714
26222
2882
23516
11904
9263
2435
6352
13755
9336
22007
7623
28960
30627
8097
32129
2307
17158
23442
27044
30210
13337
31602
24320
3128
11990
29276
26391
18099
15206
31727
4829
26407
30457
22945
4796
15843
3062
31319
4059
11781
30036
16435
10912
16874
4423
22701
17012
25577
18208
23270
27334
3905
17518
8248
12626
3407
5482
2834
6563
4869
7314
12291
29142
21143
11667
5396
25762
21879
20332
31579
27797
12932
27089
26317
3232
29823
25037
22612
29142
17598
27052
28194
25201
11812
2072
24132
7702
3152
6786
32634
4954
31509
22212
21574
3716
23082
4100
19523
17812
14627
17115
12216
25989
16288
11446
26989
1232
26053
29309
8893
7985
4330
6771
26093
32429
26771
23902
15036
13780
30626
4839
28987
3908
28107
15683
3807
5742
5449
30739
4565
7581
20687
20105
32405
25908
13762
15565
27578
18486
5797
24735
17
4620
4565
7485
5872
24963
30838
13959
32457
15637
8621
10081
1534
15465
32271
14169
18935
27421
32602
5002
31859
18626
10339
28351
4891
2600
22864
27868
5469
32732
11271
23930
31863
17904
29927
2514
22994
8442
15285
6620
14226
11359
16601
21688
26475
15826
25290
16460
13238
8727
30663
25647
9924
5901
28616
13253
23666
9963
21172
25516
4605
18634
28372
11863
26648
27236
19336
19449
2876
18203
13368
8613
13888
12349
28558
27571
17193
10886
30434
26469
15939
1254
16886
16331
12145
19589
31460
16867
3521
16901
11860
7173
4419
13319
19442
11390
22300
25328
2848
9084
3030
20973
2023
31786
4090
10548
11316
4379
19169
3469
14657
20460
8135
4369
1361
20517
14625
8498
16800
20833
7728
5628
23706
25775
18135
18075
21579
17719
8618
18204
3351
9249
16455
13176
171
27570
7657
11214
22835
15800
13370
26096
19661
12585
21097
30753
19774
4871
27261
16669
24549
11910
18665
4442
12781
24689
27232
31118
15558
31178
25578
25201
3797
13745
4408
20932
3178
18054
32052
146
15603
15954
14557
9910
30832
22115
5202
8093
2343
23095
28204
19533
5529
14748
3345
22182
26292
1556
14215
14824
24138
24446
32261
13430
12738
5107
27472
1754
15630
30447
3845
9224
477
13233
5745
14055
10001
7908
26537
8461
3187
19326
29399
22218
18085
26345
11731
15465
5977
8289
28147
26802
13761
8093
5155
28852
31558
20145
16184
8385
18557
31539
30849
18105
13911
4764
3743
29068
26520
32242
4759
18938
3722
24740
11046
26781
31474
16054
12885
19754
17475
19997
20812
23284
25618
30573
3691
32433
21706
18865
407
24961
2209
26010
8914
19756
19658
9181
26383
9643
27884
31446
8004
7147
10964
26481
19904
32205
24167
23882
26047
18289
20954
531
10556
22964
11813
14391
6406
31223
2996
15548
11030
32547
31584
23662
15136
20457
7071
1082
26984
5711
3575
12504
23511
19560
24761
429
5454
1634
16619
29423
22330
7623
2182
778
16745
8700
31970
18242
9244
12814
20846
13210
14429
9133
17060
6645
12946
7033
23868
9340
25427
31357
17824
20287
23161
17657
5025
9503
16503
26213
5736
17387
23022
30386
5295
27593
27003
25811
23857
7640
25556
10876
15198
3603
10771
27946
9300
27769
15953
12387
12299
18795
9847
32063
13007
6485
29009
8999
2804
7056
4580
30173
30405
10375
1282
11452
1725
11033
29979
18242
32762
18751
20566
6859
17134
32751
1248
28063
2648
13888
22404
17199
5746
3022
2173
15772
6252
26208
14984
14457
29210
712
20541
210
7658
3339
13214
20077
21272
962
15345
25167
14885
27328
9675
28290
17797
4341
20846
11030
664
28050
15188
15462
30427
22638
25356
20125
23904
8617
5189
2680
22651
19599
17961
18253
27583
29119
1260
7756
21032
3212
6564
17157
1178
14243
25691
17706
1162
7406
7266
8086
16123
7353
27369
14479
7085
28692
5069
14152
3217
19064
8369
21162
12671
16045
16976
32084
25643
27370
23569
4833
16470
12351
28125
27241
31809
31024
20525
29258
9575
21411
30311
14632
5483
25084
11114
2098
13136
26502
31847
29351
21736
29717
17908
32409
21647
29417
5979
19186
12057
8406
24632
22196
15880
11682
7235
19845
25090
3247
29034
32106
12675
14553
29731
22995
32720
28578
1536
12248
20524
10125
643
28610
2381
17863
11829
12237
32017
22284
7154
19500
6254
20425
31879
18510
20391
6014
3199
21856
6854
25447
5177
8723
5702
9307
11838
22431
7184
3060
18386
26632
26793
27888
4041
4511
8361
31447
18332
15309
19055
11486
10940
4364
4115
18444
24614
31286
23964
21659
10808
24322
12147
673
18627
20427
9496
16880
16737
31892
11284
4410
521
7498
22319
18553
4576
12104
13794
25229
17490
11297
16399
2599
8802
7577
10736
28135
32318
13044
13390
8129
25879
15220
19699
933
25391
10781
4961
4447
20020
1723
5572
28092
2508
28710
23078
7918
31345
5061
2018
24625
6783
15953
17755
22703
25995
27099
7661
14753
3575
27921
1060
1976
12483
12221
17452
5051
31654
2190
31369
26225
31070
10267
25352
9153
30788
13605
5110
10520
16163
32284
31119
27403
1098
25573
9657
22078
23264
25051
18419
14212
2680
22292
24968
28487
1253
29925
2568
29739
28240
30376
22520
26862
27528
1724
16841
18835
10904
29902
2823
29631
22943
8535
4563
3683
32732
16998
4243
5275
27913
26016
10216
2006
13034
21381
17633
3384
23845
14325
14190
31292
23380
13298
3351
5278
20825
15527
1005
2424
16881
27561
10689
24491
18317
9342
31637
27008
20317
13148
6480
31119
2733
18738
25014
24288
2676
30957
2710
27729
14634
6644
2373
3895
9947
13300
24396
14664
23418
22499
8030
8633
9079
2623
16013
8611
2707
8855
1469
12203
30964
17485
14168
16098
9844
21658
15683
1258
22591
4562
29457
27483
7325
12266
24695
12388
30988
7735
30720
31414
16018
23160
11778
25757
30801
29975
31697
17008
10332
10924
9010
10284
18121
14019
17939
29276
14088
17375
9849
22076
10099
7359
8889
15645
3877
735
16875
28427
15888
20034
25756
20654
13130
14959
28099
14446
11688
1210
30710
7898
10894
16324
27358
11851
18181
69
1257
30148
14094
18185
11582
17181
18231
19513
8694
26721
7275
4060
22153
28788
9742
21405
5766
1785
30282
25039
16520
6002
29859
17838
11621
26537
7890
22760
6056
12624
19408
19036
5954
32484
9521
545
1404
20439
19123
1738
23856
18413
21527
18408
27449
28135
9519
29137
25384
15711
18489
11936
11320
4083
17003
30845
31365
8613
5839
24863
2168
13442
27473
29326
1158
6018
1047
3374
1818
5296
2320
26361
9423
2698
18896
4108
28899
13483
29595
8293
1001
26535
28095
29419
23229
17463
20519
4526
8637
9622
10286
14193
16438
20266
32689
2662
14365
7527
23144
29752
11776
15857
7542
15182
11579
13056
5438
16719
31855
9737
3449
2785
5680
19867
12165
29879
6654
27271
6912
14794
18807
8259
27798
12006
26058
11408
10007
22377
367
16987
13005
14152
6678
3041
26380
1618
3805
6167
21002
10425
18117
14153
13041
4302
7015
2817
23091
28172
23523
19754
25630
19800
31770
4725
432
3719
17437
3068
17324
21281
5092
3110
7149
19044
3908
21194
2299
32396
17947
25751
8156
1874
11470
29107
26669
17843
30965
4002
15985
3314
13908
19050
12456
23776
10254
20724
2340
4443
18965
16566
31640
11029
1765
21647
10354
5527
30066
31474
27242
3717
13150
5959
8795
4643
12144
29326
30034
28952
30786
8006
12517
29554
25401
21645
18887
11499
8122
1160
10393
26218
2715
12805
14594
16589
21976
18783
28417
29926
22664
162
13954
21699
6927
752
304
29235
29588
27428
26251
3717
18102
20916
2618
14227
16506
29148
15522
13824
6536
10745
2487
12477
15512
23347
10770
10706
24615
27742
2629
14427
26734
29730
23659
9168
9620
20058
26627
17546
16931
8379
3070
19843
30137
4790
10006
25438
20480
15519
23138
9383
12255
4622
23079
1883
15090
19334
16626
12203
26936
4948
6371
9213
30988
31162
3916
564
24407
29773
1659
6705
2051
27804
31187
4505
31411
8722
26658
29913
14257
25374
14382
22888
24871
24976
19345
30028
1171
9799
13255
20448
6261
26633
15750
28628
586
18866
17997
10869
14526
17297
4160
30767
22046
15375
2099
29264
12044
5009
12805
24078
16758
10144
12079
26828
4041
4424
5020
31129
15457
8893
31932
15354
31045
26693
7892
18409
8209
12369
15512
2845
1587
24301
15611
22412
24922
4187
21318
15151
20524
20219
28007
1285
23352
24687
23692
7002
555
28155
27633
1865
10566
3122
23030
22912
31503
26063
26485
19523
4679
3553
29010
18100
29
15659
18516
9553
673
32458
15155
27582
32635
4120
1778
17349
5853
30673
8558
28059
25270
6260
4664
1380
13865
16876
19872
16890
28989
1648
17938
4330
15574
22184
10150
13248
17124
10513
29170
17029
14042
12450
25635
14213
16994
26288
28492
26710
10830
27663
8957
4117
16338
1402
18456
20211
29169
14132
7648
17136
4918
17392
27987
7655
10148
4847
26298
23755
20207
16744
32126
1072
7917
25388
13885
1549
583
13962
6941
13504
28532
20336
19040
26450
3048
32212
21305
13053
3976
29522
21726
24043
31842
27671
5087
28481
32411
24317
31158
92
2216
30967
12959
13146
32705
26544
23978
29405
3219
14191
782
24331
25654
18494
17600
3034
7518
7755
32068
29834
26069
4494
16580
18547
11305
8364
29791
29952
4514
27420
28611
4348
14454
5768
23806
3340
16960
9078
19089
19837
4783
29991
9158
4416
10875
4287
836
18995
11934
22439
5089
19107
28608
16688
29623
27662
1523
22393
19834
4909
21664
31634
7177
13617
2753
13537
19522
16974
29521
4037
12571
6518
10753
20346
32238
26983
2093
30525
15125
8935
24078
28336
26807
24654
19505
17791
17377
26182
20776
23108
25049
8655
24447
26792
5551
18310
4082
17099
21524
30758
17372
14823
2415
3663
19443
31280
5678
31110
26419
24062
25946
19070
11800
31789
20847
21653
15888
30148
19306
2210
14640
18134
30755
27886
28198
7846
14301
22144
15471
782
19484
18334
2250
17186
4023
6032
21996
32016
29997
18343
21877
15179
16188
10622
1315
27880
10160
14976
11333
15688
26746
22698
19827
3831
23297
13458
24701
7636
8637
9385
26785
3186
4097
15805
15105
24767
17432
21698
2388
13283
10132
19921
1243
6507
18915
23665
11670
423
18723
6422
8633
6992
15671
4071
346
30830
22811
11460
14956
31353
13940
10376
20720
18879
32620
23435
30570
23557
27324
6508
2962
20081
15882
31245
19277
5800
19062
13278
21979
20275
6000
27487
19794
8999
12236
7136
11339
7429
17688
32139
9179
23775
7469
3237
5573
31164
32260
5649
32493
4670
3019
27926
26128
20610
19768
11874
8883
25928
18974
13390
4185
15956
30782
8291
505
31764
27231
7709
2479
27266
30113
17136
26802
332
16654
12169
15238
12082
29554
22102
13939
29872
29548
2888
1589
4574
28102
16600
10485
19348
5634
5704
21368
3025
21813
6955
13975
24926
23321
27687
14575
8878
17757
3322
30937
14345
20799
9147
10909
20714
19293
31074
9954
2213
12744
25483
15721
15948
15451
31607
8187
9172
16203
18004
31136
18548
7166
12990
1554
8782
13345
3973
15729
23377
4853
24497
26680
25950
16617
12227
12144
6569
30062
20542
32036
26467
6919
6502
16660
21910
22943
7240
28077
23632
6944
25850
16697
22787
15937
12836
12116
8748
27552
17855
32415
32307
16656
13085
28344
402
18228
20010
31337
6202
25933
8177
2591
15922
18256
1122
10910
11138
27196
21842
7156
30543
17066
18115
19627
30279
12709
22630
5443
22592
15293
94
18400
18715
13911
29511
26687
6383
24391
11639
8174
12132
4769
8579
17085
20060
4811
12293
30576
26585
5847
19613
22710
2843
4880
29750
8799
11528
28627
22667
16073
20433
8865
25833
18587
19923
23921
54
21686
19387
18507
12338
6249
5614
30994
509
16356
27944
7586
23514
2288
1634
3099
7218
30173
16890
11643
10716
11451
24078
30323
22939
22221
10280
25203
19688
5178
29217
9480
11762
22534
20031
1383
27876
16449
22177
6218
25190
15998
989
19450
31590
9351
22247
31405
21016
26959
23093
30483
22587
14888
15904
18220
30367
11318
5262
348
17892
8740
28622
32705
17540
14869
26819
24004
11796
22494
20549
29678
22470
8050
4036
17918
13875
29597
32046
5944
28759
19702
9747
6399
9181
32015
22024
26534
16029
12782
23625
18820
4452
19905
21666
25670
32755
26317
30607
23689
29258
936
13730
5033
27430
26536
8741
30675
26568
923
28929
6754
27896
24248
3038
104
25930
3030
652
24970
13472
32476
23201
18706
9456
22137
612
19775
4167
28181
27370
20703
27662
19463
3455
800
6541
16392
24648
4516
8109
17895
32294
16595
12802
127
1500
24181
10504
24807
29813
17024
20397
19944
32480
21038
10768
24500
11998
14675
6537
980
18206
19950
489
7523
12965
20990
21507
30074
884
1943
8555
4075
17509
19252
7549
14386
8791
10319
12193
23208
12426
7215
31438
32250
19532
31490
32333
28890
25558
11051
13248
32756
9329
10973
20066
18468
21469
5097
32656
30950
22770
4564
25737
6926
14216
32301
370
12217
917
5917
28061
15235
3989
1088
5386
4602
23087
7603
13102
30035
32533
10607
27380
24156
12076
725
8194
178
29677
24713
30013
24372
16907
11396
5263
1207
8021
8805
9192
13564
24543
10248
2946
10719
15964
5210
29034
12496
21455
22636
3644
15495
12899
16070
16173
16116
10134
13565
31055
24437
27037
21384
529
24908
13316
6095
4357
20048
6038
1157
16103
14818
380
7224
26074
12323
15785
27174
22260
9573
30837
3411
2301
31199
903
31192
9332
26020
25081
25726
4307
24790
24503
3211
26389
23574
14376
22492
28020
23872
4113
30004
119
21589
18102
30932
3372
15545
25154
10060
178
24223
7016
25232
20731
17601
19531
27982
720
14932
18075
30847
20758
25915
21761
12093
22863
20603
27582
13524
29028
31471
19599
18715
2721
15933
8659
1797
17921
8712
21743
29043
7596
28519
9202
16972
18366
6294
14965
12240
13898
18668
20934
7209
22687
12557
7237
25411
457
25441
13
15070
6235
21701
25815
22754
29548
21888
6428
21490
2272
5752
4730
29251
20713
3750
3417
23215
716
21703
20430
23557
3817
16724
5056
16036
31222
27829
23625
21576
32139
23986
14942
14883
4579
31786
17587
304
17633
7175
18137
12484
593
13425
27561
22374
12657
5954
26342
7648
19375
15546
25118
4246
20661
30581
12497
4887
15267
9369
4054
12786
23963
11348
29689
18123
16771
26246
11241
8877
32006
14266
22866
12962
4828
31323
1350
21121
19020
2085
21473
16904
8175
30681
6957
28714
13238
25397
24899
4266
22574
18723
1459
12265
9987
24625
6694
14589
16068
27969
11842
8706
3557
29313
4814
12981
20234
19102
22551
6463
6787
1077
2962
16718
12562
4491
30914
8554
25589
8317
29020
29319
15904
11962
24746
1494
21195
11823
11821
11489
21804
19907
13190
26583
23942
14917
18839
20004
32610
27554
12517
25925
5404
21084
22848
23003
25762
31031
19623
20222
377
28470
16742
14291
4097
3525
6017
28513
19961
28472
17749
672
1093
10612
30589
24787
17903
8428
26611
26136
8301
2000
12407
29758
8482
23936
7221
3542
21543
583
15522
10125
8266
13126
17831
9145
9303
686
29953
11313
31127
8243
2280
24162
32663
1469
2542
32159
5418
23648
27691
8121
25265
11662
19351
2000
6554
13451
18359
9064
19751
25634
17020
23999
18545
29847
1640
15711
1452
3548
6130
32751
10924
25095
13868
10318
11944
19460
20131
13027
3391
18055
26758
25646
10936
20293
19211
26019
19854
2660
25359
9401
20780
14896
11261
10302
30197
24335
8176
20461
29319
5047
29468
12866
10817
31134
7786
3213
11523
18866
32098
31046
25652
23883
846
24736
4362
17246
19356
22368
5
13811
2437
24560
5565
985
6892
16815
6366
17048
17033
27276
23921
23719
19782
3795
13661
20447
9961
31558
18989
12336
8692
19824
17427
17043
30409
1590
25133
17471
15890
10927
26632
12832
27232
26422
1123
9349
1298
26813
5429
4889
12921
24676
27889
5396
16698
25930
32008
29106
18675
10402
2479
5349
7201
12298
19172
15430
4417
2585
7851
28754
26421
12599
12446
7635
18666
4274
15012
25500
13368
24590
17153
26745
18441
18588
31631
19814
15806
2382
9802
4095
4558
3273
8978
28984
8112
9660
2733
13390
13564
25968
31500
18942
24525
16545
30927
15348
31849
30349
2571
27782
17956
28234
28234
32418
28545
32348
6099
31237
1435
21127
18988
32686
8899
25570
478
8851
13419
14125
2424
14482
22595
21860
24534
14250
5281
12948
21411
29547
28710
30446
30749
20139
11423
24090
22296
13691
10537
8398
1094
29530
12185
7326
30133
14760
12570
11798
17817
27229
13848
28934
16716
31482
1373
23325
27027
960
18042
25785
18467
20256
9065
13310
15972
32116
11632
32294
12660
4332
2376
4887
14191
30155
9855
18235
10734
23251
1563
12172
16845
28157
21632
25582
8242
20846
23188
15298
26826
23719
2592
14520
20822
32252
10618
5092
19047
20551
25185
8469
9573
14557
14376
31842
23510
8641
10519
13829
23517
9240
32526
28781
32257
14045
4971
9358
2096
13782
2606
124
25092
21703
18523
5176
24133
21221
10656
16585
15790
653
14648
7567
20212
31030
29199
18389
20484
31653
18983
20645
29836
31328
3386
15584
13758
12900
19105
19342
20305
17946
23156
30322
3528
25224
15859
24801
20982
17604
24356
10453
28098
13231
29630
20030
15912
16863
1862
9368
9856
27613
28792
706
20739
26257
13800
9486
22667
12794
9705
30101
16282
17443
9646
11981
22686
24658
31663
3165
883
28290
6478
32303
25642
26387
10171
4551
30473
9921
23573
1492
9682
16083
22226
15365
16969
5524
4704
32030
2544
27399
9484
17227
5909
5591
23076
32436
25358
3213
26200
2129
15812
3845
15206
14080
24174
1059
16119
19157
29087
24514
26819
8881
18563
9453
3068
28694
3429
22610
20458
23865
8565
30451
7123
22873
1993
17695
31261
32592
417
2465
14006
19048
16367
2359
15540
3439
19991
22086
30521
24590
6643
18635
14746
30294
15642
12949
29376
5788
27490
9138
12238
8583
10915
21287
12803
24679
14270
32740
7139
3528
15582
24054
31121
19528
15614
25599
10368
32677
22700
3299
25162
15386
20492
25029
28384
16364
26143
24626
16868
11072
2373
4251
1875
27183
25857
24841
25447
1308
16637
6156
27068
19269
20814
29684
4017
2969
23544
19012
7697
20426
22453
15204
26099
19874
26610
20118
15582
666
23067
2603
1073
11689
2072
23543
16322
7002
17432
26114
32710
30753
12685
896
8689
7407
12151
6660
11742
2564
14310
2800
20656
1029
22714
22832
15354
1870
10670
22312
27612
1417
25493
28906
6255
8575
31971
26285
22115
23855
28526
2939
10983
28189
2934
23593
5833
11245
31715
652
23775
19760
24527
6378
1957
26238
7492
16815
29223
24517
20807
26465
22562
21472
277
14550
12646
3692
28844
13733
23678
7127
17037
24282
23699
8121
17601
24558
11918
25960
3866
17398
31101
24263
22203
2842
7736
1374
6874
13385
27204
20912
3781
3883
29175
15560
25891
27223
21981
22
24701
29127
30555
1913
19709
20872
24722
18845
18293
28854
25478
31367
30114
22696
13440
19566
5043
7272
945
13005
31493
21606
23063
23478
1585
621
15781
21353
30280
29141
24734
1573
15709
26619
24642
5182
21060
14574
22188
11376
29082
5227
17403
24691
28677
7948
4784
10191
445
11196
15191
1266
6988
10606
19306
128
20370
6415
21362
28394
20235
8120
111
13378
27733
2345
25722
31310
18924
20083
12969
3291
5433
29940
29235
20563
29387
22920
27860
1682
32740
15358
23667
22006
3383
7881
7171
18101
30448
20216
24487
10868
15861
10345
14361
8725
18027
27193
25932
13776
24445
12158
15440
13189
30808
24633
9335
18256
9850
11910
28598
607
24877
29718
4685
17408
5710
991
32170
14590
31827
17426
8843
25902
17805
9294
24164
27461
6313
17427
22528
1772
29309
23929
3946
27927
21762
18466
9486
1682
26524
10349
7196
14556
27810
7916
7213
12601
12314
3097
30249
26115
21444
15428
28776
16961
7259
4048
7703
12155
9239
29599
17886
29132
5750
15819
7103
2616
22844
17047
21058
4928
18104
13733
18127
19380
23882
11113
19803
17353
2082
20189
24391
24683
25930
8054
12676
10452
11495
19287
30204
4702
7612
31174
19501
16021
4847
6620
9495
24465
10000
2432
7769
13955
2135
10390
6295
24717
25133
11379
3358
26071
32750
18324
26315
16095
3310
31120
25129
17424
5562
6988
14553
15255
11936
31598
7223
31090
25457
7956
17210
17865
21637
31429
3996
32130
9472
14248
3643
8464
7764
22771
22208
17803
11527
21927
3710
7174
6839
31355
4765
797
10587
10261
3447
22221
29643
16768
31554
29321
14211
24283
25072
6537
27555
6222
16467
14694
18747
32067
30853
15076
10438
3026
14727
21774
22772
15484
11304
5769
21165
30237
26408
6434
28242
32284
28318
5033
32326
14565
17047
15874
29357
20121
16640
15225
27251
2051
24262
32598
21904
30671
31803
24497
3211
17398
22716
19080
317
9085
27025
20751
27864
25695
6164
32071
7976
3528
11029
9682
21272
29315
24446
13318
11383
18358
29747
4160
17148
5069
11580
10363
24200
2484
4646
17697
18604
9289
27558
8224
22379
5649
17536
29249
5441
24873
29095
27318
10852
11136
26022
17649
27465
9028
21310
28861
12394
1946
25425
135
23367
10642
511
20988
11434
31066
1806
9434
20528
29618
15759
5119
16645
927
3774
9415
27631
11364
21547
24724
12942
4014
5399
11438
13282
9231
13089
21582
32269
12205
18978
30965
3418
23356
18261
23810
15487
28969
31675
15492
2591
7448
11709
10317
22419
16273
28180
5960
1258
10742
13286
8716
3630
22201
1073
7344
3561
29131
10349
737
18664
17752
14445
27187
10047
24241
31623
28341
16014
32650
25844
19912
20866
12133
12153
9009
26782
334
23623
31852
26683
25033
6433
13891
18381
265
20924
22688
20073
11618
28779
25760
30852
12801
4604
18664
27390
3547
12508
28732
5983
5859
2946
7758
30048
23936
18955
3795
30125
25662
10018
2780
4585
32708
8227
26724
7666
29446
28800
10277
15975
7099
23651
9649
10344
17170
3733
3517
3741
26272
3486
3776
24442
3485
3118
30653
14529
32337
6331
14684
13384
26569
28780
32064
29180
21454
31030
18325
806
29976
10053
22248
6893
9662
20893
13884
10268
10737
14849
13658
15398
2794
19475
15208
25448
7713
22462
10173
21165
3264
19153
13556
3575
28503
11756
4671
27773
20945
26784
9982
7664
13223
4306
13457
5378
22611
18784
19050
31529
31752
29704
16486
4512
16544
14981
11101
9136
26326
13050
32760
28205
10165
9108
22466
8259
16976
10603
3202
22899
4532
18090
7625
18648
16155
7152
5319
20911
25698
20726
23138
22806
12989
28785
13194
8468
29098
15162
22470
21722
27171
13996
22035
10824
4632
31309
15343
15539
3100
177
12977
1254
20319
32668
1819
4710
3036
2919
20274
27131
7891
2469
8781
11627
11130
14086
5997
28809
11248
17531
32204
24430
3698
20378
953
6663
13009
14917
16290
26832
23587
9606
20339
11998
27321
5054
543
15651
29266
30207
16251
27374
142
10422
8787
6065
10150
9101
30904
31239
8537
24719
7831
24565
7722
16013
26256
17520
5320
25281
1284
24096
9678
23986
12656
2916
26540
5975
29178
16278
12005
18047
17738
21904
9852
30577
7835
27503
19624
26063
26642
11159
10191
11712
32590
9975
18354
6221
24640
9358
26342
1804
29245
2605
16515
17148
11089
17023
28192
12977
32215
17480
25086
15281
17478
7914
20867
21277
8014
12333
9194
404
31268
26431
14650
24148
10522
14586
7540
17826
22130
10598
31761
20077
12660
3711
26539
17198
5054
28728
18939
8722
4316
10687
4099
26715
9240
12291
26252
11523
28819
8564
6867
20131
18325
777
29568
14484
26914
20104
5591
852
13006
13826
19250
29739
12498
16540
15023
8206
17758
9366
27430
13763
23089
645
8542
13126
20584
26083
28288
2668
8851
11978
715
30918
27918
18685
6282
5832
20623
21544
2883
25130
25339
8553
28466
18319
8830
10766
15605
28517
7898
25505
25993
21004
19711
5410
25205
22330
14557
4499
5701
1182
2422
31674
4410
32707
2871
30498
3648
26424
13448
27235
15392
18158
22690
13987
9975
11233
31904
2141
21991
6906
729
9569
28940
28468
8302
23580
946
25343
20767
30746
11973
18658
15715
24521
24456
14179
18103
16256
24202
11307
11830
26047
19159
27238
2410
13497
21867
6249
31074
19727
20716
24727
22532
21983
27032
6533
20389
1533
6524
14684
4311
21120
11494
6271
6786
26241
27422
18286
18487
18463
14161
31723
6848
20166
15822
22875
28412
20146
373
6254
5866
7598
23915
20994
2307
21794
20243
28997
6605
30028
7226
4378
29613
19918
10642
18623
16636
20329
5474
11180
15454
11016
27259
190
6991
25088
32622
29844
1791
11158
22012
19258
5984
21442
3790
21764
1149
30514
17767
10941
525
16530
26710
29953
31048
2827
25008
17128
5369
3593
9149
13285
21461
30274
28146
30957
5387
4084
24095
28891
21276
26221
8682
25619
237
31953
23676
9061
15643
1048
5242
3637
20366
12886
15927
17369
9553
7999
13864
1091
16032
18922
16280
992
17219
11221
23452
14015
12571
32042
3146
22262
22779
3648
22566
10818
7609
23141
8669
19181
10628
14299
10294
30709
3447
18720
16965
12394
32623
4978
11234
7704
10778
24211
30297
4966
17233
16842
29027
8318
23720
554
8277
942
8771
9750
3992
30990
31723
25093
7769
11620
17504
17027
4225
22596
2801
14201
31976
16764
4939
25773
27589
13743
1935
23436
14698
11839
4263
8744
4398
12400
18649
11133
5290
10187
15516
9464
808
16321
28075
15674
30040
145
3161
18457
325
13164
23332
25575
23176
20950
28812
1015
17083
1103
19238
1118
24113
29747
27628
10999
16612
29919
27351
14762
18351
18453
14768
30189
4542
418
2339
18826
11842
20029
1045
24739
21097
8627
21815
26868
11149
4161
10971
22105
8620
22337
11527
20624
7704
22794
6600
11839
10863
4113
31689
8505
31694
15700
12068
30717
15938
22008
10360
6272
13439
29744
12860
6188
32725
20322
5203
5416
9311
32645
23008
13530
7550
4046
10587
27562
5765
9355
25317
29193
7094
14415
30936
2738
22382
13391
13987
32304
12188
26636
27093
28577
22391
9266
8567
28345
10609
31936
30623
27402
23910
30314
6466
27778
28442
9020
74
13621
18658
29311
5096
12380
1697
14304
9004
21150
25846
11727
28115
20367
12468
30502
12128
18551
19091
25611
24686
22612
4901
32279
8772
8482
21259
8120
2218
15961
29544
6867
13819
16568
6806
12974
32124
5953
280
27918
32748
2437
4816
32412
30300
10017
12402
22157
8001
20617
9529
3458
456
15620
9433
15277
31593
8696
26036
31286
19391
24424
11088
5085
4759
21947
21769
10464
29767
18623
17667
18975
22593
29677
13155
20350
30183
13295
16831
28043
9121
26975
25298
20065
7213
30930
27253
12748
11831
3093
22987
22701
2602
30902
15291
16288
8773
28614
9635
27869
20721
23262
12362
21852
14674
2656
32023
7485
5660
6399
7041
14182
27304
10370
25287
10350
19015
23492
5089
28858
10710
12800
22454
25061
28562
10059
28047
25445
13614
15970
7628
27244
28707
22438
17622
10509
29768
31077
2644
14496
1186
27995
6306
17255
26237
22393
26750
29042
10939
10725
29957
7359
8557
6721
27615
4262
11168
31792
11702
22644
24441
9494
13036
24919
12933
15648
10381
29562
7754
8581
22914
18032
29474
15371
14344
13526
19785
29644
7009
21300
24628
6970
1481
28197
3108
32609
1708
13240
29180
31852
3350
3093
31055
15211
15979
25956
31934
32083
9560
30442
4225
5958
19721
16245
5955
1045
7325
17147
6451
12036
1751
19326
4440
23501
25110
12594
9508
20455
31879
28130
31309
8455
16537
32656
7896
19688
32177
24156
14199
32328
10528
2471
26644
9011
11090
28791
10926
14467
3399
14621
2148
28328
6727
11286
26831
2981
18898
17968
27541
11867
1495
13805
59
22282
8486
18476
12347
22805
4646
2054
20311
6661
17867
5623
1580
16849
7875
31294
27402
16477
29936
30342
7427
19520
10523
6853
5442
16074
8423
8549
8863
28998
16131
22178
17264
32636
11172
3891
20897
4986
307
29228
13575
7828
12610
6691
4081
9130
13765
20881
6656
30377
25215
28284
7481
5460
27322
4435
18777
32069
28475
19226
20840
9006
10357
28358
1937
28517
253
4587
27441
25504
13374
148
23854
19965
17774
10354
28298
11589
25281
16186
32056
10865
2268
10312
4910
19309
31372
23944
15291
17181
24760
24470
17179
670
9876
28964
5193
28622
26136
8605
10516
25870
30897
27399
16501
24134
54
26414
20256
30506
31773
24575
24153
7868
16111
16178
19721
9234
22521
8492
10001
90
17733
3875
1758
539
456
9347
13629
15806
17373
9104
31601
26444
32754
15693
23428
31097
897
4253
8922
19938
15427
9385
2828
2707
32672
25217
23795
2252
26217
20998
18946
6405
4297
7687
28633
18479
26233
9130
14872
2621
10036
4366
5745
28131
24427
22318
12034
15773
5433
29449
7905
12788
16793
20992
21752
6397
27095
21887
6419
5922
27972
14815
26423
25892
23342
25739
5430
12129
25871
23906
30336
31315
16645
30557
29244
12378
4226
27762
16279
15547
8005
28856
15452
22504
3721
203
4550
26882
16508
28530
7058
8348
6130
30335
17751
12482
24667
20215
21018
17977
29170
5235
16925
9993
26168
30662
19193
6713
28833
1248
5612
31962
12173
32755
14452
10311
2425
7636
6941
3498
27255
7075
17047
10946
30171
31150
12043
15332
56
23955
17839
20288
25995
24485
30873
7526
4021
18321
8401
19209
16687
31810
16041
30722
30713
11009
5201
16279
31955
27105
20134
3582
29360
22874
12363
28445
31336
2356
29435
14996
16045
9382
21277
16637
31808
10688
31129
24178
23140
12294
14315
5712
10132
606
19062
7227
20081
4140
5402
28259
5886
31163
3592
25861
2063
15327
19157
23348
31999
16088
25550
21721
17314
19578
8588
17913
22138
12683
10440
24374
1838
3693
6256
921
11575
6908
19961
19342
11485
25018
17400
14640
27234
13866
16108
455
32125
27257
15454
4239
14602
2147
22573
9916
23295
4437
7203
15546
30882
2511
28107
2233
31481
21517
3719
20073
16258
7654
25053
23554
12581
26100
28178
22664
28007
23541
19194
18253
18912
8305
29454
25783
19951
10142
10943
16451
29868
17280
29194
14282
19230
6484
13389
14340
16047
1583
10841
26186
12252
14051
8904
6048
7473
30498
9361
14578
31349
31718
8153
3230
2082
11535
8460
24883
16152
12878
14893
9592
9361
18243
5738
32177
6744
6882
27636
15901
32566
15899
16397
28355
13229
26042
12643
15471
22249
908
15516
31479
20468
31427
12082
7362
30505
29595
15489
17291
29675
4670
26910
20067
8855
5349
16491
2293
5814
7489
2152
24590
3448
10521
26572
16221
25694
32308
12885
31863
26678
3449
20316
29469
4172
4437
28332
14018
31199
27485
32660
32072
14290
1333
7739
9995
19108
14512
27444
2080
21666
824
338
22239
24155
2161
32190
25502
16213
10265
20038
32192
32510
11059
14840
10735
16869
19556
22512
3493
5930
8093
26734
13297
14900
7418
17452
3960
7329
21226
21998
23994
19587
913
21082
20374
2761
12650
8714
6928
9723
24369
12768
23123
27947
1792
7577
23538
20264
3256
26789
18547
31220
12194
14646
16654
3704
16214
18840
23474
15479
6108
960
8265
23233
10514
31527
27453
20393
3405
14553
22843
23992
29507
3528
8247
10403
24361
24423
31152
1659
1816
8820
565
28964
20149
30741
12840
11272
9745
8487
21442
29196
20430
15315
6743
16324
21124
32610
16091
3554
6498
27218
17830
4085
2073
5801
20852
19280
1525
10377
10160
6727
17485
2821
18930
28578
17438
28467
18630
28235
24307
16770
13231
10570
22280
2382
19051
8179
12974
26290
21369
19038
26353
8862
15321
18968
5497
1321
25619
4888
25006
26152
15994
8437
8480
11263
8882
3158
27429
11447
31344
5289
19396
9553
11137
29208
7633
15194
25358
952
20570
15552
9758
11780
6978
4580
19292
32139
26412
5616
16923
25061
27802
18795
19095
5355
20054
4875
893
552
13074
714
28846
17034
8779
19259
24384
93
10355
25887
19142
22394
1614
4404
10194
1468
28573
11341
14264
32692
7418
2471
18836
15774
13571
18299
3214
21651
20666
20944
22364
12288
7980
1939
2313
32598
27729
13801
26357
11267
3892
24004
7198
27554
851
30645
15773
17006
12617
10753
30836
2557
10922
9462
19590
20523
23855
6527
30951
8788
275
32247
32086
6342
18108
5435
21768
13941
1950
27651
20136
28913
32349
16498
9627
29846
18993
2027
16520
30978
16783
1831
14616
14797
22534
12420
4346
26484
7015
15520
14379
9365
3112
12583
18548
25442
21770
18921
6708
14160
9722
30768
5727
28431
13877
27728
27079
2751
12720
23935
32154
25185
5559
999
22828
4235
16596
30970
20727
30048
14834
29190
9953
26048
29378
2313
32701
23228
2398
1990
21011
13645
19757
26904
12836
27205
2822
1159
7977
10885
25752
6169
13788
23409
14089
9322
27705
29601
21725
20223
14982
4057
5914
16088
21905
21564
2473
10052
24121
28092
14080
29946
10799
18389
22270
20836
2558
19067
25878
28734
12361
13393
25008
23392
7764
25883
17100
12504
14791
11382
22505
1852
28590
28871
9509
27711
2243
17009
31141
12673
4848
12107
17719
31660
1040
27217
28982
18364
31222
7065
16559
23198
15280
27785
31681
20221
24588
9288
27210
13657
15708
26738
25024
31321
1655
30224
27228
1890
14592
26311
16254
20840
16619
22095
12109
18948
30012
31783
7581
26311
21010
3463
11799
13007
5093
31639
22931
7831
6156
25054
29385
531
9858
14589
24105
1277
2281
8605
263
24938
4815
23462
11259
13472
32561
15793
1160
21035
18237
16577
12795
19758
22108
29741
20886
11256
16240
28129
30190
31191
22362
2759
13714
11057
22720
4991
3309
2000
29965
6486
5998
3966
30393
8054
25574
3282
22730
25690
26673
19017
30619
24453
22552
7576
16092
18292
25462
15681
30938
13265
8090
5221
8960
12265
8173
2265
27550
20832
468
26492
15594
10019
28632
27335
31045
5279
24581
4005
19647
27953
4495
11397
14300
25565
3516
32430
14233
9026
12285
8659
11946
8653
31070
9704
29702
1582
13089
14132
10917
12296
9382
3238
18056
14573
24719
4204
25339
393
27937
30402
19991
7965
19436
14088
28042
15664
9390
6936
24731
18305
6005
22742
872
28735
31236
27145
14194
26236
1144
5737
5468
20704
12587
25592
27632
24730
21465
24982
12387
4252
11265
32720
17370
25864
30350
27642
12844
16101
17079
8573
19946
6167
3620
9585
19869
15246
27730
8303
20046
19901
15672
19104
24396
14670
14123
24090
31529
21524
18431
877
4614
20545
4463
27768
2320
19929
1214
4482
21323
8294
24991
17542
1935
7406
7251
3789
6096
1058
28433
3266
3490
23768
6826
15363
28667
21179
6765
28596
13883
27969
20296
24344
27755
13022
26161
610
27842
3192
32196
12744
21102
32026
20270
15066
2449
492
24137
24594
8329
11875
29960
30380
15988
22709
28182
5815
25331
27280
4794
4461
21295
10763
4094
8640
22554
3805
18192
2869
12792
30668
31976
6901
25885
21609
11563
16162
17400
5883
1104
10343
23120
697
17665
10707
7630
10812
7364
19175
1980
12851
11226
16365
31756
11353
17511
15500
8604
7844
9428
21658
4024
2751
12658
24369
29921
2491
29024
4101
6860
20482
21166
15092
27566
11660
31170
30175
23735
24149
8187
3257
25052
16142
17813
31709
20186
14866
15053
25765
18808
157
17477
12344
12556
25656
24233
21667
8000
25720
26003
28716
26134
17640
8620
12002
12074
16196
533
11897
8248
9704
1285
21589
10461
2695
5043
18917
23970
15648
21878
4914
1078
14126
15914
29624
13563
18208
23511
5492
13764
4104
10125
9790
29150
12695
23954
24409
13133
11337
8384
11081
343
21981
27944
24036
18503
29192
7675
12972
11883
17258
2731
1372
14943
10433
32589
30913
11917
6749
5186
32715
15861
7124
10518
31972
32298
30198
1704
27520
15005
19715
27787
18422
3358
26396
3501
10638
24480
14072
16438
17115
15165
32472
25779
15435
2170
8125
18548
7420
9419
26840
1842
13777
29018
31554
12278
17094
16132
5613
12597
13952
15268
24027
20544
25641
17557
30349
12252
31610
17010
32447
10796
2841
29216
17746
472
32038
16143
19082
11880
16912
4796
24953
18417
7598
15739
1467
22004
19083
23667
14692
1411
26497
24810
32567
2725
25481
7363
17689
12540
23505
30788
21189
24485
8207
13597
4288
5216
20758
25254
15248
6641
19878
26473
22313
32198
24969
17376
30376
2265
27355
29312
11331
16344
27050
2294
13696
11908
11711
32432
14246
599
5818
15519
8305
14441
6757
23099
32522
25236
1346
11208
26934
18390
10598
1496
16590
25592
28554
23058
28015
2669
32352
4401
24178
12413
27683
18000
26911
8867
11890
18276
22301
10547
15454
32522
14637
24639
5826
11139
21017
18108
10963
1788
11750
18657
17143
17683
14673
18896
31195
2456
28026
28792
25535
15504
25562
15290
25109
24448
26234
8650
21835
18408
20583
16089
8421
25357
21089
22257
13774
26363
28627
12064
5872
5323
18440
472
3074
28706
32667
4758
30369
4090
24111
9410
32163
27813
29793
22998
680
20238
24059
15043
5617
17731
29802
28817
23670
16432
1395
28741
7218
16045
25121
7687
25282
10684
23042
11140
31278
17931
30355
13714
8199
24257
2808
25874
12978
3447
27632
5915
18691
17283
25609
20565
26638
30845
14352
32674
19257
8700
20428
21508
29334
22689
22252
10683
27504
20055
27197
21165
1828
31192
9504
15883
29746
7028
9020
17202
28052
32526
19056
5071
29775
8039
28939
6471
18247
3743
13376
16726
3415
18424
4820
32246
26017
20190
8218
31874
21027
16164
25377
22555
12428
12945
13868
19275
13645
8091
14946
9448
7410
5490
13255
1083
1971
31040
24939
8290
13126
10415
9698
7923
1784
9645
5107
15842
9724
12140
13204
21669
31747
27820
4887
28821
30733
2876
30878
4248
27006
30910
18388
17405
13172
6316
28639
12455
19032
7064
30096
17518
12211
23480
28125
5570
24643
25249
31890
14225
26703
31827
11075
1131
4663
31606
11397
9445
25423
4835
24414
21819
23277
26726
9977
11833
10177
17602
27294
30043
18277
1270
20962
14387
17461
12479
4379
14091
1377
23134
23063
25292
25921
11163
17678
29214
488
17418
17876
20945
31739
19597
339
29820
6084
25626
5945
17763
29826
18879
13294
17054
19971
26595
32457
632
31861
9422
14467
10262
9850
7276
7660
2905
22906
10061
25308
6148
31805
21233
22893
10274
20409
12099
6503
23970
29224
5475
15356
16197
6238
19368
32694
7354
29018
10982
26797
32263
26651
10476
12541
8746
14261
27729
7543
20736
1443
19825
2711
1127
30303
26802
17846
11423
28720
9740
1665
5111
67
22984
7338
9637
5630
25223
9694
7157
2193
26759
24566
22950
6862
8738
27505
29328
28986
16791
4642
10123
11876
28685
26150
22925
10613
31189
19737
14354
29449
4080
19337
11969
7229
17105
9387
22092
29705
6755
8781
27800
11985
28494
6412
6174
11318
26999
31943
31377
20274
18373
6484
22208
7268
21803
17265
19903
4776
12003
5629
30529
29163
16375
3944
22857
25662
5638
9064
770
15656
29509
5357
20202
17217
16836
11352
4150
14332
19443
7655
12147
4549
24164
13428
31337
7244
14034
5216
11076
29472
25699
10954
27382
2687
32042
7428
21207
14957
19696
19527
12686
3
24884
16805
5941
26890
5744
5696
27832
24008
2718
11194
6782
15642
6395
18668
588
32451
17163
28379
20582
20484
10973
31207
26615
24173
656
25414
28338
17650
5398
14001
15290
20289
19512
4189
11711
1875
22490
14125
11370
16705
23169
10022
22780
6490
16146
8227
12850
6258
7133
3274
12139
29308
18137
21950
5900
4956
32561
29974
5156
28150
20480
24079
20300
16779
4185
3325
3794
18757
9355
21384
8726
2576
25763
13588
7219
12972
19506
26497
8674
16896
22352
19477
20124
26546
12512
29878
29951
21236
5654
2397
15987
25505
4919
8647
28173
29064
32160
26478
19124
7688
20234
5047
29826
25565
17932
7789
10604
22841
28641
12398
15654
22550
32620
11940
18497
203
5497
28983
21143
19166
24134
31489
31976
6170
10306
17731
28101
32225
22548
29590
1453
14531
24031
1060
7799
32335
4037
20503
23023
8488
3498
28754
17348
15196
4666
23135
19106
21234
21805
18857
21659
11458
25289
18668
29387
16778
3241
28649
30780
2365
22462
10590
30727
4254
2963
5429
28348
3342
18133
23292
6916
25250
15634
149
18821
20601
449
6447
6150
14157
1155
24693
29652
11847
8872
5636
22372
23064
29173
11555
2873
14917
10404
9390
28168
24770
18093
6996
2075
18371
25668
29699
28147
14799
18851
7839
13873
22
13321
22778
1719
19204
27651
31745
32010
2326
4330
10547
30202
8173
15789
27736
30854
15265
27344
9583
18426
10327
12725
20200
24922
27158
21787
29715
26627
1750
13028
27609
17808
14042
795
11178
251
28480
2101
18102
4356
31447
5271
28000
11735
5424
2393
239
26089
15352
12874
3975
31267
10884
9012
19545
17730
13230
31329
22550
12926
28128
11357
28073
1897
25966
15614
18213
1307
18729
2466
20220
9356
17713
2232
29043
29249
10
8834
8786
19755
28146
1816
27360
3276
28274
9649
5134
21147
26676
10526
16627
2730
22292
7575
3448
24454
121
9146
1365
9566
16870
21713
1852
104
11724
15444
26707
19073
27299
2735
27624
31764
2104
25924
25441
7228
16201
30644
2673
31789
20303
10842
29586
16848
28315
8729
6319
1453
164
27992
25632
2062
1696
586
17884
16737
32337
29299
10474
20959
8994
30568
23833
5227
17778
15574
18673
22717
11312
3013
30697
2239
13480
15134
22747
15671
9372
2411
16564
1447
25239
17375
1392
26481
2174
24214
17734
22591
1128
25117
11807
14242
15279
21045
22861
3066
25672
29140
3962
1685
2127
2157
2270
4891
26598
3185
32182
30249
11584
22294
6897
16188
9977
17751
12076
4561
31913
27196
9184
2506
4536
13915
5850
16148
2676
14495
10220
11399
10080
23624
20195
32269
27343
18483
19896
2567
15538
17244
4875
31212
175
17057
8396
26163
21107
969
19260
26996
23624
22980
25620
28362
31722
3636
9731
16251
10646
31789
29790
5083
21861
18489
17172
11117
11992
22944
15072
12364
2740
30950
28098
27081
23312
14228
12207
598
28076
1340
26504
25763
25732
5559
27721
29702
7333
31921
17027
9248
30528
8808
19980
13246
14589
30128
19444
3837
29585
32571
10428
7346
11667
14871
1731
31496
15499
21880
2305
28523
1357
17336
13815
3493
5765
15004
1766
23111
20882
2265
30528
27723
5528
25814
10332
20983
8400
6324
28013
15621
7203
12172
21429
14848
1272
2039
31478
30449
26954
28628
21034
23867
10749
11589
3187
708
14194
6395
25173
13909
31833
11700
29475
11076
27334
12545
23223
2128
24455
22861
20326
24012
20406
5403
23604
18176
29834
22415
2883
15052
26994
3632
5266
20366
28773
9196
25828
30278
20595
13661
4349
28920
673
23114
2324
2130
8435
10353
8326
17551
19402
21379
15816
11675
31088
3697
18079
22136
25586
4582
7315
14304
2350
27668
15777
7724
28972
32180
23856
11892
11954
18504
2374
18168
19986
29092
12284
16062
9799
8364
6447
18557
16448
5983
10361
31930
18556
11797
31583
20273
16087
5124
14284
29558
22692
30985
7871
29916
18683
1190
14144
1430
25428
15943
9624
18716
19541
19145
705
7633
11497
9020
18460
10722
7058
10472
9058
12145
12288
14991
18141
27635
29922
12018
2520
1750
11260
22678
27988
21351
6266
30408
22780
27124
17284
14303
9307
23597
28434
12481
16461
2256
11010
28073
5299
21126
16488
39
26219
15880
26405
11880
22912
15237
31163
10167
25501
8008
7007
25156
17096
3478
1104
1572
19532
24021
26728
2458
10231
14580
11248
25237
19334
30470
23225
29049
19038
48
5480
2338
19837
13510
26898
14375
18351
8369
17673
14171
14853
32276
757
8602
7299
19247
13606
22722
16153
30595
12072
15359
14037
27702
31896
4940
11094
29626
14903
21558
6276
17578
1341
9187
22654
13300
29936
14932
2516
21053
21108
2791
9719
30849
741
22048
23533
2042
22435
2216
841
24900
14573
2966
15195
22206
24242
27118
2724
7731
2979
28519
4748
1466
32397
9330
11096
28634
3558
19319
31830
23282
8614
17250
25690
30680
32600
29534
18030
5057
7280
9184
3782
22881
27359
26856
1010
11603
21477
388
14423
10682
21798
20629
12256
32041
29697
21205
3569
12480
31517
13849
24477
6552
13892
30164
22040
31074
8309
8413
1391
4682
14388
11378
31606
12834
28197
30844
17154
30908
25049
26900
10073
23959
24808
14663
19431
14526
23616
27414
27699
21230
18364
30913
22545
16631
6137
11078
24
3684
21093
14884
9814
31582
25496
6244
1859
20942
12264
4826
3828
5570
4663
9129
28305
5394
15632
7941
9737
6723
12787
7485
22020
18091
17132
17912
28186
22486
21098
24766
2882
23593
17743
20155
6797
6853
23364
20928
5140
12975
24911
17547
25134
13613
29351
10312
18663
16243
15303
11096
25006
22398
29633
3408
32590
4161
32725
1093
3616
14591
30018
1863
17534
7160
27996
8747
14202
4167
24543
13966
10192
25355
30595
19990
6938
23493
5328
25083
5443
24577
29492
15302
1598
31289
9299
21337
16376
18422
21918
20016
2187
4920
5159
998
7348
6936
691
11259
13959
20396
13841
6356
27745
1323
11179
9219
31775
25169
3675
12233
22157
3589
15744
25049
32545
24634
19024
31583
5098
6675
24432
29249
4547
26954
18114
12197
10444
15058
382
6067
13595
8379
9860
16028
12206
20311
31472
28379
11172
30107
30959
25787
13229
29895
14546
25369
7104
15178
28769
1387
6924
18143
31858
29441
16944
4605
10426
22411
8622
28782
10722
17628
13469
7997
32221
25069
25503
3030
9850
2853
13331
5737
29237
18391
30604
21391
18259
14605
3969
4400
9518
25988
6470
8868
20429
1783
5690
14360
22967
15520
25667
17716
9
18173
6775
15099
3271
12496
7708
6386
13168
2409
979
6532
7125
5159
4368
32165
3882
4413
29133
15286
31582
946
30336
5544
16552
6316
28234
23141
32099
5101
29041
22123
19483
26014
12304
14266
10216
19787
6413
26865
27386
11824
27980
10164
7030
30899
4898
23120
31361
19761
15885
26786
2457
15357
16034
7221
31276
18086
3782
19370
15203
1657
28193
21853
6719
7239
8912
11589
10216
19817
12890
540
23106
29184
9958
15808
6848
6273
13483
25818
14205
626
21415
6589
27273
24174
8596
18065
27520
25455
8216
12976
16226
12621
9020
1872
15006
6785
1055
1891
26992
15151
27628
32443
21101
356
19209
11378
18269
2716
20625
11401
14408
31367
30213
9423
15572
12044
29502
14596
18382
30095
11942
2623
14598
9583
32168
17805
16736
17363
18789
1499
19752
5287
27561
3350
26790
15585
22557
6288
21234
23049
26046
21670
13066
13048
19597
13216
8994
26080
11144
11224
1595
14220
10970
8479
23543
26601
3663
32092
1708
12230
19466
15478
14263
19416
31610
28532
30227
14593
12426
31459
29482
1489
5912
5240
8682
23886
25257
17399
17436
12016
26203
27475
25073
6128
26907
6679
24542
29123
2583
12292
9898
10721
18806
4860
4550
18122
2375
31775
6108
15947
6840
8243
25002
253
11145
14153
17169
24336
10176
10141
19049
10822
25501
22463
23064
14658
8656
27632
99
12291
18922
29391
388
12716
25362
17717
18428
24454
9977
7517
12074
18759
16656
10568
23581
12949
3576
7263
6311
20934
28473
1115
25778
27626
1848
25954
12759
29195
29027
24946
32045
947
19119
28419
15199
31407
7748
25320
19202
25619
2678
20855
24869
2686
12792
2793
9257
30111
19788
14084
26835
760
28798
21495
17823
31714
22802
7301
28759
19666
22587
6501
6629
16858
11598
25065
15462
27763
25717
20447
3967
5753
3496
10933
5876
26231
24537
3552
32630
6437
7279
3709
15805
29743
18166
25657
9175
22072
1301
6511
24768
2079
15040
1681
7730
13185
13998
7369
12478
8831
782
17376
3612
11457
11894
20318
32192
30138
8476
20211
14253
24622
21064
15893
25998
23282
29193
22251
14851
27380
23336
3178
4665
5755
24922
28606
21949
5551
20409
1259
2194
27739
11125
19124
17281
20722
3783
31164
1712
1232
12327
16107
6774
451
27071
29971
29294
8394
21791
8659
18122
7708
20274
14780
22506
7788
30833
28595
4142
6508
1366
5014
30728
19856
29460
17443
12373
8468
29829
30741
26349
5184
11108
8847
31096
10475
444
30398
14980
25406
14240
3771
3285
18362
31005
31150
18684
31356
4205
30009
8492
25536
2157
22036
30536
32165
21330
25588
22848
12080
18839
11442
6046
22674
5433
4777
10844
29870
23847
6752
22521
29654
17652
15209
21196
13269
5328
14472
16535
14643
7606
17176
24671
3508
11751
28075
17019
26658
10646
12785
18156
332
7141
3547
21996
14927
21520
31743
1737
30740
25320
19263
10484
22554
3204
6565
25429
8822
563
30354
24034
7448
30900
28696
10608
9295
28330
4004
22985
11408
14154
2528
1534
4467
7511
9687
8959
22014
12880
8027
27752
14886
7656
2211
20382
18835
438
28473
3355
18340
17710
18452
1030
7347
24016
26368
23559
10394
26527
1351
345
7797
8661
7050
10017
19882
9173
4848
17406
31783
24161
4483
15585
13803
15629
26070
12831
13768
31731
21995
8900
19303
1449
21845
23083
25228
28016
26266
23499
3995
22958
11227
16724
17756
29343
27319
16123
6139
10567
1900
16913
12627
27307
15167
24027
23147
4928
2591
31390
15937
13988
15237
31481
18887
3980
23198
19319
19756
11262
428
4197
16988
10688
29866
26081
23754
5904
20270
26164
18029
19349
18836
27234
11784
19862
22873
14591
2735
5994
12485
5955
14471
20783
25037
28769
21197
21183
10295
1813
28442
480
7935
25980
7653
24763
25850
32553
21577
24720
29881
14709
8968
19623
13232
19990
24273
24970
31895
15348
7614
25713
10513
14904
11809
20222
24204
24997
27264
25386
8808
43
3806
15232
31067
19129
29500
11145
5652
24916
20320
1159
23326
22886
27605
4709
13320
16984
25651
25839
2499
22626
24225
14655
22091
22946
23703
6007
7049
12652
2281
30902
16761
28130
9985
2372
8072
13252
1899
23312
13632
9353
9624
7261
22054
27310
21211
9912
19683
24654
4792
31277
14755
1011
3166
30906
12219
12204
13682
30212
22158
18015
6670
28489
4529
19297
26122
32662
29773
6212
4986
25658
965
9456
25207
9594
3481
5621
32291
14214
5259
1312
29415
10156
6400
14413
23039
10700
16552
14971
24121
6668
8545
2854
32249
18124
13145
22481
11905
5853
11891
29666
17519
24557
22253
690
17799
326
32063
2021
1971
5817
13638
20983
16712
22484
2209
29464
28299
30556
10332
15418
12404
5879
25035
28264
2226
9000
23225
5721
5870
11136
22723
17989
15188
2835
6142
8695
16976
29994
29920
28964
32149
14903
27997
11259
28260
22798
15696
13821
25867
12369
6685
15119
14764
25644
20884
25293
575
19523
20505
20002
27098
32233
20994
4885
3376
18067
17473
10982
89
10892
6211
1626
25041
15338
3864
15443
7874
24000
16339
1699
19590
18325
23860
290
15207
23829
32388
24319
9898
11783
28609
2643
9677
12927
19707
25084
17164
5973
27902
2472
23338
11989
24369
48
10861
22968
190
28712
10987
31828
27891
28340
10244
21519
19689
7324
11056
16665
19043
23971
9723
22619
10744
6677
32077
20906
20597
16032
23023
9793
14205
28260
25163
29550
5490
6989
16755
30091
15513
30881
8037
12080
30072
31701
28302
4263
22659
24485
12940
13216
27384
23908
9272
32550
776
4240
22244
18386
14135
14505
17121
16447
23813
19779
22853
19901
23246
6235
1258
5450
20719
19175
15546
21694
24106
16304
2858
23621
844
24676
12037
15378
27148
24807
14699
31314
4919
17643
19737
25951
12298
25536
25323
22071
10975
24173
14238
30508
8973
15359
18139
25309
24585
8225
30577
12132
32721
20461
23779
14801
25738
30978
12834
17880
9575
28375
29083
17862
1742
21071
11892
24249
15798
22413
4883
32017
596
7689
10465
3362
13814
20195
19789
11307
8239
30072
30739
25996
1844
17972
14014
20531
10118
18343
363
8280
20177
4570
19665
362
7700
6115
32126
19529
14083
12215
8291
28085
22698
19520
3219
4359
12114
7599
21064
25374
23464
3092
6951
413
29980
16427
24517
27220
2952
11897
5737
32507
27666
22680
16148
28966
11603
14544
28862
10869
18105
3047
19427
1291
14121
27961
30270
26690
32489
30987
981
7581
28862
26908
28981
29183
7761
24445
4863
30490
25559
21411
7843
31017
22257
21947
12396
31970
7377
7229
29373
22950
27551
4036
19098
17404
15131
18717
11625
23613
26755
13725
1018
5521
20919
21944
16070
2329
11163
18896
32628
2414
6077
8523
31650
2635
15672
8168
31969
12422
26840
27987
8705
7749
30846
25335
17808
20334
5574
27667
11677
6751
1000
11280
26817
10464
1244
24338
31841
32085
6594
10445
18477
22585
8832
17818
17132
4551
8365
20937
29820
15354
8622
6969
20756
8376
5150
12583
22989
28746
3188
9796
9825
13328
15583
14602
15410
22899
9333
22095
22158
26906
14733
10779
1073
15969
4969
12983
15883
21255
22297
2566
23364
29478
27547
22808
1662
28009
14663
10749
6234
4985
30827
3031
31549
7864
21298
15667
31828
19762
24266
20634
11733
19153
12229
32610
16008
15056
3520
7882
27271
30065
2627
27463
26946
19955
32489
7704
31941
29886
14017
288
1598
18914
18163
29941
17337
13247
23207
7477
6959
19973
30242
10009
5823
1248
30002
24140
30267
28780
18637
1021
31206
1135
14325
7219
19068
26695
10206
9568
8819
2849
12115
28218
7297
18540
31062
32198
19294
12430
15111
16821
32459
18901
16583
30452
22995
23984
22172
127
7761
9759
4055
8310
20914
28520
12789
18290
7932
524
18116
28185
6671
26873
6599
11504
18476
26625
9434
1649
4531
13963
12313
5982
305
21128
10495
8532
29593
32681
29899
9123
7634
18127
16936
30301
2930
2500
7692
7085
31434
32552
20449
15210
14882
10926
16611
31980
27205
9608
29385
13087
19009
19231
18855
3797
28776
7688
11539
19297
5274
31027
17543
2401
20423
24934
21254
19419
29871
2794
30210
19340
26092
26501
19326
5244
3379
20648
17264
8662
22487
8680
8297
27639
23694
22450
27511
7365
3704
1595
24395
24130
8541
15543
3735
30561
823
10443
18874
11032
3824
3652
1951
3510
23660
26377
21986
17527
20938
16206
5173
25429
23015
8715
32515
23842
25636
10669
19795
14804
4458
2315
26094
1824
12907
8347
28612
14154
31530
29670
16780
25147
4029
4921
29867
7380
20049
19870
8023
23170
31344
16138
31228
3346
11647
3800
29662
30407
12427
29302
31489
25258
9029
18527
31558
14114
5194
24393
22742
5828
28328
15775
27075
876
24734
32049
13037
14221
8100
3883
27683
10693
11691
31811
3979
28341
934
30007
30788
27919
17737
18295
21577
6128
25105
2590
28057
9073
18308
5927
3733
26489
2234
9438
1449
25813
7964
5012
3118
8330
10348
17303
5263
18793
17926
1890
17323
23525
357
1552
6523
14370
23016
8727
3317
24142
24534
14386
7984
17716
161
19103
10696
32526
26727
27787
27780
8347
7358
459
7734
7794
13489
9932
1251
5270
20998
21709
22820
11338
16323
5707
30924
5159
23024
24509
11467
15979
8861
24706
1619
22932
10279
24600
5945
14126
8376
31630
2461
5353
24333
22332
23245
31726
1148
6321
15719
10867
5173
15597
26302
15245
19400
7889
19327
326
25831
16851
3989
17648
9325
13558
11593
25017
23200
8698
6062
28031
14515
23759
23612
25573
8080
1872
1979
1958
19412
7470
21091
28201
794
31786
22337
26966
9852
15496
23260
17321
20055
28096
25881
644
21327
2934
12892
8906
26771
16044
16368
937
11106
16183
30633
29623
19407
26991
16071
5185
12993
23595
27678
1759
18749
13037
26996
6476
17640
12377
1067
25461
7623
27884
12576
3024
4426
24042
18386
9711
22153
18584
30919
24405
26573
30124
811
28296
1362
14594
28091
30824
21835
8592
18145
24510
17703
26012
12320
13080
4115
24364
14515
11477
3776
11455
19313
31100
13414
19002
13300
14418
23817
13861
32506
27179
20731
30487
14859
17024
8610
5487
22109
3778
17275
23877
13044
10222
2399
31905
4621
8802
25861
20970
32189
12271
4297
32417
24534
26671
1707
4687
20746
27416
26779
25019
25427
4562
15860
24161
27538
8646
10822
544
3702
13816
344
9011
5279
21142
23661
17506
18947
22225
5319
13689
27793
16619
18282
6138
28181
30865
17954
7183
3420
4972
6599
2498
2712
18419
31168
27248
31493
643
23750
26235
32717
20657
1770
11072
25642
5855
14554
27977
26314
17421
25696
23235
12919
30706
2603
4658
18935
20299
9426
29027
27441
19060
17686
20642
11666
565
17256
32302
24495
7902
10923
3562
26668
17814
16442
20821
11740
28656
19757
3004
19241
25023
3288
13999
4279
12588
25749
27313
6980
5381
18628
16435
211
27992
29455
15556
22793
14913
19955
8322
9431
29952
14715
10196
22873
32590
3407
5467
4606
7410
31726
6181
11754
11151
15160
25124
23704
3264
5679
735
24004
30310
19454
23144
30856
7489
24635
14478
28101
28094
16489
31827
27076
18192
25281
18337
14621
27778
16946
6968
17624
8460
23462
28395
6611
8484
4231
6668
32611
28374
4737
8229
24894
9239
15498
13800
4249
16215
32032
4713
8333
7765
13778
24715
25023
6967
13314
25784
16704
32730
9961
10966
3762
17255
14044
20598
28077
17959
8653
16206
30305
32664
276
27625
18812
21184
7280
27805
6990
31937
28232
31934
31274
20910
15671
16401
21520
15261
28360
23171
32650
12285
30590
12315
19412
3882
3096
24878
23615
8767
30738
22226
21207
11052
15727
29588
3652
15112
25014
15470
32494
17064
3131
3571
22373
4464
22943
12749
7167
13929
2202
26729
21955
30612
25592
15089
27781
21374
3554
10619
27731
16661
4191
2432
14864
8634
22299
10383
31583
6551
30310
1858
13763
16947
25471
16498
26884
27459
531
28839
10452
24004
11009
12754
31154
21830
4192
32575
29967
9099
8899
5573
30895
12880
23483
9280
25939
22379
4510
24641
12437
12054
14471
21251
19987
28811
13470
29345
13263
28881
8602
23431
32214
18389
13188
15910
29984
19388
5309
21741
32184
22136
25922
30324
12316
2457
16175
6138
8679
1126
25730
21521
8621
16429
31266
18840
27175
1751
29728
26346
4240
14271
5948
30037
12878
20165
13227
30926
9685
24990
32023
14306
13001
1902
9192
32752
5474
24216
5058
31126
20757
9428
31566
8553
5745
5507
318
14569
16455
576
19083
17332
11277
22968
13825
25849
29060
4283
28926
12592
15769
8595
18807
18440
21641
5524
24891
19105
32585
19700
9852
508
26661
30941
13707
18864
10919
31681
2019
4830
6842
9198
5225
4966
1807
29794
17650
30043
31424
28640
25862
6837
16948
6723
28132
18758
14146
9235
21445
21232
6297
29782
14437
3604
28767
1192
9920
12877
19992
17294
15385
27999
22474
28936
25153
17514
30302
10597
32534
5476
8522
4699
15690
19653
3437
24151
21094
9092
17210
6674
26126
31043
24601
30821
32390
7879
1802
4190
5749
9386
17548
16787
16361
596
27069
12982
30876
10535
8898
7786
4982
22522
19561
25173
23378
17097
19725
1143
21253
25258
29883
8890
13980
515
10386
202
8678
22779
23920
10278
51
20014
9675
20088
10586
12197
22236
30242
20481
30725
2307
32025
9496
29702
30567
3574
21671
23591
733
10058
16330
13985
23563
11570
6137
5529
6349
14636
16269
1433
14551
7209
4992
16449
23964
18148
629
30522
14703
3185
5368
19308
31208
29465
19206
17521
12682
1893
29392
23625
1186
25977
23740
29519
7538
27811
4269
16491
11151
20788
26756
4490
29320
143
13287
28747
11208
2943
18753
32507
16318
2766
10249
8644
6715
12819
4168
18465
7707
1227
13141
27285
31783
25003
25059
4253
28986
22581
23358
29411
12195
31882
8658
3508
30667
11647
30957
14260
9240
242
28614
4305
11280
19039
7613
23925
25282
28590
29668
8704
29793
79
18367
4725
26419
17033
31560
10867
9129
11023
26166
360
18384
29397
25727
12033
18920
16161
11804
21477
11857
4069
23564
6818
21679
26700
16027
17639
8262
26003
26852
6389
32678
14362
5525
17232
6029
12987
18674
186
5385
25690
21533
9313
27357
28605
7572
20056
32294
5534
21243
26180
1598
9471
26652
11864
9185
17854
1836
643
29582
20841
22095
6119
7984
11859
13919
20622
13054
24808
24297
30552
14752
18237
31609
30776
25491
13036
11800
26784
15822
21790
6930
29754
15270
12521
25085
473
6127
2013
10230
9391
20836
29913
5934
11712
17993
10531
30630
29078
13134
32696
17718
5687
6583
23265
26324
32084
20666
7
27411
7875
17960
26056
28138
26416
12880
10315
2999
28431
17185
6096
1411
7636
654
5515
31368
3431
31799
12978
23280
16850
26181
17877
30688
2365
20885
27246
21685
6173
9498
7865
7566
13736
26748
29637
26378
3212
8709
971
6995
29664
19390
8896
14427
17499
9173
32038
17253
3524
23618
6439
5576
16553
28074
28132
26351
8276
4484
1291
14245
4347
10106
23207
655
5687
2578
28477
22010
5559
5773
16404
15064
12854
27664
6612
3332
21162
9729
31059
10446
10687
5556
28331
4531
20867
16199
13968
30316
20323
7626
32224
13867
5206
29347
892
19233
19800
9265
3159
15939
6170
28592
24012
2126
28664
29277
12853
1032
26411
19930
23481
21961
64
27603
2405
27707
15304
9442
25214
32350
11858
20144
27670
10959
12950
30046
27870
7241
3059
17443
17211
22380
3356
24886
24988
5565
5902
16622
25866
20975
1093
13351
31233
26977
21551
13801
894
30439
10977
15428
14425
19149
30985
4222
10965
9241
24611
29297
28278
3857
9968
2862
20498
3325
21028
29414
21547
26926
13663
19979
28540
24383
4191
17842
11730
30363
3188
24380
15133
14143
11828
30517
711
7106
3951
25468
22852
25746
30054
164
25579
12416
5943
11931
13060
32383
10396
137
16930
31912
31957
9211
21171
18562
21987
17217
21717
1153
13303
26388
21099
26316
14634
7037
4208
9539
30062
23538
23180
25281
11973
2753
11493
414
31153
30642
12344
32633
13803
14823
15400
15924
17239
24840
21462
24127
824
16797
20657
3610
31137
24763
12176
29461
9004
17123
13310
3931
21229
8743
21972
18734
11433
20366
11534
30580
3908
17338
20439
6003
889
8904
22246
4057
718
14200
31757
9471
10950
10638
1807
622
12376
29560
31923
32163
10144
23344
17430
30223
29653
29284
13893
30306
29563
25045
19467
31497
15577
1021
24072
501
32430
4852
11011
18335
22816
28052
6274
21833
17141
14300
24983
17542
20229
23186
10236
23548
26095
9772
7010
26985
18444
7409
11015
31972
27553
10332
30087
26982
2905
15809
27380
11912
30962
13874
21800
12174
2102
23972
14938
23461
9773
32078
19952
11113
28817
25938
25492
6058
24962
14751
6282
28016
25467
1558
10049
9020
24965
24044
6440
5009
10154
2639
19138
16563
10157
3148
30205
1455
30200
30192
14016
22683
4822
24237
15811
543
21474
30464
9635
28213
448
32593
7734
31276
32266
9755
25116
25587
1421
4428
10902
16020
25270
5871
5531
4095
9287
26888
12841
31753
11342
14527
9946
8372
11096
5313
9911
1969
23522
1764
10320
20771
4624
13578
4877
31654
29602
2375
22207
28048
27683
9542
8570
9079
12643
9448
10151
10227
27688
29743
12885
14500
22817
15451
26576
15479
30235
11346
629
28454
3959
8261
27076
26110
16860
27793
25015
20965
17449
20451
17490
8859
3502
20640
31100
28480
11419
2436
8461
18455
24760
10633
9000
21897
20055
11018
6859
26733
23944
1576
20132
24454
6539
25197
11303
1613
9355
2991
30941
20721
5001
11831
11775
6557
18070
7715
12867
17145
4421
11785
26102
25587
18272
22749
13643
24767
474
17173
9459
5404
12293
22282
3309
29658
18693
162
30112
16281
12677
19500
19239
16595
10664
27787
23276
7453
22338
27799
20344
13225
16457
4032
7817
8976
18822
9717
7525
23630
3472
22212
12143
26382
8187
10178
17144
15145
4301
16941
4183
21353
17457
15312
20284
23954
29296
26407
22081
11171
25628
28356
22722
19033
16015
16369
14063
24821
29844
2199
5151
15935
12131
19550
10088
14027
17363
21782
31340
14459
1995
598
2677
14149
7161
15458
32709
22326
32199
3666
28455
30647
30091
11121
22986
1040
13566
25572
24399
11562
14832
19596
22049
28825
18746
7725
15877
4313
5619
4047
16626
25304
26855
12388
13858
5301
23620
940
23401
20936
32663
26198
14534
26594
30711
32104
25144
20950
28800
13536
3026
19256
28420
4507
9234
20836
24828
23159
26735
13762
29893
23733
10289
9545
4873
20385
10629
18754
3195
7028
25809
25935
20423
1913
2629
5803
15304
4975
1459
6323
25084
47
29856
12966
19766
19342
17051
12969
8339
9093
24525
6670
8879
5263
17874
24277
2329
30547
16071
26227
6148
24963
8868
7635
27199
7684
32460
21147
30055
28751
23523
12720
7771
10007
5600
3836
29168
16940
31331
23151
21990
12191
8520
26179
17947
25639
13180
25221
29183
21187
5135
12753
20040
1953
8075
31581
28391
27199
30085
7736
15674
27344
113
27092
24195
7905
12219
16323
24217
4412
6163
702
29405
18700
28168
30443
26992
19523
3800
30560
6307
8505
2950
9443
25263
5013
27182
29171
8615
16497
4502
12301
4010
11705
4869
552
32605
28884
18008
22658
30872
10375
27730
22942
3424
19990
19252
23693
31510
8620
31117
22638
27629
13820
19284
27953
27810
24361
5428
27040
27239
2275
14887
29343
19744
14292
14150
12210
465
14906
8672
8385
2391
19413
19401
280
24407
12547
500
23474
19829
3370
6468
13495
32454
30806
15776
27715
26503
6179
14150
15977
21775
16350
6753
1144
14850
23527
5341
7036
2760
11353
20090
5128
15933
4845
3871
3891
18090
30748
8050
27873
5877
2948
6053
12100
2068
25485
4242
14242
12999
16460
27403
16472
4487
30120
8555
14367
32441
16571
22385
25230
25384
3195
7247
25056
10418
27033
4861
3576
17730
15785
29907
15522
29182
28036
8791
24348
25281
1770
13908
6357
4555
11628
20268
13172
29623
20105
622
5148
10158
24856
11947
5614
30683
13286
8070
28112
15902
3999
14347
31597
261
12274
5954
11133
23800
22512
27395
20295
3507
1461
25867
3428
11258
2379
1616
20421
29575
715
13458
21240
9544
3013
20019
15014
22983
4066
12360
20321
22506
6344
25328
18844
17372
4414
24549
19963
14923
17297
10064
32462
11220
5942
5858
18136
3259
20912
14112
16724
11488
24245
29438
25402
19438
25484
28080
18878
15830
8633
27325
21017
13180
27868
31829
24205
31663
14295
27620
27811
20575
32047
4327
24760
1034
1717
2559
10935
9080
22629
3139
10280
24488
17038
15579
26474
21514
24371
18635
12348
31983
32433
12044
30083
29245
18339
28897
5191
14951
3587
7272
1022
18844
9618
25967
23565
319
13177
16522
21132
17304
17200
13410
6217
28617
8863
21840
13840
23043
18819
7979
20266
5113
20500
8542
27940
6549
14565
12605
14546
13802
4619
5785
17554
13419
12673
26257
19413
12890
4299
172
3036
9347
3034
25125
6592
25897
1840
17286
22965
24129
16708
13432
31631
9182
21288
10714
8326
4845
9321
12816
3638
18466
22071
17310
4842
818
27077
23029
32537
19011
9715
21644
22577
24992
43
19507
10388
27570
3208
21157
4320
17708
14654
20572
32372
29061
22838
29865
11056
11179
16888
27651
19067
28406
206
20640
1931
3162
27430
2370
14561
8162
3641
2644
27922
31321
16874
11573
13517
21322
25329
4564
19994
22316
30776
15997
5344
26070
18309
29170
23722
5433
7514
23486
6058
19533
19482
11974
28415
2636
9836
16929
12339
11807
30948
13353
13320
21013
18145
17362
8820
4059
20145
21563
14314
16553
6396
20099
28635
3513
5983
21982
14461
25853
5719
488
5067
9745
1633
4921
18893
7023
24671
22073
4121
5090
10558
10293
19098
12349
22742
21171
18832
14668
10257
12547
10456
4619
2640
21527
13422
6678
22026
6293
30256
5217
24758
25385
20708
26153
4588
30496
19581
16938
12743
6963
30618
5139
30349
160
592
16439
5522
8320
30249
2949
23385
852
12140
16314
3837
9953
31647
24533
9423
30270
331
203
1089
2091
21759
6781
25859
6052
24471
25831
1899
27318
31166
5530
19482
7058
24754
4460
28381
30688
26696
26222
26833
27221
3631
8734
15819
8840
21112
22494
14582
28417
31062
27557
23742
32147
6691
29941
2541
30189
8100
19981
8724
8811
7566
9055
10541
6962
8009
5956
10878
10107
21491
19951
25793
18735
15272
30111
385
9909
14849
7961
23495
18183
12762
31318
6646
21516
3673
19321
7924
22306
23852
11268
5770
9209
24081
27722
8462
26024
11164
10536
25151
506
24885
27120
30576
18185
25184
23206
6377
5903
10049
30319
27274
1656
12895
13894
16305
8252
5032
6129
22110
17515
7349
4403
19861
21770
10832
17220
23300
9501
10035
638
998
24069
11283
1625
23847
20236
24797
21913
5833
23359
832
17094
22150
31100
13931
3293
9655
31435
24
30789
30324
2801
5833
29700
1021
8003
25937
7987
4696
18361
26519
17071
20796
5699
17559
4882
26158
4192
18857
20194
25066
24300
11014
3336
9476
12345
11656
20355
30671
98
7601
11869
22910
15324
14319
11998
19081
28750
26142
6913
5715
32675
30287
27940
24585
2397
11976
9219
30413
32300
25420
4839
13588
4543
28572
539
28492
32474
15165
13216
13763
20905
10876
8225
28100
11348
8368
41
1539
14803
30655
30100
19002
17156
4323
26948
6677
6650
25262
28949
1868
20376
10316
21010
7950
26463
5641
29417
25254
32133
14098
21148
13145
4935
22656
22394
13709
30080
9618
2638
28465
29049
22842
4566
9560
19459
10460
630
15655
11971
19538
22062
9202
32718
18227
8394
674
22390
22357
21592
16474
2147
11408
10719
6234
28133
19909
590
18211
29832
20255
21427
4827
4329
15769
30381
13044
6345
25537
26660
23305
12896
19387
21303
27912
19955
8840
30582
5782
23977
24713
16210
23983
16283
23358
6865
24717
3626
9300
29319
19660
19093
23007
18113
20939
5579
19428
20227
4693
27517
6938
11701
22913
4984
13553
3097
5846
15666
20692
12928
26035
31138
21163
28862
9198
1877
13989
27355
23484
9407
27188
7691
1233
23759
13913
12768
24776
454
7969
27071
30404
19016
23664
19089
29272
17587
20477
18618
27044
5297
7326
4687
20161
12041
17094
18819
4192
1979
26187
17251
11693
26187
8557
7876
16762
21597
2325
18297
18585
23170
18010
14793
10121
32594
26953
6688
13142
15547
22758
29956
16826
24472
1134
15179
1160
1413
14815
20107
13386
11506
17850
12755
20009
2935
16392
12952
26894
7783
10907
7666
26119
10664
17558
22025
32748
6338
14128
23497
32322
30261
32692
8414
3935
27920
15052
13788
3535
2239
13568
10429
13559
10021
25722
10129
2296
20715
12300
15217
30167
27671
10100
12213
27098
31968
4318
31079
28469
26816
28586
13047
2277
28620
26736
47
22237
20545
9793
28266
17760
18527
9520
9473
19374
27258
1553
31239
32226
30542
20353
16182
30235
12947
16423
23336
22746
26065
5689
715
30891
1398
28737
9999
23816
11302
11041
27361
12410
24658
24916
13661
23041
22540
28536
13375
17846
12057
8713
25243
8367
17224
28784
26575
3107
11011
26940
25269
3022
31268
13231
29981
13207
18698
19068
9082
22641
12779
21455
23771
18559
14443
14990
16157
20091
20334
27870
27487
1112
28971
25578
32439
14630
32131
22752
803
28215
21136
19259
27843
12160
21376
15432
30533
19265
20900
17379
30624
11497
3012
25218
30213
24372
14262
13430
9234
31126
18990
27245
842
31964
28888
11066
20418
25361
29348
17113
796
26270
27234
17069
953
17590
3982
30477
21547
32497
365
22015
22249
24631
18521
19267
31303
18656
344
1428
24741
1561
26612
10538
22758
14474
12871
2947
15140
3638
29526
23651
32161
21410
30624
24602
5633
8249
20470
7941
31415
8687
32396
11863
22718
19493
31313
30233
20873
28108
31868
6256
21820
29390
19559
24095
27932
21673
32161
19532
2628
32349
21567
18311
11419
10121
17266
26632
30210
27345
14943
25400
32210
7042
13098
11892
30853
7801
14420
16141
1971
19009
21576
2963
17985
4731
7984
12883
25813
643
24333
26910
27276
19280
28167
6732
28144
26780
23297
21249
23076
8517
30833
26287
5218
26356
19823
27612
5544
22780
7436
30246
19629
28293
30692
12676
23578
3049
3063
17102
2295
1886
9908
4480
28003
24790
7511
24251
17289
12579
3957
19852
23759
5215
14293
16497
6480
5003
16258
12313
29581
20854
18206
24428
29791
32480
6777
4299
9009
23008
16995
8345
18027
15491
26814
10490
2097
32438
17111
4826
21326
12134
30198
14386
31851
26853
10803
31622
2949
17552
16268
30899
14750
12719
22837
13031
30386
13212
13103
25585
3052
19240
30236
20667
11802
3898
32082
18196
5215
14521
17198
10419
26407
9644
26538
10105
7008
6048
1330
5879
3560
12618
18356
30512
29505
30574
31223
7328
28556
22784
32045
6525
27317
648
24267
19516
29931
203
152
14167
20307
30375
1796
1614
27901
27199
444
25580
23
27992
635
1483
26464
9475
5667
4378
4064
29821
21516
15518
7895
20307
30620
21495
30707
30409
14360
37
29637
9853
21177
31050
23158
29768
31491
1457
30390
26469
9554
27152
21750
2773
24502
12042
727
32513
11520
24568
25314
20130
5661
9961
26745
2782
26019
27111
20493
29363
16810
19837
10130
10649
6109
16502
15152
16739
4049
29926
14908
7015
30613
27247
10342
25822
24202
28093
28468
12942
21108
12627
9135
32678
29394
25482
21596
5097
20075
26070
29549
5390
16170
2380
12601
18279
14379
29793
23274
16834
14870
5621
4469
6285
25004
18832
27856
17469
17567
4331
24415
18160
4263
1714
28079
21840
8402
