12001
13276
25335
567
10926
15054
22868
3782
592
22336
18488
27301
5458
18846
4403
18610
1130
17366
8779
4978
12892
30383
7672
1283
19483
2395
17523
31570
7217
12111
560
23694
11618
20562
18345
8156
140
30420
3678
20044
22994
30850
12058
4107
26873
3351
28023
6619
20754
18293
23716
3777
21338
9460
358
10749
8542
9978
21853
17727
6755
10956
3977
3864
30724
29603
22029
1455
11805
6915
15666
2485
488
23368
14254
7579
7270
26754
23591
9474
7169
19330
9203
14451
26991
29493
1826
24912
21465
28721
6590
21002
14397
3726
3665
28309
14353
16887
16808
14617
17193
6144
13271
30443
30938
9402
4733
8635
9312
7558
14409
30991
22653
5670
17853
18416
28259
5146
14130
13026
27604
27689
7197
8730
5256
7742
21392
7148
10959
9077
29188
9091
9079
25206
13397
28628
20720
15874
9230
3796
18862
29131
20711
18665
3535
12681
17292
22687
12286
15946
3488
19101
1431
26121
6914
6615
8715
8579
10319
23557
8583
17478
680
4691
1744
29451
29877
29274
12402
21573
1257
15183
10521
12026
26888
27514
22335
27602
21223
27114
20487
11374
31348
30824
20841
27898
2293
425
10128
25606
18837
6088
384
5265
17180
14067
30972
18023
7934
8292
20903
22702
407
24978
13161
8891
14261
23465
25620
22314
23895
24376
17480
7469
25012
12330
5012
21540
3199
1528
16349
13678
26730
23581
17412
18559
14057
9929
22979
23859
20792
16345
728
98
6815
8199
11622
7861
26613
14430
30616
18872
99
32754
22151
21296
7018
2509
9310
12974
39
14124
22972
26980
10710
23020
30297
22584
5526
23359
23789
15383
7531
15011
9805
17548
1161
30997
12247
30865
6352
17537
26897
23973
3475
30590
9357
5406
29597
16696
28688
25537
29302
2477
14322
22416
9954
26141
14792
32739
19115
12731
2625
27578
2464
7849
12878
25170
10206
21283
10118
2550
23886
26363
9160
28952
2671
21829
8226
11680
10838
13907
30449
1668
9715
21988
29002
23449
27797
31128
17305
16297
30128
27559
15752
30917
4063
7635
12579
23260
8485
30875
21817
12429
15480
10930
9989
9786
12416
3247
3853
27486
29596
27910
19787
32288
4390
22583
28811
21800
31736
12613
23828
23473
27182
11882
9866
29663
7726
3593
16659
29523
16614
6116
19897
19966
12629
16015
1552
25394
27981
29989
2840
8447
30583
3385
7012
29116
24215
12559
29820
10212
18961
19980
25473
23588
12205
876
18703
29105
5783
26931
5223
13535
2986
17254
31182
18416
10989
30074
26672
21033
25182
18957
521
9516
20975
25300
7558
19585
27855
25813
4071
15222
16362
13526
18471
3369
435
22549
31967
2787
20257
19769
29032
27815
14839
29065
5695
2059
3145
18012
2222
24903
25916
10960
13737
21132
4877
23999
9207
15767
20053
23535
10642
31621
14987
28297
4175
32489
20426
32205
28097
23580
4564
31747
12891
11220
14424
31925
13270
31736
11376
19483
14034
17075
32622
6871
15296
1992
16088
4579
4863
14373
18865
25287
31813
22458
2810
10255
21825
1419
15737
10748
7039
1540
7353
23418
17803
18317
10066
9042
14169
5471
22122
17825
21988
27798
28284
393
32278
10119
19801
14118
25320
29523
22892
10691
5834
17341
30273
12878
17477
14648
8777
30218
23007
11588
8663
30084
11583
22779
23407
1992
22929
18919
18752
5588
23852
6423
9199
10829
14962
6258
10902
10609
8184
27211
11277
17741
23528
14133
13672
560
7843
30232
2496
24415
20650
31364
18231
30730
32702
15686
23862
12415
10054
4921
14329
17310
22514
18015
17742
17549
670
17712
13977
26797
27257
23602
9244
11724
614
11722
30069
12444
14754
23634
13160
18275
31655
6763
9951
13557
26449
5525
26927
2016
320
28413
18845
31206
25981
13973
11297
25520
15456
7274
17770
6336
30385
19507
22561
16296
5389
10021
22386
31353
32395
20495
4809
29567
10912
15778
20185
8747
8768
18192
28643
23633
7238
24282
6453
1940
14614
28642
26097
32542
8577
4296
7951
404
3305
371
4773
15176
29349
9966
28774
16561
27302
31094
20329
3353
347
6353
16685
22934
723
31457
5593
24635
290
26744
13768
24463
6661
15470
13380
29246
16329
6385
32658
3855
2408
1821
21040
17686
19958
13516
18778
2091
3899
17584
17618
8603
30626
25759
29665
6429
28498
7725
13209
10759
3226
5504
8798
6337
25490
10848
3237
31866
30975
12174
5882
20763
23672
11351
18760
25977
11719
23656
24405
31183
4498
25060
652
8811
22843
23988
20735
17063
25092
25119
21932
13339
28535
29594
22015
28177
1285
3041
6297
16697
749
21318
2384
31647
2655
1097
24183
2265
27873
11626
9055
25221
10995
17723
19485
25843
17902
17593
13966
23582
26930
15324
15513
23777
11904
5229
15284
15975
421
30488
13738
18404
26457
1730
28315
26242
11110
26141
11332
32671
14861
15225
31360
13109
10405
9949
6415
8857
12677
24150
30359
3945
10020
25743
23784
26303
8831
3490
12932
3243
28859
17966
30047
31713
1036
20650
21219
3502
27605
27896
311
32305
6161
7741
15809
199
27633
753
5354
30919
25542
29490
22305
10864
21026
22878
24354
30751
30778
30944
3448
32709
32143
5962
7488
11417
2766
15269
13873
4362
3060
30724
24537
7416
23989
29024
14889
1059
27167
6559
7988
26852
30843
20470
4660
7963
13428
23409
8142
7016
12411
29648
5015
25246
26473
19605
9942
3444
358
22107
3212
13438
24586
10857
32433
22620
13763
21639
12481
6706
11383
28433
19319
22616
24426
17737
21976
850
11361
28657
12148
16130
8200
8218
32745
9244
401
3127
16296
13787
16798
13173
15868
24562
20577
27471
18504
4294
7937
27484
22160
17370
20544
19308
24890
4234
23644
10196
17430
4349
11314
24582
21149
13653
28585
9061
374
22312
13134
16471
18751
8500
31036
27035
9865
8014
22847
26077
23332
2716
27705
23943
21662
9732
1732
15067
23558
16100
1816
20543
29429
9732
14896
14551
464
13513
7208
10073
15175
12971
30698
5917
22817
12008
10761
4980
5692
8826
2797
2363
2511
28231
17457
22192
18419
2457
5449
3460
27490
29901
19304
6961
27774
17487
28832
19341
27029
22470
30284
22943
17507
4491
24235
690
14552
8800
10701
20393
20764
15711
2483
2194
23249
18480
8626
1662
16792
23423
21784
22415
29398
10157
26898
26962
11960
4550
32205
11599
27252
7348
8924
27615
10194
29362
2778
14654
26092
8963
8784
16609
3889
26595
3544
23306
2224
2238
21379
8345
18068
11424
13177
28965
2538
12525
29663
8011
11179
22610
9214
14150
6390
26107
6817
5056
25757
30982
13246
13544
4579
15416
4441
3525
31876
15855
25510
15306
502
1112
31854
23722
20463
12770
12723
30318
31783
19955
21399
9668
18783
1497
14714
1690
15778
31235
10851
2795
28107
27505
9377
13273
8775
23913
18610
24829
14620
32620
27491
10747
26922
29544
4921
30297
19121
17455
25872
18321
18708
8232
17410
26980
25053
11332
10378
31858
21760
820
29417
3848
10852
13530
15561
14393
12447
23037
28193
26928
22786
4160
6488
26820
5333
29269
25261
11597
6115
24686
30422
2230
9274
11508
21735
23252
17196
380
28534
15862
3993
4087
26877
25022
30065
25640
28543
2095
2676
26972
31599
22790
25660
30805
30157
32590
3966
391
2450
17711
3213
10119
9294
8711
29983
24000
27152
28348
12116
24424
8326
13392
20980
4786
21861
18613
7672
11333
17419
11747
12621
9966
15972
26409
22228
25489
7434
14528
6061
1382
31408
1446
29109
24161
16064
16297
22349
32754
15171
7618
23646
17391
25090
3237
13466
25039
21738
3478
26372
25624
21941
30590
23218
4634
22727
20030
8401
8670
16214
9283
8171
18010
31950
14939
1125
28134
11124
20935
6732
17652
21577
25745
29777
20731
28209
14368
1041
14260
22612
32265
1946
1673
21445
30504
28715
3659
16482
19696
9788
10019
8443
5375
20158
28875
10934
13045
30116
25341
25521
3207
16802
16940
5354
17359
5429
19571
4956
27622
16611
13003
9323
27573
10948
12928
386
776
3905
25318
16123
9700
16156
2888
6719
8731
32433
5409
29486
17181
27259
28302
29889
26641
1241
28932
12525
16421
20754
8254
13259
8482
8087
21882
20983
11331
28553
10981
13878
13639
2427
15188
29275
8133
14201
2612
5995
9920
15945
10180
6399
17019
31728
25986
32746
8334
20345
12002
12316
25146
11761
23110
17862
5370
2230
1579
19903
6490
26866
22176
23847
27660
25698
9981
19530
1337
20316
977
6342
16917
20496
284
13041
3254
14094
16575
14965
13862
16648
15664
28221
14007
9689
11378
21397
18582
6343
3909
22668
4259
7685
16538
30109
18816
22908
6473
4751
9448
15052
31750
12954
22339
10893
23954
11211
375
7386
7470
28074
27904
11536
16725
6937
20035
9939
27818
31615
287
8274
7984
1830
29638
2508
6073
4834
13259
22100
27041
24308
20860
8657
6843
3373
3441
30792
23948
16983
1125
8798
15287
30416
19781
6936
17593
14968
15751
4838
5334
28621
18365
9184
18515
16981
10346
6991
12006
23613
21780
31855
21355
7999
24986
8307
11224
25801
20424
6090
1395
2395
32041
12449
323
18224
8988
18089
13508
9250
7466
16410
17119
30408
27031
23544
280
18145
6199
13717
32010
3317
7043
8535
30224
5433
12268
18107
8006
2484
19824
7066
15792
26528
22378
9387
30392
25619
32430
8010
25310
990
2517
30839
14507
27317
30678
13602
9190
9617
12503
12198
7435
29779
14658
20115
21753
22186
6938
6320
2283
24630
31120
19008
21161
6126
721
20357
18688
26303
13347
18563
1135
22901
9264
31238
23587
14815
18337
20454
28454
17198
25583
21642
19923
30111
9334
16811
22413
19802
1484
3674
8368
24729
2896
7749
29896
10508
29446
30262
18689
31869
23458
6620
13023
30896
4322
30414
14127
26253
29217
205
1342
22656
10026
25417
29256
2081
5962
27687
18739
14096
22185
5058
17021
5923
32217
17968
14452
32196
8112
20934
27557
26260
20819
7902
27542
2389
30868
5335
30648
1798
21630
20574
27799
29263
29741
3820
4436
14112
4068
29584
22869
9622
30809
2287
28219
9246
4179
9353
5652
19676
1143
3902
18898
31310
13663
5904
4093
1836
2029
28202
28580
17811
4063
31522
3993
29027
18595
32379
21982
8678
20588
12654
7002
32434
22917
16873
18384
15312
17894
20441
27154
8477
8453
20389
8306
8433
27630
30202
25978
16895
28566
4302
5341
24700
2412
29087
15532
2692
9778
19708
3789
31673
24331
13127
1706
31789
27861
1721
5926
9858
26040
4774
29909
22863
30975
10243
20588
22470
7463
25381
5494
23956
25654
32459
329
10761
27215
22623
9785
18041
4738
2425
12043
3042
1512
15013
30381
11214
10480
4966
18468
16507
31476
27515
23237
10298
5136
8544
24232
12309
13619
14872
11610
20916
7798
11818
29394
2178
8109
2026
25254
523
5948
14073
19839
11688
21293
15631
10955
28511
2175
6136
27313
31237
21696
3293
9290
5285
32222
14533
29710
20262
25658
2651
7820
27175
23294
2290
19295
30254
23217
3270
27741
28162
16904
19589
9489
20565
6399
25614
18028
31910
2601
14456
12983
22374
1604
23894
15820
31066
17937
24377
23942
28224
7779
6007
15990
18101
23157
27947
4311
342
4224
10109
8644
3878
9357
13604
5289
30512
28040
3369
20728
23917
12439
3309
30749
28903
26282
30573
30643
1311
82
31173
3064
23212
7126
22771
18046
23334
24964
11486
27940
19522
31301
19607
17733
15934
21620
20446
7983
14720
10992
18920
13783
28538
624
8543
14027
29392
4375
10667
1639
15037
17481
24944
5196
30131
22716
31319
21518
28481
14546
3602
11821
3386
5414
9370
32071
10260
27492
28603
27531
17038
28511
24531
17521
25749
2653
30167
3752
7529
25781
30358
592
28924
11677
25410
12138
13467
5437
23340
26765
7887
11528
19151
17882
3718
8779
3088
21554
19822
1798
23492
17574
20898
7420
18547
12334
17032
22278
32347
17310
17657
1196
5304
26583
21155
23542
16451
14906
8364
21888
3833
26979
22936
3789
4381
18963
11885
9949
4992
14445
789
18690
20224
6502
14851
23023
12623
4215
25370
31506
8950
15764
20938
22564
28313
5986
24188
29438
11644
13733
22320
25006
23878
8183
25444
13002
773
29888
24376
27652
32627
31842
29137
22271
30840
31924
25339
4193
31727
24754
29714
3370
16301
2163
16418
2628
8895
21851
26445
6746
21492
18065
2413
17902
16796
14771
21499
29094
13966
9161
10032
32487
18544
22136
5737
23205
31538
9593
18384
28282
15836
73
30521
10229
9354
21537
8266
2612
948
18984
5087
32181
20659
13800
31916
21097
27521
18430
5925
10250
13761
22806
8346
12463
6911
24855
16807
414
28216
28315
30667
26209
16541
12962
16983
27164
5524
29831
5770
2845
6144
563
24314
19637
13506
28816
2613
6982
16000
16448
27817
13982
32420
14992
31169
5763
22440
6823
6225
32143
23698
22276
5684
11839
442
7975
32564
30278
19155
24973
23337
1063
6697
28130
5989
15106
1320
1907
8016
30894
21022
31714
26704
521
834
4637
29932
2444
4852
26000
4912
1059
17734
410
23123
16443
12988
20798
11159
29468
28752
14108
14961
12409
30905
24991
24554
69
15085
12151
15685
1737
29157
14410
29154
29428
10656
19878
26722
9970
5482
2107
32524
20224
7006
13639
3951
23166
14634
14417
6473
2885
9746
13594
5288
3900
22072
5585
12111
22566
17178
16774
31067
9662
7516
5857
17703
30214
19400
32532
15980
20444
23443
11534
31917
7118
17889
23793
5330
32559
11916
10183
28179
28010
33
16241
24087
25495
2348
9951
20573
588
32438
14983
31964
31158
2059
7439
29158
31720
14273
23629
30034
10610
5621
25202
218
11318
8152
1922
24002
29815
24683
22280
9147
19507
1670
24071
7942
13491
7199
5427
25052
16992
17097
15201
1294
27352
6523
13373
23529
31041
12179
16187
8028
7390
10522
6864
21597
17887
30794
26593
29064
17534
20557
24956
2057
24135
13640
15558
29629
19895
19864
17716
22164
24585
22620
2302
25402
9549
27955
10705
15094
26298
26951
9669
25298
22341
11658
11406
5116
12915
4671
21750
27500
15723
13245
18059
15559
24143
31855
11156
3203
15820
4128
32586
30029
9968
31861
3141
31911
6460
21179
12085
6870
16635
3811
12754
31227
18898
28619
21014
12416
16279
9408
18857
31413
29030
29760
27037
14267
2802
16388
7771
11682
22554
2622
28637
22734
26301
24607
21022
19103
31438
19868
22991
23377
2219
15986
10572
13088
10666
28775
10702
28336
16117
23251
25826
25261
13977
12128
4634
17070
9945
22542
11522
12128
13256
5754
10069
28640
29463
10335
2929
23144
16939
5469
8969
12334
17010
2553
30234
28809
28664
25574
13856
26454
1589
21379
27017
31386
10026
13988
27498
31593
30892
4245
4977
32262
11263
17244
6683
32075
9126
28223
3366
19787
11130
5510
26698
8503
30458
30594
9764
10366
23010
13006
23923
1848
28415
8661
16006
11717
8513
3988
1269
21425
19218
10658
12688
6619
24550
21357
8341
6103
21523
16070
20518
22672
14052
28064
27385
2610
13032
276
27474
25927
26768
31145
27182
3872
22265
19667
28353
31606
18183
29625
21027
4433
27827
22331
2887
5929
12966
15668
30508
10827
25606
6908
29015
17791
10384
28978
20608
6888
1767
5304
7052
17707
24875
2302
2747
5076
8142
20356
10531
30453
32419
20634
10845
19983
12344
16747
18558
7734
19302
11065
15944
29553
14118
30698
12706
29024
2214
10180
8774
22305
1949
5237
12474
31347
19675
25942
20865
32284
12068
6384
16530
18313
29246
18368
18697
30645
27721
1079
13597
27468
5455
31749
31314
1551
13596
16023
30191
19834
9040
19678
19891
5796
19890
22099
18628
19304
30919
18232
13544
2754
28324
3104
11255
10363
4096
11953
19857
20489
31629
12201
16652
20145
16265
16927
5040
18670
18831
19468
18215
24342
2228
20489
9263
1339
30159
9306
9618
4687
30232
6956
3928
19084
19445
27
1595
26899
2576
3831
15195
27860
15533
18376
51
11437
15675
17423
22220
30422
25640
29007
21040
16252
3322
21708
23330
8876
8348
15507
11532
15731
6645
442
7993
8772
14527
16361
3652
27801
22167
9754
31185
14301
4688
17564
10874
32138
17805
31838
29709
7823
30863
29546
26612
7156
18507
12976
3060
17088
29376
20741
26907
20251
32135
20331
1779
19120
10924
2707
9980
10837
12220
26016
21593
28398
25375
4654
7114
19854
21416
6547
32730
8928
32363
2916
32090
13766
5839
30012
13325
3391
5348
1976
1957
23950
32246
3270
19694
20633
7010
4896
22346
11663
5032
29459
31325
9165
6594
4229
21513
15619
9908
32310
29341
14994
29029
26182
11081
25145
6317
23544
13526
32241
13231
31413
23187
4885
15465
30292
23443
5318
2185
152
18965
5518
17538
10234
32580
15427
9440
5033
30497
47
16856
16592
10429
28781
20772
9495
11947
2710
12814
23148
21429
25758
32714
14339
22478
11768
7688
31899
328
19457
29642
28164
20039
5531
18547
4574
23158
29208
30497
25507
19704
24411
27709
11240
25250
9017
8529
23775
26727
11301
2841
6177
14867
25869
11740
16810
6461
127
19452
17445
28790
32528
25293
27243
22215
29950
27043
29254
26459
21268
1839
15482
16760
14030
12555
15878
17588
1470
27027
5799
23909
22574
4087
28830
30041
30471
30350
3507
23751
28914
13165
9594
16262
2748
24377
30933
31357
3839
13881
16058
25947
16639
20399
20022
25736
30418
24425
10674
22363
7876
13715
20342
13965
13305
28879
29547
30445
26196
5768
1573
1110
31128
1410
11552
26846
8141
30390
4170
29777
21222
94
8386
30686
29088
20300
15584
27151
9133
2687
21877
1791
18706
5368
30804
16583
30926
8650
25617
5177
21180
20081
2312
5585
10426
14180
7073
19176
17163
15086
7123
9003
17402
24121
30183
9804
28352
2220
8319
10743
21928
2422
23510
9224
13169
7019
30281
27899
29684
23312
14871
1699
12295
25329
26725
15135
8352
571
25989
10251
19774
16774
31351
2547
31108
10739
20400
23565
5671
631
1307
8231
14603
30582
2910
25310
24745
24724
8798
20497
1716
6344
8453
27541
17916
7346
27203
16938
6034
25390
13138
9902
27437
9257
32575
20369
7884
435
29606
26761
6557
18262
27325
27783
3614
13222
26259
23529
10114
26
18842
8945
9814
6938
30820
17526
12388
18521
18602
7385
22488
7013
24978
20795
7585
125
28977
16109
29466
18338
23375
32552
32490
26096
17771
21247
10537
24879
9215
2961
12996
6566
11526
17027
23586
26159
21434
30382
24327
13969
12706
24852
16313
12297
204
5657
14690
30762
2904
18160
18870
8680
13366
14163
8149
28911
32047
15223
29299
26425
11818
21055
310
20703
424
12208
17759
16943
31378
19365
5549
15360
18228
18627
16766
27202
21897
18352
26424
12505
31929
31360
2535
31404
24544
3184
10792
32504
28177
12759
26181
28907
9115
29785
26017
19822
28810
3934
4951
15170
26737
28866
27678
12622
8039
12751
25456
22327
22608
7272
9195
21554
26718
4230
12023
22
29655
24041
8105
10934
26648
26119
5351
28013
22234
6729
1741
15098
5812
10870
2896
8590
19681
30575
20001
29476
17476
7710
16340
18449
13737
11945
16450
4060
25934
25579
18476
9295
14754
28452
22049
4814
12108
11247
8865
4072
20079
20597
24450
18732
1324
28129
1683
2366
2921
21780
31616
25130
13265
13209
1269
20983
19996
31963
24838
5504
32401
29589
30927
7551
11977
26507
30551
23019
31669
31608
18363
20356
17635
1863
16008
11180
16636
27269
29288
19064
15250
25367
2049
25351
24600
15400
29978
19986
13874
26982
32511
6853
13104
25198
30759
26061
1236
21124
277
9907
31068
28808
20604
26472
10428
4901
18086
6689
17196
21836
20502
356
10466
24289
23405
24163
12065
9652
26250
22922
13938
15026
26357
22868
30258
30557
4478
15202
8524
8057
17697
9166
18504
19208
7469
22205
7301
11385
28326
20531
30914
1821
13543
3628
21219
27098
12683
16616
31474
547
17294
21894
19301
6951
14768
3796
11935
7497
9242
8294
7609
8657
26948
32741
31873
28385
8726
24746
30403
28586
334
3467
17096
31967
18977
5365
27933
2410
6693
31548
4501
1887
2670
26414
9617
6446
27639
31982
14207
25372
9028
23296
18337
4340
26438
28064
7696
25593
26495
3160
16896
23840
7527
5585
30277
22396
19725
32234
24343
9978
30977
519
13586
3918
19826
30635
10624
10029
18068
26954
24539
31677
5700
30040
8334
2122
3311
9126
10492
22074
2480
9454
15555
22851
13752
12461
23618
23515
3827
30000
17497
4080
1513
19954
7023
6106
13026
13349
28602
7054
26189
7567
27322
15892
6242
15767
24071
1851
31751
23712
3405
5515
14576
14741
22933
11387
4363
10693
12742
29412
29979
27378
27755
30134
19618
23460
28342
17130
29957
3523
17605
12471
15339
26469
3877
9481
22758
17893
27029
28975
10837
22325
12044
5587
14729
7541
16125
816
18982
20676
10201
10623
30924
4950
23254
28082
11511
11206
19695
22117
25124
14766
10539
1298
3126
6262
30755
20356
6935
25705
24766
3470
24994
22030
26176
28412
25537
26549
18307
28106
20434
31056
25475
12436
10064
26244
18209
29006
23215
17152
18464
15413
23687
12558
20852
6917
28661
1639
17596
109
13887
13132
5389
1984
16310
8146
32497
23789
9185
29566
431
24753
25815
31505
32205
23819
8685
8357
7380
24049
23953
10745
26195
577
23158
12554
9766
22778
21490
2787
2040
7852
5540
4277
3079
28461
13913
32554
14631
16270
31280
24567
12298
13389
8189
12721
958
10188
7660
16865
31607
29954
4455
27994
8591
23153
26169
15050
17355
2392
30963
912
18656
13609
14478
7885
32566
14141
2899
17086
18667
6855
31480
4169
18715
9479
27660
31957
30303
11712
25749
3679
13971
23531
9719
7626
26589
6829
7703
4983
31466
23175
29633
21014
635
29389
12871
17340
23585
14169
22635
15669
22084
5760
20095
11163
30570
21317
1995
16423
19126
12237
21295
3656
21935
7187
7946
20466
6980
15581
13402
17465
20492
24303
11556
23582
9170
10878
10774
10665
17488
10983
2923
17720
32059
32417
12559
7446
6528
17264
1539
25423
27086
4828
23300
3523
5204
8930
21607
7290
4556
24297
28488
6711
31672
3320
25059
2896
4075
21285
23362
16060
3404
12625
26137
13678
19927
17170
29422
5089
16868
24049
19836
20981
12460
24534
346
7417
25097
16832
29144
8201
5501
17081
10538
9882
27254
16138
8904
19795
7632
1963
5396
13599
16540
19965
32317
27776
19488
30651
30820
806
14110
28462
6398
31680
28762
17313
24442
4114
25174
11797
30499
31559
25696
20022
20551
16009
15566
13197
21657
5072
6281
1782
15060
759
7112
26709
15777
19733
28702
21637
14779
8714
29623
10129
30545
21592
28127
3879
8876
32565
27843
329
14353
21214
12412
2886
26345
31533
18249
3305
12319
21614
16156
13296
17354
25199
4185
19391
25100
15830
9690
13654
17209
27575
9782
7041
19260
21350
25155
14158
3127
18058
3289
14532
23658
20339
8153
10194
854
14766
4718
20870
16930
2262
17555
5504
15165
20908
17366
10149
32069
10602
19803
6680
13608
8021
12579
17254
19337
29842
31374
21760
29029
1594
543
13807
24566
7601
19584
30147
20439
6963
23238
27596
27498
11951
20469
22157
16503
4825
4039
3950
29973
32379
15017
9905
17358
16395
11015
31655
766
14211
22473
9508
15228
8813
16414
15920
4732
28221
17528
27391
2740
1252
4312
10788
24766
18338
31819
17921
1726
11292
436
31362
836
12206
13773
8971
14196
5378
24169
1198
20580
8162
3836
2210
26565
17226
28252
31472
6086
30146
2505
8560
1589
8170
22828
16116
10983
22871
22684
22211
21851
26525
23334
17481
13722
13229
31438
31500
27745
10594
18897
738
26242
13654
10541
1122
1928
21754
26723
31128
26522
27878
4732
22269
10402
22893
3146
16549
9902
28021
26608
8123
1942
21381
4517
11307
28127
1312
14772
16030
21215
19538
8135
32427
19490
904
9062
16715
16397
1957
15803
11150
19905
4177
18584
28045
27714
25236
14011
10656
1241
4517
8528
23505
3254
16892
20151
21904
25050
8878
5768
8616
28468
4346
18132
25713
23562
6687
28334
3143
19099
20337
12778
26172
27139
8364
2597
27402
24414
12424
6406
22604
18992
22414
28610
27117
26629
18729
28646
18400
6996
3840
10577
31761
22953
20099
22911
1180
17667
3268
28686
22078
29819
25737
15482
25352
12327
25247
10540
31067
9278
31857
10163
3856
20349
21721
12881
19703
12489
17205
1721
28291
30741
20670
32279
18883
16006
8213
9809
5012
2517
29471
140
13334
7926
17171
2291
16220
26615
7889
27571
26216
28970
17270
2890
29782
16774
9005
15362
11223
4683
20040
22712
6369
10725
29327
5346
10917
24083
25815
12241
10690
328
26839
27955
24248
16210
11064
30427
31903
11577
8683
3013
9241
4202
18111
8276
4741
8468
24627
21471
20853
19411
19592
24428
31330
13964
795
25019
25247
3224
16370
11399
17292
22052
3477
30472
13068
24279
8479
6588
57
28598
15508
14183
18518
24645
2933
30553
22532
17135
11666
13551
11449
12456
25632
18524
10863
30673
5387
19625
22937
12892
6286
1787
16731
1840
1280
21269
12794
6863
27889
14621
5010
29494
17269
4259
3335
21253
23232
21727
5949
20447
12531
3642
20620
10260
32566
29969
9326
7037
16135
12725
7035
19368
6609
23990
26520
26421
30401
10849
107
9344
6869
20615
25618
20353
3894
11648
20500
28400
16839
12656
1687
17580
5118
713
29652
11613
19443
31505
18377
9048
7094
24806
22573
26820
13030
831
24233
7419
3711
6644
26437
16691
31476
3969
801
28766
31870
6151
4965
20047
4531
14739
16506
29213
1114
10659
29051
20428
15486
9190
22502
25898
18881
7748
25496
11768
5875
32286
13048
9034
31715
13015
21362
18993
8565
22931
26151
5526
27637
20030
31970
8041
24491
19921
17230
31996
13232
3536
18535
12969
1792
27927
31791
2747
27599
8663
13730
21388
15649
2268
21739
18666
29333
31249
21976
11455
26241
17989
26252
21233
16964
16943
22132
9352
1240
688
29052
24079
22439
11865
7042
3388
9632
2093
16394
4563
10377
6056
27188
9671
24727
4608
6380
12450
10812
26794
9057
27176
26176
8480
16824
4151
26643
23010
3585
13298
7778
8378
4458
25119
10728
32325
12722
10956
22151
23215
4833
19513
10903
8126
16695
1266
126
15378
14178
20796
24192
27563
5364
6066
217
27051
6419
2352
18953
28509
13682
14320
3440
9335
19841
10739
26650
25756
30177
27299
7132
32293
18459
24502
8352
20001
7825
25941
24573
23962
19637
30078
20235
25627
10104
24231
23157
21358
29190
19876
22735
20650
688
11978
30506
15982
13353
10837
21478
15463
30454
16391
15304
16408
5920
17938
15692
10970
2604
20280
1597
289
22860
15409
16258
9986
31703
31821
23355
17906
13815
16730
2317
16337
20386
10952
17593
21287
14283
11275
13044
21677
26585
12865
16499
8719
7000
19733
14149
12784
12270
24291
15973
25902
16785
6173
30608
32104
22264
16877
12116
23742
12879
7195
21354
29400
6703
21042
9029
31530
11981
19422
20203
28790
8050
23705
30724
22930
21547
5766
18736
21355
24513
17565
6046
31818
19947
20489
17115
9302
8643
5326
18151
26459
6263
27055
13454
5065
1089
24399
1013
768
21401
31382
30068
18122
6313
28246
29859
20521
9473
6191
12728
29524
3468
17584
25872
27900
10946
32446
28939
19667
26912
28218
22045
26959
32213
2526
11554
16555
21439
8296
7154
27440
17557
31995
30774
690
29286
10946
3194
9053
21826
7126
13187
27058
20791
14178
15842
4556
26751
4869
21961
7144
24055
23415
21790
6692
23507
12400
16846
2951
29328
30661
25700
26690
1067
27604
11482
17205
28561
26915
22958
9397
4182
16196
5433
653
26281
2300
32061
31042
31624
20388
18621
10908
21808
32206
17
25953
4056
25900
31545
31332
28318
23470
6770
25278
30914
13291
27911
7004
30482
5314
14954
22970
26021
29761
8579
32237
11724
14789
16968
26087
15430
19299
9614
1527
18355
2695
22302
27279
23371
987
26124
1866
31184
22123
16196
30509
27841
5638
5734
4654
5073
11495
20692
31730
18584
149
9993
4059
10887
24071
28716
20034
26401
28940
19428
12033
21096
19178
7791
32053
25494
15429
4846
8258
27150
1603
6147
30231
3730
9966
2718
8883
29878
17626
788
30951
4245
32263
30834
24670
1218
7688
11792
23772
7298
32613
8041
6851
13880
7231
24105
9435
12832
4658
5768
10066
14656
7552
11735
25602
28828
20331
12120
15347
27818
994
31571
29217
30981
23136
27750
2943
2149
13842
26397
28731
24783
2360
1987
12868
22537
28621
25207
7434
13393
23914
2434
29317
1358
25192
19943
31096
2375
19525
28220
16631
29331
9544
10169
15655
8529
22376
23951
8517
9561
30315
19066
6889
7282
30027
28826
21132
16581
19165
15231
21832
15249
18868
2179
19424
4129
12100
2396
8960
13051
11843
13553
2246
8539
30805
14957
25472
3295
2791
10898
9656
28548
17243
19281
9070
7121
32358
18839
19620
7506
18103
15721
28960
32072
22234
13363
29037
16287
29275
13661
291
11296
23086
29984
24168
14312
24654
10648
8887
8985
24229
13850
4320
7887
5420
8391
1104
3926
13139
1633
26003
16026
4259
94
18455
4830
22690
12603
5427
7601
11767
27411
26727
5918
2254
9328
230
6436
21630
12129
27729
12134
4201
26317
20166
3874
30756
17926
27673
2919
30425
7841
22113
6531
27113
24710
26039
31163
30421
10307
23866
22592
30814
1958
24919
31326
18155
15498
9031
19445
24620
18929
26072
24877
12797
10067
16241
16486
3213
31286
15696
2158
32703
3583
19479
18167
10192
32264
2439
4936
11579
17906
25483
16690
31705
11325
10360
16454
30029
15125
27795
31557
8863
15215
26836
19416
10535
26197
14057
22145
1709
16510
3710
25298
22734
21538
26556
989
13217
15628
9999
9451
19355
15089
13869
20081
30384
15872
11860
14143
18619
8634
30674
30203
20256
2564
715
26318
12208
5755
32055
6493
11981
24583
10794
23291
24782
29875
15960
12572
2725
17852
26072
22541
30142
15335
22312
6627
15147
26136
6002
4530
18943
30241
21517
12031
11511
32728
30023
3447
21344
11884
20066
29921
24884
25593
3804
5457
19079
30553
22772
21406
15905
1086
8553
14871
9069
381
15493
24946
12178
4525
15450
26117
21983
16881
1100
15673
5996
11026
13775
32571
30206
10449
23154
30964
3628
7035
28445
6716
7360
26557
13462
5194
29536
10426
26954
15471
8302
18523
20555
1797
20012
29158
10645
11938
7460
4819
32661
23441
32199
24027
28140
24450
19796
1105
17776
22912
14843
6581
12659
22052
12867
21895
16969
16392
25513
10073
260
13439
3209
20776
28802
4227
9538
31724
8106
18927
9366
31342
12530
26863
25423
11866
31524
13748
25384
17301
10083
28268
31978
13776
28777
6513
14806
21598
26386
18368
23619
14402
24606
23470
23432
24717
28466
10198
22300
26855
4897
31318
17660
3691
30570
26683
24397
30392
28418
27961
5443
27972
3155
13216
833
2804
31364
6283
13890
31722
31739
16474
15991
22431
12832
20323
21809
16177
4708
6885
6658
13822
11395
26173
11039
26737
9733
93
7433
21788
3851
21881
5485
3079
29768
18691
3400
30792
21070
27610
32334
26580
19979
25279
32653
17813
22163
4360
5454
14781
5152
23448
14396
9305
18518
6158
22472
9769
972
31805
23499
11183
21705
8669
26989
11910
21323
29311
28487
8437
11854
4039
15556
14276
7754
3029
10445
1614
24830
1540
2981
8408
8812
32727
4113
14625
30501
32304
8125
26938
19398
19139
28379
8344
28099
27083
27405
26472
4451
6139
4485
27682
30988
25784
28778
3937
8641
15493
22398
25074
6377
30655
31743
18731
24402
16778
5067
15742
32117
27403
11207
22350
11516
32472
15744
7680
15233
10412
18451
19798
2713
17760
28747
1272
20753
12054
27658
5716
375
6584
15594
25768
31196
5025
32291
2909
24793
32409
18864
16023
21456
5383
30893
6666
19060
20322
17156
21007
21388
15849
584
31479
3828
10900
7137
23199
2276
5962
22122
30788
23156
27732
7767
24217
13152
27410
32219
17431
12553
14572
19465
3477
9917
5772
22329
24344
15160
5962
3757
12012
32619
27880
28532
3828
25212
7040
14479
8254
9997
10682
10835
25818
15809
8514
21774
25581
10492
29562
15085
21505
19947
5740
18717
16287
22213
28162
27697
22560
2640
21881
17348
27328
15526
23827
14687
11252
15673
4108
32413
19710
26133
22224
13964
4030
12389
18795
20055
19659
29241
1601
18722
8130
10630
24831
822
11742
30830
32209
12382
15049
14018
11478
6544
32690
15558
6609
24016
30880
19252
9249
14930
7174
13443
29427
7647
12439
11112
6582
2937
13659
23198
24783
4162
4099
10723
1678
20634
30074
21571
3169
28808
16572
13208
25672
23387
11243
25938
4745
11921
8096
11380
6053
19447
3199
13535
13962
22290
782
7123
27402
8638
32199
25011
9356
19477
4459
10504
6402
7058
30618
26313
17435
19830
10145
26586
26297
26731
29075
20434
6821
20840
20379
29953
20098
10196
24976
15794
15871
11502
18122
25261
14929
14956
18996
15104
22241
3170
5283
29951
20033
25190
22886
24714
13157
15346
12575
11918
17168
13322
5841
18894
27020
16414
15161
11492
20638
22065
8802
22914
2489
15931
16244
21758
10354
4812
716
19982
24884
13555
3666
20432
53
14174
1031
9741
19624
1218
8926
22206
11317
17790
9677
21711
6822
18555
6435
20516
18915
29526
6684
18138
32288
32193
13491
15311
31317
31782
21431
13924
4334
32142
30497
28545
11460
16578
9381
20442
26189
17583
18055
9073
30991
14351
27824
9820
11611
3142
9217
20169
2615
12170
22503
30783
25500
12871
29232
21543
6370
23490
11549
17290
6008
29180
19384
32284
30168
14553
11367
10874
15034
27777
27074
19376
9352
15111
32162
10238
1299
329
6778
3292
1412
20247
12011
5179
26261
30359
18322
20238
4353
10983
17189
30985
2616
29189
3262
6568
8536
28140
20598
13940
26713
16640
24118
31362
19847
4524
11978
30524
26934
29002
16183
25187
21425
10819
13903
30037
6003
14711
2178
20876
5018
30431
3575
3688
25240
12656
16092
21550
6444
16963
2554
10320
29073
23284
31116
20207
14069
4936
6737
26014
1324
31250
22752
7017
12454
11607
18748
10774
27294
15792
3240
29866
30101
24816
18876
28463
32255
14343
27321
13237
27452
11302
5658
26775
15561
10020
5483
23551
18360
11041
7774
30892
26717
3433
12828
30707
31819
22682
1753
29956
14463
6666
12203
17775
12250
7779
30364
15079
7637
24976
7422
12869
18800
13789
30206
5072
5227
26201
3964
10427
2745
22655
23834
27119
1586
28950
6547
11275
14984
16470
21071
19625
15740
14668
20788
17636
24401
30848
22718
17687
26497
24020
26194
15846
2480
32175
28367
31363
9950
11611
18791
12330
12000
11948
15533
9966
13841
16099
25070
24504
4933
3281
21189
23437
6654
23104
21738
26639
17635
19598
30795
5447
25709
12443
23390
14497
9700
13798
2485
8504
1674
25842
10451
24916
1814
21743
26430
20785
13155
25750
25045
12035
21098
31317
29540
54
21102
4012
8822
6138
17782
3031
8554
26367
512
12717
5321
30845
15348
9416
5079
16504
10711
18918
5992
8002
2625
1679
19189
15937
7569
9208
29679
10738
26591
22824
25427
19758
20274
16473
9599
12717
27123
15265
25668
10696
4514
3281
12092
18307
3528
9374
7774
17610
27437
27902
719
16635
21322
4821
6651
30629
30721
4817
30437
21648
26508
3474
5563
2301
23732
9999
19886
1582
24387
30005
5377
297
18619
16849
19295
25530
328
9135
32369
20151
2292
13059
23728
4487
8474
23817
19064
15077
10781
6889
19806
9954
2393
4061
16836
11817
11098
21141
3755
23175
30284
26075
19400
17579
16563
9331
3545
32554
8285
9285
19769
12998
9620
21694
6834
20463
22168
23667
5779
31114
32588
31239
24067
3314
10543
27727
25237
27452
20366
9653
24605
26560
9208
20186
25793
32724
30451
23680
8019
16347
6381
15526
26590
31103
18293
24308
13950
12090
31403
7258
31861
22811
9973
16885
4988
26311
18164
17202
14167
8894
16823
22325
15788
23263
302
1404
21
29231
19681
26047
11380
16342
15585
5915
28551
24426
22783
12912
11708
22128
14397
15368
15942
13088
13442
22649
23664
2153
1682
18636
17201
27445
24124
29150
9985
21742
19158
29447
492
3905
2022
4090
26085
3362
546
29164
18780
21776
10395
1017
531
24730
24117
28355
25133
5410
8026
30556
11144
14817
12271
17766
19788
3883
25991
21624
8132
27380
25047
5316
4717
32404
20843
32503
77
10695
663
8033
7814
32504
26799
23638
14635
23743
24442
31700
12882
16552
17125
11365
30571
14134
12021
5447
24784
3367
31743
12747
12189
9722
19227
31739
7617
7087
14038
10879
13397
3022
31783
1474
23597
13738
12197
6224
23725
19943
21238
16003
15582
11066
24203
22878
15041
12400
5002
10425
19684
6066
10764
4254
25138
775
12169
19956
21519
30234
10640
24154
16037
7486
20668
8022
13176
1455
30691
26799
31297
11034
29584
9751
21497
32352
5556
13325
29748
18840
4504
1026
9392
5459
23574
19387
18222
29475
23561
17398
10624
20830
32514
14928
24548
15391
1597
31334
6544
12174
8147
21051
9102
24417
8240
13786
3530
6051
28616
17980
9834
6836
262
16235
16221
8338
25221
4584
29239
23382
16771
11082
22076
9474
28819
12841
23738
14969
18065
14650
18333
10191
27099
11707
28221
18883
23486
1298
17530
2186
22575
28081
22539
12239
23996
1852
14355
2039
29122
26094
31477
5289
29919
25913
22122
7310
7082
3500
32209
24149
24482
4634
15046
5883
31845
10233
29685
15689
19747
16136
5680
5790
7761
23605
5056
2286
18338
7101
28153
19979
8755
7829
32018
27683
12037
26377
27187
6026
433
26787
4046
25018
17239
20302
13363
22937
25048
16827
21087
250
16197
8964
25877
15205
30103
6031
26673
6683
672
20790
1080
10581
28737
26276
6195
8909
19678
14850
5566
10623
2063
13012
25436
29361
1944
20253
14605
49
2204
20426
11043
20446
8461
1101
22353
9321
30055
31113
26629
19293
30366
4078
25079
1117
15444
15589
28674
28077
20304
31598
8500
6645
30764
12295
19745
13121
26189
977
4732
20299
17177
31470
9192
22781
1379
18989
22283
13106
6442
12265
10724
30909
12164
21550
12895
32172
19157
29726
11303
30158
23364
23699
6332
25714
32624
30726
9669
14706
15710
29616
19879
16240
18359
16366
26198
16224
9008
28650
4716
32070
16457
15480
18552
29249
23866
11838
25752
26569
17450
13080
30794
22581
14755
8891
19583
14464
12099
30360
18929
3916
3764
14595
15287
32039
12510
28564
8214
6670
21850
1229
31643
19503
11818
29950
25190
31731
21416
16998
11209
18748
13501
29851
1042
9708
22355
10028
20644
31142
32013
27524
6733
13016
53
529
29139
26873
31990
11942
720
29711
6859
11294
18624
7541
2615
835
6745
19931
2743
18670
32539
23694
3317
1903
807
25594
17726
22318
32084
16237
16950
27283
31616
5661
23498
4388
18724
5997
3687
30189
17451
19564
5737
7461
29701
8862
24535
25870
5879
5120
7757
3613
6581
4166
8505
3675
11570
2919
14410
13323
28343
21851
15398
23437
22067
7971
3932
15490
24274
20747
11161
4657
7632
5676
3870
9002
15248
16692
7793
27688
744
28266
20051
29244
31423
1772
10739
40
15835
2363
2401
21257
1268
15098
3141
31290
5901
10227
11473
28276
5124
4699
32500
9274
19815
14423
28625
7540
8585
4799
6511
15962
3285
28961
32434
27027
25955
5897
17290
10142
29897
15999
13674
23922
25652
9170
14332
22113
11959
32404
27155
9538
3554
3046
5857
8399
5271
3574
18282
32588
27673
25797
2104
21866
26470
9262
14160
31850
24775
19236
28262
9093
5541
59
23885
4236
29854
30569
10417
21452
4568
25870
8456
29492
13717
8755
26054
20666
14600
26127
18640
20474
9576
14544
1588
32544
18754
920
9239
18185
14355
25029
3823
26277
26646
6005
17906
15776
25179
20809
11213
10817
14617
4458
20378
32402
14405
28106
16908
20673
1123
941
19181
10950
7069
17511
4811
23878
27922
32615
5358
31159
31344
19828
28045
14278
14277
16695
22593
18933
7570
250
29369
25993
8482
11695
6064
419
1817
15156
26140
4525
17488
7637
18600
16119
24800
28947
4453
26018
4477
31651
32188
22718
31494
13498
13992
12719
21593
11912
8482
11989
23148
2562
4828
25964
19098
22501
16177
19120
22330
2808
28764
22597
19062
24465
24809
20439
19291
23642
18794
25086
31020
20565
30315
15460
20732
29214
31400
17193
4475
1137
20861
31110
4369
9195
1437
23985
14889
8725
12295
15361
8656
4510
25398
15699
27774
26600
22168
13484
30003
22471
26178
28704
27334
18821
15074
4338
22394
5161
11765
12028
18131
23544
15930
19281
32168
14909
10342
22050
30840
4678
30745
19422
9218
14255
9489
11677
1039
18915
4254
22719
15507
26847
30549
464
12532
10041
11017
22191
11690
23905
10487
3056
20488
16936
24641
22910
8281
27774
15518
10885
4655
8832
18767
1167
24312
6578
85
27117
28370
3208
6625
15192
17313
18732
28684
23768
6750
7547
19144
8677
14002
17488
10262
17612
3267
14342
21626
27989
15694
3640
26540
2723
6134
16587
31121
1115
6107
2095
9065
1801
3695
10977
8522
28607
28805
26165
10189
6911
31147
21586
16903
6874
6586
29566
19387
6234
24747
12956
23501
25630
23724
9970
13050
31300
7795
20272
711
32140
22483
1966
8375
28089
18573
5110
31169
7483
28008
24962
23041
10764
9604
26567
23726
32216
16875
18802
6220
6496
13161
6897
23331
12064
19102
29237
3055
20783
15953
9142
729
13928
27655
20664
28326
23239
1748
10957
6703
32533
10354
4252
9745
19400
30864
26592
2725
6949
24172
22708
30259
11943
28836
19981
23394
21412
5962
24456
17395
15150
5174
2150
15279
2360
26016
20436
26526
24313
14062
18032
7546
25750
21450
32010
3939
5627
20856
22695
24532
22281
25190
26572
12758
4855
2053
7417
2420
27378
5848
4723
4206
14343
16587
15174
4914
25667
6597
9611
18951
24345
19072
12775
17036
12547
26009
25684
32097
29292
4835
12836
5156
10702
1281
28995
31647
21784
27956
19644
13887
8786
24945
25214
2760
7043
26807
28257
4936
18899
8607
9828
14410
5101
14133
11320
27723
23463
6150
14339
15218
7909
9082
24670
891
8122
16740
9119
26613
22481
6104
5726
22189
15116
21309
23346
12394
3434
13474
18364
27098
20526
23126
23271
14541
2622
30386
26733
8609
28617
26938
7582
30973
11564
28133
17245
11715
22807
22200
24939
28479
20971
921
9960
933
2663
3171
15382
25274
2436
20790
24929
26833
8605
25873
32668
13817
8915
1698
3470
3445
3248
7004
28333
18796
779
24779
12073
14050
2603
18468
16684
28135
20015
12321
8033
31246
31148
28939
30899
26401
24473
28440
18775
1555
31848
9976
1292
32310
4726
26795
13985
32430
26021
13461
14520
9254
23111
28372
27595
26306
31551
23761
3436
9300
11106
8469
5329
6866
1572
10591
14479
26376
13168
17139
422
23434
13015
18740
4030
17389
25069
8821
29360
26678
16880
32525
15688
25747
16555
3753
13642
10569
2202
8167
17586
14062
7247
24096
4160
27352
16660
8580
22324
28629
31954
1389
87
10012
11058
14573
30778
7556
28161
15785
17602
24820
31961
2283
29156
18971
6142
15090
15278
3681
8838
24717
6535
11805
10173
29416
3767
4872
20423
2469
25642
29426
1927
29486
12144
19123
24512
10058
19209
1381
26490
18415
9184
9168
1448
9304
21
30758
5639
29270
8959
18929
19785
12779
29298
30281
10355
28437
317
24650
27524
21992
8951
17861
29527
19679
27900
19510
24266
2420
18610
23030
21280
21230
31505
4018
24484
26491
17762
30236
17551
14206
838
13280
8492
27434
27131
24538
19770
26192
19675
17286
24978
15989
2853
8632
13322
22312
2816
21901
19096
6291
26045
23969
2491
29775
10589
10114
8726
11389
21331
12133
350
4370
26763
18456
19063
10098
20138
7992
6362
28737
19096
20900
4922
16245
18492
9265
4455
23216
20358
13472
22898
20942
19123
14029
14354
17849
460
4648
30790
4485
28528
29545
32316
2489
21204
9856
2418
17898
8968
19659
25115
10383
18300
17292
30148
6416
14786
20122
10039
9248
29845
23383
21920
30285
21531
28641
24302
25813
19303
6797
8572
30908
4930
30097
16625
12315
13867
4864
12901
27067
7580
25852
21445
12002
1167
30247
4728
20333
29505
1626
25922
1055
10294
24474
7529
2873
4733
30535
21271
29515
16693
12183
28928
2121
27728
19779
9028
5857
31383
30080
11671
31244
10478
18481
27807
9956
14042
27227
1693
10933
15424
5337
3920
20310
3184
31569
8983
22970
19041
8038
15701
5826
4670
25647
19993
10837
23586
30184
21247
21683
31777
23016
30545
8710
25479
15059
32626
14395
1892
17681
893
14095
4168
10111
15657
24173
14155
3172
27888
28407
29776
7846
6768
30947
24971
28478
13329
3336
30785
20201
20968
1080
2767
28704
8155
20689
8174
25931
13062
3727
4917
20274
20062
17572
7904
20404
23188
3595
13007
5307
5437
7193
15570
3951
15151
18261
17955
11178
12846
8841
2612
7084
30152
17433
27307
3089
19325
14740
25771
21504
547
22921
27478
30116
16521
26524
19344
736
10075
16088
32005
14910
19013
30279
1133
28713
17499
13248
19215
6237
27577
8449
3971
923
26726
14078
21437
9633
12927
21368
27719
30553
15249
19664
5326
18769
18246
30750
11744
6763
14148
21886
2036
18134
20050
22186
24491
9020
11964
29646
28501
22589
6137
663
14775
4637
10124
909
29196
22713
8488
22948
9545
9152
535
8205
2213
32543
25565
4690
4441
21437
29208
15010
14756
10345
30634
23146
5907
28433
18202
16677
9727
12852
568
1396
28247
13977
1280
21617
26016
25922
30657
19264
12857
4508
19583
3816
13284
28664
11157
5729
30082
20542
5022
23279
27678
28896
12438
25262
10029
32270
11837
22893
22036
4393
2492
11199
18155
17529
9867
22608
17025
12066
10898
27510
27040
23892
25999
22792
30610
6339
18359
10355
3555
5463
11168
9994
28009
22052
30558
5278
16514
24220
22765
32335
23197
1027
8655
15265
4348
29476
1525
16851
4280
15939
16867
16748
22021
1874
27664
16918
10423
6760
30091
12463
16901
3182
7652
5022
32653
12828
24138
22883
18329
804
4081
30066
673
15788
20919
16194
19985
24066
28934
18337
19531
16011
23036
6218
13808
29693
21193
4537
4188
14798
1625
23358
11631
749
8756
6481
22675
687
2978
24101
21754
16908
28690
2176
4392
5387
13500
1225
13234
1147
2438
9315
25925
32740
8996
32569
31721
27581
24708
5018
27527
24543
24425
6216
8105
10810
17494
13515
8834
27079
14765
5131
13614
21949
27160
1310
15675
1288
31272
7775
11111
18935
17724
5824
16299
30261
24997
18785
20089
6906
12295
5985
27459
6530
31234
7156
7228
6079
25618
26293
31586
11595
14004
12350
26812
23712
17099
15606
12768
11403
25921
25131
21177
30174
28145
24929
13191
14694
28101
3561
2087
4636
12315
28853
13461
6047
25454
24170
23215
17634
13618
13239
30012
14114
25855
11238
9260
22812
4850
1456
3617
20092
19793
27222
31535
13208
8557
19181
3296
1374
13261
10233
14204
17803
9096
30526
24711
12063
15603
7123
18058
3853
16252
9336
5655
5430
15062
17449
20487
12696
18263
14580
25862
20931
7582
5383
10834
4749
20856
7693
3007
14855
13317
14011
7935
3504
8470
1701
31776
22760
15322
21591
32598
14247
24250
17825
22523
31086
17025
31282
2260
12414
8384
13416
15766
16713
21873
1127
6568
1574
17370
10601
25643
23368
692
7509
13624
9969
5005
32402
2152
12771
10603
19485
22682
25624
17074
10201
10480
14770
6727
4903
7963
1077
13302
22967
4825
19444
2065
7838
14011
26057
4698
16296
15916
4361
18467
751
9391
12727
14772
17068
31336
31480
25325
2894
23006
7623
28461
24521
27391
20458
29810
6193
5989
16165
27073
3719
21463
17581
23752
3539
8979
27871
10946
14194
13770
10034
16539
21170
19437
12907
9812
15004
15143
6416
22954
24081
16043
21022
15346
1561
29743
23038
5960
22135
10808
22454
32488
15489
25497
8797
3804
16430
13366
15057
20184
27505
23310
3500
15458
15301
15737
4467
16437
21001
10157
5393
4840
21647
30343
21124
21707
14192
3721
6615
23826
24354
17439
10320
1077
20812
6438
32746
28054
26584
29614
21253
5221
14922
12799
22621
8128
12625
16347
6969
16927
30876
4355
7141
10224
17135
9469
21601
14718
5238
30739
30043
13335
1881
1439
28507
24174
16016
16262
7230
23614
31481
7939
7397
25904
1704
12966
16174
25343
27262
19868
35
15066
8701
15408
32370
17930
16730
8594
28958
15828
16852
25303
30323
7841
26693
17218
20287
18012
31223
5570
23103
21020
13240
10171
25560
32515
14129
18697
7687
4710
25203
5443
21659
3373
17875
25148
12706
11901
11256
30672
9761
2453
26674
29917
19208
13046
24333
1423
20068
18631
32039
20193
16599
23159
4158
13152
22341
29604
13965
21810
29905
20028
22617
31064
4360
28642
24519
12336
20059
13971
8944
26430
21715
6281
13367
18475
17664
7007
3291
2318
22323
18039
17864
4587
31469
5273
21171
7033
2710
10460
29541
11049
26482
19146
20311
4195
4562
28095
28544
18195
4487
18322
2667
25444
17052
14967
22156
27339
23109
5668
22228
15944
14354
29747
21891
31209
22376
13256
318
28047
30002
22643
24673
4852
15828
20568
3734
9453
5984
25997
30887
15341
23565
24259
2704
5067
6373
4905
985
24261
9405
30093
26146
18884
9066
23236
12800
5602
18738
32589
26119
27433
29313
4145
29736
18589
25565
15149
8510
13693
17948
2579
739
6087
13013
3438
3976
21498
25876
6757
29893
6687
25170
8162
10221
1034
12196
22259
25830
26846
26418
21104
3895
2511
16875
12766
10595
31788
26999
31635
22134
29852
9837
25115
6621
22440
16071
30939
18810
13177
6291
7156
26104
1763
29931
3946
19804
31139
22310
6534
31709
27109
27728
7288
20214
29450
1752
29505
32441
20903
649
5584
16742
18641
9403
18539
19772
27800
19659
23121
11407
30161
2248
14238
6171
793
25199
21102
19352
27414
30810
10053
2191
1024
14196
24751
15211
1120
18608
24099
30419
24856
1787
8749
14647
19620
4463
27597
12457
15263
19913
32538
28911
4745
28445
24874
20438
24775
21704
2870
23497
19691
21927
22778
8353
5686
19334
13915
11967
20315
29403
20556
6232
13958
29365
19698
22801
20125
8431
20230
23500
7622
22185
18556
4801
13609
26872
24674
21968
26103
6621
28682
31509
18347
5492
23403
23998
29584
20334
18629
18201
6531
21697
31620
28145
20986
26014
22119
27
20805
27556
18657
27212
24596
8275
11200
21038
15674
30659
20748
30386
19632
9110
19250
27303
14301
16939
12129
23948
25364
3604
22325
26274
23647
8651
26003
1606
10107
9120
4820
20862
2851
28150
1061
31698
17298
1967
12845
13149
15939
229
8945
803
17147
2011
31477
12197
11785
18995
10660
16819
8140
30305
13554
13186
17783
29023
26688
29694
7953
5282
27264
13409
26304
2126
32665
13317
32070
3494
30989
32374
32716
19910
6617
20428
27359
148
29085
4920
28344
32756
29436
12252
22720
6971
18758
6112
13907
16103
12628
19906
5316
17549
22964
21485
674
32530
3591
14990
13882
22302
12710
16291
32093
3022
19852
13652
23140
27561
13680
8839
29296
6614
2097
20911
12535
13196
3959
16868
17532
27081
17048
11833
22685
25415
28856
8010
12627
31404
22069
15124
2934
11520
8514
18186
26239
19557
10705
4197
7058
19202
24759
11963
26044
12865
14858
21715
16249
6714
5838
9144
14713
13679
29137
13324
11939
17593
21460
18847
31067
1922
21227
25920
3584
31797
8487
10451
7865
1267
28273
16804
11378
17544
8633
19707
10529
18333
11601
27377
3918
20014
659
29569
4818
18751
26826
482
20191
24779
15184
18964
5440
5630
21235
27834
17122
21924
7837
15655
15764
3808
12085
11707
32523
8737
15040
22128
20777
15442
23244
18864
8063
29265
2574
11114
528
12451
9546
15972
25943
21350
29555
23507
29580
31366
30996
2345
8996
28212
6894
8238
3735
10132
21474
15698
31077
20918
530
26689
9819
22216
3908
10937
25362
19850
30855
2456
27834
23298
31000
5178
4629
23664
23686
32257
14022
28036
15381
30261
7116
7887
11104
12815
4426
28792
6211
23824
30089
25904
25080
25495
9535
16743
27520
19379
16658
19136
11589
4150
27736
7107
2557
12811
26913
24531
27345
29641
13687
2911
26303
29575
3556
25692
31037
5875
31029
28402
3103
32158
16766
4725
22714
28058
32350
2712
25674
28231
5252
30941
7057
1386
20082
10832
20929
19071
29313
25973
9884
17489
31270
21631
6106
17607
20083
24514
16843
14081
11745
3179
4925
5027
8012
13167
30880
28529
5695
9409
17000
22557
11378
2760
19123
29532
5265
8720
7724
5183
10815
6464
11311
15041
17243
11596
16942
12701
9858
21995
22099
15970
19157
5708
25958
6088
17660
17924
26610
5701
1387
26188
8867
21212
19427
22377
22003
10294
29756
619
4357
18931
99
19226
11217
26178
927
24110
11394
1455
21272
12222
7196
7485
8089
15867
3682
1717
23701
27678
24823
21309
6248
2463
30147
11308
10720
22952
27800
13853
22268
11977
8214
10819
22771
28397
27084
6652
24952
5005
29087
4264
1341
31267
3184
1979
12214
6370
28153
24849
1055
27556
12792
23426
20416
11556
144
13751
29040
12397
20972
29499
23128
28306
5413
30677
3065
7328
15974
27926
14193
24017
78
9774
25081
26114
13461
30212
12979
8295
14323
11141
19875
11902
15677
10299
24570
21313
23506
17698
16795
7840
23861
31160
20440
27950
3579
31060
25980
4123
5608
15032
5135
12642
6997
7657
597
18499
13780
9279
5144
12788
29719
28344
16167
17044
30990
30353
12703
25184
29776
13336
11625
2857
31164
10172
15620
14854
31840
31078
9605
10566
28826
8716
14812
26280
22908
21379
29528
6607
17781
4756
29550
3824
32302
14163
21174
22990
28595
18348
24886
9448
2771
24639
15331
240
9929
8046
23397
18560
9756
18099
27
27657
25283
1591
8031
14860
9613
9889
13835
30604
11456
1324
9275
23747
1536
5629
30293
18964
16243
24755
16199
18753
13347
11071
26640
11998
30628
18166
6274
28677
9462
13284
7494
76
5292
3684
28448
19444
15950
31470
16244
8803
18685
1071
11786
9428
3925
8031
3086
3406
6808
19151
20571
25042
22792
31425
8441
26585
5012
18557
5603
27646
26295
6049
6414
12791
17054
9657
1960
8393
13961
14351
30877
32572
2931
23493
19552
21645
29173
27680
27112
16740
18280
21287
19705
25861
13898
14445
18852
8906
13794
4651
10513
23505
11559
19601
892
28914
15583
31582
31614
8436
29956
18863
16014
5888
31083
7188
28359
15701
22952
6377
23020
10302
8236
2788
8617
11585
23728
20970
14619
31386
11735
22055
23443
17128
3598
12637
24727
20773
26551
636
4394
6363
13448
8052
25166
5781
11309
6471
14534
5268
17973
18018
6688
10180
4907
18221
28403
30959
12547
14561
14950
11823
24249
2714
27377
2217
29492
10413
10344
2680
15216
29243
17205
14568
988
11526
10468
20197
20737
27524
486
29619
2917
6450
23694
18911
8879
8491
2400
27253
27659
25337
3211
8307
16336
27051
18612
30846
6753
6439
18165
30932
17489
17858
16422
5506
17866
27150
19291
13527
10543
28403
21933
22552
20736
14850
18238
15477
25854
30213
31095
2108
6800
18907
25236
22605
23654
29059
6755
16846
5468
28022
7240
7199
8865
15418
27269
10000
12568
21044
30392
24914
2558
17342
29605
9004
4814
21881
29750
20847
1121
26340
31680
15532
7514
27438
25480
164
21441
25673
14726
30720
18926
5184
31849
6211
2729
22730
22747
18940
20623
25887
19461
4416
23736
19978
20310
6743
8342
7232
29056
32438
16160
22768
196
22061
10544
18587
10864
26722
22826
18470
13222
4734
29151
46
12126
13606
17585
25243
21934
16045
759
9848
24650
9608
7843
13826
4167
26370
7714
17150
16676
24113
26499
30032
11530
1832
18140
26570
18003
622
13289
26434
19018
27823
6903
10215
28977
24242
11520
25813
24457
10635
31512
7654
15501
8978
24839
26571
4608
5779
824
604
22824
11719
25554
10541
22811
26115
21284
21090
14905
26032
16198
20420
29434
17915
9981
1556
29162
9421
13280
11935
10481
4862
16313
22290
24024
12998
18734
5008
25609
6772
7073
5890
9110
20322
11860
9646
4477
27944
32465
5644
32043
19728
27273
21460
22334
16842
19387
6492
21903
15201
23959
21281
6256
26478
11172
24995
13618
8588
4191
11639
18923
18443
1829
16791
32373
18665
21842
24572
5818
31485
20139
17519
31279
6006
14585
2460
21663
26500
4855
25704
13354
31317
17006
10628
18573
30531
28063
20802
10148
24652
993
28072
15149
22722
14731
18116
15310
17475
31508
4414
23898
20972
7033
29492
4176
18378
16863
19265
31908
8849
23162
28127
6594
23953
3757
19696
2001
30437
2163
15767
3636
1006
1277
20556
25431
27136
31389
28464
8616
3930
21986
13981
3555
6236
4613
15362
4755
1268
12419
14062
5334
16986
21516
16490
1632
1277
668
7308
22722
32445
21224
16969
13804
17754
2299
5515
8689
32044
26145
1923
27147
7189
12292
4417
1247
22709
13077
15490
18434
6620
17453
11977
5819
31301
1396
27313
28171
13441
29315
15233
29162
2865
30661
32513
24532
376
6435
16780
2692
30640
27616
24679
17152
92
26561
9809
21205
350
21362
5723
27556
30059
20517
22778
12253
25019
18556
32603
14539
21509
18089
4342
15825
31914
30164
5990
16627
14641
21180
7288
25751
8947
20386
20098
20109
30231
28515
16118
15438
25793
7140
28470
11393
10887
15282
8106
16836
29733
19178
5393
17064
28529
31575
18452
23293
6033
8155
13089
593
4459
26384
12918
11187
11357
10542
10876
8893
23342
19760
26711
14801
14661
2354
28859
11682
28697
542
12545
25078
4329
3719
18042
23467
13997
8405
20483
7160
1100
7331
32217
16630
21263
7013
21423
3935
9558
25678
20734
18837
12682
7025
29597
30694
6482
27686
18577
1550
8458
12975
32550
23037
31601
26907
12863
18395
32161
23403
23530
1866
20293
26356
10039
3563
27398
18692
5195
29475
838
16584
8880
16671
7953
2157
30191
22293
848
27014
10337
16589
15424
28846
16450
10081
23331
1134
31495
16193
15414
25441
25329
22393
26850
19861
25315
28215
27190
23861
19569
28295
8085
21093
1081
31586
28076
22126
18550
27623
22951
31259
17874
23784
25765
29539
28284
31656
15209
24135
18299
28131
3666
1278
8258
31503
9613
29520
26756
23266
1417
22848
6217
19732
14251
237
24130
24166
2884
23482
2137
32483
25280
27309
23181
19814
24864
1557
18429
15452
2986
18544
16962
29643
13278
8331
4866
5268
15789
20203
29634
16629
5606
21100
22524
3665
27889
2088
7538
17460
2495
666
5825
3218
18689
23556
9273
31055
7320
2061
20204
772
8013
26799
6661
25857
4291
10832
32348
31374
19881
11055
17479
375
6196
29186
12210
26055
17613
30686
12914
31443
7943
18774
6358
17786
6867
17127
25727
15276
9719
27796
18802
7465
11708
14541
364
18827
11495
10901
26998
14215
21995
9956
7608
29040
11613
30026
1938
15100
10408
13270
4585
17483
9474
16950
30655
3621
19103
26655
24839
25476
12324
15088
16823
3154
21086
1682
12062
7539
13364
15778
8056
2566
15066
13522
18368
23016
6728
11660
3013
10618
26091
29657
13440
22181
6554
4994
24741
32539
11979
26741
25464
13279
4615
3689
1506
1543
3227
29637
24004
20673
30353
5054
12171
25748
17630
7104
3589
30696
18397
16
11379
201
11772
17327
5855
23528
7862
30593
17583
25826
449
13486
14715
25541
18056
5705
10268
29649
16347
30256
19461
18299
26597
28979
27863
28088
8287
30328
16431
31863
17156
26141
7618
17519
5701
800
14765
29212
31293
15484
22790
16388
25063
4501
13495
7743
27791
5590
32396
29494
13190
22425
15498
22955
8218
11847
28291
32762
24005
13248
12775
3230
15525
27901
22493
11254
6188
26100
8594
11081
5657
17595
5841
17673
20903
6129
10965
596
18180
25690
9051
21952
4868
13769
30203
21336
23319
14147
4023
10722
29049
5729
15061
16740
2472
13814
5866
8934
4379
29682
22328
3448
49
1670
15161
23671
14184
13449
30076
8973
15567
27931
29872
8439
28094
648
17151
29835
30916
3183
28573
11769
13281
13603
13984
10193
8949
30289
23314
18629
17017
2275
26436
4785
27245
3109
18278
8920
23953
10278
29269
1904
22744
12130
5300
3682
14106
925
29246
29003
32009
16914
29018
710
24934
31437
1264
16621
9589
30550
26748
28957
20910
21647
25185
10490
10933
29663
127
26803
29324
1936
775
10888
18952
15990
27022
2953
18049
21202
22113
29088
4046
117
15385
21201
6768
9769
2415
449
21006
5708
18257
9077
18466
23230
23861
12893
15089
28670
28589
12945
2240
15247
3387
31578
25413
16801
7527
14836
22364
24045
17936
4498
31995
993
15104
31907
25448
18941
11203
21332
3497
17533
17336
6998
4925
29496
28776
1249
14601
18120
25111
14585
5781
235
31385
23792
7032
29737
7783
28460
2321
26295
7154
24874
13432
7324
7479
4803
9396
19730
22420
4782
24879
1839
28122
18503
1127
18884
14499
27278
26341
21126
26854
26739
30323
26731
14536
9809
3466
9559
7861
13496
24330
760
14000
25711
18989
12014
21991
23481
10942
27184
31883
4312
31110
30635
6622
19920
20744
24108
22158
8557
10862
383
22849
24967
26306
22233
14705
8837
30817
14451
5242
18464
16557
7288
30961
4970
30211
13089
7224
21006
9709
12318
3663
4825
10136
17209
24557
889
4744
1078
28368
23429
3466
22013
19537
30910
2538
1275
29243
4245
16103
9413
14813
6893
31076
28926
18782
23073
5088
13692
27473
9289
10920
422
1161
20921
24651
11040
7215
29899
17999
25515
10769
16095
15906
26182
7997
13983
26195
32665
23759
9096
26626
30100
3335
21158
14486
4692
4767
6302
9134
22086
603
13554
12633
5518
23265
31361
15497
1194
28363
24909
19909
30802
13563
25985
3615
23715
29486
22451
26214
10109
30420
614
7836
18986
20512
18643
4522
26176
17243
8937
18771
18888
25725
6802
5735
30367
4350
11832
31033
14621
15338
15496
28242
4597
16436
23925
29543
30556
11596
19584
22665
12654
16883
18487
12700
21965
2383
2812
31754
9867
20026
16648
19641
22602
22752
8112
6714
929
10889
486
30531
17858
11187
11778
20831
21594
100
10435
2020
2233
30398
14736
28453
9779
17364
1028
5098
24518
700
23210
21277
24829
10726
12037
6598
24083
27307
17108
24890
28508
12073
32403
15246
15329
10831
4421
1106
14154
11828
15729
2428
30466
15533
30571
16547
25237
1566
14548
23662
17245
19088
11620
22091
30557
20740
7399
16484
19309
26887
13958
29647
16536
10887
8520
28420
16578
26597
30169
30869
1677
1611
1417
23065
15486
12352
4759
18281
5980
5754
23984
17936
28633
13043
11443
10492
8053
16959
11959
29818
9374
26396
24911
15969
21020
11339
23309
24204
3500
22686
8004
910
25067
18771
24338
32674
26486
18080
19358
25057
18768
1679
23967
12216
26756
21004
13854
21144
25355
60
31868
3567
495
15377
23990
4440
21169
18460
4328
31502
28649
13474
1296
24231
15660
15345
7189
9215
6706
14580
5896
21106
20792
27654
6057
7246
17572
516
23341
16007
8168
4518
4670
2221
4008
783
31300
8476
17695
5538
7139
22899
18623
30744
21188
10055
24599
9935
665
5400
2810
1125
7515
16259
23518
24710
24278
12986
12162
24834
24936
15410
2004
291
28678
1179
3601
6973
14719
1557
46
12422
18693
12961
3447
25384
26601
24277
26230
22165
19622
17621
1046
27163
15137
13182
27144
440
31279
15844
26726
20783
16984
32511
8342
23899
2523
17825
20850
10180
20977
15531
11941
14448
22870
25473
18264
31228
22534
27323
16399
7147
10308
18718
25549
28477
225
7370
20607
28995
9403
11444
17047
30899
11140
7767
17400
14584
18373
13223
16914
4043
11810
9543
20302
20743
479
27899
5036
1209
27299
5216
12458
19319
14204
23515
7273
23796
13092
19919
14347
21713
3459
4627
9567
16821
32372
5539
8128
10911
1484
23189
23610
32379
27801
1103
13551
8692
27559
29688
9145
3978
6985
2348
20497
15844
4181
23284
13360
16487
19057
31989
7539
22023
22413
9447
3076
23133
20657
17481
13751
19706
5113
27219
12338
25340
24542
557
1617
22239
13238
16734
15561
27285
6526
23175
2571
20440
15576
18513
17771
27327
29520
17572
20865
8847
6627
16410
1487
13524
27586
28083
23461
16049
13907
14026
25154
28789
3705
11079
15932
8046
27413
16919
14370
10754
18637
32217
7775
25083
15116
18906
32353
28963
3657
9028
30971
27665
24461
25234
13832
1858
19759
14663
15186
8812
9442
14304
10930
7694
13043
28679
11128
12108
5835
1801
780
9722
16571
19594
8406
22775
31993
10616
8540
11452
12261
31549
3242
26676
10129
12089
21495
19407
9857
12911
21125
7890
2991
2430
21961
9969
15314
9428
28876
15903
12256
17694
7889
31397
19666
1026
31032
7537
26791
21777
1186
15025
8363
4855
22870
20641
25849
27893
10980
16545
23871
18578
29448
24203
2753
27533
17360
2627
19361
533
1281
1936
9053
21820
8376
2090
27801
17834
25421
7188
22559
24206
4732
31787
23844
5339
32711
25344
32461
1712
6678
26595
2801
20247
17057
4160
13857
16883
26895
2863
14565
9268
13023
19270
21065
13389
12808
29361
21400
5864
28380
17797
6504
31704
18738
5714
5590
3919
29892
24824
20499
2897
5334
1979
32032
32104
15129
26265
5589
5274
19918
12506
3624
2968
6446
19690
4524
824
4106
8804
26968
24869
32687
3695
28298
1749
15116
29261
12107
29884
279
4145
10197
11712
8812
10833
13651
28396
10807
6205
9703
3944
3669
18031
2545
7337
10934
21539
10895
1765
3078
17257
18784
29130
19852
28536
3470
32111
3666
15685
16907
7051
16774
14932
18714
17637
24096
7630
26898
8971
12741
24533
22110
583
23275
23316
7881
8143
11839
11418
23033
10300
2883
17896
17208
31293
25660
25928
8315
397
32075
26721
6812
15906
9946
11529
27371
19368
30521
29786
485
32045
18313
31752
2883
24862
30682
16881
29495
16754
16016
9718
20722
29733
1803
24074
23145
4072
9095
28808
17753
22807
22080
10442
14728
31467
30170
14839
14415
24817
12545
1052
7509
17594
13645
12159
7325
17364
15720
4656
25027
4602
19058
5088
13442
7048
3236
1014
18042
11314
16180
5600
3632
28148
31609
30631
21335
21580
18256
14023
20558
18344
25278
26429
3305
9498
6359
16609
22132
26195
6110
9974
30965
1487
5293
19968
7602
29517
15703
29653
29427
11394
16141
24055
265
19982
25406
4641
20623
12463
2050
32032
17904
26293
30649
31716
22058
11702
25583
31447
30929
10370
1924
8046
31574
30041
13321
12285
6537
29788
20076
11727
32605
21058
32472
21878
6123
11084
6103
31072
19898
23163
30906
27307
8254
18688
28474
25658
12958
20980
23647
11273
14267
3657
8353
24253
24429
7425
4942
6528
10511
15261
2347
30219
16191
17113
11870
3332
16607
23446
14219
29323
7007
24
11838
24848
23103
7537
23689
1639
4047
26941
7150
10014
15162
16272
2942
3086
20418
7469
28995
28208
16717
2553
19164
21682
14881
1967
20839
6474
24044
22740
29860
1739
15879
13294
4438
17910
25339
14065
26349
3218
3909
12026
4195
17087
8022
2111
1124
4743
10974
31302
24753
5558
19274
17494
1222
5611
11147
3628
16315
4848
17690
16622
5480
839
28217
27749
24268
773
7547
3174
18864
25828
1670
17041
31623
22931
29720
22591
23449
8528
840
7349
18528
31673
9231
29598
15410
18911
774
10168
9505
5789
16497
21965
29728
31016
6269
997
10087
1510
24774
14522
21528
16772
32540
10092
29474
19011
15751
17270
30053
11154
8072
20705
25368
4066
7330
17591
2664
17590
25625
2491
354
17657
3578
32087
32531
15765
23899
14550
20462
16449
30692
31443
26990
6298
13967
17649
24828
30582
29611
461
18962
26741
31271
18225
16289
17881
31245
2187
7344
7831
9805
19869
10310
17069
24508
16757
14475
27063
4444
11680
4394
10173
8670
13723
249
9296
7781
26250
732
18389
653
28460
26087
21280
16812
5135
16578
5445
30040
13312
13394
13226
21801
28870
16789
14433
23487
20496
14030
23221
15623
26795
30691
13827
4539
28664
9731
25292
23592
15262
27275
9735
18996
2940
26923
10940
22687
12258
7493
31182
15241
24576
9877
9241
12341
21662
18711
21180
7180
31502
9253
12728
7397
21599
25824
26811
28291
21716
30674
5686
18783
22420
32210
181
7848
31395
2087
29296
21897
30481
24560
29469
28074
18802
23747
21513
11001
16014
3732
16999
11946
14425
16088
21480
8572
16165
3307
16780
21311
13078
10671
17591
29587
12758
30327
19079
18418
1163
2851
29029
753
10758
26508
1242
8386
20797
21538
27556
27902
22524
13779
15370
5537
8663
22831
27244
28503
23395
30922
17950
20214
32166
738
14455
7243
9675
25154
31268
537
5402
20070
12994
24415
27944
26336
13997
24026
31819
7675
22290
20939
11857
13981
30796
18170
30066
22898
25197
24315
16258
1350
26
25776
19308
24243
32669
14607
29403
8957
2613
32037
15418
16954
1456
7515
18655
25782
5180
8697
29571
24469
18043
26856
13046
23738
13269
11452
5392
14824
27922
31986
26091
25383
32040
2933
22351
11370
27729
29543
15470
28270
31073
23839
11730
27365
32087
9070
10643
15316
11570
24103
973
21050
11782
30174
15185
18418
12110
9455
1691
2266
32644
2499
11525
5941
20207
11854
58
28494
5309
10460
2540
20063
19025
14862
16842
24752
28894
3103
24492
6915
5429
30572
7697
17200
17883
28724
204
27661
12127
412
29690
26768
21226
31222
22327
31288
2840
11330
18706
16040
21254
27381
18110
8342
941
8186
29706
20451
31598
9719
8082
1291
25581
18129
22327
5056
2595
882
8398
4306
31919
2250
11029
3922
25709
30227
2795
14583
19274
22618
22720
17856
17751
32571
16970
5851
12316
3820
25721
30918
31790
29565
430
20660
13572
6493
26664
14642
15110
3873
7358
21002
25575
29825
7636
18280
30005
23203
21128
21563
11566
31133
31276
17374
19926
24373
12281
14072
24134
31466
22273
12193
5703
11065
614
10438
10271
12313
11722
15566
23723
9928
23046
8061
13742
29385
25119
28441
2665
14382
7286
8396
21100
19219
7230
3146
4779
14443
10035
23219
8404
19455
13193
23739
12512
14259
547
3080
24809
16395
10502
15324
14139
4591
8717
15603
18093
9643
12766
30895
27954
21306
15132
18290
24747
31684
20959
1611
32255
27749
9057
12246
3694
24112
1530
31837
30498
14196
17742
19779
1799
29245
32453
26531
22237
19486
8763
16948
28556
9006
27385
27248
10935
9297
25828
17653
403
11961
20981
11563
15866
4268
1001
14375
16827
391
32314
7887
22581
32003
29773
4927
17956
25527
30701
1388
3002
1246
27640
6919
3314
30043
3928
24229
5153
22522
13365
27164
25293
31481
30569
4144
17603
28359
3125
18799
22884
31243
28722
26713
1856
3816
7050
22724
19942
9599
359
28287
27129
8118
29868
1846
32647
6712
17636
917
16023
20158
10103
23472
13825
27532
16676
21155
18563
1086
25515
3445
30736
32708
21450
4419
31595
10156
11115
27802
20981
15519
11292
4132
18884
13359
5567
6791
11252
976
21891
7050
834
7459
8467
4730
12502
32635
21005
11212
17249
666
5557
515
17512
16059
17643
26068
28640
13782
30810
29064
2554
8735
11507
27555
18240
3535
3226
15555
31457
6184
12062
31946
32585
2995
26479
23359
3317
10701
28939
26354
29574
20321
4538
30943
26900
22263
891
18005
25540
23534
15038
24152
12701
17157
23763
5699
17047
11297
31395
10674
22773
12618
25502
4510
5077
5878
9460
22218
2054
20874
2312
25438
23321
1054
11042
6098
5307
23680
29539
9998
6722
28796
3839
32208
2181
91
14502
14669
24561
17066
25923
28955
14041
7485
10473
22606
26126
28531
26634
31202
25520
20922
10475
5209
16451
28246
6484
22692
31237
22367
7308
4167
6783
32265
30085
28345
21083
12073
24915
4617
1909
14580
13794
30407
2357
7689
22761
25378
24347
31154
8986
3406
26011
31078
924
297
11564
3987
30650
2333
20380
17307
10973
7752
12198
17180
21175
9178
22214
6261
7106
29119
25932
10886
14825
29311
18608
27063
29060
22626
11301
20027
11402
11735
22384
2966
28674
17686
28667
7516
17851
19205
20517
4412
28221
344
26845
12862
28415
25597
24943
31049
20699
15799
27037
26344
8894
28681
29170
10829
5284
29269
15955
14743
16068
19525
1751
16208
26887
3946
6873
314
26303
5155
14923
9291
23190
32193
6476
29174
30404
18920
16893
684
3462
28472
18577
29091
1483
20269
1444
32214
2096
32580
19150
15437
30766
11616
17783
16286
3474
9067
1005
22708
8750
11840
20659
21711
1999
27593
22557
23756
31343
17508
19481
22951
683
5004
31312
574
23671
17333
2158
30295
13840
24951
19133
2789
23346
27119
26873
11143
8332
22627
17760
30034
9073
14116
23048
28368
12752
14265
117
328
28262
5689
22379
5952
1330
19449
15105
1089
1065
21863
759
6618
11308
3894
31561
3559
20023
28348
19204
5652
2267
6552
15705
23708
31214
8343
8432
12887
14465
25049
12671
8691
11026
22063
16282
18561
3587
19912
2765
5940
15947
24589
488
25190
7276
4809
23962
25052
7077
31885
18753
1611
20840
26195
3585
18459
6414
12385
29715
21354
8138
32368
20064
13652
27867
28430
25679
28274
14854
25153
11739
3744
12356
4973
5608
15876
23736
2679
14039
22348
29155
10283
17752
30518
10523
20955
7551
9558
22585
73
9755
31252
3987
13768
32323
26100
21546
8093
10545
32282
18980
26283
11348
29197
25468
29520
21408
3771
26360
10378
4137
29373
25435
23134
9456
22493
25308
890
5628
5589
29400
32281
3501
16986
21444
17447
11342
4697
25957
31397
30185
24705
9027
19536
21087
32001
17755
22397
21431
10899
22804
13128
14007
27833
26228
20461
20913
2886
30100
13942
26016
28449
2129
27543
1396
15430
23621
31190
1961
19725
2294
26350
13854
29359
20044
6262
12325
7942
10057
27582
13014
23444
29940
1274
15274
12743
21910
6562
14661
26747
31785
14872
16018
15041
7182
24204
27669
27615
15614
15133
893
23704
2883
8000
22905
1453
30760
25702
6605
31651
16046
12249
4517
24519
8320
3047
29737
25200
28457
7235
19793
14980
13701
29096
5883
13885
5493
16575
9275
18733
11735
67
22258
15232
7350
12899
21410
24194
29117
23912
10112
27233
9458
30615
5323
26931
26017
19033
31069
21306
21909
4249
896
16487
1166
21614
10498
21278
16368
20474
5260
16441
2745
21906
32047
6223
20917
798
7232
13878
12277
17603
13670
30406
22397
27328
25841
7648
29245
22166
10349
3247
3907
876
21879
11566
28718
28081
29392
14059
19174
7683
10160
12554
21386
23376
13661
21900
8874
18491
12027
14802
19383
28609
25510
24668
14263
1308
11966
6103
6205
23271
8834
19287
1689
21892
16609
10209
9036
23739
13964
15148
18879
4259
19536
28584
11316
17862
675
2496
27644
3200
2941
2652
490
18344
5737
6827
2825
5746
8923
25887
19850
5524
19652
32697
2560
15272
18276
19334
27856
21714
31327
28010
13282
24994
29972
17436
23709
23868
11306
32626
28179
11958
13675
15583
13176
18881
30166
19770
31449
17036
30191
1984
11274
22757
20570
20061
19425
16034
28328
10023
16289
7487
2161
3883
25785
7880
6307
27245
20655
32249
15641
13610
19799
24997
13424
23136
25928
1876
28182
21393
5264
304
24739
30147
29095
2850
6765
4043
25250
15160
16470
15819
12969
4426
28393
5626
7083
10717
12710
4771
6224
6215
1177
23921
4656
11284
5170
24553
16450
9641
12112
15672
18839
7719
8095
6447
72
9874
23588
20620
18605
25139
18966
1659
207
8250
32752
11100
31776
14504
16068
24775
26474
12396
5586
24269
10502
26828
25689
16001
4430
24071
11693
