12027
959
4408
29234
27907
13699
14999
13132
1612
5920
17305
27654
18729
20145
18101
26243
19066
928
23424
29336
5912
23158
29487
24632
5235
25329
24151
32303
21625
11352
24568
28947
24762
29707
29114
30328
16586
8798
7542
26724
16359
2471
4088
5379
13788
7062
18692
16027
22309
2245
3222
22465
20564
32400
31086
20430
12468
30503
26828
909
26667
20449
31609
9782
23653
6612
30726
13984
22830
22690
24152
21682
24608
9109
21605
2843
7039
23791
20536
24898
30817
29563
9019
18816
11282
25192
19125
16270
10422
25431
10642
11065
17712
1715
3939
23389
7235
9793
12453
11536
26359
26104
29766
13086
22079
14098
14949
29110
12248
4451
90
610
12916
22250
1526
13372
1304
5542
22539
31840
13763
7082
25647
19101
2896
4468
31166
5744
11933
3707
23582
14386
28397
23559
19015
25232
9611
23109
8066
20540
31921
15259
29040
31202
7591
2617
20303
26718
2607
11249
1657
30508
9505
22600
4141
6943
11859
13517
3218
342
13755
2985
28409
6765
18904
20600
16227
26096
25933
26455
5443
4629
24528
25150
12165
17322
26178
10385
19918
6732
15903
15601
12038
17626
22553
5464
22804
14889
30208
14693
3560
27129
26597
6900
4543
31272
9343
23794
9890
25638
16590
31856
24880
1705
2813
4085
15006
32674
19597
4377
1020
25199
30640
25679
7866
7762
17395
4867
7786
10530
32288
27621
14279
16960
3939
32132
8439
25037
32683
7966
18189
10266
30547
31670
31954
24928
1026
21352
1733
29106
9424
26362
10336
15663
25002
16819
5789
24700
29175
21872
29625
19826
13947
7412
14392
8211
2684
14464
11561
16323
12324
14499
23467
8373
23591
2900
5552
14755
9382
16190
31745
450
22354
4443
9603
2805
31444
30916
19384
3136
32621
9416
8328
28800
25305
8507
12610
15706
19322
5392
31454
26226
24242
20267
4997
24797
22161
5488
3411
2776
6832
27168
30299
15290
24668
15205
6635
4135
5623
12587
26386
18055
7580
3378
8288
16310
6914
20833
14573
30717
22691
8286
668
3138
2077
3163
4513
8059
25048
18483
31041
13417
26601
28341
17881
20354
20534
21567
22562
29999
23003
5776
1459
22583
4557
24279
8904
19579
19133
2575
22849
20965
19520
11151
28910
19355
32044
7645
27913
14200
3397
5572
8964
31164
25113
27558
11910
4354
19240
3859
26288
18035
16712
22681
14500
11834
13640
11742
2888
3127
12756
11245
4167
28920
21656
19406
9817
8933
25257
13657
12485
10170
31776
13387
2084
571
13064
922
26727
30755
2426
25350
27
29789
6918
10993
1260
22902
30037
21104
29032
22611
25613
7074
20486
7967
13301
23105
14183
29832
12634
2166
23515
4907
26033
7666
23079
22860
22653
23866
8070
8395
22387
2882
4845
21331
2524
17726
25491
3797
21308
26805
8369
28213
18737
16855
32390
19011
16541
29712
27807
1772
13831
20701
24917
16562
5439
4319
32407
28249
9281
9006
29674
19171
5468
1775
16813
7103
1172
25385
16802
10046
25668
20692
6314
28486
7432
2867
30160
1098
25817
31332
17033
1145
4474
19510
10298
6966
27156
3898
3835
5321
15389
1053
31131
23124
14205
6452
25316
27144
22004
17497
32
8088
20918
12022
3292
24814
28505
26719
1003
798
7921
4709
27054
31640
14458
15400
2963
12705
22390
24364
22748
1028
6614
12975
14498
22276
17950
18746
281
16022
7365
11383
29717
6349
22746
27458
25805
11414
9198
19970
27359
8357
301
9530
18069
24239
29646
26203
23143
14042
25774
2781
24001
22386
2871
25997
11526
27869
23943
25129
23252
32209
19406
25386
26250
22468
19192
12769
15367
8100
29325
13509
24757
23241
12757
24588
29127
1064
24639
5240
22462
457
11523
24692
21298
3707
12807
22367
18127
27590
11776
29480
25246
28705
10713
13339
5253
17765
3416
29434
25106
27522
26367
6480
3956
21360
27440
13314
14282
9833
28309
5159
15009
3414
24511
29209
8887
3207
1037
18124
27141
18342
31696
20319
16125
16878
20908
28401
12049
28312
6466
25270
23156
9622
24843
31818
5412
20612
31623
22085
6440
25564
25496
14095
11798
30825
16424
5622
27097
6398
19218
30333
28337
6247
8000
3575
19067
928
12817
26453
23347
1093
31741
31037
23735
18250
5243
25180
974
15340
17698
16380
19048
16103
22543
21209
20776
1514
9608
26160
31263
24392
9438
11546
8411
6640
1176
2584
5024
10655
3533
29935
12789
23380
22226
29366
21602
11781
2326
21549
24953
9104
15945
11856
13331
7668
14532
16684
14044
7361
31525
16626
22802
28365
825
13642
16521
11305
11296
25321
23795
3155
31659
29542
16478
27821
24329
20297
24830
6958
6819
24166
10285
14680
28996
8809
29360
19306
18045
24497
26172
18390
16456
18530
16440
15093
11243
23989
453
21242
10783
31635
7420
26661
26226
16995
1910
21817
24042
21280
22034
13359
30955
4526
17906
21292
31834
24942
22215
30129
5635
4112
23119
13841
2104
25256
7452
6953
14523
30980
3222
13899
9951
31549
32323
23931
3305
17805
31814
21982
12476
1632
15142
623
10166
686
7377
27380
4565
29831
25825
12081
4126
14320
541
14939
31295
14829
4419
19151
6003
24031
32005
8708
24230
19728
24401
28862
474
25741
2005
21381
18633
13620
19395
29526
32459
18957
721
7832
30715
10462
21893
28241
29077
16633
16559
19354
20899
15449
29239
26961
2521
26349
25368
1549
8637
8244
21165
2647
11275
2826
1836
22295
11095
28610
30576
22604
10740
1140
16891
12288
2325
3992
5435
3452
19250
6356
27916
1208
23981
7187
18815
31253
9654
29399
17113
30286
21612
26576
7903
30380
17988
10413
19281
3450
29103
2610
25013
26297
10487
21131
6229
1301
13162
32224
17547
19223
443
12585
21052
9371
421
20292
21667
25733
21713
25668
5200
10928
28410
23309
15984
26151
24399
12574
6478
18328
18713
7341
25114
14341
20381
22777
14314
10173
31044
3292
14334
18827
19961
32671
12104
3629
13523
4115
1323
29703
21748
8669
17284
32537
32177
29970
24551
27951
23027
7172
10795
31319
29404
859
1064
18840
17838
16487
18111
17889
28905
6580
30747
3904
15540
32223
14135
18516
638
23721
160
22533
14309
5706
12413
29554
8407
29960
26060
1067
27895
25863
10990
16033
17474
24163
1894
31963
1778
13692
24286
12650
17570
17809
16746
1694
11956
10641
4369
32250
2544
30509
8330
9190
25453
12338
12099
11172
3253
24086
26280
1925
8996
3024
15521
20829
9873
4589
24412
5940
25393
26849
3662
24638
12983
30107
1140
32270
22720
1116
22495
32262
32367
26056
29295
20242
4436
25150
2015
28566
2451
30565
11521
14244
23362
5127
29771
4979
5906
17955
13203
16908
32306
3901
22295
27719
3440
21241
26048
10230
17314
5096
6824
15200
10052
29346
14297
13553
20322
8981
30296
11055
29625
19484
14178
14576
18457
1364
23285
2506
9997
26411
24466
2764
20414
24889
12098
4971
15125
19156
15831
6847
19488
25054
23668
19696
24503
11234
26191
5355
32607
27999
10934
28249
15214
11108
14416
5073
28784
27485
28070
23884
31690
9517
29409
25306
9117
7037
213
14228
13805
3667
6463
20690
8963
31718
5195
28062
5903
25521
10074
4712
22290
16326
18689
27899
25851
10341
5717
13487
12048
21965
7526
23264
20112
29778
12553
8096
6551
32432
10715
24233
3137
4767
14466
10389
19730
29607
11574
31826
20630
12342
22657
13520
24644
7408
26946
32508
2216
6726
27640
27634
12994
22602
20285
29550
27817
3265
4497
31364
9587
20346
31833
12946
24665
4319
4135
25714
8983
24266
1596
31732
9106
27546
2892
26507
30909
2949
6017
8262
21181
7216
1986
28162
32332
2684
23604
15327
14171
27299
16385
4336
3835
22149
15961
311
26749
1596
18615
10960
20952
22262
29286
4972
15180
13316
1347
31233
21061
5678
21444
28864
898
3402
27705
21320
26742
2061
4434
27929
9199
20000
7138
25675
29173
24694
10722
15488
28405
13278
16057
1559
23071
31188
14523
3490
22284
27549
16367
8090
29348
19347
4629
13394
28479
4285
20455
6186
7178
28834
12192
25605
15277
15199
14523
23037
15914
15864
27901
31317
21000
7916
693
25774
4274
26892
5187
22910
18970
14476
26839
28607
13217
15963
14971
21220
32315
3504
7508
7441
6094
26598
27684
8587
7132
31369
24084
15214
14178
17329
10673
29854
1024
4238
22836
6399
7769
19013
13318
2537
31677
1274
24963
26070
17158
1326
10495
22622
11455
12108
29446
9830
11916
5502
28648
19092
30149
6085
1909
13830
30053
19017
30214
2371
2851
5614
15037
22897
32734
18215
15117
21961
26430
32527
16252
24905
8857
15030
11687
29864
2835
25784
9095
23695
1802
9493
22516
10246
3761
25404
25703
23341
25594
11881
23556
14892
442
49
21464
16492
1544
3420
16479
6152
7141
6386
19529
9598
10275
32152
3197
31659
15743
24861
13663
19446
7185
18001
13646
9931
16358
28950
22641
8267
17131
20665
22964
11585
5644
25730
1293
19544
21918
20105
20228
20364
15610
2252
1394
23007
32107
28799
32137
25933
31819
7075
25364
25857
15464
11482
3328
22473
30381
6522
31516
24264
9726
5600
24861
11371
2659
7175
25317
24478
26473
16473
26117
7999
453
18628
7296
2514
8251
14865
11474
19831
5054
20337
6960
31770
2777
4185
22546
28650
13389
30864
6127
21516
29948
26247
22599
9616
13573
17384
13799
16548
2097
7281
30825
19975
13710
5891
30458
9409
25177
1270
14944
29714
25633
31664
59
18856
32298
11382
906
18452
3600
28289
11890
8575
27564
12117
6459
10905
59
15694
31388
6611
22717
8316
27960
18126
14236
30129
11880
32275
27022
32727
14907
15620
25020
25479
26811
27155
24868
16600
28786
23857
11580
8053
29229
19593
6616
24819
29184
29039
27213
11617
24970
31123
19927
3616
8058
6267
31544
10997
4178
19760
12194
23900
13420
12343
5335
3615
24378
24002
21135
4392
29649
20520
20250
29587
19113
16019
25414
28680
9374
21496
1411
32072
20283
21069
12357
11013
24120
30198
1962
16631
7745
11648
605
21548
9466
31121
6586
18080
8767
2335
17715
25869
22192
26081
17650
5892
21357
17667
32703
21821
26398
20510
30757
23084
23607
31335
7376
16596
27770
13863
30778
1504
3517
7787
903
7920
31725
26876
8365
7217
9299
13457
32727
2096
22038
1860
29708
31216
23553
4419
31499
3386
25479
1992
31866
13620
21764
11339
1088
7477
326
21494
31792
3032
18508
857
10471
31823
7501
29279
28151
25082
3069
3200
7493
19000
8971
16697
21935
20606
26606
14521
13554
6310
14305
16606
24779
17289
14892
1631
11101
4559
18342
28235
22227
10502
27512
9138
15430
12018
24867
11681
23009
12068
13253
8532
3139
32462
25240
17576
30500
4822
11963
13519
24892
31785
30261
25927
1888
32338
16439
2829
10991
29771
24225
18446
24428
30611
18632
10974
23404
32128
4982
22188
20659
24279
10803
26486
3994
32154
11715
26233
31156
32033
7152
25324
1968
16492
9354
749
26241
8888
20395
8380
28605
7760
22847
18471
323
21926
26052
10309
30753
12962
29775
19815
21173
4154
12752
14156
15890
8771
4502
8084
4772
3975
20246
1143
1048
29207
15592
19383
2166
12771
1298
4563
14992
28039
16009
31102
15264
25960
31733
3919
22573
7424
14261
5562
29742
9846
16675
19775
626
19570
3865
3297
2879
3631
7092
16090
1594
8658
11607
5517
2950
28922
12531
3260
8240
17304
2438
2811
8651
3329
30946
14181
5463
3905
1456
22413
23912
18610
692
18872
7044
24526
6995
28489
16588
322
2386
7036
4574
25667
22496
23127
8699
26917
22487
9182
2405
1578
10559
20359
23307
30360
32276
23533
7528
24590
31304
24264
19113
25111
21772
12573
7182
17408
8012
11186
9362
13543
21368
1989
32462
21013
4746
14333
4635
26510
12869
19873
13047
7909
186
15880
8874
4181
24849
7249
12841
27150
9606
6996
3130
8653
19122
27607
27353
25775
30732
19206
15322
14663
27055
21789
30929
2030
10078
28776
13871
32090
11461
25709
11693
31603
26369
29032
18414
3169
11107
31735
26975
3050
2929
8471
1635
31483
10798
17999
17069
12676
30364
31275
8172
25225
28542
14572
32686
9847
21602
27006
31870
32692
26591
9898
24144
3449
10012
10381
11808
24804
6801
25161
11477
10313
9234
10234
12651
9418
28169
28908
12881
7719
24579
2571
32272
18647
15470
19610
26414
21079
19360
11560
26450
1986
14364
14016
32168
19106
17
18017
19591
18437
8228
6829
14930
9684
23407
3045
6556
6753
17610
21
7311
8767
27977
28556
6030
18518
23558
3471
22297
13366
13088
26959
3313
29356
9731
6936
6269
11411
9450
20938
11885
16365
24995
21645
9117
28467
4498
19649
24380
6889
4345
27700
14381
14708
19319
17304
16813
304
3534
23860
19255
30910
9449
28633
6052
24987
28189
15896
3991
12535
15535
30130
29464
2756
14486
9040
20095
29453
6787
3700
13972
10633
26911
4528
4084
25456
7059
17174
26039
22413
17742
239
4943
20629
12034
14000
17843
14775
240
28201
6078
22900
25190
256
19921
11953
12934
32350
29888
9226
15944
6376
26604
3434
6083
12529
684
9176
29352
20205
242
29588
10767
8745
21291
28771
21366
22458
26982
9255
774
23988
14777
11186
9497
26268
1504
30172
4346
16671
9256
30931
14571
22531
20364
20915
7021
28255
17181
599
22971
27655
9383
16750
6040
20043
657
4305
2122
4321
26885
3604
19687
8991
21073
12634
1999
15725
30349
28270
18810
11003
15998
27664
14964
23471
23995
17805
9893
21090
22542
2707
19926
17227
30237
28994
7537
30395
27978
28294
14216
17419
16087
10405
27417
14547
4686
30740
401
16477
3872
27279
1422
24410
31116
31848
26345
22483
5826
31776
8180
18786
7241
19508
16384
8609
11934
30521
32547
28899
13086
18987
16184
30498
31013
26883
7718
32057
32376
4487
32102
20051
21216
102
8895
26020
24344
11396
22100
9303
4841
19603
8673
9159
16020
23267
5442
30705
7024
2939
13365
30250
18388
26728
29024
21517
14903
2133
23190
12984
28566
4956
23126
27192
22807
2588
12948
10561
19691
780
5308
15650
32376
21006
31477
5625
16824
20040
9891
23331
7644
10799
26671
9207
29494
4580
5130
10420
14421
964
18671
32695
4722
5947
27497
15090
19723
9688
31382
31129
29901
2727
8746
16926
6583
27579
11702
14432
31869
16906
16683
1056
11050
4990
31386
31668
20746
4936
24893
26367
15815
7288
17851
28320
26578
15050
30632
2922
28164
13763
29771
2580
23686
20989
29349
30514
14574
15552
28846
1892
6570
21969
9698
20430
19618
19343
32508
25288
20761
15675
1794
9430
10452
22424
24961
28122
17535
8116
14874
19080
3916
24581
19773
29211
24029
27575
28213
17478
17508
11333
11877
25454
6153
11591
2513
16150
8076
6795
15584
8859
14123
25702
10080
7201
27590
32332
24778
20429
20801
27551
25031
2869
6186
3781
26356
11540
9883
28285
28898
13635
14434
25971
1378
4324
19040
28690
5631
30432
21807
3225
12235
26773
6920
24945
22623
10952
3299
7614
15389
19169
2783
18484
4536
1111
997
28715
22263
6761
14472
29942
19125
31247
9520
22385
18477
14384
22392
18906
26484
16405
13012
29154
1863
17950
26743
4355
9223
21171
9844
1811
8194
31102
16931
25370
24820
4311
25030
30305
26318
32128
26988
7627
16309
26259
12054
13672
32078
26040
14873
27208
3897
1947
4547
24205
9947
12446
24385
21444
2145
14795
26304
20342
27905
23052
7123
28153
23171
12190
21781
22412
5121
32195
25359
2980
2027
29367
3676
30336
24397
2534
16650
1283
4693
24156
24388
10947
9744
381
4910
3678
30580
10742
4113
20493
14243
20211
4280
7803
32110
915
5402
3543
4120
9880
9017
25895
20317
14948
3913
21984
23731
31009
3861
20916
27088
31039
7327
29356
20588
30243
27654
10614
22344
4381
30893
9728
18543
7835
28058
11846
15548
21405
27932
22376
16540
26473
31665
21759
13845
32128
4646
21169
6152
27600
6912
3075
691
12587
24347
5743
9593
12280
9617
4535
486
297
2781
12920
7150
29549
21313
23298
32629
2726
15461
13927
16149
5021
4672
2514
20507
8180
2875
12314
26578
32349
12180
29591
15877
778
20481
14901
22719
13413
20375
14278
17749
12288
17641
6813
25254
23503
13940
26200
8354
14229
30267
28925
22793
25244
24750
13897
9589
10665
720
30020
22171
12591
27545
19481
28878
4035
11417
17957
20933
27856
19935
4174
25501
30604
14617
18326
289
18986
24573
5615
28490
3410
8679
4434
4098
28622
13507
4363
12845
18054
5421
27991
8938
26798
16855
23856
25622
7230
17963
26216
11283
9890
22578
5109
4807
21939
3509
26252
4071
5351
27810
13169
11893
25284
23216
25997
6535
15003
12358
21697
26187
18034
29338
10106
16200
27970
30998
29317
21734
4451
511
2853
14129
4932
31320
16227
31962
27743
32004
26790
23422
30316
19756
3203
5419
13013
20448
32726
24353
9835
18689
16402
9685
7511
24414
30421
21052
27475
11293
23488
29765
31770
22877
26757
30376
18460
5145
4929
16350
375
21839
781
25712
3363
18018
29391
20085
7276
17598
13911
32342
31398
18618
5543
18645
25372
13250
29329
13902
29513
18869
27784
26428
3403
22924
30384
8702
16020
22845
5175
28124
32483
30942
12008
24389
23410
28942
15357
31066
25201
4241
9013
18609
25268
19770
7207
6994
21417
23566
30166
31238
31116
5286
31877
18130
6622
9173
29133
9406
21523
20875
19180
3290
29323
24057
10592
13443
18371
14838
16821
10467
27597
7842
9371
17335
28157
18505
7739
23893
20198
22666
8139
24557
22148
9144
26464
8207
6843
28032
23044
7789
18944
22732
17417
5859
3671
3816
29597
180
7293
25059
24990
25623
17254
28217
23727
10482
4074
32686
27275
17125
22715
15741
21401
24202
18074
25010
3265
29691
11466
32725
29567
25237
17861
7880
4149
31228
10287
10738
21190
5215
2056
32158
32096
9726
6181
4765
12697
26089
8161
3379
21438
29706
6416
13105
14439
8293
27188
3422
20559
14239
4340
14363
18019
30909
20681
10055
17433
6191
14843
24929
20483
29709
7372
30188
31396
23968
15602
13080
19842
7204
22859
24222
12412
3276
23501
30188
14686
1031
17852
14722
6579
21506
11295
1948
7899
7278
22644
18961
30813
18307
24995
31611
14462
22597
20785
1944
17170
28166
10422
2800
7826
8492
23441
13752
23407
7476
4314
22007
1446
7159
16792
19687
21653
9772
1844
29598
3340
15663
11822
13037
18856
20993
24847
21129
7516
11663
32671
17256
17489
11831
30295
26990
22256
32392
10777
10313
13117
10569
19487
14234
4198
11965
10802
597
28827
32550
20252
5482
25889
32392
1887
24997
22690
30127
7719
21714
21448
5235
26238
3622
28682
26939
25791
12762
27845
29120
11341
8217
6798
10516
17796
4892
4295
14050
12272
26772
24944
9207
21693
6728
16192
14337
32111
10751
18932
25751
8916
1184
29928
24954
10294
8344
15332
24091
22228
23420
6712
27741
11668
23279
30731
2203
22770
29895
496
25325
26428
25195
7866
19879
3329
17279
30610
29987
3527
13252
17990
17601
7420
30777
24036
7467
19247
1927
8584
16350
21376
29083
23922
5094
23893
27285
13915
10216
1615
31969
8969
5478
18557
9891
9250
10559
4303
26201
11838
30069
6605
31420
31295
12339
24200
23014
12261
1039
14801
9146
7837
13708
1450
4993
30874
16867
20218
13521
17447
23299
29061
24499
30524
25814
12314
16388
29007
22470
7438
27676
18284
11392
26346
20142
5768
13559
23905
26607
20499
1708
17029
10747
13516
23086
15418
29812
29145
988
31210
29548
5143
27122
25210
25989
17839
7108
24189
3414
2538
28228
4776
21009
27462
16842
7814
21347
20425
21781
13165
29852
26517
18829
6065
8976
27069
15562
27159
23485
4951
7002
14733
13358
7378
4287
17688
27295
6538
14520
30733
16737
30106
30146
30340
10624
1521
4317
19978
164
24233
1683
7830
26165
25492
9527
20415
27586
18199
24683
9771
9380
27451
32228
19787
22750
22785
32626
10565
24392
16886
28218
1330
25325
16392
27462
29066
6065
18328
10561
26332
8759
32720
13179
195
14081
30007
9780
25877
13529
23170
15382
11101
15984
19374
21763
22668
5958
18251
23057
17131
18377
21019
8915
29268
19649
30939
16347
20642
21995
9313
20092
15974
22500
29671
14805
24540
30025
4519
3338
13853
797
13736
15061
22677
11371
19159
32318
25272
31020
27225
14502
27121
15466
8480
28938
4059
11686
13244
22662
1204
12664
21620
30744
3599
5493
32662
27559
26056
17237
29195
20036
1341
12118
28206
15279
12475
1499
17119
2845
22327
23641
18642
10040
6719
26995
18989
10088
4656
2148
2131
3665
8872
2974
21498
20893
29502
8880
27524
3835
24689
22381
5004
4711
30943
26187
7615
4525
23224
30217
20973
16680
1393
29333
27999
9680
29629
3884
11372
18548
4537
13251
4679
11843
25446
22950
25371
14993
28509
7007
1114
24024
16830
31705
14162
13821
7018
10437
25089
981
8562
15421
23082
6632
8399
16807
26280
10357
14931
477
27395
2742
2783
23179
28993
31076
9175
9432
1534
18046
26579
28488
6847
1607
8087
3808
25220
18830
23366
19340
23708
19761
29650
11199
445
17124
16567
9049
18260
5935
21993
10701
27930
22710
24074
31619
18664
9405
25825
2683
1228
15595
9736
25140
860
10830
13284
716
24138
4512
2778
30568
13113
7369
25792
11222
13007
7588
24722
17777
9740
19974
21095
837
24026
20733
20387
26996
16613
22869
19309
15321
27564
6497
22372
3050
5849
24568
23693
24035
14285
1725
24720
10529
3968
5539
11045
14283
7048
16305
24521
10680
7543
7427
24501
7821
11370
17938
2064
19238
1247
13365
8292
32312
2759
2919
3407
22580
12765
12618
7035
14958
16437
21868
30415
12670
7960
20169
8679
24294
11791
29330
450
9718
19518
18477
20923
8173
3059
15997
5051
7009
17535
18019
20652
10977
30277
30341
15665
1752
13584
7246
5780
18100
3242
24118
19456
13640
5034
21315
18416
17519
8333
13263
28135
25587
21768
1933
8290
16301
29597
29895
25354
10477
13165
5353
27951
12060
1613
29251
16498
11167
1307
4875
6081
17663
30291
13729
17033
11591
8925
8727
16422
8110
27945
13553
12191
24950
24190
1833
26512
18964
7823
22391
19047
5777
2384
6351
10963
3120
22279
18986
21626
11857
2726
31625
3307
2965
6744
9271
8403
26179
1626
11855
20851
15339
21004
23423
13905
28745
4936
26379
26414
8043
3058
2325
569
23318
464
16155
25218
22375
18588
32193
6833
19126
12888
12241
2040
1215
23010
9856
4422
260
31688
24307
26302
30829
20829
16641
21863
13874
8717
15163
805
13306
32493
24617
9960
16709
23702
26839
4387
14855
32564
16528
6272
4245
27866
32234
16082
11973
23065
27907
8778
29265
17616
3849
3823
18557
12613
13056
17480
11514
15733
3007
17243
4105
32425
26428
14556
26596
23882
27402
22430
29017
25334
31264
14157
25528
11987
10204
2911
7151
1060
23624
17992
756
10010
3483
31981
13155
31724
13059
7772
8809
7210
21665
21434
20448
22094
23765
7292
16827
19348
3773
31451
20133
8203
17912
17537
31717
28908
25520
27529
29317
1323
3287
21414
20403
27725
7600
1954
21607
32633
30354
25355
14406
30929
1513
1065
9159
5379
13181
6706
5524
29466
4343
25537
14131
9883
29601
29061
25829
12237
23405
310
27854
20056
19257
1230
18775
25105
30289
10741
23249
19989
26421
30141
25691
4629
925
18575
20485
3568
4539
24166
32309
9095
8896
7994
9290
10957
1697
21440
32384
27677
11547
4688
22803
5329
6133
30758
13480
23056
17029
718
2536
15847
8821
7642
28782
10907
9671
14550
11491
22590
21015
31102
27239
12417
26912
24110
9011
9417
13954
25753
31869
10885
27331
2238
6556
20926
10131
12312
10861
10735
8532
21781
14581
26904
31193
1738
31304
2318
14446
4325
9897
20245
793
24547
7410
29104
32032
30083
21815
20664
28363
378
26278
29612
6763
29288
9393
16968
25243
4875
6000
11097
9670
1970
21312
11727
29418
16373
29617
30740
31643
12452
15775
4508
26442
27133
11422
17086
27591
24098
28572
11970
20229
27594
6337
21563
13854
310
1178
26519
26006
27495
15479
15348
22244
9614
22545
11829
18222
15556
8816
18005
9045
7163
1548
764
30001
21556
1075
848
13854
13555
15274
782
10935
18672
17047
23769
11233
2832
22430
1746
268
26515
11851
15720
12213
23951
23216
20594
25647
21661
8271
18043
22436
31442
10298
19036
22359
16113
25208
5905
20779
15070
5803
21957
2409
8790
26608
8751
23998
2526
20487
10529
14723
6649
21940
5470
8001
670
612
16045
27509
17129
23316
20267
13456
6417
24687
21221
27714
11930
23094
26022
9720
21708
29157
29454
9892
25955
24724
15588
8636
7048
13339
7085
18309
30976
28537
11646
2193
2980
2679
26382
12934
10001
5256
15119
18978
26272
32500
19391
18044
2969
21045
23226
4493
2979
21153
27410
29166
25471
22602
18849
16867
502
24099
28574
6041
24336
3172
29551
17068
4999
16943
31678
17132
1147
25203
26831
7265
30567
26641
10257
11405
8788
1341
26099
25840
3149
21031
4600
3794
21010
20187
26894
31804
8977
15462
31260
19016
2705
4411
22746
6298
22833
3285
29413
23087
17041
11933
15123
9046
847
5133
7939
6395
9013
534
31481
25899
10160
7615
32745
21717
19076
6160
16338
718
2239
20782
21582
13336
7659
14023
21350
18788
16264
25008
1706
27093
11450
14029
6274
19207
26174
3890
11199
14928
8866
11143
4469
19270
21174
30385
4365
20353
19006
23471
30358
31650
24809
12993
23388
23955
8071
2512
23740
2065
19830
19466
13622
5992
29277
3277
27588
29566
8221
31174
3434
29459
6405
14426
9487
17479
9798
12868
25995
15965
12966
5504
14849
190
32120
2920
12399
833
31179
27422
29315
31657
11746
27433
16561
15472
9956
5731
9090
28867
21717
2066
18223
22989
25285
13141
13678
28984
24391
14786
24972
5361
18725
5453
15036
8236
21586
6507
14511
5545
31520
3960
5732
16181
12211
29270
12098
26227
16822
3416
12900
2780
19532
606
8244
14597
16458
31553
17979
26400
24227
2673
11575
31430
14116
32476
11630
23540
32609
12050
7491
14675
21999
32679
19975
25020
17875
10457
19217
22267
7739
32627
3857
32211
29292
17650
9121
3907
22012
17125
24349
12040
10561
13722
13493
19299
2569
18934
19136
10780
15499
12965
19283
18119
8350
6260
8979
26182
1833
27130
8775
911
31707
20094
13362
31152
22300
16405
8351
3856
11331
4363
3005
17911
26633
24708
10285
5712
13117
16995
20314
29870
28090
7787
29705
19086
21911
2724
9009
17372
11933
9473
1804
5560
32254
12351
8302
8825
11843
30736
10838
7922
12167
16505
23490
7413
26595
17529
31688
7958
2089
2027
31715
6577
6357
173
3211
1327
21312
23298
24584
25988
6935
23861
3975
27388
11276
11904
22126
4152
20427
1323
6125
22899
12336
32760
25301
6411
6583
11967
26542
23868
16948
3670
5380
27438
26564
31667
19969
27442
23555
25173
28481
10824
20351
10720
5601
5350
29037
9991
23769
20212
14235
5038
1164
3355
25254
21072
14494
4927
4717
159
26630
31818
32453
7531
25444
12076
10351
17861
13716
9504
5703
19812
27267
25904
29373
13896
14401
22779
7561
19356
15960
24246
1435
25569
20317
15473
24401
3657
30916
22683
2797
12129
15608
23497
16198
20723
13228
8115
19646
10539
1131
3967
3187
7416
28535
23875
20410
16821
22736
12485
25545
8713
2451
13189
32179
18956
7045
7677
8858
24235
17136
10791
24607
17485
27310
3904
26910
6327
22147
27340
27289
1068
16304
15066
11505
9689
8132
19849
21852
8049
7606
18891
23443
1045
20785
13673
1995
11894
20527
7239
3303
16957
15049
15594
4844
23723
14669
24119
17845
14460
8338
12925
15336
18706
12424
27574
18984
4303
8467
25866
5772
14019
28954
1429
80
8071
11227
16490
12235
3432
6273
21976
25249
3016
2040
14828
18490
10690
13568
17462
627
18445
27264
3280
7827
32291
25629
6813
6784
23202
7436
18127
18995
754
292
31148
12649
30248
13368
9361
9627
30506
25507
7479
19505
25108
22052
15925
18675
28891
11757
28870
12480
13105
4342
973
5250
15784
11159
29718
14433
21529
16726
2527
19255
4935
16382
28567
12868
24000
2289
9701
15652
4100
25790
30956
22013
16361
21750
23246
509
2878
14396
18286
17924
14767
29852
5499
17309
13800
7198
22698
8755
8702
16282
14658
6274
2826
25549
25822
10827
23
19629
31854
28236
4158
4858
9088
28783
29711
14358
5310
1090
26163
11286
24503
7079
28496
31257
13282
30157
10541
3800
23775
14942
15639
19839
21505
21754
8579
26300
2826
9445
23284
9749
21557
21756
17439
10622
2938
28654
8525
14123
25869
1192
770
9635
1320
28433
15324
2582
17674
6392
28093
8432
18752
18250
29229
9390
19747
18313
8697
1776
18338
4473
16416
16336
19777
12573
3056
10099
21346
3297
15981
3549
14531
23577
30450
1290
14153
25002
23323
4410
8956
16135
28129
13196
6738
29536
25095
718
2992
23318
27574
18068
13358
17265
21860
18567
31643
26261
23546
20480
20929
25522
5685
31702
28905
1916
27468
28276
10658
30939
23764
46
7103
7651
10209
27605
159
19718
367
10632
27313
7816
29184
27598
7734
29236
5254
29410
26441
32078
15490
10830
4381
29896
18286
17595
25223
10168
7513
18952
17340
7690
9425
19353
29019
3954
11781
13042
24750
18085
6443
24196
14637
17609
15392
198
1859
14634
19278
30088
3157
8494
18899
389
20481
9355
17632
12343
22179
439
24158
17391
8478
7841
27352
27684
23001
4510
9877
13835
21255
13990
17924
27497
14892
9408
25950
21414
9436
6075
7046
2850
23238
8735
13364
25804
242
15203
21842
2544
2631
32352
5030
19536
4432
11270
15026
24183
32576
17998
19416
26186
9267
22383
30914
7648
9398
14677
7425
30355
24714
29007
31476
29271
13989
29704
16364
10059
19066
26040
5005
8590
11898
10907
13944
5972
6107
23459
29735
9017
32664
29546
27671
30933
21689
18282
30253
18320
9172
8560
9811
16311
22484
3406
13154
28112
30713
11984
17732
24619
1824
13298
28250
19130
26693
14160
21531
7458
27718
9950
19198
16146
27881
729
27034
26324
6433
2302
22284
15906
22157
8185
22682
18746
23618
5920
25238
17461
27338
3681
12420
27284
17772
6777
10367
23836
20654
31079
3544
6628
31257
27425
18177
15020
19772
645
15017
28016
23028
658
2089
23357
20458
7128
7967
28996
29532
7725
31320
16429
20257
29346
500
26029
18407
29110
22724
13403
29888
27081
6391
3519
24797
27091
17398
8876
6808
9301
27020
3536
13240
32400
19018
31882
5873
8182
31018
23035
22187
5598
16498
12384
22789
24443
19931
13471
1304
30223
27123
12319
21888
9564
16064
15581
29721
18523
29094
1981
17158
15921
5258
3358
30456
11103
12856
944
9900
23353
31234
27018
29622
21913
20138
26487
12414
31956
15491
32401
10120
18413
6866
13330
26616
27913
23674
12134
15189
4131
21465
32389
10381
18945
28141
29823
10297
7015
10427
22104
28195
8330
18673
18967
27653
6343
4810
15386
29076
5781
2610
11948
3517
27577
32299
10202
5423
9657
25455
12674
29209
11922
16982
8108
8501
26029
15355
4381
5
17680
27290
24106
20573
26322
8509
27083
5409
32465
20120
2288
11344
7335
1841
29720
19009
18905
31428
30495
14893
22610
22757
21335
2030
29968
26855
2011
30470
21278
22781
29728
27363
706
2207
2253
9314
18679
21039
31437
30865
2845
6109
11426
25785
8944
6088
16892
9116
11959
19301
4490
10235
12733
22053
26896
8283
6405
18258
22458
26633
30778
13114
29360
2396
4837
26512
18410
13626
1507
16143
29510
21469
9493
22624
2519
4823
24921
13374
20352
5204
19129
32472
27330
9120
739
2167
2771
4841
13273
12640
13296
9797
24298
19708
9715
12279
6113
16438
4392
16878
124
24357
3421
6286
6176
19947
1848
8883
13258
26845
6094
19187
12873
30692
31344
26148
16555
12578
5320
27422
17141
20185
17702
22466
13591
15497
27412
26428
6174
8025
24112
32132
16300
15800
18235
27691
5029
2628
3949
29780
6700
21995
23051
10753
24014
27984
15420
7312
1020
9584
10009
26757
10175
7045
14339
5769
19623
11307
25401
27571
32261
26049
11433
3847
28249
31250
25351
10300
11022
29492
4381
23491
14437
12209
6498
18436
10672
27109
12237
26603
2496
20135
9707
32419
10144
26412
15664
28833
7044
23079
29579
11749
6140
18485
32316
4476
23405
18297
26346
23114
21954
17027
32496
8454
22111
15991
7417
28550
22102
19563
22732
23869
13022
10768
14697
21762
27649
21909
2388
26642
15252
6344
17713
21081
6252
20351
22673
5101
31183
27958
7436
17372
28457
1529
20368
39
24576
24197
28664
7950
2090
18346
16096
1422
1086
18675
19896
18217
584
24201
21784
29413
27329
20053
17747
12695
5566
22629
17743
6497
24679
18065
5012
23162
13995
8030
32162
10541
25906
34
24968
2341
18323
25193
28082
24039
9928
20632
4867
25760
23519
19920
23844
31521
2801
29973
9499
22568
2648
5040
21023
6369
18973
17105
7338
18348
20400
17529
2001
16417
6620
10135
1233
5201
249
30578
29930
22351
26468
31302
32112
28912
20012
17202
25119
24270
8718
6993
22959
1683
21668
1576
4264
32116
5593
25920
20088
26875
16800
32531
28866
23818
21990
27949
12538
23325
1220
13707
26671
22223
14074
4935
17703
25504
4761
12919
10417
28661
23039
25426
7223
12640
14088
2196
5779
9762
18051
17700
803
20462
30691
11508
16160
3056
5431
32041
299
11278
1885
8061
24361
13678
10866
31969
26193
26680
18060
25446
31107
29853
172
861
27100
280
22510
18365
32135
26099
771
3526
22742
16910
16865
32740
32145
19676
30649
6102
21646
2478
8490
3087
30081
16436
31412
11357
8470
24128
27503
29128
8509
9934
2045
17853
965
21058
16829
17516
25389
1008
5697
32366
12727
14561
21251
32171
15037
5076
16723
4475
20040
10884
20116
9739
19167
14377
1192
11011
31133
22849
26281
19813
28807
13456
1498
2232
28444
13670
25309
21351
26925
15136
28454
27236
13294
25073
17071
16
2382
18659
23021
21087
21892
31000
28676
27703
746
21078
18743
5658
14351
8387
418
14853
15367
16364
13355
16024
29958
28428
3510
7542
13614
14988
8344
14575
18852
7878
3150
13533
32745
18446
19824
22219
5480
5107
18912
12637
17739
14274
27975
7916
26771
12364
27074
20336
23656
24297
28888
28067
8877
30653
30896
8035
28888
9530
24960
25944
8449
1254
3913
7640
14648
24927
19394
12039
32028
19868
1169
7235
15786
1397
14785
2751
23378
14182
12401
31085
11856
7056
15817
12322
18745
31744
15923
10741
18900
4660
3271
32488
11308
24027
3846
4298
21475
22749
10444
32603
16329
11419
11392
10162
7085
19576
7054
13020
9332
6552
19223
30662
4712
29672
16615
13404
32210
23646
23719
25075
29130
3202
8531
10468
8526
10029
13039
14202
29330
26256
23670
15
21655
27513
12820
8817
4863
4562
9108
1163
7200
28266
4892
24129
27991
23033
17432
15515
6558
11614
13940
16422
7777
4906
16910
6807
31374
4706
1643
4018
15340
13953
681
32106
30381
30909
27060
12106
23366
20107
1725
275
24190
357
17896
5287
10181
13259
13637
7973
14792
14216
4610
4438
2370
6454
13791
8008
30229
1284
30945
27448
23193
26807
23371
22453
9524
30447
3018
17667
12331
28588
7664
15806
19383
21008
1251
22207
11868
23399
9815
17988
16246
30564
6585
30282
28693
1453
26541
5694
5642
6299
23995
28629
32066
4410
19013
825
9043
15512
13501
11877
20821
22076
26133
25554
2035
5108
21878
13395
29121
7892
19764
12349
20433
7547
23554
25548
5249
13208
26210
29378
8342
6829
27744
5969
22159
14355
22400
2107
30771
21567
25845
2616
621
22339
19
12440
31577
11927
8455
4393
26271
16410
966
28507
21504
3668
19267
8866
15406
29182
25829
15388
8161
3268
16440
12148
7463
22857
12003
774
28411
31852
218
19268
2842
15306
12500
30040
21010
15747
13568
9483
1436
30018
18419
10725
31019
25207
15845
20373
12485
999
14878
3476
25106
9319
22699
23046
2995
25828
8277
9185
5844
10151
20692
14416
14085
16599
24895
5978
31813
4160
17095
31679
19296
26706
15269
6690
12412
26221
28241
23405
16366
8284
24821
5746
31058
19231
6433
3278
24794
16109
8128
12051
17126
31865
331
27686
21973
6005
7740
4069
11803
10836
24518
29965
14484
14165
9411
3675
12057
6845
31470
2802
15184
29283
30802
6653
15304
7794
18690
4501
24389
16235
17675
31973
2648
21865
8871
21900
15155
25769
6323
27714
24508
17225
1379
17599
20960
29776
27957
26841
28202
13295
26147
30444
30868
6407
17181
28542
17309
28650
5046
1571
19867
12902
19486
31135
18515
16640
10576
14155
16071
16765
9612
19898
19791
18087
4360
29339
8171
9549
8931
8161
10968
6796
5722
3106
20833
10061
10302
573
28408
17679
2213
23616
30341
22503
5345
9609
7166
452
28078
10283
15416
15096
15791
27027
30461
21492
17436
23147
12126
17491
30645
15806
26186
27419
22010
2909
9056
9279
12957
20866
24578
22376
6968
22964
10411
25588
9020
5354
26754
3647
11305
4851
4911
21026
32261
2325
8429
16058
17415
11253
4320
16235
16787
24758
26026
30244
21355
2405
20537
2788
4387
28821
31970
5245
8917
6214
14004
32408
7959
28684
21766
4345
1322
13933
10067
31748
10100
2442
21320
3712
6704
27394
22810
30876
31333
15123
12829
16431
8468
28418
15763
19012
5814
1725
28609
7638
23270
1472
30537
17368
21594
29493
19635
26745
32023
9567
24653
8613
7909
23608
23093
32463
13313
28505
8372
17902
16403
4891
6349
453
13663
30972
21782
17768
14911
20292
9927
18684
25297
25576
17681
17342
13037
28334
32433
10055
31834
18066
10692
8206
27969
1640
17885
32558
25313
25796
1109
29033
21637
17175
10978
10093
27315
14362
1131
21335
5799
6512
21531
8054
15872
18567
32437
593
20152
18111
24103
5099
20313
21710
29537
18501
16238
8547
27239
13093
23608
19209
9381
14614
7587
14670
15748
20912
32632
4389
15674
16153
27348
18570
28134
24268
21465
7524
1756
30617
24483
29615
8765
10477
9854
24282
12492
24404
26198
23150
24572
29244
14703
30193
9806
20220
9558
30730
27097
21781
5655
15590
29994
18359
6576
21465
11855
30855
28614
8265
17455
3999
16791
456
17949
5334
5680
18304
22956
7746
22239
29396
708
18428
30700
3396
12789
22819
6532
5521
3340
14884
13558
18466
9700
8248
10786
18087
4991
4654
16685
25340
8533
10858
29818
4432
2284
14894
5846
17798
27049
12824
10739
16347
29414
29676
31000
3274
29765
29076
19478
15405
18499
15717
18046
5028
19728
28580
18193
16442
24478
1353
23416
19270
3319
7170
7222
22160
28117
12155
1242
25525
24684
15325
7289
10957
5259
27029
603
17482
7651
9814
13045
10787
166
20321
6423
21555
27733
20740
16231
29660
6355
24416
13838
4847
31165
11376
177
6608
15358
16199
8355
213
16797
20633
3929
12528
4058
20605
15646
22414
25466
31089
26631
12734
24415
5279
24362
4758
2395
21343
1547
10450
2374
25084
11351
18367
24142
6075
3541
14168
32399
26649
3737
20398
5348
31061
1915
25485
20732
1070
14023
15964
32176
24814
10550
14661
20883
26023
12061
11158
11723
31165
12773
14951
16160
676
32187
19326
13651
3563
21384
8047
1201
23674
22308
22279
26087
13080
11719
26603
2072
5168
24768
17533
10541
18132
22633
15103
2157
20226
858
20475
26445
15142
32221
6114
3209
27361
19874
21491
32115
13065
1460
22110
24971
753
26284
29098
17489
28394
20261
30548
10583
17417
4207
2489
9882
2347
31624
17717
30994
4407
14919
1165
18312
675
18651
17546
1960
30778
9076
27367
14679
7964
31808
29806
27719
30214
3481
20061
17352
4563
23677
24334
27873
2883
32574
471
15007
31228
15482
31280
23725
8398
5710
8723
25637
12091
5575
22441
2726
15415
27289
28194
28583
24108
13076
9700
16394
1089
83
28649
31732
29916
27319
98
20189
5477
19092
29857
11747
24398
26921
4149
12388
9808
15830
21847
22219
5111
2953
31877
13226
31840
29306
3948
11018
28738
18968
11019
15359
12331
22338
11542
2175
25868
12987
20632
3955
16888
29656
32221
19727
29481
29564
20879
13663
32324
15174
7967
15651
30685
29961
29286
25821
12862
28285
21645
31272
18788
1332
22570
843
12363
3791
12459
2318
9068
4465
22776
13005
9347
24692
3412
26826
25493
29019
7300
28871
14642
32008
21556
14549
5624
16688
3222
17511
2904
30219
5964
28586
20893
19536
5512
32025
28457
1888
31090
8524
25858
1985
14026
272
1166
22991
26318
21949
21147
7342
25438
11204
7074
21891
7518
28552
7501
740
12892
15471
26934
1165
1394
8760
25842
11092
24430
21647
2894
1375
23089
30942
21208
14996
6997
1639
23970
3409
8723
27792
22082
21341
11363
29565
7709
31519
30564
2788
12518
28942
24319
31517
24929
31081
8391
11385
21357
21032
17956
30933
22337
12594
31153
15215
2550
29392
19426
4856
24390
3170
10986
2538
30867
5969
4572
6427
27946
2116
13072
14483
26570
26263
8648
29338
15712
6153
16147
11542
24853
5300
28146
7444
22922
5955
21178
6309
7010
7519
8633
15083
27906
19562
16668
3699
14228
3696
16912
12741
26962
31578
29992
10810
19713
25189
7679
22798
31419
2003
2590
18102
17906
27361
3872
14452
19634
10232
13332
17448
3110
19239
2594
22121
7774
9937
30834
24276
1359
675
32585
5796
10012
14025
13941
5508
24468
1890
2796
10401
19195
21553
32688
8194
11789
28821
30197
1564
8000
14267
16518
30113
21834
12562
1637
410
16099
22783
14513
25525
18380
25043
8141
25824
28432
250
17343
13334
4746
7284
13270
8057
5031
27786
29072
25506
14701
26041
698
1333
29628
32499
28377
26808
25556
10247
11209
7333
19992
1117
15780
2493
22802
15846
3558
32160
15798
1107
15822
17307
19691
3205
30727
16321
28231
9285
1415
16445
31770
11830
10680
30950
8367
6663
2517
23828
6350
11501
9111
19378
32645
11857
5906
16789
1833
19654
18393
1548
17303
20285
6505
1465
27071
26236
19141
20383
10340
13004
13661
26747
32285
20978
29492
26712
12448
2401
12354
5726
18751
24750
11032
30443
15027
16452
10434
32741
5145
26713
24561
26446
25914
21537
8026
16408
14351
23873
13145
22843
17285
13190
20186
4870
15229
31959
31609
7858
25111
12648
21736
23613
15920
2097
5009
19062
6953
1951
10877
15700
13802
3721
31861
20107
15143
26981
27751
15457
31458
18364
19723
10942
30002
9691
29637
31363
9282
32460
29390
11037
10140
23172
16015
31322
13480
3166
16973
13947
28783
13768
10251
30346
5797
24892
22444
11502
4583
18803
29017
18492
26945
8405
18210
22096
9971
27955
6632
23965
7285
19384
7546
24769
10168
12573
2046
16476
23983
31261
12435
28451
15886
24617
308
11312
21586
9820
16351
14236
27137
4785
29431
13648
11827
1908
25832
12824
30289
20726
2825
32506
31773
31621
21446
22213
15602
17819
8190
492
24141
598
27562
27797
15245
40
27072
25326
247
18384
5975
26560
30717
18313
2571
22854
26816
16001
32163
22591
13523
31884
25841
9538
3906
18970
506
26706
30163
3175
18775
5810
20363
31217
5339
27386
21620
29487
26998
9067
8862
21376
21593
31360
9316
20066
9051
3525
11248
11492
31900
9964
26626
32606
6504
6942
5612
5983
10334
13455
5346
24039
6865
23125
15984
22998
24942
27258
10316
31397
23583
31312
13134
31572
304
28932
3005
29091
32689
12406
32460
23941
24859
16456
18788
19666
28214
12086
17444
26428
23353
7845
4263
30340
32563
11390
11269
16110
6827
12092
2716
15346
29059
30788
8464
5428
15395
4213
32400
24502
13267
8961
23643
32588
15975
2683
18051
15441
32034
13361
16881
24985
17109
19899
5034
30374
13639
28884
3409
27167
7641
16745
748
16509
11626
12784
19947
6920
14201
25083
358
11010
10377
19213
13222
25890
15306
12204
231
2372
13301
183
11100
21086
7032
11514
31860
25270
20435
3840
19292
16466
23618
27944
19653
30128
26524
16379
4071
10936
14715
12989
19653
18927
6813
4674
26547
1517
5258
7684
19990
21265
21623
28530
4204
10611
13675
27530
23948
8986
13728
29353
17198
19056
23340
17058
22445
11506
19424
16142
12556
1580
7281
5092
19768
5861
6869
26186
20364
31895
6128
1962
14234
7458
29808
24327
29993
31424
29942
31890
32122
1084
8566
2936
17872
13663
13280
5631
18222
7084
23040
20433
28515
4941
20131
23191
9028
20556
3579
14538
13881
2054
10564
25286
31483
20189
32168
12833
20891
32302
21088
5946
22215
13955
8733
19733
6217
21001
5030
32614
29392
23364
26050
5867
31987
23553
21080
8191
9075
6284
11477
32621
23232
2852
16334
27010
2495
13228
11751
20326
4555
4003
23027
13996
6138
20054
6748
12071
29601
5460
15301
23295
26138
26915
5871
15621
32708
3633
15833
16708
22092
30221
1068
13272
28715
3287
26325
6660
2416
31478
5876
8574
5568
12040
11253
6669
9115
17439
16636
11606
1248
6186
391
18675
24724
9905
26959
28358
4575
31686
15215
24461
30807
21304
29895
21430
7554
14345
15779
13940
21397
14370
7832
5906
12674
70
31919
17544
4146
29765
8390
18252
27919
6002
20018
11626
21958
22870
11433
23767
16715
6822
2400
24578
31261
32371
13168
24749
32203
23457
30590
17659
30135
25242
32411
8906
11546
19267
5225
32066
10312
7984
6271
174
16694
29716
7951
12427
27961
10875
1222
15327
4112
1211
31220
27597
37
10791
18669
24677
8208
27271
23471
4033
12637
21957
17605
15181
17551
31721
20331
20326
27236
26951
23282
24871
2651
13047
1382
15999
628
10118
26991
17543
29751
30699
29557
28691
25335
27837
4615
23688
1880
31651
17790
9453
31759
20747
21213
23364
10217
8735
7676
2586
2319
23284
28390
29789
17800
32005
9855
1902
9471
16865
9834
13175
22471
22048
28713
7679
12060
16539
16262
25275
10924
18909
9266
22183
32598
30676
24237
342
31537
29132
1125
16518
27344
24735
12066
18936
25540
7973
15265
32639
6243
20210
23423
18774
6344
9537
32346
27318
9499
1067
22066
1192
29971
13341
31509
15129
6328
20872
29179
12332
22126
17114
6895
18900
10799
19118
19055
30113
18968
2623
4630
24282
21543
2083
31864
19149
2371
3894
16462
3939
14716
31188
11987
22519
17813
15691
24941
11368
22975
18831
27280
28269
17832
4400
3551
16681
5556
19850
17301
3840
20874
21308
2852
8616
979
2779
20764
131
28478
25063
27725
2348
5320
18429
30256
30288
28474
3151
643
18623
2035
12114
31284
18114
18663
31926
7552
1456
12264
411
29020
12732
18213
13058
7188
2065
1776
22657
30002
14113
1220
3900
19617
6457
4998
30992
11538
32089
14603
27665
7583
29252
7387
13879
9902
18387
21556
18772
7705
14990
12114
25417
32396
32125
27630
1658
20014
5692
28933
22143
22659
16206
30682
11549
16273
17587
17982
31604
10305
3773
24079
19321
1545
20255
17919
30119
18888
1095
20374
24306
30705
18158
32379
21245
27116
5613
29935
20108
16057
5202
2458
20028
16087
28083
27274
30066
14180
21698
29049
8593
4229
20514
3406
15728
8968
18809
25831
26891
4424
4807
5910
18808
10065
22006
15337
5405
1605
8882
2863
12321
7935
3706
19511
27936
16373
6903
29403
17955
14947
22157
3517
8655
25254
27441
27089
30940
28645
3962
3868
28617
32503
3578
31419
14542
15489
22222
14886
21011
31327
20340
19382
29727
13382
21725
26725
17555
18343
9155
6870
8472
25302
6973
18325
5782
28523
3473
2719
22695
31721
4937
3621
19787
26781
5257
16013
221
23497
31903
32698
5701
16642
19420
18317
1904
22487
31650
16811
18941
5555
26815
24705
11321
24325
14329
32646
32334
23453
26858
31424
23479
27225
2831
24458
10487
30722
18715
6804
6539
15729
16017
18219
21021
10486
19345
955
31482
30458
23282
28562
22214
15842
20114
13798
12655
28983
1514
18970
15199
8196
13030
14653
9462
29312
28915
13524
3639
10989
21081
15065
7873
11712
22475
32515
23041
21762
1596
31048
935
4854
3829
15777
10326
10236
15845
269
7840
28597
8760
28632
5169
2408
9515
14621
31562
24485
798
29578
27762
21288
23274
16227
20584
3327
18294
18889
26203
15344
14213
5437
31325
16661
30674
11104
24598
4041
9055
7164
1461
17608
28170
27976
13100
14481
32097
24936
18845
4367
17335
13620
5903
5753
4472
15418
4710
20343
20665
32262
5010
10374
7955
14497
23558
10909
14770
27735
876
1297
28585
21693
7319
28342
3720
29427
9913
8775
32049
3367
7894
31239
30951
18266
17784
28329
10408
14695
27813
32109
31421
9793
25102
14733
143
14460
18825
3287
15548
26639
31681
27547
5994
27992
15660
32711
27868
25952
24894
3921
27203
2913
11741
8661
11478
11141
4884
10624
22308
13041
2827
13100
4265
258
13879
25036
9120
24022
1998
14603
11545
14863
5758
31536
4939
7123
25950
7749
13867
23831
14629
7288
3646
7966
19866
9153
11691
5948
32587
26821
22420
6368
15746
8443
8614
210
22645
26637
21487
26040
32701
5249
31472
12767
1289
16280
24564
2616
14100
1142
23456
9889
26836
14980
14026
32614
30965
12051
3471
29704
28037
8770
26783
20285
30705
2849
220
19511
30000
26390
24868
297
15934
6272
23146
21256
23756
6299
32268
22159
30774
164
4704
17029
3765
11837
13712
22338
20182
1810
8873
24432
9514
8125
19694
11791
21055
18919
17778
15803
7376
19888
7910
21810
29753
21073
17327
21777
5933
14848
29244
4830
4779
29973
21398
25931
11566
4202
24632
17849
4645
775
1826
11004
20898
32511
19241
350
2134
18837
19089
25574
17341
24227
25821
31450
30358
25405
29414
9090
4502
11153
17707
17711
5213
22545
23656
30588
10921
19925
4202
24020
10698
3642
6433
23604
598
12752
11767
2354
31261
2675
12128
319
16991
12471
3762
32553
15933
138
26680
24036
3438
18708
897
26505
12083
13282
11774
5535
20877
10052
9165
9882
8365
10227
31439
11425
10924
32247
17408
31124
11132
8392
22280
3150
21791
11956
31757
25383
26646
29568
26572
22461
12317
16978
15848
26613
14613
9935
3457
4156
20546
12672
31753
6931
9654
25466
4691
2506
8717
32062
24557
31371
17499
13534
26800
12187
7267
5985
4245
7133
13578
6505
31179
6296
779
6931
2310
10361
11243
25375
1049
27612
14640
21841
32455
10823
3022
26646
2518
5431
9186
7531
22630
10272
4258
763
20353
18863
7316
32135
13299
4690
2559
25483
27228
23546
29600
11039
32131
32544
9629
12059
24301
24838
703
20350
5551
14143
18907
28945
20352
9329
20369
8263
2066
4698
57
23400
15011
27921
15899
18414
20943
9102
28638
22320
18856
4461
21316
7741
14344
13807
26644
25867
12070
23618
1879
12497
11880
6402
31430
19889
5496
16639
10372
7066
19866
15681
9993
8813
7485
24649
19806
12638
22991
8346
5008
3486
27606
23672
22367
29751
22845
2800
22838
29495
18923
32280
1376
24080
15003
6808
23928
24895
20967
10345
5665
31020
2981
8413
15608
20561
11895
7648
31431
18591
16286
20093
17916
13341
26895
5284
6489
211
1481
12330
748
23526
18533
6929
8002
4100
12271
31498
21720
8962
16116
19512
25554
30404
10460
10551
7663
29022
27002
21597
23229
28792
31458
26175
31753
3063
7547
17783
5786
27610
26197
19365
4895
13665
1980
15284
23397
21365
2061
27999
26573
7748
23240
20979
16638
9772
4071
13910
18903
9690
3438
26184
26023
24499
1860
5353
20129
27250
10561
11899
12426
12563
10120
30570
23477
10737
10519
7305
9265
2347
16540
6303
16705
29259
26506
4898
16652
27946
12141
7234
25750
8718
7547
27178
30703
8470
25707
31618
31403
14552
28810
17208
11409
8264
31243
16768
21144
30684
4510
11801
18447
26093
23365
6098
12315
21089
27491
7502
23398
1415
31254
8964
13846
11842
24775
10889
20988
4970
5632
12050
24846
29807
7037
11061
13336
23871
4741
11247
4526
29034
27259
5355
31077
29316
23984
31233
10051
1484
12411
12798
27507
32010
26252
1699
10813
9918
25213
9712
6198
26998
9130
14498
1716
11904
5699
16890
21637
24513
10655
11456
22241
31973
8403
10632
20124
3001
20868
16948
15776
26580
17657
18106
12443
13693
28532
30503
20725
31689
29123
3812
21253
10756
6418
5432
5252
3154
4355
5903
32578
29590
31745
11770
1047
5267
26065
30838
16925
25170
17513
26481
11804
26563
31494
1290
20038
25766
4985
6297
24101
12716
8641
19439
28369
12250
1503
13791
22374
18223
32742
28157
2485
14470
19026
3493
7994
18110
11930
16959
12879
31511
18441
21698
22430
2271
26825
19063
19420
5199
21825
768
10677
24752
18849
30616
15362
10689
32186
32668
16450
11357
6932
15947
11592
8793
22842
7626
21041
13740
13401
31594
24985
11986
29193
26926
15631
25202
26731
10376
5317
8766
15220
16996
12172
13594
1160
24679
28416
6785
6219
19321
25600
7461
24244
13185
1890
30934
29027
9327
27364
6053
29748
19584
30309
10825
23572
30653
1365
8130
6163
25798
30826
16444
20667
22221
3988
28469
12704
2277
8244
22754
28985
26237
31625
3791
2798
11559
6506
22471
24434
23455
23355
14067
12115
4616
31514
28229
9168
18296
31577
24
23018
30903
10801
29712
9150
13380
3508
25416
29713
10137
19460
4012
10285
4528
25539
2723
9196
16070
18634
12018
29714
29023
14622
29149
27359
23690
24095
20366
27365
4966
3587
22203
21528
4581
16771
6020
18212
17104
4564
31130
13059
9996
21209
15782
24782
539
7575
11753
29139
12261
24297
16927
1001
1977
15989
15018
28672
28815
29150
30444
22268
2704
20540
2805
28868
4568
14793
22622
20885
24186
10204
11892
6557
9668
31004
13722
17093
24773
19949
10728
206
31757
2351
10520
26527
13492
18728
6051
19421
18078
27838
24871
4541
20476
30954
6156
24086
3606
29289
14439
23995
22345
32693
4638
5895
30283
26419
7758
31161
19127
15790
17385
8450
21189
22788
20388
31709
600
23327
8976
20383
2879
26919
24326
18639
31412
25334
3401
3639
20521
11981
3431
2619
28997
27973
18656
24170
7977
10632
29322
13651
20727
22976
21812
26266
6037
17360
30090
8523
28334
6723
2873
4205
7930
25985
5459
11739
5568
3401
3572
14159
21913
5723
294
31168
25718
26741
2818
26350
23268
12417
280
10555
30863
13069
19217
10684
25093
8955
11923
15504
27581
20602
4709
26480
5720
17461
31956
30344
8230
6858
20821
21381
20460
13437
4459
21232
23781
3374
9419
27578
6150
20616
27839
3352
14982
32380
9928
1681
32158
13293
25223
13908
24462
27565
3805
29136
14816
19369
25170
23679
3312
21088
8883
8450
9388
30874
4095
16499
31385
6998
30341
27639
30999
16900
11334
7314
997
5364
32160
23872
27111
6159
19758
31553
9255
32197
27370
4276
1563
9798
26260
7527
17190
7925
24920
8686
28000
13849
8875
28914
20890
30422
29814
10956
21661
8541
2678
5970
13747
29535
30946
20977
23145
21703
32335
31741
1938
15528
9426
26948
11151
25204
32356
31465
7630
3952
138
7280
30609
9316
17205
5909
27121
10135
9958
12130
13602
28410
9751
16640
9464
15012
21975
19662
13994
21374
22964
11568
19415
576
20189
25770
3782
29340
29320
15021
27634
22200
1938
6832
17606
24290
16229
27011
16293
22912
10783
17632
22829
3909
29169
24900
6845
12203
26052
31228
6708
24989
5923
1923
9980
19571
3925
12299
18504
11556
24521
9818
28825
19383
4536
27351
2695
25851
14597
8933
17086
23672
11880
31343
13127
19109
13515
17348
21513
15196
3572
18854
21647
12426
16997
1949
17163
15659
8320
15506
9371
19574
14063
2968
25292
26964
20035
7949
12893
6679
9691
482
22341
9321
30728
9015
27126
19842
2414
14379
484
27295
18350
28658
26945
21935
15170
11816
15883
6735
20648
16228
9289
28408
15554
15377
28050
20087
125
3449
22990
17822
20401
18723
21825
18746
24392
22111
22469
10309
24227
4639
18774
28252
8249
25864
4052
19059
13697
32713
10757
19911
531
12716
31706
5908
2570
3434
12275
15880
32684
20548
21092
4856
21581
16207
2234
1747
20592
28432
2873
20308
30512
10568
17256
7035
14558
25873
13264
27709
14572
1322
3328
25979
11017
20624
5076
11057
2958
22862
15607
7920
14105
17813
8615
4494
9591
12047
12728
15644
19400
3185
18140
6936
27101
22864
32033
27364
18149
28725
29883
31863
8521
19187
24836
4947
21972
7480
2241
30134
535
32099
7079
31765
9740
3989
286
13510
2297
26379
1092
28669
26007
4523
309
18425
8564
476
30602
31103
5014
19099
9759
8328
7777
25036
5146
11575
8379
23757
11048
9485
621
23377
18186
1120
24524
5228
24145
21513
6298
14826
10341
18270
17959
9701
25804
30304
23739
1687
10153
2101
31800
31852
20355
25048
13308
24155
2120
11535
15877
6263
32658
19357
30040
22721
11816
2745
2979
32321
23240
10944
16929
32341
14884
3879
10686
13384
20522
10931
11900
20262
30344
31724
29205
20943
11376
11727
14818
22859
5016
12483
29691
7517
16006
24526
6048
24411
13322
1545
25815
15164
19468
22609
18263
3827
18823
14144
24741
27644
21974
19803
32125
18228
16687
23949
31347
23277
11373
21973
23514
28482
18
31291
7397
31912
21644
15368
31244
23750
12215
4406
15025
32135
15268
24614
15876
19053
23193
21393
20260
16424
15448
10945
1159
24167
22692
23041
11931
27630
29442
3922
6573
16616
3005
28511
9995
2943
25132
7859
357
17067
27703
27434
28793
15175
26392
10661
4080
4970
25951
7170
28034
26612
32313
29516
21089
2151
497
16942
15317
7417
22455
29614
18211
29415
26785
6680
5300
25355
15343
10807
26227
1713
10387
30411
32119
11943
16369
56
31458
20627
21987
27772
18441
24201
18944
15203
18901
15581
30238
2814
25449
18998
26133
81
3076
11748
15558
10316
31785
24692
27228
25853
13822
8833
6098
15107
27891
21965
27574
4934
4259
27792
3116
17637
32511
25359
565
31600
8617
30577
25137
19800
31390
5070
23971
5795
25624
7818
8757
27620
1971
9441
10748
14699
20686
5058
24828
25273
24116
29409
17391
30263
14076
22024
23618
18727
18093
30893
15713
4058
25766
14282
26420
17955
27325
24041
12777
31757
7975
30078
9973
23241
30104
5498
27477
30186
27562
23581
7962
15573
1155
3084
22052
8306
10162
32675
3630
16680
26459
26252
17931
14601
29076
401
6702
22089
12558
20654
2672
23029
24824
26475
19726
3809
6176
23401
21233
19683
3932
314
24883
15422
10024
27509
25566
28001
28816
24586
24055
6354
15697
14292
6843
7013
31547
23661
1064
689
24281
22598
17087
15812
8532
11511
2697
17942
21909
25555
14680
21692
6314
3264
10831
30686
8555
8006
25252
7275
29533
29157
31653
24587
14550
15276
28153
16214
2146
21511
8745
29763
6502
9433
27231
6371
11267
714
18797
25167
10301
24547
11024
2015
14429
3160
29046
10908
25235
31140
31743
20728
26080
13275
2881
19133
24115
1340
9806
4420
29651
30726
25913
30695
6652
10894
17622
16568
8397
10637
26562
26996
7778
17598
26787
17586
29501
4521
8625
13152
28138
4281
3446
4720
20962
10389
9425
12495
17841
27565
24129
24983
27732
23571
12896
32389
11749
8589
18862
28333
29562
26088
14224
1388
23114
19343
26265
19871
8721
12892
6663
5394
23222
16045
10385
19516
5419
22203
21600
3625
7062
2599
25691
25783
29870
6102
25255
7429
13927
1535
9326
16425
27601
130
32480
1057
4669
29052
19832
18700
29091
2072
11649
30363
21568
8616
4824
19906
24963
18676
6643
691
8234
16337
15138
13068
25513
18166
17173
3151
10443
6156
13471
13972
9627
17924
30649
22394
4229
30637
31178
16739
25273
12422
8998
8929
6608
7121
17876
19051
15538
3560
27028
21077
10167
12244
6432
18687
25612
2332
5299
10572
3673
23515
3528
14165
4256
1813
20516
5471
13161
25419
31766
9483
18972
19789
13822
2253
32430
21328
28428
22943
127
14400
11082
25847
6787
16728
26845
1782
29857
495
3208
29922
1112
6549
30577
3030
28840
6238
10792
30648
27952
32126
6373
18028
20628
1046
5393
15175
27169
12878
28680
30407
23220
24228
15134
18049
29911
8068
18656
12634
26670
22808
21404
5114
15378
23905
27939
24958
23931
21127
7117
23661
17443
21357
18622
23534
29416
32393
25448
28984
22386
26355
24145
329
19735
7099
26902
9947
18171
14720
2993
28820
25980
14910
1783
20349
31437
30568
7780
18869
17120
4663
12059
17767
21130
13889
14377
32761
482
27213
14346
1414
21994
25446
878
15503
11633
3630
31037
23021
13623
17013
14296
20746
26451
21770
14242
5201
6610
31697
28351
14819
24737
14358
25115
22668
18093
15137
18350
12533
8776
30987
7679
30491
2255
24016
23783
20479
9609
22692
9112
22432
30675
12683
2013
17190
15482
23844
27300
29536
1641
17093
30137
2928
19076
10445
9940
24517
25299
15158
3030
20810
19683
24682
5200
26845
10089
20568
7237
18179
13097
8646
5169
15322
23318
16873
27209
6991
1979
2611
6405
8592
16857
26732
32476
31685
26706
19716
25422
18683
32069
21416
19752
10080
20091
23059
3588
8630
32002
31015
9999
4354
10263
5180
27407
18052
16202
29368
420
4588
16348
6111
12237
30667
24940
19693
2479
11336
30162
4450
29074
9748
76
26014
2093
23968
18392
9133
29219
3213
26848
23140
5837
356
10780
24237
15418
23431
6325
1823
9332
17255
12198
17874
4101
29432
3688
5233
18874
8802
718
26256
8103
11514
27182
5696
28011
624
11713
32481
7094
14409
24140
14904
14600
20368
13056
13250
4027
713
28575
1607
23875
12327
30177
22449
3765
13311
1558
10015
9862
18299
29452
16694
12181
14227
19763
20151
24940
2105
18687
12631
22979
22484
25742
8907
3910
5872
4235
18978
24985
26676
24658
15191
27288
15508
1365
5415
29923
32712
6590
12576
15258
26876
32342
6651
22373
17353
20389
15403
31928
17764
13915
1206
28501
16917
5870
25156
20242
22251
25733
23669
8668
23471
6933
13688
16124
12566
9417
18906
32665
16186
11944
8859
22654
14411
12402
28039
16670
29570
11210
20419
3029
29783
26266
18087
4977
29172
9396
2763
25073
29417
9397
10597
13453
20769
25647
18386
246
14869
28423
17778
24542
32575
15899
12217
187
19154
26920
15491
2760
3240
12268
16040
3917
13180
7815
18641
28961
1625
20775
29322
25965
12882
6884
29592
29106
24692
5097
2444
2830
26617
21205
23448
15035
28862
21857
20642
27608
6648
23618
2967
18028
31010
15953
514
15272
1338
30441
24797
10092
16940
29584
13222
11021
16527
25818
438
9558
17807
5771
21967
27596
12074
4860
25588
10550
26784
5568
16765
1373
804
4486
25450
31249
18136
19777
22264
31084
20472
23687
26738
18779
3157
30519
11338
14425
11526
29791
7784
3966
24666
27741
19394
26041
26641
17988
14893
14426
24523
13441
626
27859
18368
25790
20645
8127
10162
26374
16050
25891
24096
4138
15673
24052
28605
23396
32412
18138
27424
3899
6230
25652
13501
10662
20110
28508
20244
22388
15851
26924
29480
31467
22443
30145
3379
1456
25583
9598
29080
10727
32345
20308
24089
9882
16601
24641
6986
13151
4292
17431
21061
20277
16935
19327
27296
30384
1370
13117
1180
1366
21208
12470
25503
17992
18765
10159
23781
30757
12785
27991
7794
18475
7957
15496
25163
2207
22779
16202
25061
9839
3307
20889
7646
8727
29315
24936
19947
4033
23375
4069
3346
25264
24730
30719
5657
2014
9091
15909
9278
5092
21331
19793
19496
2075
28173
25926
24862
29441
28487
24086
14967
28638
24889
17638
27985
18855
1044
13813
20102
17698
32661
6107
20700
22091
21209
7183
4988
17655
30323
10412
13478
1207
25788
3957
15522
17407
31850
13846
13562
30343
29028
5037
16358
24306
16341
10120
17416
23470
21887
19760
89
31515
25939
4519
7268
6895
6462
28143
2226
5849
5701
2763
17285
19044
1748
29130
21961
27167
8019
20352
7239
30715
20731
11031
12572
22260
7912
14087
2409
16883
18799
7969
6989
10739
17329
30674
8208
16227
10096
12966
18081
10956
6946
15371
27203
14516
24132
9816
8579
31938
28657
1549
14701
12323
947
25436
28927
20267
14489
25833
2270
14912
18058
6095
31560
24052
5592
30947
28746
9841
29976
9020
16947
16922
24882
18419
9800
30575
5044
21287
19897
4657
19308
25156
4820
11207
821
28549
1657
21217
2833
22200
29134
22107
14200
5954
8243
14180
6896
30562
1401
1759
32222
27834
5198
12809
2204
28171
22780
605
21451
4672
11348
21685
21227
8366
4836
19377
19753
30362
7281
348
22647
26107
22433
31757
2786
29058
11767
27276
22048
2520
15364
27510
16745
12327
31196
25571
30089
8667
18376
10565
20274
29098
13114
660
27542
12753
2054
17576
25397
5025
462
3558
9972
8251
12734
25886
13168
28312
27770
16308
3729
31436
21589
13054
17250
651
21444
21742
20512
2796
7186
4081
14993
29549
31829
28182
16022
14903
9376
8051
19204
21924
10618
16325
16560
18175
23439
8022
10185
19083
18342
4900
20331
18630
29395
4159
2928
27886
9966
5747
1162
1221
25411
11815
20111
3474
17803
32133
14611
4712
32540
14555
3644
16298
10844
29249
13266
20431
5243
3197
25238
13667
20322
21795
26581
9806
8166
2561
9532
27737
7234
19897
17134
7918
3780
20400
18388
10783
28870
11047
3124
18155
4576
16808
14982
18620
16220
5284
21123
25651
32746
25178
25214
21288
14229
2554
27383
31213
18422
31499
8302
29139
168
13322
32629
7408
29692
5204
26377
10015
1005
1350
11554
6215
15190
16034
24969
23521
18274
10804
13034
25012
9540
10934
10794
15331
22569
18930
12282
24106
15211
4646
4269
25189
17672
5804
29254
30290
19538
28634
28886
22167
10472
11816
21765
31495
15844
2192
6382
22561
17750
19003
12080
23001
28658
17241
16449
31644
11525
16721
20998
8590
11950
21018
3489
5910
32330
22248
6027
22172
13616
10764
11746
32401
11679
23573
260
6064
16372
19516
31324
4228
24608
8191
25980
4651
12122
24075
12140
4697
22033
12383
12354
18080
14885
4527
13043
23790
25942
27142
12137
7511
12285
24240
27350
22804
1018
22871
29255
19148
19437
2668
9084
19475
25257
27337
14327
1073
5861
148
1619
29732
5941
27494
28119
1000
23097
31660
8267
29941
22292
22862
15882
24074
8736
32143
30809
5161
16865
1077
11767
9442
20535
6121
13814
17877
15319
32224
19656
23923
15867
1211
22429
2308
22617
23212
29165
17390
28498
3803
31056
5172
21613
16904
2966
24637
21763
19057
11028
20951
8508
20214
32060
27259
7994
7547
22385
11475
32403
16526
3609
32633
8197
6217
14835
11522
9573
31354
26538
9531
15833
7682
26027
25522
583
21883
9268
8056
30221
23838
23470
10278
32755
16355
27965
5150
28509
6121
12693
9235
25030
11801
10767
32716
7273
15623
18428
12324
11841
23320
15929
31318
28212
20458
4356
119
10636
22768
22541
19268
5798
8541
26320
8478
24558
28996
20259
20051
23307
22525
29195
17055
16470
21962
4820
10227
30353
18618
8289
22132
18134
8398
10432
18887
3277
8027
11009
31628
14114
9647
15177
18216
11318
22263
11554
15048
26389
4449
14357
31139
24745
637
19067
4991
6445
23273
32400
30070
21987
25901
26057
22522
26378
996
7784
19991
2571
23325
26445
23032
15347
10496
9743
10925
4133
4533
4939
26411
24401
25217
316
10900
25248
4146
28812
5561
3889
29886
26474
6622
17865
4135
16093
24765
10950
20641
23128
30157
14933
9719
32142
5315
27877
25643
13447
16729
32732
14685
500
3151
13960
15085
18368
10672
10072
19940
7655
15447
26956
28304
2955
31409
13738
7023
22085
4293
20979
26447
23481
25457
22037
30386
10605
6390
8930
27767
18139
2743
7361
2487
26052
1085
32419
1262
27848
29567
22841
23643
4148
28256
4709
10153
27931
12666
30958
11470
23208
31770
16503
15412
26034
28043
31154
6166
10897
18328
23249
27438
304
14924
27709
4749
12132
7420
28043
16074
5500
14472
1708
12382
2330
1757
6499
4943
21057
3006
18172
15884
32430
10949
32316
22424
32620
7844
9620
10475
17571
30129
13721
7574
19377
14242
22457
14245
21371
6292
23846
31433
11013
23891
8727
4791
20033
21717
12592
14539
17701
2823
15166
7409
30976
6349
14120
21957
29710
13635
15907
7161
16202
27722
30756
21751
21123
7744
11419
12488
19122
11534
19294
24373
23179
31336
483
8236
10578
6992
12467
13157
5104
25820
21787
27460
1094
13882
15141
26370
21185
9201
3015
14344
26159
26729
2905
30363
1489
15790
7244
2494
4529
1137
23066
9812
5429
23632
24697
18822
26613
4439
4820
12900
20682
710
30715
7887
24359
26388
32282
20374
28333
4405
15080
6111
2297
6937
31776
31689
6593
6517
15413
8783
10527
15557
20290
7792
4140
914
23615
21388
23505
25072
30331
30994
20954
588
27462
344
19532
868
6126
26570
24313
22423
23534
10823
31569
10591
31585
29128
1659
26908
1469
11843
5541
26643
5309
10703
17560
9398
30623
22280
23183
11302
7824
24245
12617
13558
23141
12456
4701
22322
17547
7142
32462
1439
25409
12808
5343
11333
24068
31201
2088
6187
22091
13665
24554
3170
14453
16057
28576
10308
6400
16576
15830
766
29179
20118
19774
8268
21694
7815
31745
8836
25560
27698
27987
24022
10569
17898
12618
12498
7410
18780
7920
17962
28489
4978
5271
9146
27729
26488
4716
10949
2762
20862
25423
28034
31652
18429
18402
32215
19898
4285
22496
6500
31165
27893
3505
22211
27246
20661
12347
14350
21777
10625
3834
18082
30238
30782
17491
7203
1593
16979
29221
31937
31588
7688
11426
26297
27252
24113
1885
15134
7361
8465
30883
25561
11810
18041
1807
6895
18201
4400
30041
14082
18250
30615
24687
8475
29746
26509
967
22438
21
401
6131
8894
32056
3878
32630
23979
4433
14460
13782
31145
32060
15692
13554
7659
19695
13572
17558
2272
17328
6692
26701
5813
22662
9448
24438
4379
22253
14631
27546
11338
30669
27515
20733
21830
1709
24994
17779
13665
26404
4644
16757
3841
3729
10038
26484
22435
17932
2271
30061
13088
18589
21081
29886
13359
4523
14010
7224
1580
28599
6356
6261
25624
12106
23129
11884
224
29227
9795
27714
17634
1750
14962
23652
1197
21546
29847
28370
5384
11618
9810
3262
24631
8774
29847
2645
24697
8098
18006
27357
9173
29688
1627
11008
15638
3186
15475
1383
17941
32282
16848
25995
22326
12109
5294
31944
6197
13677
3895
11700
20003
15063
1444
16814
2731
277
4006
7354
24730
21332
260
25484
16799
32024
21893
18402
26958
6446
5136
28439
31083
19683
27922
9973
11110
17267
6176
23756
15138
32196
13534
2752
28410
19028
13087
3943
24838
31088
1613
9108
28058
8616
10252
25197
27408
2175
11802
6084
3784
871
30585
18596
9068
25836
13521
10793
29817
18991
20496
31381
4859
23702
30547
28833
22424
23490
20233
13585
17871
961
3925
6795
13442
9093
4277
1961
24498
30613
3042
18253
18315
7427
4343
13109
160
12446
31188
27855
22903
28264
23493
6222
31048
25931
15455
19965
23554
4871
3499
13779
20367
31855
13703
328
22105
5589
9288
14184
4877
4035
16036
1830
8607
23532
7888
5106
398
32353
28901
28814
30057
32520
28296
15389
31634
3915
15818
5501
17474
14349
14157
22742
18637
9186
22441
23411
26663
22911
24589
6609
11431
31343
27178
3062
7948
23048
29516
5124
19134
158
8906
15118
22358
28406
20385
12330
23391
13821
2396
15816
19550
14010
10295
10562
12305
7810
10371
12468
29429
29547
21836
6925
2058
17667
1594
3686
13786
21825
29877
8339
13496
19899
27724
22008
582
21786
23128
670
3642
6347
220
16775
9313
7928
20656
30270
14308
29879
11999
3249
29642
3201
10573
27459
13502
24805
24221
19230
20498
12157
7505
27334
19461
24610
32307
20212
27969
27740
32244
1441
15784
23324
23060
8033
28752
9390
13569
21234
18124
4841
17795
32533
23470
29097
5463
32412
30281
9087
4891
709
19388
28326
31594
26566
20780
5689
23879
14249
848
5028
15807
20314
18227
1113
7882
23039
18485
8132
28019
5767
30547
18816
6968
7046
4009
5067
26292
3392
17461
17975
6011
31235
31454
15523
12614
20667
14517
12906
25168
9664
9082
19930
12543
14834
15458
32744
11463
30728
14359
3105
9804
23589
6145
19684
12998
31148
26820
1999
32426
4950
18954
26231
13191
31106
9090
26460
29997
8908
11049
23324
14869
13024
8392
16870
765
25489
25277
7474
13779
1061
16383
2479
8148
755
11101
13693
25333
13617
13318
1693
21122
20743
26446
1446
773
19943
32687
24761
4457
7969
1294
6838
25951
31922
16960
15024
29441
11869
13261
3999
16309
3326
21492
23637
11861
11802
26607
32692
22157
28090
12920
27933
27524
19066
12171
2347
30142
18397
15726
16034
25665
19171
22255
24482
14582
9438
17133
10017
21587
16513
23833
28312
9271
9530
23550
27643
14869
17602
14399
3055
3157
18162
6432
15416
26359
18392
27208
14960
20346
15370
32454
15103
24572
28474
25937
31815
23970
20747
20948
6687
3642
1059
16426
13699
4383
25473
13349
17545
16221
29201
15062
7831
22294
26750
4360
6356
30245
21832
4878
18140
10240
790
22975
13240
2787
6477
10430
9997
20523
10977
4607
19091
7168
10092
29318
17353
2102
25213
11378
5608
20085
9522
16955
24597
23960
32265
14136
19418
24148
17139
22884
16343
27418
31146
22625
10933
32574
6725
19901
31324
24920
24586
6773
4966
3307
7299
15799
23763
24388
16596
2284
13310
2981
4427
21750
23759
6819
14137
7350
16947
30925
9472
8402
6857
22670
110
30901
17887
27477
1865
13527
29852
13810
8747
30270
29566
1092
6544
8005
10248
16401
8494
412
5812
12085
11653
11664
1327
23807
18358
18060
3269
13016
21400
224
12570
1061
31753
11458
20252
4463
14722
29330
30773
18113
9967
9315
3525
14674
6333
18614
12495
10340
10804
17032
23027
1388
13575
14992
11676
18291
26409
11714
24698
3516
27363
17687
16435
21927
21796
23184
13397
18389
19992
20345
19344
24717
10235
6123
10530
30559
22576
8084
26258
27143
1677
27578
15777
28308
9978
7806
3710
20681
20794
16222
5689
7875
19208
27902
27002
2268
30822
23592
1907
30928
9778
18449
6419
9246
25338
14302
12412
7601
23057
15718
7352
10944
25826
4410
9639
24307
18053
12259
17468
17351
17808
23658
10985
3891
6192
11294
12888
11660
22136
32657
32348
8870
26360
3300
28455
1596
6546
24388
12989
8081
25737
28597
2729
25688
30683
15118
6638
24273
6865
31045
20288
16182
2004
23021
16244
7253
14978
27133
1078
10110
25601
1747
29434
22431
31123
633
16437
20398
4459
23846
25292
1095
448
14344
19404
25751
30239
25920
18013
2680
28421
14639
5105
13789
24493
240
6337
6001
24103
16933
11386
11899
6570
10231
25395
15877
2859
16728
25251
7485
5166
29835
6033
26395
32733
19431
24459
19780
6743
32728
31451
4655
21066
25126
23223
28294
6340
3706
8120
26063
29510
1054
23694
20043
29723
3332
28913
4126
3303
5642
4314
24497
28547
23676
19444
30549
28936
5338
10573
5161
9002
28380
11090
14909
6088
6836
20474
1015
704
13203
24897
182
11784
13166
10712
26294
29691
21506
25115
7220
13296
278
26947
23506
29969
16384
7901
30780
11115
12394
28795
780
21313
2646
28585
23275
22182
15712
1058
25849
29003
5443
3652
30064
1685
1951
3522
11140
7666
3834
8345
17549
31086
14084
28229
10855
31361
15903
21300
16665
18731
28702
24699
14262
28995
7757
968
24705
27149
22706
27543
21588
15370
19603
31657
25923
14612
27705
26034
9340
31402
17395
14931
32625
6792
8285
1607
14394
22906
27105
20449
15668
10355
22911
2230
9199
18393
27338
18327
19271
28964
12083
24258
26832
16039
26250
8792
1400
17837
194
29458
11623
5832
27893
24880
22314
6246
22951
31667
17937
28581
19023
8140
27605
27497
9748
23700
3454
9643
9172
16125
12164
20244
14186
6665
3381
22730
25649
7994
8022
28810
6340
23369
