50 42 2
47 22 1 27 16 32 23 9 12 32 7 16 7 22 44 43 22 16 44 13 33 45 4 1 25 31 4 32 22 35 22 14 26 25 17 30 3 13 41 12 16 5 44 0 23 46 43 44 30 44 35 45 24 4 30 14 40 35 37 4 30 47 3 48 37 27 43 43 1 34 26 42 34 1 40 40 29 32 32 12 14 37 18 27 45 39 31 48 12 36 12 37 34 44 26 43 10 26 46 8
38 49 28 11 20 8 34 48 3 32 24 26 38 18 8 3 23 33 28 13 44 37 3 15 28 37 13 18 14 8 43 3 3 2 9 21 31 38 8 11 18 19 19 6 11 41 17 41 39 30 8 0 35 27 27 39 28 35 34 4 46 29 30 13 39 5 1 40 34 13 16 47 36 32 44 19 49 5 29 37 14 39 27 20 5 18 34 16 43 36 11 12 6 27 21 4 48 13 31 24
20 7 8 32 13 36 29 41 21 36 20 49 31 45 22 42 31 3 25 39 5 38 46 27 0 2 45 17 5 25 43 31 22 32 16 42 38 25 34 14 42 4 38 31 41 26 43 32 32 17 48 34 18 32 25 34 15 14 27 28 24 34 47 23 44 28 5 24 34 3 36 17 29 11 42 11 25 24 10 12 33 8 18 1 16 21 32 23 23 33 13 13 31 12 19 34 14 1 22 45
21 21 25 34 27 16 6 19 15 42 5 9 1 37 31 42 30 20 49 36 35 27 28 5 40 28 1 47 37 34 49 25 35 24 10 32 6 41 25 22 6 45 26 1 27 6 16 27 25 1 43 20 44 23 30 4 19 40 47 19 25 34 11 20 47 0 47 19 3 20 22 5 47 10 23 18 40 16 35 16 34 4 26 23 41 44 9 0 15 6 49 39 43 8 38 40 37 2 9 19
18 32 3 9 27 3 40 13 30 10 31 1 2 27 47 13 13 41 37 14 48 46 43 19 34 22 38 12 44 41 14 11 11 16 24 24 29 27 9 22 40 26 47 13 25 12 17 13 22 10 36 27 42 21 49 23 29 18 19 37 47 25 4 11 41 6 37 48 22 39 24 18 8 15 42 3 11 47 14 47 15 23 10 33 33 21 22 2 5 5 25 1 11 5 25 1 31 17 48 10
5 47 28 33 45 6 21 43 25 0 14 9 34 1 27 34 44 32 12 25 38 48 11 40 49 12 1 5 25 38 42 31 46 48 13 25 33 19 24 37 5 11 28 48 12 7 23 0 24 19 2 35 19 44 15 48 42 38 11 12 23 39 19 0 4 36 23 47 47 9 24 28 12 24 11 49 21 13 17 5 26 23 27 24 40 31 42 18 15 36 23 33 38 34 46 38 31 20 46 3
4 19 41 16 33 36 41 30 40 26 39 22 15 14 49 20 39 45 47 32 34 35 34 16 35 32 39 44 36 49 8 31 42 23 45 47 27 28 37 1 22 41 4 16 29 23 18 9 7 18 14 8 2 47 42 29 4 34 47 13 33 1 43 24 6 7 2 42 11 21 21 38 13 17 13 37 42 43 29 25 13 20 45 17 16 40 44 23 10 9 48 30 45 1 9 29 18 20 0 39
10 1 31 36 30 26 42 3 7 46 12 8 28 41 24 33 45 33 32 8 41 46 6 14 35 49 9 45 5 17 19 48 7 14 3 31 31 16 39 36 0 46 8 0 37 45 49 47 34 17 36 6 9 19 18 41 25 28 9 6 37 21 11 46 40 35 7 7 15 48 31 11 20 22 13 29 42 38 36 11 32 49 49 34 20 42 24 19 24 43 45 18 5 10 20 17 38 33 7 21
42 43 10 23 6 29 36 45 41 42 33 37 0 44 45 6 47 10 35 14 2 32 1 41 10 46 13 44 6 39 6 49 39 0 3 38 5 34 17 33 37 38 17 30 17 14 31 42 26 28 43 23 18 8 23 1 24 1 0 49 21 28 34 4 29 31 18 40 40 16 30 30 8 21 20 30 10 31 47 13 48 14 5 0 22 14 13 47 12 4 26 40 18 36 22 0 23 11 10 17
21 29 47 45 3 28 16 12 7 32 18 12 47 13 11 35 19 36 31 47 44 33 18 10 4 45 35 7 24 20 21 42 17 41 7 38 49 9 1 22 45 26 10 34 10 30 1 35 44 25 25 39 17 28 36 9 16 16 15 46 9 23 3 27 22 35 44 25 11 40 31 10 37 5 31 27 2 1 25 13 14 22 6 31 17 37 4 0 24 36 28 25 11 9 12 2 19 48 47 37
28 46 48 11 0 40 47 43 26 39 41 21 12 33 16 14 5 25 47 25 43 21 30 39 38 48 1 18 32 0 49 13 0 26 26 13 45 24 44 20 45 35 0 39 22 25 16 38 30 28 18 4 27 33 15 20 5 19 2 42 26 40 18 12 12 43 22 8 37 33 39 48 42 7 18 8 5 8 15 1 33 32 9 32 42 27 26 34 1 14 0 2 24 7 38 6 8 19 36 23
3 22 47 4 46 36 28 36 44 21 17 23 47 49 5 21 1 3 1 2 39 20 29 4 22 23 37 11 27 6 25 41 21 35 16 38 21 30 48 35 16 33 0 46 11 4 10 37 19 23 12 32 38 16 6 30 39 3 49 43 43 20 24 13 32 3 11 48 42 46 43 35 33 38 15 29 6 0 42 17 44 27 32 34 27 12 23 26 19 38 20 38 5 47 33 8 13 43 28 6
21 43 7 1 37 27 33 15 34 14 19 33 0 34 49 37 23 13 16 12 49 16 44 2 40 43 38 1 35 5 43 49 2 19 6 8 8 34 26 5 40 40 41 25 22 7 14 43 4 16 42 46 35 4 0 43 46 6 4 21 9 0 20 22 24 9 17 26 48 8 11 19 25 30 40 8 46 2 32 2 33 49 48 0 10 13 30 41 42 26 28 11 18 33 49 39 12 29 32 1
20 20 40 11 0 17 13 46 3 40 49 23 0 17 44 40 15 29 42 44 42 9 10 6 21 2 41 48 8 26 28 29 42 10 45 40 46 26 8 24 45 0 34 47 5 3 5 42 45 38 46 21 33 2 11 44 17 37 34 35 28 3 31 9 23 39 10 34 4 27 18 30 4 26 35 20 15 35 39 11 7 1 14 25 27 48 25 31 13 44 21 37 15 27 0 29 29 20 31 41
39 39 26 38 10 37 35 8 47 35 18 32 13 41 20 49 39 36 32 41 39 24 39 18 1 10 37 9 2 1 6 28 5 1 36 25 41 49 12 47 17 6 18 33 12 11 32 37 30 32 40 37 48 39 24 0 43 26 34 26 21 2 31 35 13 5 46 7 46 21 28 39 1 7 7 6 0 4 25 3 13 46 25 3 19 11 0 36 36 27 43 41 9 33 1 49 1 2 10 17
14 24 11 44 2 15 7 46 26 28 47 30 15 19 27 5 3 12 17 25 35 39 20 40 44 13 24 2 12 17 4 41 28 40 5 8 26 13 4 41 48 19 1 23 30 34 4 33 45 21 9 39 1 40 32 37 30 44 45 20 46 6 1 37 8 16 2 43 4 15 16 7 47 10 6 7 13 20 28 47 45 30 45 20 37 13 15 39 42 34 39 38 28 24 38 48 33 39 10 3
27 29 12 3 30 6 8 6 24 15 4 40 7 7 38 44 34 9 32 20 0 10 44 28 7 14 37 20 40 43 4 22 6 8 4 5 9 45 9 34 18 41 16 9 32 34 38 25 44 49 35 26 43 35 4 10 39 18 17 35 20 40 22 43 12 33 11 7 37 8 37 41 21 8 20 7 40 22 26 31 40 39 23 3 22 41 4 27 19 36 30 15 8 21 18 41 22 30 30 28
6 5 40 29 16 27 14 4 46 40 14 48 1 25 24 36 24 16 31 44 1 17 10 13 12 35 30 14 5 20 24 18 5 25 47 6 42 45 36 24 33 37 12 32 2 20 2 12 48 13 41 42 48 2 23 38 31 15 12 44 36 2 20 16 24 47 0 28 17 33 30 44 32 23 0 13 20 43 18 21 29 30 17 23 44 46 36 20 35 16 48 36 15 34 30 32 44 19 43 41
26 28 16 44 24 36 20 33 42 27 48 7 46 5 45 25 48 10 45 7 41 8 6 28 31 41 49 44 40 10 36 45 17 20 39 8 20 29 31 43 11 33 3 0 19 44 23 8 43 40 31 0 49 21 34 46 14 4 32 15 9 5 19 25 11 40 27 5 18 27 5 44 12 49 25 15 5 42 19 16 19 4 6 21 22 0 33 36 4 17 41 15 38 33 16 18 0 15 44 7
39 21 33 28 5 25 21 23 37 10 45 48 22 5 33 10 45 12 49 13 12 4 31 32 22 48 49 15 19 32 49 43 33 27 22 35 17 42 13 31 6 16 33 4 11 16 36 46 26 39 30 14 23 48 26 21 32 36 6 12 27 41 5 23 35 43 24 10 10 37 41 28 11 28 46 40 44 27 43 43 13 10 36 41 15 14 28 29 26 26 23 7 39 37 1 47 25 43 11 3
44 46 9 13 37 40 10 28 44 23 11 1 33 44 15 38 37 23 25 35 21 27 39 13 12 24 44 0 38 9 17 48 40 0 3 17 17 37 2 45 18 31 47 23 14 7 5 33 29 27 6 5 42 5 2 5 10 22 44 20 17 41 28 30 11 3 42 7 35 37 1 41 1 23 7 0 47 44 4 5 27 9 35 43 36 27 47 6 4 25 3 17 28 28 43 11 41 44 10 6
34 0 45 46 34 1 48 8 23 44 1 24 48 40 15 41 26 0 7 24 38 38 28 0 28 43 45 33 7 18 40 40 32 1 28 48 18 44 6 45 31 25 19 26 9 8 45 23 7 10 14 39 47 33 5 21 31 49 0 11 23 19 0 17 4 23 2 3 38 27 17 41 14 30 32 33 43 10 7 34 18 22 16 35 27 36 19 10 12 20 37 43 48 32 37 20 34 10 43 6
11 35 17 2 5 17 27 43 15 6 32 44 35 13 24 48 41 40 5 22 47 13 2 18 48 6 31 17 7 20 4 0 39 31 6 29 45 5 8 17 25 1 33 1 43 21 2 34 16 16 31 32 7 42 7 26 42 18 44 26 6 22 36 36 49 41 16 19 1 39 45 22 47 24 39 47 17 27 25 19 32 8 47 18 3 18 12 9 27 4 39 40 19 30 9 48 28 49 33 14
27 43 24 43 14 21 43 37 22 10 5 29 12 26 32 8 18 46 11 14 6 48 8 1 39 48 42 44 1 6 17 32 36 38 12 20 2 46 23 36 49 6 17 16 34 43 2 38 29 42 46 39 24 11 28 41 16 34 17 29 17 37 18 5 17 2 7 31 4 16 4 8 29 1 35 31 35 21 18 26 0 1 8 5 29 14 7 23 29 31 0 17 49 31 47 22 45 14 8 1
45 27 12 21 15 24 17 27 9 22 26 10 22 29 1 34 48 41 4 2 44 1 5 38 30 0 48 42 39 7 48 0 2 31 1 29 36 12 1 29 25 16 5 2 39 11 16 0 45 39 7 0 0 31 12 27 13 8 1 41 26 33 5 10 44 32 29 40 11 18 42 17 40 36 13 15 42 26 42 32 12 29 22 11 12 2 18 6 12 25 10 17 37 33 8 4 15 25 18 47
18 20 8 19 3 11 8 44 41 14 13 46 26 45 19 29 18 25 33 30 44 35 37 4 30 46 20 24 48 1 36 31 4 28 22 4 5 11 17 12 37 12 15 42 10 20 4 20 14 36 18 45 21 16 22 39 36 36 0 46 49 10 37 44 46 42 1 9 26 22 28 5 25 47 1 44 7 25 26 35 3 4 0 31 43 41 37 11 7 0 5 37 37 0 7 20 25 11 43 41
3 40 46 16 5 29 18 5 38 12 21 45 29 6 1 37 17 29 37 49 42 25 29 46 48 47 29 32 12 41 34 42 14 36 43 23 32 29 36 40 27 32 21 28 9 30 49 35 10 41 10 15 9 13 29 27 29 1 19 42 4 20 4 26 46 30 24 40 4 44 34 43 40 23 43 8 32 28 30 13 28 1 8 5 18 41 43 40 33 28 43 12 20 28 17 43 25 0 5 34
12 14 26 18 2 8 35 2 35 45 18 14 16 46 1 11 33 34 43 25 5 22 13 7 24 28 3 45 16 41 6 11 34 47 42 48 45 34 10 26 19 38 0 17 28 4 37 17 1 42 17 13 14 1 45 13 13 6 8 40 12 18 43 27 39 40 42 43 40 43 33 18 1 43 12 39 41 1 36 18 16 11 33 40 0 49 15 19 31 42 9 34 27 31 18 10 22 2 38 11
32 8 12 1 16 21 5 14 43 9 28 8 2 34 43 22 14 42 3 35 44 34 32 23 32 21 26 5 0 8 40 15 9 11 26 19 43 49 17 48 7 7 29 21 23 12 15 16 45 34 18 3 41 1 37 7 7 42 48 31 48 22 6 5 11 29 17 1 34 12 27 1 34 37 34 5 30 26 33 16 24 9 19 40 5 28 14 21 23 11 32 24 0 41 11 33 27 17 28 33
14 42 3 49 14 39 39 33 4 18 12 49 38 46 14 30 38 26 19 34 22 1 23 38 27 2 43 20 13 44 31 47 33 45 25 41 43 44 39 30 26 26 30 33 34 34 26 10 18 3 10 23 7 20 13 35 25 25 41 28 18 2 1 36 49 46 26 45 12 29 29 24 25 14 20 2 29 40 11 6 16 23 39 16 19 49 30 26 2 37 46 31 47 17 27 6 26 6 30 31
15 48 15 11 49 8 27 27 18 8 25 44 8 37 47 25 23 1 16 28 31 12 40 48 14 7 28 39 0 6 20 25 21 22 25 9 22 30 45 16 34 48 20 21 25 32 48 35 26 12 45 7 19 21 11 44 25 0 41 30 36 12 37 18 23 24 48 3 7 14 2 32 3 43 35 5 46 46 47 17 10 3 24 5 5 25 28 43 40 4 2 35 3 12 7 10 24 48 6 21
44 34 39 39 4 8 34 0 14 42 11 12 10 15 7 46 8 0 4 35 43 4 30 6 10 16 7 49 29 25 38 1 42 0 13 3 44 18 20 10 38 27 20 28 38 42 33 40 2 32 43 29 45 49 23 2 43 28 26 5 39 3 32 10 40 25 0 13 18 7 42 46 13 23 10 45 15 1 23 18 33 36 8 25 46 48 46 17 43 34 21 2 7 39 41 27 13 24 39 9
31 7 32 21 42 27 25 15 33 36 27 17 8 21 11 39 35 1 17 48 41 14 11 17 0 18 15 10 12 20 0 19 44 46 40 33 37 34 29 20 23 26 48 5 39 8 16 25 10 42 15 49 26 20 38 11 20 20 8 9 10 29 5 4 24 8 40 20 15 28 35 38 30 38 21 8 29 12 3 20 29 32 35 20 13 8 35 49 44 38 16 3 43 49 38 16 31 43 0 2
0 44 19 23 16 2 11 19 39 27 46 37 17 6 5 4 21 23 6 19 41 24 25 2 12 21 21 23 46 47 44 38 28 43 41 5 4 29 47 2 2 25 7 22 13 49 2 11 45 8 35 25 36 43 14 24 15 30 2 16 27 4 0 7 36 11 26 0 22 3 47 39 45 39 10 23 9 20 38 18 39 14 3 8 14 38 13 1 8 9 32 36 38 0 11 23 5 34 19 45
7 25 22 33 0 14 14 44 7 41 36 45 8 39 29 32 12 30 1 4 48 30 25 47 32 12 49 4 25 23 39 7 39 38 16 26 4 7 41 22 0 14 20 26 23 41 42 9 31 17 7 10 40 16 14 47 40 13 8 40 4 1 25 47 15 12 9 41 23 0 28 17 34 0 13 2 37 43 23 42 24 27 39 13 7 30 44 22 46 4 24 2 47 3 35 9 46 16 41 44
45 7 18 41 16 38 38 31 1 8 18 35 36 16 9 25 16 18 9 42 26 13 19 36 46 7 3 7 31 25 6 47 13 18 41 25 27 48 16 25 34 15 21 43 5 32 7 48 25 15 41 49 33 48 47 38 2 5 15 24 25 46 44 5 14 35 5 37 4 41 14 17 49 32 43 30 40 21 23 1 47 21 30 7 23 44 44 43 37 1 42 47 44 45 13 22 39 6 9 32
8 41 38 25 0 13 26 8 24 7 48 10 3 46 4 11 27 32 46 2 21 21 32 37 7 18 18 38 23 4 18 33 24 3 5 3 14 34 46 44 0 6 20 33 22 33 36 12 17 34 4 41 4 27 35 32 42 24 29 0 6 18 34 37 29 38 29 44 39 15 41 42 49 14 40 49 40 12 16 15 43 7 48 18 34 21 49 14 4 28 1 40 18 27 4 40 39 6 45 8
2 44 5 8 27 40 48 26 19 29 36 26 5 28 30 12 16 35 6 33 33 44 3 40 1 7 42 6 27 44 33 26 35 31 22 49 47 35 45 31 23 26 14 6 13 9 44 23 41 11 1 41 30 31 1 21 30 13 10 43 26 49 43 18 12 16 0 48 13 13 15 37 10 34 5 3 22 3 6 37 31 39 14 28 20 8 15 42 45 43 4 39 7 0 33 0 25 3 6 36
20 15 25 7 31 4 48 49 21 41 42 44 41 31 36 36 17 21 25 29 4 42 18 38 15 31 0 49 17 3 42 47 2 28 39 47 6 22 42 13 27 35 32 15 5 17 31 25 10 15 15 12 43 13 44 18 37 28 22 41 46 25 12 5 18 34 38 41 0 29 38 1 32 6 3 0 29 2 22 31 11 41 30 25 2 42 40 12 16 0 41 5 46 4 46 2 19 24 20 25
32 34 2 25 13 3 29 27 28 3 17 3 23 49 2 38 32 22 16 39 37 2 32 27 30 22 44 14 44 20 48 3 47 33 34 45 11 38 1 49 39 30 40 46 42 47 23 5 39 25 27 23 41 2 3 39 44 21 4 8 24 21 14 33 12 11 15 8 37 18 27 35 8 26 13 1 49 10 7 22 2 38 45 4 12 13 25 34 47 40 22 34 15 4 14 41 20 0 7 37
26 41 30 29 36 6 43 14 7 1 28 49 8 38 8 45 19 22 23 18 38 40 46 30 44 9 40 9 22 11 6 34 38 40 30 39 49 0 46 15 45 33 28 4 37 49 2 10 13 33 16 23 3 20 18 4 16 17 16 39 5 13 6 25 8 18 48 30 49 49 43 3 20 43 17 19 41 24 47 19 29 41 41 12 37 46 19 15 38 41 16 16 36 8 35 38 8 13 20 20
25 5 3 17 14 17 15 19 28 42 43 7 12 37 16 5 28 38 3 45 31 3 46 47 19 5 34 2 5 4 31 27 28 17 26 48 12 49 14 27 14 29 24 36 14 39 28 22 35 6 16 10 32 38 13 9 49 43 46 5 37 15 47 8 9 24 28 4 44 14 17 23 26 4 41 12 11 14 7 22 44 22 30 13 10 9 35 14 11 40 43 15 35 1 21 41 3 30 23 47
13 11 28 19 10 16 40 18 20 16 5 16 28 4 1 43 36 6 16 14 16 6 32 41 18 9 31 36 42 18 45 15 43 6 15 2 39 39 19 38 15 20 34 36 4 32 2 44 23 31 24 24 15 34 1 24 30 13 45 28 6 47 36 22 19 38 14 8 7 11 6 7 9 3 10 14 25 44 36 12 27 49 45 38 14 7 4 46 40 36 5 1 46 37 44 28 32 28 25 45
2 49 31 1 25 45 27 40 24 42 7 12 39 49 43 28 14 6 11 23 22 25 43 28 36 5 30 5 30 6 12 39 17 28 4 44 42 49 15 36 38 25 32 14 46 38 18 23 1 38 22 8 9 8 2 35 27 43 36 1 18 47 11 5 21 39 1 33 13 31 0 44 26 32 31 40 5 10 2 22 40 21 39 41 9 40 43 48 24 26 38 14 24 40 15 24 38 13 32 2
15 2 26 30 42 0 4 13 19 43 24 45 19 19 45 32 19 36 40 0 8 19 28 45 35 47 22 2 32 46 19 0 32 33 16 43 45 27 13 47 43 43 46 44 31 43 22 7 10 42 36 9 18 16 10 33 31 14 43 27 46 26 37 21 5 27 30 36 16 3 44 22 24 23 47 29 27 12 17 1 9 48 21 47 48 26 26 35 27 28 24 9 42 38 6 3 16 42 6 46
48 19 23 23 1 27 20 42 17 24 11 31 21 3 49 35 33 15 12 13 16 22 40 43 23 29 34 43 24 38 14 35 38 20 32 22 37 29 41 32 16 6 48 19 3 20 10 4 33 46 7 31 47 7 0 12 36 39 37 21 23 49 46 15 5 3 48 6 34 25 18 32 32 11 24 7 8 8 40 16 33 44 45 22 43 22 10 34 14 19 19 41 0 19 36 15 16 36 47 7
1 32 42 14 12 25 15 7 10 32 25 37 23 28 11 41 34 19 29 31 20 0 32 23 2 40 36 24 2 37 24 19 7 2 18 32 44 23 31 32 40 42 2 23 34 10 24 45 25 40 11 47 49 6 8 6 47 49 49 45 28 18 36 9 41 5 18 47 39 28 45 17 3 10 19 30 5 16 30 26 26 12 28 39 30 7 14 37 10 43 7 36 42 49 7 49 38 19 47 23
2 24 15 48 46 7 9 31 34 34 31 30 42 18 35 25 25 2 48 28 7 29 42 25 37 0 9 27 36 35 7 10 24 6 14 35 40 14 23 9 38 10 5 43 13 22 30 5 23 17 24 47 13 45 18 10 10 49 49 18 30 22 0 7 40 30 12 36 44 7 23 46 13 22 0 31 8 15 19 0 2 4 4 32 10 5 35 25 34 18 46 20 24 27 10 24 7 49 32 33
27 7 7 10 26 23 45 20 34 16 32 34 34 47 16 4 1 4 35 8 8 11 38 15 31 42 21 17 40 42 42 23 33 45 1 23 3 14 0 16 5 21 21 34 28 5 22 6 17 11 0 15 0 7 26 22 3 35 31 49 31 49 45 11 41 15 35 10 43 4 23 15 10 43 17 30 19 2 46 4 9 27 4 4 5 15 28 28 13 41 7 36 23 7 39 35 44 6 36 34
3 31 9 17 11 15 34 38 15 19 0 44 6 44 25 43 7 2 10 11 30 15 41 11 21 14 9 7 37 16 46 43 12 48 15 39 29 37 49 13 32 35 22 14 8 3 6 28 1 18 22 29 25 15 14 46 2 11 19 36 43 42 21 21 43 29 48 36 24 3 28 9 25 41 3 35 40 19 1 49 37 37 12 17 47 4 39 17 19 1 36 40 23 37 2 6 24 34 45 17
