15 12 3
3 2 13 7 9 9 7 6 11 12 3 9 2 12 7 5 11 12 7 0 8 6 7 3 1 10 13 0 0 12
5 13 5 14 7 9 6 11 11 1 1 14 1 14 4 14 8 8 7 11 13 6 13 13 4 13 7 13 10 5
2 7 1 12 12 11 1 11 14 1 2 3 5 0 1 13 8 13 10 0 7 0 4 3 2 3 6 10 3 8
2 1 5 5 7 5 6 2 12 3 14 11 9 1 9 9 14 11 4 9 11 0 6 7 12 5 13 6 8 7
11 11 8 6 8 10 2 3 13 4 10 5 11 11 11 12 5 14 4 4 8 8 5 3 9 4 11 10 0 1
3 9 13 2 8 6 0 5 6 6 0 1 11 9 11 11 0 4 14 8 2 7 2 3 14 14 13 5 13 11
1 5 1 11 13 5 3 11 4 7 6 4 1 8 2 8 13 2 1 11 3 0 8 13 5 12 10 1 8 13
5 8 8 3 8 9 10 4 2 5 8 7 14 8 0 10 11 12 14 13 4 5 8 11 9 7 7 11 11 10
5 5 10 6 7 5 1 8 10 6 2 14 4 4 7 3 6 3 14 1 6 5 7 14 13 10 10 13 4 3
7 3 11 1 4 6 6 9 13 10 12 9 0 0 14 9 7 9 13 10 0 1 2 14 12 3 0 4 11 7
0 14 6 6 14 8 14 6 7 2 10 4 14 12 13 9 0 14 3 6 9 3 9 4 10 6 9 12 14 3
13 14 8 1 1 12 7 10 6 12 1 3 13 11 1 12 12 12 4 7 6 10 9 2 3 0 13 8 8 3
2 7 5 3 11 11 6 7 2 9 11 8 6 2 10 0 9 5 11 12 14 7 10 2 1 9 3 4 4 8
11 14 1 11 0 4 5 0 3 14 12 3 14 4 9 12 9 6 0 3 1 4 11 8 0 8 3 11 6 11
12 0 12 9 2 3 14 2 14 14 9 6 7 3 14 7 11 7 10 5 3 14 5 2 6 4 11 12 8 4
