50
28 8
25 27 34 14 18 36 20 0 41 30 31 30 43 36 36 9 30 30 44 35 29 48 49 15 32 12 3 13 7 14 23 22 4 10 36 47 0 20 40 30 10 45 17 46 32 20 12 45 35 11 41 42 35 49 30 37 33 47 25 7 18 3 6 47 9 23 25 18 44 12 4 42 15 42 32 9 23 1 44 5 47 22 27 8 26 17 4 22 24 29 22 39 24 47 31 20 19 32 48 23
47 30 40 1 31 47 15 43 24 12 8 26 14 8 46 22 19 37 28 7 29 19 29 9 46 8 5 13 9 13 39 24 36 38 14 9 40 25 36 2 37 41 18 46 40 34 28 23 2 12 3 11 41 9 19 29 3 0 16 31 5 32 20 42 11 14 31 16 40 9 28 2 17 28 38 1 9 32 12 19 35 43 42 41 33 27 38 20 40 27 35 42 11 2 3 8 28 1 5 3
3 5 0 30 12 6 38 23 39 43 13 49 19 18 26 30 23 36 42 11 33 49 12 5 0 5 3 28 21 42 8 9 21 4 23 38 8 16 6 30 28 4 33 36 11 16 33 1 8 33 12 31 0 19 44 6 17 0 48 44 47 36 19 4 44 17 32 38 20 15 29 11 5 26 17 35 31 39 41 1 48 17 0 33 14 10 39 6 15 13 12 23 21 47 12 8 39 13 47 31
20 29 49 13 27 25 1 11 26 5 13 15 48 6 1 21 12 35 35 10 14 13 28 47 35 26 42 27 23 27 34 18 32 30 16 19 47 40 39 39 40 36 15 33 15 7 22 40 16 5 42 44 4 45 42 5 16 40 30 3 10 37 17 20 34 8 1 35 12 14 45 40 11 10 3 6 33 23 14 18 20 34 2 39 48 40 25 39 38 21 42 4 5 48 3 19 45 20 45 14
25 12 36 0 2 8 22 22 8 31 19 3 38 25 9 26 14 16 46 44 47 45 39 29 17 15 1 40 42 1 48 13 39 9 48 16 48 11 15 8 33 42 35 36 24 39 25 3 49 40 21 43 2 32 29 33 34 19 17 41 5 38 34 33 49 47 22 14 7 24 26 35 9 47 6 7 36 36 37 22 1 9 3 18 10 10 11 42 44 13 12 32 49 15 17 30 29 4 44 32
27 23 21 36 41 39 4 38 24 10 10 42 9 48 43 4 29 10 0 27 6 3 30 0 31 25 10 46 4 36 2 44 44 2 32 8 8 47 44 30 36 11 33 25 47 38 15 1 40 24 1 33 4 2 20 47 24 25 17 25 18 6 19 27 28 48 39 15 8 10 40 35 15 46 0 48 3 45 23 14 45 35 12 38 2 33 9 10 27 31 25 4 34 1 6 5 38 26 13 7
15 15 1 34 21 19 15 25 28 46 26 42 47 35 14 35 30 8 43 46 27 38 3 12 23 31 31 22 2 37 16 39 7 9 24 37 44 14 10 32 17 17 36 26 48 32 49 25 3 40 0 1 7 36 24 4 40 5 26 34 25 15 24 6 26 37 23 4 6 37 13 11 44 8 3 36 31 18 46 24 26 4 39 20 17 11 15 4 38 12 47 48 38 37 24 35 34 6 14 38
25 37 1 31 31 8 18 21 16 29 13 40 2 43 37 1 3 44 1 43 33 13 38 44 48 1 23 49 35 29 14 17 46 41 24 33 20 32 43 23 9 4 43 45 28 41 42 45 43 42 0 8 8 49 2 40 22 19 45 22 21 14 29 0 41 35 46 36 36 45 31 41 14 41 36 37 39 23 11 47 24 45 49 33 1 30 7 48 20 20 11 24 24 49 18 16 20 6 31 48
43 7 37 9 46 48 49 17 11 25 30 35 10 23 42 6 18 27 18 5 5 6 1 10 45 27 9 1 11 45 36 40 46 31 21 45 48 45 19 35 16 8 32 2 4 32 19 33 0 41 20 25 10 11 32 10 40 21 44 16 20 38 20 14 11 27 17 42 39 44 37 7 29 40 43 43 35 31 11 30 8 1 2 19 25 20 14 11 18 15 7 45 29 3 37 35 10 33 28 6
7 35 13 26 42 23 49 3 5 24 26 18 6 32 40 31 9 21 20 18 8 14 22 49 11 40 4 37 31 21 45 43 26 15 45 38 8 27 13 39 39 10 28 18 22 47 33 17 8 28 45 4 9 31 10 39 44 25 40 41 41 7 19 8 5 28 43 27 49 0 11 22 15 45 30 15 -1 -1 48 47 28 22 29 15 41 16 30 24 30 45 5 39 42 33 27 16 37 16 2 7
48 48 43 33 36 33 15 37 45 29 5 35 32 46 40 48 23 11 4 31 30 2 12 41 20 13 47 11 22 8 5 16 24 22 30 19 2 29 43 18 3 9 17 48 49 7 34 45 0 32 43 13 19 9 22 23 33 19 4 4 25 43 6 6 35 9 49 39 18 2 20 48 32 41 48 7 19 30 2 1 46 11 2 31 19 11 22 17 3 46 32 21 6 29 11 9 7 17 0 43
41 4 7 23 22 9 7 37 35 30 42 38 1 29 17 47 49 38 28 3 8 12 14 37 10 22 38 40 39 49 23 41 49 46 20 45 34 44 9 6 11 35 43 32 26 3 30 38 10 12 21 30 48 3 38 10 39 0 26 7 16 24 0 2 44 41 28 29 15 30 4 20 13 22 22 21 47 44 46 30 15 0 19 43 9 34 17 22 4 39 25 11 6 2 35 19 19 26 20 2
14 12 38 31 44 26 33 39 39 36 10 14 23 32 27 34 32 33 14 7 1 8 28 31 20 49 47 12 9 49 32 7 16 18 18 0 24 15 11 32 32 26 27 22 31 6 6 20 3 48 28 5 11 29 38 13 41 2 16 30 44 46 42 31 44 48 43 48 5 9 8 0 17 12 15 17 36 12 8 6 11 13 43 5 45 15 41 45 30 42 1 3 15 40 24 41 19 1 6 17
29 8 16 44 21 48 17 43 12 18 26 16 14 23 20 43 27 28 42 12 1 4 20 33 46 17 7 2 37 32 1 1 36 27 13 19 1 42 17 29 46 40 0 47 12 44 21 16 22 37 27 13 8 25 24 48 19 24 15 38 12 22 25 29 35 41 6 11 45 30 42 14 15 29 48 8 17 36 12 13 21 22 6 1 22 3 39 2 43 40 23 21 12 2 49 39 16 23 34 43
44 0 37 42 5 22 42 37 9 30 5 0 26 43 20 7 39 48 8 48 24 26 27 14 20 10 13 43 33 32 25 22 30 16 8 29 31 27 24 44 15 32 21 13 28 35 14 5 32 29 33 5 13 10 25 46 8 44 17 27 13 21 13 12 2 41 30 7 44 40 32 6 40 43 23 40 24 17 30 9 2 17 3 16 8 43 47 16 18 26 31 24 9 3 3 1 3 29 32 48
30 32 34 27 23 15 10 28 7 46 0 15 33 12 9 27 41 38 27 43 1 16 37 20 39 33 13 30 27 5 37 17 14 28 12 30 15 2 10 4 4 41 43 14 17 7 21 38 34 12 25 30 29 24 49 20 22 10 29 47 13 37 10 19 38 35 22 1 30 34 38 5 20 40 19 40 7 47 12 26 5 18 12 34 6 14 15 3 34 23 13 34 4 0 37 43 33 20 46 28
21 3 11 26 14 14 17 45 11 15 33 3 34 48 48 4 41 36 22 16 26 38 31 11 43 24 45 28 11 43 34 41 0 22 11 39 32 25 43 37 6 4 8 36 20 11 47 23 47 41 34 30 30 41 47 20 37 37 36 28 28 8 42 17 19 5 2 27 3 35 43 29 5 31 0 13 44 15 1 47 15 6 9 8 32 28 29 13 20 36 35 2 35 21 3 30 16 25 8 13
36 29 43 22 8 7 31 33 46 47 23 16 3 10 49 49 9 29 13 46 25 26 33 22 8 18 48 34 44 18 39 1 42 22 10 43 49 9 41 46 23 45 34 38 23 42 49 2 42 34 45 0 29 34 46 33 12 9 2 14 19 49 31 31 11 3 39 31 29 22 3 39 40 22 15 18 9 35 8 35 5 43 28 0 21 17 14 3 8 15 35 7 14 2 18 22 25 1 43 49
46 29 41 31 40 8 37 44 11 20 23 9 21 2 29 18 40 33 42 19 3 32 2 3 34 15 3 4 30 36 49 1 7 16 23 30 16 11 23 20 31 9 6 21 48 29 48 35 38 42 23 43 28 17 46 39 43 3 5 40 21 39 23 37 23 44 8 5 2 30 44 23 45 24 40 32 0 6 23 6 34 13 18 13 47 0 2 38 31 46 6 44 12 47 14 36 30 44 34 16
16 17 12 24 16 34 8 11 14 26 34 24 1 12 15 41 15 16 49 6 35 32 2 42 47 2 4 46 2 48 22 43 47 39 22 29 34 17 20 8 39 21 13 47 8 23 45 5 33 2 28 49 31 38 12 17 48 21 23 48 36 5 9 18 33 46 2 22 42 8 18 45 5 44 9 44 11 4 36 31 29 44 16 41 15 49 48 26 45 41 38 48 38 38 30 21 46 20 18 28
19 45 38 8 42 43 2 13 5 10 29 27 15 27 13 9 46 42 26 39 22 34 27 19 45 21 49 35 33 48 11 8 4 25 5 19 24 42 0 38 10 34 0 12 46 49 42 28 16 38 46 2 37 36 47 18 48 28 37 5 12 1 28 37 40 12 19 34 41 24 13 14 20 28 36 8 8 40 18 25 49 43 7 13 44 47 36 4 31 32 13 31 16 9 28 45 38 2 24 11
40 37 0 10 14 1 29 29 5 34 11 6 22 32 4 9 29 32 11 34 36 16 0 29 12 28 19 17 41 26 7 11 32 34 9 28 2 16 49 31 26 44 21 0 11 46 45 32 22 12 0 36 24 3 47 49 27 12 16 43 16 47 26 0 21 7 41 25 17 6 6 22 14 27 36 25 0 3 46 15 36 35 15 21 48 5 13 23 6 0 27 1 44 37 19 7 41 48 7 33
12 33 1 5 9 20 13 17 12 39 25 49 2 46 42 29 17 10 41 41 49 42 28 24 17 26 11 12 47 17 8 46 47 6 39 25 40 20 31 34 45 36 49 41 34 49 6 34 35 16 32 3 48 42 4 8 45 46 22 44 37 14 43 25 10 36 19 48 10 5 31 3 46 18 22 38 28 11 45 34 38 9 48 38 21 24 39 17 29 37 47 28 49 21 4 18 46 45 0 18
29 38 42 26 14 21 6 13 1 45 39 19 36 43 17 31 15 26 46 6 40 7 40 46 37 39 4 6 46 10 46 37 29 16 39 11 35 13 6 9 43 0 32 36 6 40 10 49 40 11 21 29 34 21 23 2 36 23 10 6 19 2 36 44 22 2 24 34 18 30 30 12 30 13 16 4 48 12 3 21 29 17 13 38 16 10 13 16 20 4 16 45 27 46 41 40 16 32 19 21
43 8 1 14 23 7 25 42 22 35 6 16 35 28 41 10 35 37 44 49 40 15 30 18 48 10 12 43 23 46 47 46 19 44 28 19 5 5 24 14 23 3 47 47 49 11 18 9 34 9 31 42 12 4 16 20 27 39 16 12 8 42 34 47 12 48 42 3 11 41 37 48 4 33 25 21 10 27 41 3 8 38 6 39 33 15 12 3 47 34 38 24 24 20 38 7 49 34 11 28
34 34 15 24 31 12 38 3 33 37 37 21 30 11 19 28 7 32 13 35 21 25 44 2 14 4 25 47 3 37 16 15 47 1 18 35 36 41 26 48 40 0 40 6 24 9 34 29 32 40 31 1 44 44 3 23 45 16 37 34 34 11 48 0 16 49 43 1 12 20 47 3 42 7 37 23 19 13 38 27 14 32 6 31 5 11 25 23 48 37 17 9 22 33 4 15 47 26 22 24
39 26 32 23 19 6 46 7 4 29 28 38 11 33 14 22 30 23 21 9 29 23 18 20 31 7 44 38 48 27 11 36 23 39 31 45 23 33 24 2 5 36 2 26 11 1 47 19 25 8 42 30 19 42 1 18 37 27 26 27 25 10 46 9 7 39 18 32 9 33 21 12 1 6 18 31 19 31 10 16 39 12 40 13 47 25 6 26 5 20 19 15 39 18 22 7 22 20 43 21
42 48 24 43 40 19 38 16 0 11 7 42 31 44 14 44 45 47 38 45 33 40 3 49 31 36 29 35 21 34 3 42 42 35 33 28 15 48 9 45 13 13 33 8 38 4 12 7 7 18 41 37 19 46 49 23 45 7 17 5 13 33 44 1 34 5 49 14 31 26 40 4 25 25 11 19 13 48 37 49 42 15 37 10 19 38 38 18 18 34 46 26 22 18 4 12 48 22 13 27
10 17 17 8 43 38 17 32 16 14 10 48 21 46 18 23 -1 -1 7 0 9 39 10 30 32 15 4 49 22 25 11 37 7 38 31 13 21 10 13 44 7 1 34 4 22 46 10 29 14 15 28 10 42 36 5 8 21 27 33 7 27 26 45 6 44 39 45 17 45 3 3 7 9 25 40 42 18 7 41 8 5 4 1 39 25 28 17 21 5 27 37 12 28 28 25 33 7 21 43 6
47 15 35 48 20 41 18 10 26 26 27 48 35 34 44 11 14 45 22 6 34 35 2 10 24 46 4 48 37 11 5 14 1 7 18 17 37 15 9 12 46 38 23 26 43 34 44 29 49 45 43 26 37 24 39 8 30 31 1 15 5 2 24 30 22 36 44 31 40 45 4 3 1 46 3 2 7 25 15 39 13 18 45 26 23 17 27 24 6 41 41 21 14 25 40 39 1 25 48 46
32 42 19 36 2 45 16 7 33 44 10 2 44 22 40 14 18 1 17 18 24 1 4 14 13 6 46 19 13 36 38 43 43 2 28 21 30 40 35 4 0 23 41 33 40 23 4 11 22 48 45 9 38 14 27 9 27 27 2 6 30 43 47 8 21 15 7 4 32 37 4 47 24 18 44 9 33 33 31 43 25 13 15 35 25 19 29 2 16 3 13 25 16 13 46 13 33 45 37 31
40 18 35 27 10 3 11 11 33 18 10 8 30 48 22 15 26 14 42 21 16 16 2 25 15 31 16 48 0 31 37 19 37 30 26 36 12 42 46 21 33 35 36 46 48 36 42 10 23 12 28 14 42 9 7 6 3 27 11 17 2 2 16 42 27 41 47 21 39 14 31 49 20 46 21 5 37 45 35 22 20 30 28 44 14 30 17 38 7 19 4 16 37 13 35 40 5 21 4 34
43 47 1 41 30 14 16 36 47 42 24 0 48 39 35 6 22 13 18 38 36 15 39 28 29 28 13 4 20 31 26 23 49 26 31 4 28 9 13 5 2 0 20 44 33 43 40 28 0 17 38 47 36 21 3 20 14 40 36 34 41 13 49 16 42 0 45 49 42 25 14 43 1 32 28 20 7 7 43 41 3 33 15 20 8 24 10 15 15 14 5 17 45 37 35 8 7 15 17 19
32 43 14 0 37 33 26 10 32 18 6 42 9 24 23 25 15 44 41 17 36 39 39 41 33 4 28 36 0 46 45 31 10 18 45 23 40 2 29 5 34 37 41 11 18 44 6 49 35 18 22 4 29 25 21 20 38 28 6 27 23 29 27 32 32 5 39 7 33 11 4 23 16 33 6 15 21 8 37 3 7 20 7 26 17 40 8 19 48 43 44 42 45 19 35 0 42 32 28 40
37 2 12 49 28 39 28 26 41 5 9 17 46 23 23 0 4 7 26 13 34 2 33 9 8 30 47 33 19 25 27 4 10 41 40 26 30 46 44 45 34 3 36 30 22 0 33 30 6 35 34 7 29 30 32 13 15 22 49 22 45 48 38 32 0 49 47 24 34 26 10 38 3 14 6 23 1 17 27 47 33 0 5 12 10 47 41 32 21 21 22 41 19 23 41 12 25 36 9 14
19 14 34 10 47 27 38 33 0 40 36 14 2 34 27 0 7 28 34 0 12 36 38 15 27 20 16 28 8 17 35 23 44 21 5 29 22 31 48 19 45 25 3 31 6 43 11 23 18 14 35 33 3 3 33 10 19 12 10 35 5 24 34 22 25 35 10 26 26 46 43 10 33 14 42 2 43 31 48 2 41 22 16 27 36 10 34 39 44 43 46 35 30 49 42 39 28 30 49 18
49 37 31 14 7 12 23 47 25 48 17 16 24 38 10 9 9 19 0 14 1 22 16 46 29 14 42 40 27 7 40 3 16 6 1 27 3 22 18 18 11 21 24 32 15 28 3 25 9 46 26 2 11 18 4 40 37 28 8 45 39 27 0 25 28 42 20 39 21 32 4 43 30 4 18 48 20 26 21 1 13 42 41 34 28 15 45 1 2 36 8 2 35 24 41 49 24 16 13 24
29 49 5 47 9 5 32 31 4 17 12 10 0 44 29 41 5 45 20 27 41 6 24 8 28 16 23 19 17 33 36 13 6 38 30 6 19 16 38 30 24 5 17 37 6 28 26 11 35 39 5 37 7 44 39 5 2 35 36 20 0 34 26 41 4 28 21 44 24 40 20 5 23 28 38 0 44 19 43 16 48 30 5 33 6 10 29 7 48 20 14 31 3 24 36 3 31 5 7 41
4 30 24 28 10 7 49 10 18 41 8 3 26 28 36 49 7 3 47 37 36 24 26 19 36 7 46 1 46 0 25 40 34 42 22 42 32 35 49 29 28 34 23 8 1 19 36 6 18 37 15 34 16 1 39 42 15 11 17 14 39 22 19 20 41 43 49 28 13 0 39 47 32 22 17 13 7 8 1 23 14 34 39 32 44 24 14 47 31 10 38 49 0 26 27 35 48 25 1 24
48 18 48 15 7 43 23 10 41 29 4 13 31 0 12 37 29 45 33 21 46 43 18 4 22 30 37 25 32 14 19 39 37 47 24 36 22 45 38 6 39 38 31 15 41 28 25 16 47 29 0 28 36 48 27 37 1 0 43 17 28 25 26 31 27 45 2 18 44 20 5 30 37 26 11 7 5 42 45 11 20 9 27 21 44 7 38 19 31 28 49 31 17 34 40 44 18 24 28 13
27 29 16 22 37 6 43 11 36 32 10 40 41 44 21 33 9 36 15 12 10 31 37 40 6 46 8 21 26 8 6 12 32 32 9 16 14 19 42 7 42 49 21 18 18 47 22 5 42 13 19 10 40 49 29 12 25 38 23 13 28 12 48 24 6 36 29 46 1 44 7 22 31 17 18 43 15 47 31 35 6 24 5 46 27 3 17 2 40 38 9 15 7 49 32 4 35 5 36 42
8 11 27 44 5 1 3 34 38 46 18 40 28 32 8 37 41 23 25 32 45 33 21 28 49 32 48 33 20 21 16 37 2 28 13 45 24 31 44 36 20 3 20 24 20 1 13 29 10 24 18 8 46 34 14 46 42 20 41 14 41 19 11 5 26 47 45 45 23 35 29 21 49 8 25 2 26 24 49 36 45 44 20 19 22 28 6 18 36 17 4 19 18 19 3 38 0 21 25 9
12 27 0 16 8 34 44 34 7 10 32 45 3 15 4 24 2 20 15 10 11 38 14 48 17 3 38 41 31 23 49 44 20 12 9 38 10 21 10 25 21 26 24 19 39 3 29 36 14 42 39 30 38 29 12 12 1 13 2 15 0 39 2 21 10 44 30 22 46 3 2 23 12 11 26 25 2 4 18 12 33 31 22 27 32 49 41 15 27 40 17 24 0 7 26 1 43 28 10 20
46 4 21 23 11 0 11 44 3 26 37 38 25 17 30 1 22 26 35 44 28 43 46 12 15 36 40 29 42 47 48 49 9 43 37 0 46 14 39 40 17 44 40 47 46 32 37 46 23 24 26 49 1 20 30 20 1 49 42 24 2 11 23 34 32 16 6 25 7 30 5 7 13 41 25 14 21 40 20 17 12 29 6 48 12 25 1 36 27 33 30 47 47 5 16 26 49 12 14 39
27 18 24 21 5 41 43 19 1 26 46 5 13 32 4 5 0 24 46 46 45 8 32 39 27 36 26 22 7 40 49 24 47 14 9 7 33 29 45 2 0 45 7 29 35 45 47 32 26 29 19 41 7 31 4 44 27 42 43 9 43 20 36 19 14 20 38 36 0 42 49 30 20 16 39 37 9 11 14 33 4 35 2 5 18 11 8 20 34 20 40 40 27 6 27 2 9 9 1 37
45 13 18 49 19 19 9 2 42 18 4 27 15 23 32 27 13 8 18 39 28 33 30 17 34 25 21 41 24 7 34 28 24 27 6 8 49 19 26 9 48 9 9 41 49 4 3 41 26 33 35 3 18 33 32 1 39 16 12 46 21 37 35 1 29 6 25 45 33 41 0 9 46 24 25 31 13 1 27 15 29 42 22 11 49 5 26 45 25 41 21 31 47 13 35 17 30 10 30 29
16 21 35 20 34 31 21 49 45 18 35 12 23 5 1 2 25 24 7 34 2 24 42 16 11 31 41 20 15 19 14 6 20 35 18 29 9 37 9 40 13 2 43 15 44 10 44 4 27 10 32 47 26 21 10 0 8 8 13 20 5 23 46 27 33 24 23 18 24 24 47 43 18 42 30 26 33 6 35 14 40 10 6 19 26 40 25 0 36 18 33 34 21 35 39 45 36 1 38 17
43 44 20 22 41 18 17 1 11 48 12 15 2 47 1 28 47 4 39 4 5 15 4 21 1 48 27 30 31 40 36 22 23 23 24 23 5 49 46 16 26 20 34 40 48 31 20 37 43 12 3 17 32 0 14 49 8 22 19 0 33 38 10 1 29 1 35 38 34 36 8 32 28 27 12 16 17 49 20 23 43 30 41 0 5 25 42 42 39 35 27 49 32 19 39 34 17 4 37 8
32 17 45 10 47 7 42 46 6 33 37 29 26 6 31 2 8 41 30 39 33 16 21 11 17 39 8 39 31 37 15 5 30 27 9 42 14 24 9 22 7 5 41 47 11 49 13 28 19 47 0 4 16 2 12 40 32 44 35 15 6 45 1 38 16 35 35 35 32 24 15 9 33 26 46 25 49 27 27 17 40 16 21 6 37 18 38 11 8 4 38 22 26 12 34 46 34 32 12 21
20 26 43 39 31 19 44 33 0 37 39 46 25 44 29 43 24 13 48 14 16 0 4 26 26 32 10 13 30 25 30 28 38 39 27 11 32 11 48 41 25 5 0 35 25 34 17 23 35 47 12 0 20 26 3 47 44 28 25 6 45 39 4 1 44 27 29 26 14 29 30 33 29 39 19 22 49 48 41 27 31 29 47 9 3 43 37 4 35 25 29 31 7 27 44 3 30 5 9 0
