14
2 6
7 5 3 10 5 5 9 12 10 13 5 3 11 11 7 11 1 0 10 1 11 12 1 5 7 7 10 6
11 6 12 5 1 10 12 1 12 11 0 2 12 2 2 12 8 1 5 2 6 5 6 0 5 8 2 5
8 8 7 1 9 13 11 1 5 10 4 4 -1 -1 0 3 1 9 6 11 1 13 13 1 12 0 3 4
13 12 13 3 13 13 4 3 12 2 2 3 6 1 10 9 1 6 9 5 2 13 7 12 13 8 5 11
4 6 11 5 12 3 9 8 7 2 13 11 9 4 13 9 11 8 9 3 11 0 0 9 9 1 4 1
7 13 8 2 8 3 7 10 4 2 2 8 0 13 11 7 4 0 10 11 13 0 8 11 4 11 0 12
6 8 9 6 11 9 13 7 0 8 10 3 5 13 2 10 11 4 6 2 12 7 11 2 3 2 7 8
8 6 2 6 0 11 8 7 8 5 13 2 10 2 9 7 3 13 8 13 0 10 5 4 12 8 -1 -1
4 13 3 9 6 12 3 1 4 10 9 0 10 0 0 5 11 3 10 5 6 4 12 6 7 8 5 1
7 3 13 10 8 12 11 13 3 2 2 2 1 7 2 11 12 10 8 10 5 12 9 10 3 5 5 7
6 6 7 6 13 6 0 4 4 8 5 0 2 0 8 9 5 6 6 9 4 7 0 1 4 5 5 13
1 4 10 7 2 4 6 10 6 13 10 4 10 8 1 11 12 13 12 12 3 7 2 9 8 0 10 12
3 11 8 4 1 8 1 2 1 12 5 9 7 4 10 10 9 8 3 8 0 7 13 4 3 12 2 1
3 6 6 7 4 12 1 1 9 9 2 7 3 3 12 9 7 9 13 5 4 9 11 10 12 4 0 9
