50
10 36
39 31 13 20 4 26 25 18 6 13 18 42 37 3 29 34 5 1 28 17 28 14 29 13 49 15 29 47 45 39 7 28 30 6 38 37 23 12 1 21 0 36 27 43 15 8 5 7 32 16 40 28 46 34 6 40 29 14 20 46 18 33 23 46 26 46 32 2 35 25 43 10 5 4 23 2 5 26 11 22 25 8 46 1 27 9 9 16 9 30 7 20 37 18 28 26 36 29 10 22
17 2 12 42 15 24 45 43 16 4 28 25 20 24 20 8 37 38 48 3 12 42 36 5 12 4 49 24 23 37 33 9 2 21 16 15 11 27 41 18 27 47 48 28 8 16 44 11 41 29 29 47 45 17 11 24 24 27 11 41 9 22 40 36 27 1 24 37 28 32 12 15 38 18 46 24 35 46 31 15 29 45 15 6 5 29 21 11 7 24 0 45 28 21 47 9 43 1 17 39
6 18 29 36 49 20 37 23 13 43 37 25 23 6 21 8 4 9 11 35 13 30 31 37 38 16 18 33 47 39 33 22 33 21 12 15 17 28 47 33 41 4 28 49 16 43 16 8 28 12 22 46 33 16 9 2 30 21 44 30 14 20 29 20 39 48 25 37 48 30 35 10 41 25 18 24 4 42 34 0 47 3 8 13 43 11 40 34 3 24 40 5 9 10 2 12 19 1 9 48
38 29 32 12 19 44 30 34 37 45 6 36 0 35 49 30 5 35 5 33 40 12 38 24 49 32 42 30 26 19 19 16 33 12 2 9 0 44 1 49 18 2 3 24 48 17 39 49 2 48 47 30 8 8 29 7 40 14 39 36 11 2 20 19 18 48 2 41 13 42 28 3 3 6 11 34 7 36 46 46 38 21 2 33 32 47 32 38 6 7 8 26 31 3 37 3 48 18 33 43
11 2 17 12 48 5 8 34 41 0 4 19 48 26 39 5 21 0 11 15 38 42 26 44 16 35 26 14 45 12 25 17 41 23 40 42 2 19 37 26 37 24 24 27 28 48 49 24 18 1 25 5 2 18 0 14 40 35 1 13 3 3 19 13 44 0 10 41 45 16 17 46 33 0 9 15 20 26 38 31 6 30 11 35 14 28 8 30 21 46 7 8 20 29 35 33 13 48 22 22
28 11 29 42 41 40 44 41 41 39 40 16 5 8 1 21 43 2 1 17 31 36 17 24 43 49 4 9 7 24 12 31 41 35 29 46 39 17 23 14 25 10 18 3 1 45 21 8 47 15 30 45 23 12 13 4 43 31 1 3 25 42 29 46 6 37 23 25 24 42 17 40 42 17 43 14 4 26 28 38 33 13 33 39 38 8 8 34 44 12 48 15 3 40 18 9 20 46 43 37
33 33 29 25 1 11 34 24 39 10 35 39 33 18 37 36 7 45 25 22 20 41 42 21 11 47 15 48 11 10 47 0 22 18 21 7 27 4 3 31 39 44 5 3 43 21 16 4 26 5 32 4 17 7 27 36 39 35 41 37 15 17 25 36 13 30 31 6 21 11 8 6 20 3 11 4 34 47 23 49 33 42 42 2 17 39 26 2 14 43 37 32 17 16 43 27 20 45 32 42
30 24 1 4 4 1 35 49 26 49 37 35 45 48 46 17 5 39 2 44 35 24 43 8 8 47 25 14 22 10 17 18 25 8 29 3 47 41 39 42 47 32 34 32 24 28 12 32 36 18 19 21 35 19 30 18 32 19 31 18 38 45 28 48 13 18 18 41 42 35 48 22 38 2 0 5 44 40 39 33 18 26 16 41 31 43 7 18 1 3 42 1 7 2 2 17 37 0 36 14
36 19 47 28 33 37 0 18 20 16 0 35 13 39 26 10 16 3 32 43 31 24 5 16 48 29 4 6 24 41 33 2 46 18 48 24 48 30 25 19 4 33 17 18 0 38 11 33 31 44 7 11 10 19 43 37 42 6 26 47 44 17 2 19 5 17 26 0 38 25 14 36 13 3 38 30 33 12 12 45 23 4 15 40 25 25 40 14 18 18 5 36 13 15 13 45 22 21 34 2
10 25 0 49 23 31 38 1 30 9 14 4 7 10 45 30 1 27 8 3 25 38 6 33 5 27 48 5 40 49 2 16 42 41 41 0 26 14 6 7 48 49 13 9 3 49 18 32 2 47 24 22 34 3 39 20 25 32 3 27 0 19 23 21 30 6 9 1 19 37 9 11 15 9 1 44 15 28 15 40 42 30 23 5 17 49 27 4 6 25 49 19 5 13 0 32 24 47 23 8
18 13 5 37 45 25 13 9 2 14 12 1 38 47 2 35 16 9 3 11 44 15 19 23 6 32 31 13 28 46 42 47 40 40 36 44 1 6 32 38 10 30 29 47 14 9 20 8 10 36 27 30 7 9 8 29 38 38 45 25 12 8 41 43 43 27 0 41 6 18 17 45 1 41 17 21 26 35 47 25 1 43 40 39 49 36 22 25 12 32 44 44 6 13 34 30 1 7 9 16
14 3 3 42 28 1 1 49 1 48 31 17 3 49 24 9 45 29 13 33 4 39 47 32 36 35 21 16 43 19 37 25 19 40 22 43 13 7 5 25 23 1 49 24 25 48 27 27 5 2 12 24 14 8 29 29 4 31 24 35 17 25 18 38 33 20 2 25 11 43 44 40 22 16 22 46 5 5 39 31 11 34 40 32 39 30 14 11 26 6 27 9 27 15 32 43 4 35 32 32
18 39 47 17 3 6 32 23 40 44 43 22 44 2 1 42 2 17 35 0 25 19 28 36 6 33 3 7 15 39 9 41 46 24 38 14 23 27 7 1 28 16 21 36 10 19 10 41 10 24 20 37 8 37 37 20 32 29 18 15 9 11 13 27 12 45 31 0 11 7 22 17 1 25 31 41 46 10 22 25 23 11 46 6 7 32 4 24 49 48 6 19 6 17 17 28 38 29 43 49
24 15 25 15 32 18 26 38 31 18 43 10 1 34 28 30 32 38 47 14 2 38 42 0 38 14 20 20 44 35 29 26 1 14 26 14 27 48 19 21 44 48 4 28 48 16 12 28 36 25 5 36 27 8 14 22 0 3 18 6 41 7 26 21 41 0 35 6 30 43 4 42 33 28 48 23 30 26 25 34 7 22 1 38 25 4 37 49 44 39 36 41 26 35 13 0 33 49 19 42
4 20 2 27 16 41 11 10 23 17 36 32 19 1 16 12 6 0 35 45 22 17 7 45 30 29 32 27 22 44 25 26 17 5 26 24 3 14 12 31 33 10 41 21 14 20 28 38 28 23 48 2 43 26 11 37 4 6 19 37 34 41 25 11 3 15 38 28 15 28 41 12 38 7 49 32 23 33 7 8 36 10 26 35 1 45 24 17 7 11 23 10 35 1 42 13 19 6 27 12
31 8 25 13 24 20 15 31 47 44 6 30 48 23 44 48 7 40 15 19 28 23 35 44 27 46 3 31 9 41 42 38 0 15 9 42 40 20 3 13 22 40 18 46 16 26 26 20 29 22 15 7 44 3 46 16 47 20 18 15 32 25 27 47 24 22 7 5 23 35 8 6 20 23 15 29 11 46 22 8 35 24 49 15 40 47 34 22 2 41 8 28 42 37 38 45 4 24 26 24
0 14 48 38 35 44 16 33 26 17 27 16 0 1 22 21 16 25 29 22 6 17 37 18 19 48 44 6 20 24 17 5 31 2 44 1 46 4 16 14 24 8 14 2 16 2 32 38 24 2 3 40 37 49 16 31 38 13 6 32 44 48 42 34 14 28 19 5 34 15 39 40 34 2 33 34 43 16 5 28 8 28 38 4 31 42 32 25 39 37 31 29 9 45 9 32 48 17 31 24
1 47 38 17 43 2 1 2 48 4 14 0 9 32 46 2 23 13 19 14 49 10 22 31 15 40 20 47 22 1 47 14 21 26 24 9 22 35 37 39 33 3 8 33 26 13 34 8 5 48 36 20 4 29 41 27 16 48 21 32 9 47 29 31 18 18 9 18 44 38 31 46 36 9 47 47 10 30 19 11 1 42 40 21 16 1 30 13 34 42 40 20 3 35 34 14 20 14 26 27
4 4 27 9 48 33 6 22 10 48 14 47 42 16 13 22 24 3 26 24 44 17 45 7 48 37 47 13 40 28 24 32 16 15 36 25 13 23 0 42 37 6 9 2 11 45 19 13 4 8 26 9 45 26 34 27 14 24 48 18 15 15 13 17 46 28 43 10 14 41 9 15 14 17 7 30 44 30 15 32 48 9 22 14 35 31 33 41 33 49 44 11 31 5 13 24 34 24 15 8
33 26 24 12 6 19 20 45 13 13 34 1 35 9 37 21 16 49 16 27 15 3 38 28 46 35 23 1 49 26 11 35 42 11 12 34 10 21 26 1 11 41 7 36 16 32 0 22 43 23 11 46 32 33 28 15 3 15 36 40 36 13 17 17 30 30 19 19 46 28 9 26 16 36 23 9 44 9 39 49 10 18 14 28 32 29 39 22 16 29 43 3 41 2 17 17 25 12 5 0
36 47 18 38 10 13 4 36 43 17 9 9 43 6 32 44 45 1 42 14 17 2 25 46 48 24 22 41 40 43 5 27 21 27 11 16 11 42 28 49 19 17 10 28 25 21 12 4 8 22 35 3 45 16 10 27 43 44 21 16 9 48 34 48 47 9 44 4 22 16 6 33 4 16 37 14 24 49 34 48 24 18 11 1 38 28 4 21 45 37 12 1 16 43 1 13 12 8 0 31
38 22 25 32 28 23 45 7 44 16 7 14 18 40 41 34 5 36 10 48 32 3 10 16 34 3 9 34 33 46 4 8 17 34 47 27 13 43 20 47 24 27 44 25 2 13 9 46 26 25 21 47 16 31 4 35 7 25 40 8 14 16 44 43 7 34 35 15 43 1 39 6 46 42 27 49 40 36 25 13 17 42 13 37 10 2 28 10 47 14 4 45 46 38 7 12 42 15 10 7
28 32 11 2 2 44 13 23 47 0 30 25 29 20 5 5 17 17 11 47 1 15 40 38 25 23 18 38 9 21 18 12 32 42 18 7 45 24 38 0 46 35 39 22 34 4 42 18 9 41 28 13 41 32 31 0 45 39 1 26 48 27 42 22 31 48 26 3 44 45 49 28 12 28 48 44 8 43 16 26 24 23 49 43 17 42 3 35 41 44 25 34 3 8 33 46 15 5 43 44
7 32 5 25 1 7 16 28 44 44 47 28 10 8 3 21 8 43 15 3 17 34 0 31 3 19 43 41 0 24 6 27 42 28 40 21 27 42 8 44 41 23 16 40 45 12 15 28 5 31 48 8 11 0 35 37 29 19 35 29 11 44 43 36 46 6 39 16 26 24 39 11 34 1 35 25 29 8 41 14 42 17 16 42 16 40 49 36 37 43 47 49 9 42 48 33 1 44 27 36
14 40 15 48 27 24 20 29 34 11 9 7 35 10 26 6 29 4 38 12 47 30 0 21 24 19 10 48 43 39 40 13 17 43 8 22 26 28 23 47 16 42 32 39 22 6 29 4 49 24 11 17 18 13 37 49 6 1 10 29 12 3 29 6 23 18 31 14 25 40 3 24 1 14 29 2 9 41 5 5 9 31 4 49 48 16 34 49 24 21 6 35 47 2 20 9 46 35 25 8
22 13 16 18 35 14 33 25 41 44 44 43 18 37 48 39 49 0 28 8 2 17 22 7 30 7 4 46 36 6 13 49 0 37 11 38 19 35 22 16 11 17 19 1 33 24 38 33 23 2 31 40 48 23 9 25 39 1 12 11 28 20 41 0 45 10 35 8 36 45 18 18 41 17 7 29 49 0 43 26 25 17 2 28 8 40 42 12 26 4 40 24 23 37 36 41 47 23 25 37
28 1 39 6 45 30 37 7 47 44 45 49 31 48 30 2 47 33 46 24 31 44 45 43 34 24 21 49 32 40 15 43 17 19 27 34 16 46 28 0 27 44 38 8 17 34 12 27 34 19 20 17 27 6 27 6 35 40 10 16 11 48 3 49 2 6 26 42 46 10 28 18 13 15 30 17 29 26 6 31 25 25 44 47 41 2 33 32 42 0 33 2 2 42 13 26 11 8 18 16
45 47 31 8 27 7 49 46 5 16 2 8 10 3 42 16 20 31 4 7 4 29 11 14 23 7 27 9 32 14 49 28 30 1 42 47 46 31 11 23 12 15 15 19 3 8 15 44 14 49 25 0 10 5 11 42 45 36 45 31 0 33 27 47 20 24 28 43 2 4 6 19 7 45 8 5 47 23 10 34 45 42 42 46 1 17 46 25 9 44 25 44 9 35 23 38 20 29 31 5
43 17 48 38 17 3 2 26 47 36 20 18 16 44 15 7 17 9 38 33 13 8 1 31 33 29 32 37 36 30 44 40 39 3 35 1 40 41 47 5 24 13 11 13 41 19 48 19 6 35 7 5 1 42 7 37 5 15 13 27 48 4 14 5 32 1 42 46 6 3 22 14 15 37 1 18 12 6 3 44 2 2 33 41 10 33 34 30 9 16 20 20 2 0 39 37 31 24 36 40
2 37 0 41 33 5 32 47 14 30 42 28 23 13 6 45 44 43 3 19 30 48 34 14 34 39 42 24 29 42 47 1 17 20 33 40 25 17 38 46 49 11 2 2 11 5 28 49 25 46 47 2 26 48 31 39 30 18 8 21 45 0 4 12 12 16 33 31 4 47 5 44 22 38 0 24 38 47 15 3 33 13 42 21 39 13 17 39 30 42 33 28 13 17 38 39 13 29 9 0
27 14 25 34 9 29 11 22 16 43 25 4 29 17 10 21 16 28 8 9 44 38 41 29 23 0 1 29 2 43 46 45 48 8 18 12 36 42 25 4 47 3 28 17 30 14 34 24 41 38 13 23 20 42 21 42 48 34 0 46 31 25 27 2 45 40 38 35 4 5 43 12 32 0 39 38 24 36 27 39 13 27 4 8 25 13 34 15 34 24 23 19 38 4 6 2 43 35 8 11
13 22 23 18 6 28 19 46 49 8 9 40 8 18 33 5 26 0 25 30 47 35 21 24 33 31 23 25 12 34 5 48 35 40 9 46 12 2 39 35 33 24 1 0 32 29 29 2 46 10 46 49 36 7 19 8 40 15 44 34 2 10 44 0 9 11 35 0 12 33 15 13 35 41 14 19 14 48 45 5 29 8 14 4 23 33 23 28 40 6 43 44 0 21 21 7 48 9 12 18
20 20 7 24 24 34 20 39 38 6 19 2 37 49 4 3 31 33 34 43 2 26 26 29 34 0 26 5 14 6 30 1 1 18 6 26 0 8 24 42 36 40 48 13 35 28 38 25 24 18 45 8 30 8 11 19 12 39 30 48 41 21 11 17 28 43 45 24 3 22 21 48 14 12 35 23 40 49 49 30 28 38 30 49 46 22 20 39 1 3 10 18 17 39 16 17 8 46 21 6
41 7 3 22 11 22 4 0 27 3 49 8 28 18 40 3 11 29 15 12 0 32 42 20 30 45 22 18 33 41 4 13 25 6 23 32 6 15 15 25 17 10 43 33 46 39 4 40 3 34 25 30 31 19 29 16 7 40 31 0 49 30 48 46 37 17 46 7 47 38 45 18 23 11 16 45 2 43 46 30 40 28 31 48 0 21 2 7 27 8 10 13 42 22 49 25 27 11 30 13
34 3 49 42 44 38 28 0 7 39 34 43 7 14 22 38 19 48 38 40 8 9 16 34 28 18 31 2 16 17 47 29 36 3 6 43 11 46 22 34 40 49 35 27 10 31 34 38 33 35 5 27 0 46 21 43 47 39 48 25 28 22 12 15 27 44 27 35 47 16 48 18 0 36 36 34 23 44 45 16 10 4 37 48 25 45 39 49 9 38 14 46 40 35 20 33 1 24 0 29
42 2 21 4 7 16 28 12 27 45 48 42 2 26 27 48 26 19 35 48 42 35 3 45 0 27 24 44 35 13 39 1 22 49 46 42 13 16 21 9 20 27 44 48 16 21 14 19 48 43 10 31 28 24 19 20 6 19 43 36 15 34 25 12 17 23 29 48 14 19 45 38 35 45 14 19 10 38 47 2 39 14 35 6 20 26 29 34 13 30 3 20 25 23 27 36 10 1 15 40
36 15 4 13 12 44 1 3 47 14 20 9 1 37 35 29 19 37 24 15 11 15 26 18 36 7 13 48 23 19 15 30 10 1 45 25 41 41 23 13 9 28 40 9 4 40 0 22 38 6 27 41 39 20 49 19 9 34 28 20 24 46 47 18 22 15 28 5 1 29 30 32 48 15 41 44 39 24 48 42 1 42 38 4 47 18 17 25 39 41 13 42 10 17 30 12 42 4 11 9
38 41 33 2 3 2 20 2 0 33 44 23 24 28 15 46 49 18 36 44 24 11 0 0 22 17 5 45 46 36 24 15 19 33 1 21 14 40 48 35 35 18 25 18 6 3 33 9 30 41 27 24 30 47 38 16 48 11 10 41 7 22 32 44 32 20 18 45 44 37 45 32 9 3 47 14 18 31 9 49 28 12 1 19 31 26 18 41 0 19 12 43 43 29 7 3 33 38 28 4
7 40 8 7 11 35 5 43 37 33 6 23 21 46 16 28 49 35 40 41 37 48 39 10 34 30 49 48 49 3 36 19 37 6 11 13 47 5 42 39 35 3 10 17 0 20 45 16 47 49 3 35 17 17 30 14 18 44 20 14 10 46 10 0 37 12 9 34 41 41 26 16 42 12 27 34 48 48 32 17 21 18 47 5 16 35 18 15 19 6 13 23 32 14 12 1 33 31 13 1
43 30 8 22 28 34 19 45 34 17 22 42 5 17 29 16 0 14 1 32 46 15 45 43 34 41 14 27 17 6 1 10 49 48 29 35 43 4 26 0 9 8 18 23 3 8 26 30 2 32 34 18 28 9 15 24 38 15 3 16 36 22 10 11 11 32 9 3 43 13 36 17 16 6 20 36 38 49 18 45 43 33 1 13 30 47 45 16 20 3 24 37 24 21 5 29 5 6 33 1
22 41 11 29 48 22 21 27 19 33 26 38 29 19 19 16 22 48 23 1 41 45 33 27 17 20 14 25 35 3 44 25 38 11 27 15 2 39 44 4 42 49 30 19 6 21 9 47 26 37 14 12 1 18 19 0 20 23 24 13 17 46 46 15 29 19 22 25 45 2 19 10 9 39 27 33 2 7 25 20 15 49 43 43 17 28 11 25 42 30 18 32 13 48 7 45 42 34 11 38
47 6 44 1 20 19 20 2 16 18 32 37 21 39 16 41 45 21 35 32 15 44 42 40 24 48 6 23 16 0 37 48 46 44 25 34 30 18 12 3 36 20 39 26 6 22 48 35 9 45 28 4 19 28 0 45 39 8 48 5 26 36 21 17 20 46 27 0 17 32 11 6 18 23 48 3 5 20 32 33 18 42 20 37 40 34 13 1 32 13 36 45 34 17 29 3 14 47 48 17
7 18 27 3 3 38 43 46 40 44 24 47 6 15 6 25 48 38 22 16 31 5 31 14 4 24 39 0 26 44 28 23 17 39 44 46 2 6 2 18 16 46 7 31 20 17 7 14 35 25 22 40 31 19 41 46 1 16 42 48 26 38 35 4 14 32 24 23 19 5 26 9 47 23 10 47 0 31 23 48 15 19 46 45 2 13 2 26 30 5 3 37 18 6 16 44 2 26 41 1
0 3 17 32 27 39 21 14 18 13 47 33 0 33 22 49 28 0 11 41 34 28 1 7 12 30 49 44 23 6 32 16 20 29 1 44 41 19 27 37 17 38 34 31 8 8 44 35 32 5 9 37 37 13 42 27 19 18 48 35 39 31 44 49 3 17 37 1 7 30 21 24 11 29 36 31 27 23 33 19 44 22 16 48 17 47 30 35 18 35 49 49 10 3 34 2 9 6 6 29
35 10 45 8 32 9 15 21 46 49 16 34 40 4 49 20 28 24 11 19 30 19 9 35 40 9 40 6 38 15 22 31 14 22 17 41 34 31 26 23 26 45 5 45 3 29 32 33 36 41 24 9 7 17 1 19 15 32 44 7 39 13 41 26 9 20 36 7 20 3 22 25 15 48 21 29 19 32 4 16 49 9 6 25 41 48 20 33 23 43 5 1 49 17 16 38 19 49 43 8
17 6 0 13 45 15 27 49 27 39 12 29 41 6 6 15 41 39 30 35 44 5 28 17 26 44 27 32 28 43 7 25 5 28 33 21 35 46 35 35 19 13 18 16 40 39 15 13 5 7 33 35 38 5 46 13 46 9 12 12 42 29 43 4 14 0 23 17 27 48 16 28 23 15 45 19 32 38 19 14 49 27 32 10 6 36 2 18 7 28 45 26 3 22 43 44 45 26 18 35
11 1 37 19 38 38 10 28 48 38 35 32 42 1 20 32 31 47 34 6 24 26 3 6 23 30 29 7 38 33 27 40 33 27 42 20 48 5 6 35 11 17 22 27 42 32 20 24 23 34 28 2 0 22 15 18 33 49 32 20 33 6 3 28 26 37 37 18 23 11 23 12 12 10 35 12 24 34 16 11 4 42 11 10 42 21 49 40 33 20 15 43 41 21 46 15 9 34 41 37
22 9 29 11 29 8 24 46 2 46 38 27 37 29 24 38 7 22 5 21 47 19 14 4 44 26 31 11 2 46 15 47 6 25 39 22 42 44 16 4 22 12 28 12 36 41 49 4 26 28 27 37 47 33 14 42 24 30 13 28 31 36 16 36 22 8 8 48 36 7 15 43 23 17 0 32 21 31 3 48 48 4 18 15 42 23 10 32 34 29 8 8 42 48 28 7 18 33 6 37
14 29 9 37 7 4 22 23 45 30 22 3 40 2 28 48 0 38 6 30 33 28 43 13 46 32 2 28 16 33 14 42 35 13 24 42 34 7 33 20 34 4 31 21 7 15 3 28 33 19 4 25 47 22 25 32 31 23 41 16 40 27 21 14 39 3 1 29 31 33 20 2 30 48 21 35 7 25 14 45 29 35 19 3 38 14 36 6 15 20 1 38 14 14 17 13 24 20 8 34
32 46 32 21 48 8 22 45 20 11 12 5 48 3 40 18 40 47 23 41 6 24 29 8 19 29 49 9 24 6 7 10 17 35 43 38 4 11 19 30 7 3 27 48 45 8 2 38 23 22 8 42 48 32 17 7 21 2 8 27 7 28 41 10 27 12 10 35 37 5 43 24 4 40 31 27 17 2 36 13 6 30 28 13 38 44 2 16 4 14 18 31 47 9 45 48 1 48 11 20
