23 22 15
15 20 20 10 13 20 8 21 3 7 11 13 13 0 21 21 10 22 10 6 13 22 8 1 4 8 18 16 13 8 6 14 18 11 15 6 19 5 5 8 8 2 11 18 21 18
22 10 9 18 3 4 22 15 0 22 10 0 12 19 6 0 20 2 21 16 22 14 19 7 12 22 7 12 11 9 22 12 16 16 5 18 19 4 0 9 10 8 8 0 15 16
17 7 14 7 14 15 3 4 20 19 0 1 20 19 11 5 15 8 3 20 21 7 9 18 12 7 0 14 12 14 1 9 6 1 5 17 9 10 1 20 19 1 22 17 18 15
11 19 6 18 11 0 16 1 7 5 22 15 10 11 19 18 20 5 8 5 12 10 4 17 17 10 1 12 3 21 22 15 1 8 18 4 4 13 14 13 17 20 13 2 4 18
22 7 0 4 5 20 8 17 17 4 7 18 15 10 7 13 4 16 16 21 12 8 17 18 5 9 5 15 19 18 7 20 17 1 21 3 18 12 21 0 11 15 8 19 2 20
14 19 2 8 16 11 19 11 9 14 8 15 14 7 9 0 6 17 21 16 20 20 0 15 17 15 13 17 15 6 5 6 10 5 19 0 4 2 1 6 16 20 20 0 19 10
16 17 4 21 18 22 4 13 3 19 8 5 1 17 8 7 19 18 8 0 2 3 19 13 0 0 18 16 0 4 19 22 11 9 20 16 9 8 0 13 20 14 1 12 4 13
3 4 20 12 3 5 17 0 12 3 14 7 16 18 16 17 5 13 5 14 6 2 17 21 22 10 19 19 11 4 15 8 3 0 2 21 15 19 4 19 15 5 2 12 15 20
2 22 6 13 9 14 2 7 22 13 3 12 10 22 18 11 19 3 20 11 5 1 19 0 14 21 0 12 18 7 0 3 7 13 15 10 19 20 1 3 15 0 10 6 8 6
10 1 10 15 4 14 8 0 18 21 19 0 19 16 15 4 15 11 5 8 18 22 1 5 7 8 10 15 13 18 16 20 22 8 11 13 13 0 12 4 13 13 9 19 7 7
0 16 9 9 12 0 6 20 22 1 18 9 7 8 19 12 18 20 3 3 4 10 5 5 9 2 9 16 19 2 14 6 19 15 4 21 4 10 4 21 8 1 11 5 20 11
2 17 12 5 6 13 11 9 1 1 13 16 5 4 10 16 1 7 21 12 8 3 14 13 22 0 14 22 7 8 18 16 15 18 20 22 12 11 6 22 7 13 8 1 16 0
9 7 2 12 5 13 9 13 12 13 0 0 4 5 15 17 16 8 1 2 4 20 20 5 0 9 14 3 12 15 11 21 9 22 3 21 4 9 17 20 16 19 17 10 4 18
3 18 10 19 14 4 18 5 11 7 21 10 21 16 10 17 7 16 15 19 1 18 14 12 18 11 11 10 9 15 2 11 19 12 0 2 20 18 7 1 3 20 10 15 12 19
3 10 12 9 21 4 5 14 20 20 0 4 10 0 16 17 16 7 3 1 3 3 15 6 19 16 21 22 20 14 2 0 1 19 20 15 10 18 15 6 4 18 20 16 6 20
20 0 14 12 10 20 20 17 4 13 2 13 9 13 0 17 1 16 22 20 3 8 16 11 8 19 15 8 22 14 20 16 17 0 0 9 20 13 18 17 6 21 5 3 1 0
13 17 15 13 15 19 8 7 22 18 8 22 10 17 1 5 16 18 21 13 1 7 3 14 22 4 3 10 5 7 10 10 17 15 9 22 8 13 17 15 8 18 17 7 12 22
9 16 16 9 21 3 15 10 11 11 14 9 10 22 0 12 3 10 12 19 7 3 18 15 15 4 7 14 6 3 0 11 6 19 9 15 17 19 20 12 14 9 12 15 16 11
14 18 1 0 19 7 20 4 21 9 9 18 7 3 16 20 19 10 13 22 1 8 7 4 12 1 4 10 22 20 20 21 7 13 17 20 3 18 4 1 6 20 9 18 1 10
4 15 6 3 20 4 3 19 12 19 8 2 13 19 10 3 0 22 12 14 12 7 22 19 8 7 8 8 6 15 18 21 20 20 14 15 5 7 3 3 2 0 22 9 3 7
13 6 1 16 20 14 2 21 20 22 14 16 3 16 20 13 21 19 22 12 11 12 4 7 20 10 16 12 17 1 9 16 14 5 15 14 19 6 16 12 18 0 11 4 14 12
2 0 4 2 21 11 5 22 4 14 18 22 17 9 22 19 14 2 6 7 5 2 11 9 2 6 4 14 11 6 22 3 14 18 4 20 8 7 18 1 11 14 17 9 12 22
19 1 17 2 8 3 3 17 5 21 22 10 3 21 11 16 22 22 9 16 17 1 17 11 0 14 21 1 22 15 20 20 8 14 17 14 7 3 12 21 5 14 14 11 20 2
