474 4
1 70
2 403
3 234
4 864
5 777
6 796
7 896
8 535
9 338
10 685
11 158
12 160
13 86
14 708
15 754
16 215
17 786
18 199
19 637
20 454
21 116
22 620
23 529
24 119
25 894
26 137
27 327
28 440
29 582
30 189
31 455
32 829
33 977
34 983
35 424
36 364
37 538
38 230
39 91
40 741
41 317
42 113
43 547
44 377
45 825
46 976
47 528
48 757
49 925
50 794
51 805
52 415
53 162
54 440
55 918
56 688
57 490
58 370
59 406
60 970
61 15
62 105
63 104
64 907
65 334
66 916
67 996
68 171
69 718
70 167
71 572
72 106
73 468
74 617
75 543
76 510
77 161
78 956
79 582
80 676
81 590
82 915
83 318
84 581
85 942
86 375
87 469
88 651
89 798
90 618
91 288
92 299
93 176
94 968
95 500
96 53
97 622
98 794
99 60
100 994
101 373
102 325
103 139
104 494
105 159
106 747
107 146
108 662
109 206
110 345
111 324
112 940
113 766
114 336
115 576
116 640
117 978
118 519
119 390
120 41
121 842
122 465
123 270
124 892
125 723
126 235
127 845
128 556
129 328
130 577
131 73
132 572
133 488
134 410
135 408
136 641
137 303
138 961
139 484
140 730
141 929
142 517
143 745
144 692
145 212
146 363
147 482
148 609
149 254
150 650
151 777
152 66
153 727
154 399
155 149
156 541
157 776
158 971
159 225
160 648
161 252
162 754
163 387
164 894
165 46
166 36
167 650
168 225
169 891
170 474
171 260
172 866
173 65
174 65
175 262
176 485
177 536
178 971
179 445
180 992
181 912
182 759
183 309
184 109
185 28
186 973
187 232
188 61
189 846
190 62
191 314
192 432
193 274
194 179
195 162
196 979
197 351
198 341
199 259
200 33
201 691
202 405
203 379
204 781
205 974
206 566
207 108
208 974
209 123
210 663
211 73
212 84
213 794
214 821
215 555
216 122
217 473
218 569
219 326
220 989
221 677
222 6
223 205
224 420
225 51
226 541
227 757
228 401
229 475
230 836
231 441
232 255
233 784
234 404
235 249
236 675
237 713
238 42
239 400
240 992
241 900
242 777
243 14
244 670
245 363
246 494
247 436
248 539
249 799
250 636
251 670
252 725
253 637
254 585
255 45
256 998
257 550
258 361
259 574
260 456
261 651
262 89
263 597
264 259
265 97
266 254
267 782
268 774
269 497
270 735
271 149
272 546
273 643
274 784
275 116
276 861
277 852
278 649
279 757
280 894
281 285
282 991
283 313
284 852
285 326
286 265
287 401
288 491
289 51
290 989
291 211
292 769
293 502
294 580
295 711
296 286
297 798
298 35
299 857
300 91
301 542
302 564
303 410
304 981
305 136
306 684
307 267
308 258
309 116
310 910
311 681
312 899
313 523
314 280
315 503
316 514
317 737
318 188
319 424
320 102
321 147
322 147
323 5
324 916
325 117
326 237
327 350
328 984
329 135
330 963
331 628
332 669
333 385
334 968
335 198
336 353
337 244
338 845
339 786
340 484
341 171
342 45
343 719
344 371
345 186
346 217
347 760
348 648
349 558
350 20
351 387
352 900
353 205
354 81
355 99
356 568
357 511
358 740
359 740
360 640
361 437
362 14
363 213
364 802
365 329
366 533
367 346
368 53
369 374
370 467
371 266
372 188
373 265
374 574
375 806
376 837
377 721
378 880
379 340
380 678
381 635
382 104
383 451
384 672
385 673
386 409
387 535
388 654
389 860
390 449
391 223
392 951
393 39
394 836
395 469
396 810
397 70
398 594
399 38
400 186
401 15
402 583
403 339
404 810
405 807
406 233
407 695
408 394
409 888
410 415
411 466
412 587
413 282
414 1000
415 125
416 304
417 544
418 114
419 927
420 589
421 804
422 172
423 728
424 252
425 358
426 838
427 524
428 806
429 1000
430 703
431 346
432 959
433 662
434 823
435 533
436 813
437 132
438 438
439 490
440 386
441 760
442 797
443 867
444 848
445 202
446 948
447 276
448 324
449 889
450 707
451 93
452 582
453 144
454 237
455 839
456 288
457 888
458 330
459 242
460 158
461 672
462 92
463 229
464 989
465 427
466 116
467 951
468 150
469 969
470 358
471 487
472 956
473 720
474 602
