399 35
1 411
2 3
3 375
4 85
5 727
6 587
7 577
8 100
9 740
10 671
11 252
12 810
13 954
14 148
15 533
16 419
17 216
18 187
19 224
20 841
21 223
22 124
23 341
24 911
25 317
26 412
27 864
28 335
29 96
30 564
31 721
32 114
33 401
34 677
35 678
36 609
37 292
38 217
39 398
40 505
41 325
42 747
43 111
44 92
45 981
46 121
47 537
48 934
49 789
50 504
51 741
52 381
53 930
54 378
55 537
56 213
57 994
58 340
59 405
60 923
61 686
62 91
63 955
64 280
65 480
66 184
67 586
68 488
69 607
70 936
71 955
72 139
73 296
74 465
75 496
76 356
77 847
78 762
79 130
80 449
81 407
82 35
83 426
84 370
85 974
86 741
87 738
88 725
89 52
90 939
91 948
92 312
93 678
94 305
95 579
96 585
97 46
98 748
99 762
100 763
101 813
102 650
103 34
104 378
105 556
106 611
107 319
108 825
109 839
110 96
111 357
112 618
113 363
114 779
115 631
116 174
117 282
118 160
119 608
120 37
121 140
122 226
123 477
124 208
125 296
126 888
127 139
128 516
129 60
130 449
131 781
132 826
133 393
134 270
135 481
136 798
137 266
138 592
139 708
140 77
141 654
142 762
143 563
144 762
145 748
146 968
147 923
148 210
149 423
150 816
151 947
152 478
153 930
154 839
155 497
156 825
157 709
158 368
159 545
160 835
161 737
162 600
163 205
164 957
165 233
166 557
167 514
168 478
169 145
170 49
171 471
172 806
173 627
174 409
175 692
176 545
177 672
178 227
179 624
180 317
181 372
182 511
183 387
184 880
185 885
186 349
187 422
188 572
189 189
190 815
191 775
192 732
193 550
194 672
195 809
196 252
197 629
198 46
199 180
200 3
201 866
202 12
203 169
204 828
205 735
206 763
207 752
208 294
209 967
210 107
211 197
212 689
213 746
214 52
215 625
216 810
217 958
218 785
219 885
220 441
221 415
222 847
223 172
224 976
225 530
226 66
227 817
228 230
229 54
230 121
231 823
232 693
233 429
234 979
235 40
236 81
237 130
238 99
239 888
240 611
241 331
242 856
243 394
244 636
245 800
246 327
247 187
248 342
249 660
250 341
251 38
252 543
253 244
254 391
255 608
256 767
257 198
258 109
259 669
260 996
261 84
262 175
263 922
264 604
265 857
266 606
267 541
268 620
269 603
270 998
271 538
272 62
273 409
274 650
275 343
276 56
277 735
278 769
279 738
280 282
281 760
282 136
283 410
284 879
285 171
286 920
287 859
288 577
289 633
290 57
291 22
292 311
293 934
294 911
295 791
296 528
297 662
298 476
299 113
300 852
301 818
302 822
303 975
304 24
305 411
306 826
307 461
308 35
309 87
310 889
311 703
312 175
313 49
314 218
315 279
316 34
317 797
318 753
319 229
320 77
321 636
322 630
323 746
324 980
325 533
326 113
327 269
328 528
329 918
330 101
331 874
332 74
333 385
334 546
335 840
336 537
337 33
338 183
339 306
340 173
341 335
342 975
343 640
344 301
345 112
346 564
347 911
348 478
349 434
350 682
351 158
352 748
353 335
354 173
355 394
356 6
357 912
358 109
359 101
360 869
361 182
362 921
363 698
364 166
365 781
366 386
367 836
368 913
369 531
370 681
371 727
372 32
373 831
374 860
375 711
376 443
377 21
378 613
379 248
380 804
381 497
382 883
383 614
384 503
385 345
386 725
387 270
388 204
389 976
390 4
391 325
392 87
393 345
394 840
395 599
396 664
397 361
398 638
399 730
