415 41
1 195
2 16
3 411
4 719
5 289
6 951
7 599
8 128
9 1
10 892
11 875
12 238
13 843
14 534
15 550
16 241
17 601
18 739
19 766
20 941
21 993
22 429
23 820
24 669
25 788
26 487
27 293
28 956
29 101
30 944
31 840
32 637
33 748
34 55
35 189
36 479
37 419
38 584
39 251
40 865
41 56
42 445
43 29
44 796
45 629
46 193
47 837
48 712
49 77
50 705
51 354
52 335
53 943
54 660
55 278
56 42
57 911
58 444
59 179
60 184
61 764
62 789
63 439
64 486
65 532
66 918
67 381
68 636
69 815
70 126
71 454
72 36
73 314
74 505
75 256
76 984
77 226
78 19
79 910
80 36
81 196
82 284
83 704
84 874
85 786
86 244
87 740
88 285
89 873
90 400
91 445
92 56
93 753
94 654
95 747
96 439
97 612
98 534
99 395
100 622
101 835
102 994
103 689
104 929
105 941
106 832
107 539
108 884
109 657
110 972
111 79
112 20
113 351
114 723
115 496
116 941
117 634
118 342
119 149
120 62
121 480
122 515
123 195
124 682
125 925
126 627
127 460
128 64
129 940
130 239
131 183
132 469
133 808
134 860
135 826
136 744
137 922
138 57
139 870
140 174
141 380
142 502
143 194
144 760
145 822
146 679
147 258
148 986
149 566
150 369
151 377
152 181
153 197
154 429
155 77
156 7
157 176
158 51
159 203
160 681
161 588
162 472
163 546
164 41
165 798
166 187
167 971
168 433
169 665
170 452
171 321
172 296
173 425
174 614
175 422
176 264
177 472
178 680
179 759
180 56
181 399
182 70
183 457
184 666
185 608
186 581
187 588
188 39
189 833
190 62
191 62
192 754
193 748
194 618
195 291
196 570
197 140
198 696
199 388
200 628
201 394
202 234
203 509
204 593
205 489
206 807
207 468
208 988
209 55
210 429
211 615
212 263
213 221
214 908
215 884
216 61
217 345
218 891
219 231
220 387
221 730
222 517
223 752
224 267
225 499
226 932
227 307
228 585
229 140
230 130
231 268
232 946
233 757
234 723
235 130
236 705
237 772
238 367
239 123
240 908
241 441
242 270
243 984
244 550
245 320
246 909
247 315
248 287
249 767
250 616
251 590
252 793
253 737
254 136
255 214
256 884
257 970
258 615
259 792
260 444
261 372
262 26
263 731
264 449
265 217
266 647
267 654
268 640
269 282
270 606
271 411
272 144
273 855
274 188
275 572
276 999
277 256
278 582
279 100
280 782
281 747
282 724
283 794
284 994
285 927
286 590
287 786
288 485
289 249
290 971
291 724
292 645
293 613
294 407
295 825
296 419
297 127
298 908
299 867
300 238
301 922
302 93
303 284
304 336
305 409
306 343
307 930
308 217
309 324
310 769
311 985
312 668
313 350
314 286
315 50
316 399
317 108
318 112
319 499
320 934
321 704
322 943
323 391
324 210
325 911
326 858
327 63
328 350
329 727
330 285
331 864
332 635
333 174
334 956
335 623
336 36
337 799
338 999
339 83
340 180
341 326
342 262
343 410
344 815
345 221
346 783
347 342
348 943
349 592
350 189
351 81
352 240
353 127
354 651
355 159
356 533
357 49
358 450
359 812
360 188
361 73
362 192
363 285
364 103
365 948
366 810
367 699
368 549
369 376
370 595
371 205
372 929
373 492
374 948
375 277
376 777
377 363
378 334
379 967
380 161
381 962
382 566
383 421
384 465
385 661
386 857
387 174
388 69
389 549
390 817
391 440
392 91
393 877
394 222
395 83
396 210
397 429
398 64
399 248
400 857
401 78
402 979
403 946
404 870
405 398
406 436
407 884
408 552
409 431
410 236
411 764
412 727
413 4
414 315
415 566
