435 95
1 308
2 555
3 763
4 511
5 196
6 155
7 365
8 8
9 113
10 156
11 636
12 212
13 924
14 259
15 618
16 720
17 585
18 815
19 723
20 523
21 546
22 749
23 133
24 485
25 567
26 37
27 715
28 195
29 339
30 692
31 122
32 880
33 824
34 108
35 523
36 30
37 125
38 210
39 43
40 157
41 887
42 590
43 23
44 811
45 438
46 864
47 580
48 61
49 282
50 913
51 581
52 772
53 838
54 920
55 414
56 668
57 27
58 598
59 921
60 113
61 103
62 228
63 327
64 627
65 56
66 507
67 842
68 891
69 372
70 140
71 160
72 726
73 211
74 721
75 274
76 570
77 127
78 587
79 878
80 327
81 250
82 750
83 498
84 32
85 993
86 954
87 650
88 585
89 104
90 140
91 315
92 315
93 150
94 348
95 409
96 311
97 538
98 800
99 694
100 823
101 14
102 361
103 660
104 451
105 835
106 803
107 741
108 322
109 918
110 763
111 161
112 839
113 489
114 517
115 856
116 430
117 749
118 68
119 152
120 799
121 934
122 677
123 41
124 419
125 447
126 573
127 999
128 228
129 736
130 18
131 480
132 658
133 445
134 120
135 687
136 555
137 49
138 614
139 896
140 770
141 819
142 96
143 44
144 404
145 696
146 318
147 1000
148 39
149 385
150 308
151 665
152 732
153 118
154 675
155 435
156 518
157 42
158 24
159 466
160 3
161 809
162 643
163 416
164 171
165 368
166 803
167 120
168 287
169 229
170 305
171 634
172 563
173 382
174 354
175 881
176 159
177 494
178 777
179 321
180 34
181 493
182 556
183 741
184 224
185 415
186 45
187 880
188 47
189 992
190 883
191 146
192 980
193 846
194 138
195 837
196 707
197 800
198 321
199 345
200 686
201 749
202 779
203 133
204 989
205 472
206 137
207 758
208 727
209 667
210 430
211 101
212 536
213 746
214 290
215 364
216 748
217 977
218 450
219 417
220 843
221 968
222 936
223 647
224 830
225 94
226 647
227 969
228 857
229 764
230 955
231 248
232 49
233 611
234 694
235 759
236 439
237 496
238 181
239 805
240 525
241 927
242 29
243 738
244 769
245 591
246 360
247 22
248 192
249 188
250 468
251 438
252 925
253 882
254 798
255 80
256 178
257 497
258 530
259 386
260 782
261 132
262 47
263 686
264 231
265 510
266 849
267 697
268 18
269 943
270 982
271 579
272 457
273 451
274 310
275 753
276 364
277 788
278 604
279 474
280 307
281 593
282 658
283 223
284 947
285 727
286 148
287 991
288 743
289 927
290 132
291 553
292 353
293 320
294 542
295 787
296 41
297 607
298 28
299 786
300 933
301 540
302 173
303 915
304 218
305 574
306 457
307 786
308 898
309 177
310 304
311 217
312 334
313 664
314 28
315 868
316 437
317 574
318 804
319 730
320 734
321 185
322 11
323 518
324 779
325 57
326 984
327 646
328 151
329 685
330 999
331 452
332 569
333 167
334 216
335 148
336 65
337 793
338 102
339 61
340 282
341 607
342 267
343 179
344 1000
345 31
346 338
347 892
348 332
349 503
350 877
351 850
352 383
353 230
354 872
355 217
356 211
357 614
358 214
359 865
360 416
361 528
362 978
363 5
364 413
365 408
366 640
367 581
368 973
369 298
370 629
371 226
372 605
373 6
374 901
375 632
376 130
377 560
378 28
379 168
380 512
381 443
382 79
383 175
384 945
385 254
386 707
387 705
388 442
389 575
390 438
391 778
392 789
393 8
394 93
395 879
396 666
397 232
398 574
399 256
400 711
401 979
402 103
403 744
404 362
405 612
406 446
407 744
408 500
409 738
410 218
411 921
412 424
413 96
414 954
415 496
416 468
417 306
418 189
419 159
420 136
421 301
422 465
423 226
424 709
425 766
426 528
427 856
428 864
429 614
430 744
431 251
432 606
433 884
434 266
435 968
