444 72
1 133
2 209
3 939
4 291
5 533
6 373
7 363
8 331
9 670
10 288
11 517
12 83
13 965
14 737
15 768
16 228
17 78
18 853
19 201
20 198
21 55
22 24
23 174
24 894
25 957
26 696
27 926
28 814
29 342
30 567
31 148
32 733
33 247
34 135
35 691
36 537
37 862
38 523
39 555
40 419
41 187
42 163
43 788
44 586
45 227
46 200
47 67
48 235
49 501
50 633
51 195
52 991
53 553
54 550
55 598
56 365
57 316
58 907
59 292
60 577
61 889
62 447
63 771
64 197
65 933
66 533
67 304
68 519
69 650
70 146
71 13
72 571
73 775
74 945
75 284
76 747
77 693
78 988
79 746
80 972
81 277
82 99
83 511
84 227
85 480
86 809
87 605
88 968
89 335
90 509
91 366
92 561
93 581
94 311
95 124
96 362
97 617
98 164
99 227
100 924
101 720
102 660
103 914
104 828
105 666
106 289
107 458
108 157
109 548
110 274
111 701
112 480
113 942
114 530
115 36
116 291
117 806
118 931
119 770
120 935
121 45
122 990
123 732
124 671
125 824
126 431
127 653
128 310
129 250
130 524
131 628
132 136
133 648
134 135
135 233
136 76
137 997
138 125
139 793
140 568
141 654
142 125
143 470
144 110
145 401
146 405
147 754
148 798
149 410
150 393
151 77
152 507
153 78
154 414
155 997
156 274
157 476
158 895
159 214
160 664
161 920
162 613
163 467
164 468
165 922
166 996
167 195
168 445
169 894
170 347
171 791
172 197
173 861
174 956
175 226
176 990
177 388
178 709
179 602
180 524
181 156
182 798
183 383
184 3
185 434
186 277
187 794
188 666
189 839
190 678
191 72
192 593
193 11
194 398
195 726
196 159
197 246
198 18
199 823
200 447
201 159
202 820
203 444
204 187
205 232
206 70
207 788
208 97
209 473
210 162
211 844
212 173
213 124
214 865
215 720
216 592
217 409
218 346
219 778
220 72
221 203
222 645
223 362
224 344
225 275
226 121
227 416
228 609
229 308
230 867
231 854
232 600
233 654
234 680
235 73
236 306
237 743
238 588
239 145
240 950
241 54
242 524
243 999
244 610
245 842
246 201
247 759
248 913
249 899
250 126
251 630
252 875
253 71
254 245
255 630
256 941
257 760
258 988
259 799
260 450
261 12
262 557
263 664
264 738
265 541
266 566
267 718
268 91
269 889
270 287
271 396
272 845
273 133
274 986
275 844
276 930
277 54
278 1000
279 45
280 454
281 632
282 857
283 54
284 923
285 627
286 811
287 593
288 488
289 650
290 480
291 467
292 707
293 174
294 993
295 268
296 236
297 347
298 856
299 746
300 165
301 848
302 828
303 347
304 159
305 773
306 14
307 714
308 854
309 720
310 340
311 833
312 783
313 937
314 283
315 777
316 457
317 39
318 34
319 846
320 634
321 425
322 45
323 198
324 563
325 898
326 431
327 322
328 551
329 431
330 124
331 246
332 152
333 779
334 462
335 910
336 579
337 405
338 38
339 434
340 332
341 248
342 653
343 948
344 477
345 204
346 884
347 551
348 411
349 459
350 721
351 618
352 570
353 166
354 866
355 629
356 435
357 896
358 479
359 660
360 914
361 755
362 987
363 633
364 68
365 522
366 787
367 638
368 801
369 759
370 531
371 620
372 943
373 263
374 261
375 926
376 423
377 658
378 107
379 153
380 420
381 183
382 335
383 552
384 568
385 551
386 633
387 355
388 361
389 704
390 633
391 215
392 637
393 574
394 29
395 276
396 626
397 133
398 829
399 259
400 905
401 930
402 165
403 143
404 724
405 603
406 835
407 406
408 357
409 660
410 209
411 615
412 273
413 27
414 157
415 462
416 677
417 558
418 304
419 293
420 615
421 235
422 508
423 102
424 345
425 48
426 106
427 407
428 465
429 652
430 426
431 140
432 444
433 78
434 347
435 667
436 645
437 325
438 398
439 740
440 256
441 328
442 342
443 528
444 460
