454 50
1 189
2 863
3 882
4 303
5 870
6 360
7 130
8 655
9 226
10 420
11 397
12 186
13 5
14 983
15 686
16 967
17 570
18 891
19 680
20 873
21 331
22 300
23 215
24 302
25 346
26 587
27 137
28 201
29 345
30 441
31 173
32 355
33 901
34 162
35 858
36 813
37 832
38 836
39 67
40 449
41 486
42 968
43 785
44 594
45 16
46 536
47 554
48 409
49 720
50 354
51 577
52 977
53 500
54 180
55 782
56 62
57 374
58 984
59 664
60 41
61 443
62 666
63 215
64 767
65 579
66 328
67 535
68 147
69 161
70 153
71 866
72 416
73 339
74 169
75 293
76 156
77 28
78 388
79 614
80 618
81 536
82 216
83 524
84 422
85 968
86 664
87 559
88 118
89 567
90 879
91 418
92 807
93 779
94 42
95 71
96 182
97 696
98 297
99 761
100 793
101 194
102 959
103 399
104 972
105 497
106 775
107 944
108 992
109 178
110 554
111 242
112 889
113 628
114 542
115 216
116 919
117 864
118 793
119 387
120 304
121 388
122 71
123 655
124 155
125 969
126 288
127 306
128 392
129 532
130 798
131 777
132 615
133 850
134 149
135 547
136 598
137 176
138 403
139 690
140 366
141 258
142 922
143 895
144 48
145 338
146 724
147 741
148 324
149 435
150 479
151 721
152 283
153 38
154 153
155 792
156 30
157 909
158 997
159 962
160 325
161 31
162 814
163 517
164 533
165 707
166 420
167 501
168 372
169 560
170 389
171 947
172 599
173 108
174 326
175 572
176 822
177 515
178 874
179 883
180 13
181 587
182 41
183 25
184 551
185 221
186 509
187 940
188 54
189 919
190 473
191 230
192 206
193 176
194 659
195 616
196 843
197 691
198 947
199 302
200 975
201 336
202 92
203 756
204 385
205 223
206 235
207 817
208 235
209 511
210 662
211 587
212 810
213 270
214 440
215 76
216 435
217 609
218 10
219 371
220 300
221 438
222 355
223 310
224 625
225 688
226 594
227 863
228 129
229 619
230 779
231 228
232 152
233 697
234 665
235 620
236 173
237 989
238 996
239 486
240 143
241 413
242 19
243 260
244 219
245 861
246 43
247 729
248 865
249 378
250 552
251 54
252 825
253 260
254 691
255 179
256 472
257 23
258 446
259 980
260 119
261 891
262 68
263 641
264 245
265 803
266 52
267 739
268 396
269 604
270 359
271 980
272 2
273 47
274 663
275 935
276 497
277 320
278 627
279 616
280 600
281 439
282 824
283 884
284 899
285 527
286 707
287 196
288 1
289 605
290 60
291 382
292 61
293 795
294 445
295 749
296 664
297 318
298 916
299 706
300 396
301 157
302 252
303 546
304 100
305 971
306 571
307 642
308 578
309 263
310 607
311 449
312 232
313 209
314 538
315 685
316 476
317 272
318 496
319 193
320 534
321 666
322 79
323 877
324 347
325 971
326 110
327 998
328 183
329 410
330 481
331 40
332 735
333 392
334 708
335 673
336 325
337 18
338 974
339 39
340 383
341 889
342 272
343 949
344 186
345 609
346 661
347 210
348 490
349 646
350 333
351 619
352 526
353 334
354 93
355 274
356 890
357 946
358 977
359 686
360 412
361 982
362 996
363 493
364 723
365 868
366 703
367 464
368 397
369 220
370 432
371 246
372 281
373 520
374 853
375 219
376 484
377 756
378 954
379 138
380 95
381 155
382 591
383 697
384 192
385 80
386 558
387 4
388 48
389 602
390 827
391 885
392 486
393 140
394 965
395 674
396 354
397 35
398 84
399 31
400 332
401 881
402 459
403 542
404 86
405 594
406 455
407 836
408 447
409 813
410 433
411 309
412 122
413 189
414 593
415 195
416 886
417 809
418 651
419 427
420 863
421 937
422 319
423 977
424 981
425 562
426 683
427 190
428 835
429 691
430 340
431 798
432 283
433 273
434 429
435 367
436 367
437 672
438 590
439 990
440 299
441 139
442 673
443 564
444 922
445 725
446 297
447 193
448 791
449 161
450 572
451 600
452 357
453 72
454 51
