461 79
1 150
2 454
3 743
4 157
5 327
6 505
7 385
8 359
9 930
10 508
11 907
12 511
13 621
14 891
15 786
16 50
17 463
18 404
19 511
20 67
21 593
22 329
23 653
24 652
25 196
26 770
27 123
28 435
29 578
30 946
31 267
32 257
33 593
34 513
35 201
36 408
37 990
38 890
39 408
40 547
41 686
42 861
43 706
44 522
45 875
46 272
47 135
48 781
49 788
50 834
51 808
52 945
53 798
54 600
55 572
56 425
57 2
58 779
59 834
60 607
61 967
62 146
63 256
64 403
65 754
66 268
67 99
68 667
69 858
70 568
71 280
72 236
73 793
74 985
75 43
76 607
77 72
78 244
79 758
80 560
81 66
82 116
83 788
84 731
85 293
86 80
87 607
88 296
89 388
90 203
91 631
92 305
93 424
94 428
95 59
96 216
97 183
98 719
99 861
100 15
101 741
102 4
103 569
104 146
105 51
106 278
107 678
108 216
109 598
110 151
111 192
112 650
113 930
114 474
115 669
116 826
117 158
118 113
119 311
120 960
121 385
122 280
123 449
124 145
125 221
126 937
127 974
128 626
129 131
130 546
131 30
132 11
133 63
134 492
135 578
136 23
137 885
138 589
139 954
140 898
141 148
142 865
143 101
144 108
145 707
146 348
147 321
148 342
149 553
150 947
151 740
152 210
153 113
154 235
155 578
156 456
157 942
158 578
159 639
160 278
161 771
162 717
163 807
164 320
165 486
166 625
167 884
168 400
169 414
170 751
171 873
172 688
173 427
174 162
175 725
176 709
177 189
178 162
179 737
180 262
181 183
182 358
183 453
184 558
185 157
186 509
187 960
188 134
189 484
190 925
191 591
192 615
193 209
194 576
195 208
196 477
197 756
198 668
199 31
200 72
201 454
202 274
203 785
204 184
205 218
206 346
207 735
208 558
209 560
210 252
211 261
212 979
213 599
214 490
215 980
216 75
217 564
218 684
219 356
220 786
221 518
222 316
223 942
224 634
225 476
226 987
227 905
228 963
229 161
230 875
231 299
232 853
233 982
234 424
235 163
236 930
237 385
238 89
239 612
240 247
241 165
242 938
243 589
244 292
245 362
246 783
247 887
248 90
249 6
250 402
251 182
252 125
253 796
254 989
255 468
256 58
257 532
258 495
259 922
260 898
261 67
262 408
263 472
264 583
265 901
266 375
267 831
268 111
269 568
270 895
271 37
272 927
273 579
274 293
275 840
276 874
277 343
278 813
279 407
280 954
281 388
282 213
283 438
284 38
285 383
286 714
287 520
288 165
289 266
290 626
291 402
292 41
293 852
294 490
295 69
296 127
297 811
298 289
299 500
300 783
301 952
302 100
303 423
304 239
305 538
306 763
307 184
308 805
309 958
310 452
311 348
312 44
313 237
314 119
315 547
316 822
317 350
318 394
319 116
320 723
321 493
322 589
323 842
324 793
325 508
326 409
327 116
328 373
329 241
330 308
331 236
332 713
333 568
334 872
335 693
336 846
337 171
338 854
339 211
340 572
341 239
342 708
343 718
344 759
345 545
346 102
347 983
348 876
349 617
350 228
351 542
352 61
353 957
354 345
355 626
356 961
357 801
358 820
359 371
360 232
361 878
362 258
363 221
364 5
365 688
366 979
367 502
368 205
369 605
370 444
371 98
372 71
373 691
374 350
375 492
376 756
377 1
378 596
379 872
380 545
381 648
382 18
383 359
384 763
385 867
386 764
387 258
388 994
389 509
390 445
391 331
392 641
393 106
394 178
395 528
396 173
397 969
398 254
399 777
400 27
401 592
402 167
403 141
404 71
405 665
406 48
407 455
408 19
409 916
410 16
411 695
412 277
413 220
414 395
415 326
416 436
417 54
418 472
419 594
420 516
421 559
422 603
423 227
424 559
425 6
426 324
427 813
428 903
429 538
430 127
431 647
432 585
433 581
434 637
435 755
436 516
437 825
438 539
439 824
440 483
441 602
442 458
443 820
444 231
445 884
446 591
447 477
448 713
449 814
450 540
451 610
452 22
453 352
454 446
455 565
456 971
457 281
458 168
459 852
460 523
461 908
