50
3 1647750945 951803582
5 7 10
1 899943500
5 3 8
5 9 9
2 2122426145 788579591
1 -470043750
5 1 7
3 1449034742 485679922
4 1732753650
2 1365258838 1154138495
5 4 9
4 207182604
5 1 6
2 183928567 1329620758
2 417614713 336372895
3 644361817 984717339
2 1901898155 541754678
3 731902036 600780714
2 358533099 1229351867
4 1807218320
4 1657946145
3 482085762 2110418965
2 134177324 2108410740
3 667262819 1173306927
2 807223574 481849376
2 1508359886 883247187
5 5 5
4 1001935945
1 1578160091
2 190689346 8394561
3 218747196 1518178247
2 1586702950 1854211149
5 10 2
3 1897431868 741486182
5 10 8
4 1094701847
1 526482920
5 4 1
4 853994462
4 1094028553
4 103217687
4 163049922
2 885909588 2141655560
1 -1317899755
3 1894372532 93294827
4 1399253594
1 1592149772
4 662879190
1 307440143
