125
2 1192801721 544267276
1 -229645751
1 1423435492
1 -2140143297
5 9 1
2 347756134 110902153
1 332125495
3 1272708066 652445847
1 -1397443905
2 1749238285 1303307601
3 449346682 384745657
4 66963757
2 595817486 345544346
5 2 1
3 279293985 1873881869
3 456982471 1886274411
2 39493297 426841173
1 -123650586
3 1146470269 932066593
4 527881026
5 7 10
2 437600422 1759601216
3 890293126 750222305
1 117067362
2 76800658 635310167
5 10 7
1 570064820
5 1 8
1 158066722
1 -668648779
5 3 2
3 1953577438 867482012
1 427169406
2 922435685 1179774047
1 -832448744
2 1636550992 12241924
2 1717577676 1207725798
5 10 3
4 1991710159
2 391369597 14364267
5 2 2
2 1567724891 2013882516
5 10 2
5 2 10
3 377277211 1319049589
3 1325275625 894544210
5 7 7
1 -1528547313
2 404279987 63214118
4 2032427377
3 1872640948 6583692
1 -1029384254
5 2 10
4 496713606
4 1326242259
5 7 4
5 2 3
3 208450324 1064412992
1 -1859192926
5 6 4
2 1021207655 1459612048
4 1868429345
2 689926558 1756093313
1 -687949146
5 1 10
2 1033612600 252549216
5 6 6
4 979262282
3 1816516775 1084671381
2 581050011 1078246575
2 1329413772 84538765
5 10 2
4 801895552
4 1803454377
2 1123296105 1822605954
5 7 8
3 1666764380 47320449
4 881571035
3 1945640769 659010517
2 1489791287 820592786
2 812361793 1273042974
1 366299995
2 274185549 1020329184
3 1933102826 1809181282
2 569386377 1732198567
4 1622431939
5 5 6
2 1085656932 1513143527
5 9 4
4 428852703
4 1350959740
2 1924817557 423597155
3 1289391275 948358094
2 1163665263 596744555
4 1607600476
3 234456884 329078678
5 1 5
2 301944721 870614693
5 7 8
4 521900262
2 335328840 1349511043
2 199625555 1609290611
1 -1022186545
2 1692826594 430893815
4 458068092
1 829393780
3 38208060 325755605
3 533232984 1589806514
5 4 1
1 -1255177563
5 10 9
5 10 9
4 71657086
1 2119797486
5 6 4
3 1934104880 902543299
1 1025394193
5 6 3
4 1294915726
1 -987608678
2 1457311472 708785592
2 911885379 887503932
4 482370547
4 2129098299
4 492298137
