250
1 1523587282
4 1833947039
4 90324072
1 1773513236
3 1474084479 1498853874
5 2 3
4 1410872654
5 6 1
3 1509981194 1591832046
2 777423010 799629095
5 7 8
1 -1040367949
5 7 8
4 450666203
4 795603589
4 574434949
2 800187192 238867898
2 1756210141 1315692972
2 1008568060 1454248749
5 4 3
1 399255488
4 1375522000
4 711407486
5 9 4
5 10 5
1 -1912439891
5 9 4
2 1510399369 891449002
5 10 3
1 -1912278597
3 1362137470 487345145
3 288999918 699452636
4 397898396
5 8 8
3 1740085405 1858733593
4 1771837127
5 3 10
3 365440033 511847286
1 -715334663
1 162188849
4 1174396866
1 -1793840435
4 240665073
1 1101608508
5 6 2
2 1246249320 217372013
3 725321775 179579522
5 8 5
2 1003794591 509516178
1 -1117204258
3 1902712028 161085832
4 933767474
3 528030340 852647224
2 1107055104 1896820475
2 2060139604 203846740
1 1411612872
5 8 5
5 4 8
4 400662204
4 90182401
3 555592010 1010143769
2 1036335171 2074070718
1 -1026768055
4 844203445
5 5 8
3 1274920936 375153735
5 7 8
2 758233632 799124085
4 1976423520
4 1091908190
5 7 1
3 1919147769 1599811975
3 1024570123 270022211
4 228256248
1 -1726073105
5 6 10
5 5 4
3 1806006944 898191156
3 2057169827 1250178543
5 8 6
4 1394403759
4 1426801399
3 675768371 1725217680
5 9 4
4 289043361
3 314787074 1894653029
5 7 1
5 2 7
1 993734163
4 2067358673
2 1391564987 1464905679
2 1813265254 235605321
2 140112378 328969460
4 1895215445
2 138194657 633749604
5 2 6
5 7 1
3 1317729810 394346312
1 -1183963065
3 2034269847 1929879088
1 -1812908527
4 781485661
4 372267306
2 1857076442 2057542407
4 2109755336
2 1509668373 1000915120
5 3 10
2 569463424 1372552852
1 825996089
2 504080779 673673518
5 2 7
5 6 5
3 793596339 731713586
1 -695016812
4 1285900168
2 408249551 1500945609
5 6 9
2 285622033 578757018
5 7 1
1 -458971273
4 421725190
1 516995917
3 112927114 1323206818
1 -1278288965
4 945873427
5 9 6
2 1005938102 1404576478
2 768646830 328813069
5 3 1
2 1498247767 940272632
3 1669903361 1797303000
5 7 7
5 4 9
1 316620149
4 936075486
5 1 7
3 906246483 783369479
3 847825204 1353279316
3 2111895099 492493561
3 274897172 986714252
2 694161212 1548988012
3 847887003 1228463253
4 1850290768
1 379335626
3 1635507258 1914045526
1 -1334503026
2 210874804 825533259
4 886678348
3 646974401 809750538
1 1487118964
5 9 10
2 942840334 1146427706
4 1518909526
1 -288703016
5 7 2
3 973793668 2022305594
1 -542411685
5 1 1
3 1869473772 93798110
2 389025342 1501551129
2 502413389 1673980386
3 559826958 566492982
5 7 9
4 996718291
2 144273019 1846262053
5 8 3
1 1133657495
3 1827509447 1312723169
5 4 5
5 4 1
2 554202143 42680865
1 1014125147
2 382111912 1961148175
1 -1894519469
5 3 2
3 56879007 1530662560
5 1 4
2 870611816 220206421
1 -155770791
5 3 1
5 4 8
4 1192279187
4 1795040047
1 990885225
2 1727507473 540623417
1 1638017794
5 3 3
3 1581135793 902661920
3 458438002 237399359
2 886012653 1313755066
2 1686747862 971294491
1 -6954850
4 1523146406
4 1042026941
4 627656627
4 400327808
3 2118138761 1036496463
2 306667716 1004050381
3 1383803882 1696535213
3 1306623723 587393196
4 1952269880
3 857315836 583165689
2 2027384349 250786923
4 1976949351
4 120104581
3 2135615013 405186142
3 233054651 1882209797
4 1156307479
5 7 10
4 153885804
1 -862339649
1 -530093537
4 1248672038
4 562906288
2 545873651 65147508
3 134741497 825331448
3 773919598 1783292983
5 4 2
2 1270571534 1335659353
5 9 2
5 8 1
3 1501971054 352457768
5 9 8
2 1960367479 1451553087
3 2145003955 1792724517
2 1424254585 1929942094
5 9 9
1 2102993192
5 1 1
3 1500600449 2107248380
2 1272864444 565292309
3 1421444500 489829453
1 -1416678721
5 3 2
4 1283881283
4 233248155
5 8 8
2 1301737307 555035041
2 1258446003 285282094
1 708138255
1 -1155845413
5 4 4
3 1572402055 1134239282
4 853521843
3 23826507 734133935
2 1998750465 1948481162
4 2075576001
3 896675354 1089434510
2 658901768 829474610
1 -545280464
