165
37090
707754
329284
30803
527585
960077
194629
293020
158744
154056
374151
62543
738645
954468
833215
750303
2369
74753
296706
831851
632109
496594
809576
318954
465347
839692
842620
696847
808344
378432
840363
361786
86185
169646
392588
130122
646074
587216
939493
804817
257623
313644
383712
996268
268111
733278
746570
270479
808030
559628
102329
956490
56221
428256
275443
37919
784299
634415
734765
592643
12846
575128
954428
615382
261125
863367
261855
907199
450582
201348
228367
224556
514991
128430
737175
299453
378059
97
86283
702441
559724
188611
658930
132296
133218
934373
170215
917516
85139
421331
510158
97984
512810
980937
229717
290287
360655
491572
713837
811236
692919
458555
552144
207909
586985
289318
507361
481395
289414
593643
183835
365489
298605
842765
497785
431822
293489
184351
349337
378627
122033
375847
992962
634843
873135
222678
441481
233790
714249
155317
561377
407167
613871
629872
131427
717207
919190
155139
198602
724955
265133
382436
90444
563737
741552
104580
511910
35040
288930
377599
413666
410962
269797
406627
562156
659283
145657
3636
893072
859905
675304
970801
783424
289175
600672