137
841399
321631
579951
50540
440515
86808
949705
32413
988102
127886
363998
189264
830354
380978
73827
385731
546493
792710
94039
175284
386227
348178
435401
697601
431593
3327
670218
426423
359586
853973
483911
717336
175604
63862
284227
616118
667021
233932
648530
171475
878169
528880
877090
708522
909857
950916
610605
972701
259977
220995
147984
646204
569172
99736
860156
764
619414
46725
943538
495351
900698
427448
729039
76301
7661
13265
692418
191034
247196
857300
362508
125364
902531
239597
350238
328739
706865
477194
301439
483193
698188
965775
645748
267359
65510
505903
784474
684924
552628
728011
696626
453325
671810
425664
45977
679471
438929
738394
386856
202476
112045
749363
844192
14575
505311
710781
343313
728527
187974
644752
728072
886161
126878
890171
153519
708739
912426
454344
393662
465053
182354
90288
434729
370515
32303
997057
49985
471231
735450
953192
673707
363847
218906
34250
378421
240569
745030