706
967418
171906
363935
876465
747960
722907
250523
472651
732094
980443
754915
434787
38859
400422
149809
526321
447458
760521
451280
678950
56033
977527
806736
969200
559139
592494
426916
130472
715668
486819
857177
199438
175076
221111
592254
439387
460369
359128
428389
192462
855923
183303
143600
894781
583724
293409
421101
547534
53929
388733
742835
626313
882611
65923
595512
441749
658416
22428
572220
890436
25598
945748
606225
717025
683210
198478
672763
143578
557605
101152
852391
413527
284454
995991
824660
868178
805751
762112
932063
376031
667196
674897
2344
66158
740819
114207
507907
915587
136634
596478
322374
678583
58578
928598
911959
741787
643427
584722
401717
717383
685873
770459
647262
970326
282801
471921
354855
88551
750384
286917
980934
933932
478166
983277
89
735336
613835
24347
650922
750469
620825
973295
945403
195754
418244
857362
937540
61670
442083
855608
779053
644307
626067
426314
614632
908867
414586
969487
513770
681321
772755
494703
615252
767272
994331
615341
502608
608165
156039
153529
874985
293215
643176
336740
488968
577771
194101
942860
639441
152535
798467
934845
313193
940885
877510
927824
366104
292095
413662
879873
973415
702769
890927
105019
470040
401609
236711
972647
9773
392749
642528
401110
685964
802055
737849
174931
379825
448301
634142
535617
117187
432609
470461
430379
889845
347970
874554
772300
156416
288216
652172
646183
990984
59450
267553
977375
461058
504263
950022
987183
897011
108901
388292
99326
910955
642492
790609
807131
607144
424750
342748
724330
373710
329560
671060
263555
193882
545613
35854
866649
833828
204378
512831
341163
780179
296735
834890
241237
800997
784911
744771
214360
410163
649414
313685
837469
291905
620645
644599
899048
45395
503698
139729
419104
349610
810788
682658
543491
356400
234864
410139
706580
439241
439322
47742
219419
252408
882631
977007
53405
183893
721777
784116
110407
371190
614152
947875
179446
234797
108826
78493
280191
612523
734573
699294
962132
545360
898304
21974
901760
133167
948465
608339
88759
904138
172432
824529
156545
571415
317888
209949
271659
39664
510416
898418
927206
124568
846292
106651
359364
471469
701496
639554
83992
436068
855199
562475
497780
753502
100801
399539
403020
49265
524229
8130
953402
213012
832659
626298
300778
150546
836247
88789
706561
863014
987206
633766
987581
349849
256769
346944
821318
474616
502849
905309
427035
874400
984135
924814
144253
601287
840704
547273
650551
881284
555402
120304
610648
904412
746602
427777
54957
99200
516565
277870
478565
503770
911635
466146
853619
684755
329441
674936
675722
832290
96596
619109
223041
597082
543922
367293
198369
900978
430917
365271
298613
986319
1927
425612
407082
264880
853389
978391
880431
886305
256260
358995
390075
684246
825140
760045
369001
670933
951332
561074
19574
564279
180182
242614
677712
240456
609906
392432
657785
40823
274055
956397
543493
275981
898361
950574
57212
751749
445316
937642
638053
701575
812988
544479
385821
154480
820875
271173
825412
288558
832246
844985
369188
12428
603950
46900
769235
213855
955683
427019
771029
229737
383415
830873
505717
798127
297799
79280
549875
743114
533273
704280
444689
346261
248758
830509
17092
585985
618033
358855
390894
450278
720191
760082
979057
324140
323333
748291
54346
279015
175309
341727
508752
75076
172599
530820
873202
470397
610100
423077
729863
659724
643708
174551
5984
408817
521411
539427
994801
139443
898281
385695
106072
134823
662128
85129
458962
985460
833419
513308
264474
525080
371386
773225
600155
543984
304045
473356
530733
430496
412784
776947
90219
56491
467849
612555
981660
989259
668333
976460
645053
566614
878506
751124
217788
540633
352604
676750
42444
186023
706409
306918
227454
77794
80142
827608
138129
900538
300963
185213
847385
230099
962159
937604
802941
430007
66510
784600
935617
734842
277412
580669
817807
672269
848145
35595
729254
200748
228696
771697
903122
935104
78614
130575
529249
675108
958182
667377
575645
775497
368942
939382
521947
331100
393337
841239
761107
459846
625839
696723
711039
419602
793744
528846
91870
641888
80792
821123
358987
309487
592820
778461
760942
671433
909035
290190
862892
383569
473918
438537
675417
842859
894270
713715
690311
287606
554953
451417
747451
180791
664491
458489
116744
974586
503686
208614
132825
584477
29736
491812
410315
138907
270272
171256
326692
695658
977797
189583
595578
451715
144471
787346
810925
38740
501060
501235
326345
572365
469003
590147
269507
649846
48636
386251
624431
68673
594864
757256
169502
140951
249067
579816
279858
35690
751072
606549
247699
245220
312483
843277
696934
456954
146974
24211
495693
164386
525445
338390
736750
510800
928536
6256
160645
493523
392506
785075
562196
987369
542330
731697
644672
307748
311512
924529
859789
578935
47429
107488
824155
359911
467116
37440
333216
614089
578002
828909
778474
619799
683650
515223
130598