22 6
7104
4649
436
6829
7171
4402
2406
1862
4153
5065
5411
3916
8096
2127
1858
5134
8964
7572
585
8258
9698
2472
9561
76
1043
3808
4205
5451
6546
1484
227
3963
6247
4491
5615
386
474
6654
6637
9073
970
4319
8666
2807
1396
4075
2206
3709
3401
1384
1117
8424
702
754
9998
2599
4192
9621
1128
8837
9212
1024
82
8219
2087
2583
1023
7026
4290
4925
9088
6209
1078
4092
907
8639
3225
2806
6809
7004
6984
8491
4462
2488
3009
6785
2240
9445
1740
3955
740
3862
4668
5894
1797
8478
3702
9883
2627
3212
4001
1255
9063
6314
7359
2216
1297
9359
4102
479
9493
1083
9063
9030
100
4664
464
4446
1770
1300
3225
4679
9334
3664
8280
947
1758
7596
715
5708
8955
8141
4685
6901
3750
4309
7714
2125
7730
9471
1475
4649
911
5595
6770
3205
4548
7424
9374
9602
1953
85
5970
789
9172
4111
2344
258
3176
8599
8828
4976
3449
4793
51
5097
2693
9756
6119
2846
6839
1736
9723
374
5129
3120
6079
7882
1997
8734
9147
4565
8509
5771
5073
1348
8494
4858
552
9878
9913
860
5988
9907
4876
4415
1798
0
5024
2387
9859
713
9525
5470
148
1934
273
6414
742
8929
1966
8642
2711
3630
2278
2321
7243
2723
5331
9351
1822
4012
5419
9457
1754
1081
9682
7566
257
7748
526
1049
6767
3184
2658
2716
984
4525
5118
1812
589
3346
6122
9928
6098
305
6455
1756
1436
5170
8161
3762
9233
4378
1028
8574
699
1915
1342
2006
8220
6455
4100
286
7987
5023
9087
2075
2923
853
3557
4116
466
964
1455
6393
561
6256
2118
89
981
6251
2490
6351
2792
9145
430
9804
1764
3126
6543
347
2637
5159
3002
992
2440
3824
5919
401
5289
4547
1842
4474
6822
4446
8168
8395
4282
6185
5467
4150
8694
6360
4269
8104
9437
5693
7966
2146
7849
9325
8999
689
7393
406
6844
6995
658
8309
4534
1108
2630
3978
4106
6972
8361
9290
2431
1783
2373
2953
7819
6473
6227
1489
6481
3795
3030
5091
2031
9243
1751
9657
8397
3868
8824
9666
3119
4000
2656
4504
3988
7570
8128
8440
6836
7571
5387
3823
7450
6197
1341
1398
7316
8700
8548
461
3607
9225
4366
386
7206
2137
5759
1633
398
8326
1905
2381
4445
2354
55
1267
5897
2479
185
1969
8876
9638
5991
1973
9635
2298
2920
2811
8282
2646
1165
7699
575
8453
3931
6608
2127
6522
996
5599
7696
6946
6834
4452
5789
5341
5022
289
2322
9556
1371
5055
9718
1182
8806
499
6898
9012
239
462
1861
7533
7375
7692
2108
9325
6374
9702
1612
2724
9136
4727
6188
4690
7967
3756
5
5354
268
7153
6824
775
1182
7401
5679
384
5777
6229
1420
9045
8888
4070
9852
4457
9309
7762
3371
711
6038
7597
1773
1246
5160
2263
6041
2016
3829
1854
2303
4960
1818
3684
7231
9139
6042
5158
9255
1772
4923
4351
1354
6135
5853
9807
8108
1925
6879
3592
9325
2509
4192
202
4900
4465
1832
9813
6157
5937
5402
2291
244
5837
9007
1132
7344
1435
6538
6461
4237
1103
2048
2889
3589
9509
579
8586
1431
3081
6077
937
5375
2871
3508
8346
110
4930
7992
1813
4178
3428
5063
5059
2043
5362
6183
5282
9701
7184
8482
364
7833
2187
3497
9932
3751
7716
3911
9478
8681
1241
672
5617
1191
6506
4643
7601
9933
4301
5789
6
6480
6313
7652
2129
5500
26
9304
4753
8341
751
9082
3430
9600
64
1694
9167
1733
4796
9150
1829
6601
1600
3277
4578
2418
850
6886
2757
3721
4411
7918
2792
942
6381
4933
6398
6302
6491
2103
6528
6040
939
2475
8674
4217
6124
5137
4351
3400
8580
6526
3141
7056
3993
8753
2070
4495
9895
6458
6759
5953
7262
7623
7577
4181
1973
72
8267
2490
529
1631
418
9843
4163
2494
27
1486
1924
1810
365
8885
2392
7668
5659
7029
1189
801
708
7774
5889
4801
5588
1750
1204
1453
129
1551
9693
8692
1824
9991
3615
8246
3544
7235
4037
7132
8938
3559
3665
6835
2161
8762
8877
9428
843
8623
5072
9202
407
5170
7636
1989
3386
3061
289
6510
7347
2671
9928
3341
7610
1552
3570
7319
6912
2734
3493
4075
532
475
4954
4816
9229
3402
6169
7290
1076
6294
4932
3219
2211
38
9434
558
3507
2484
7679
8730
7899
369
8565
3500
8142
8872
1151
5832
3306
9596
3723
705
1921
1861
4039
1965
476
6384
666
4727
3484
2385
226
6488
1699
2768
6603
7205
4050
7737
3942
9068
1582
1740
803
2812
5154
2171
1756
8546
6635
7045
4180
3036
3899
7994
3809
2276
3823
5554
8083
1081
1643
8829
9531
424
2816
9720
5490
5555
6800
3361
7054
4555
5499
2615
7343
4612
4066
7856
2660
764
3642
8577
865
5069
9240
1506
4560
7521
8317
1963
6863
918
1110
8205
1585
6990
7868
3224
6229
1691
9991
77
2396
2
7874
4798
7139
1929
5043
1917
8547
6637
1137
6422
5281
9440
7171
7385
3995
3845
8600
6462
2004
200
1128
2684
2540
4221
934
5413
9977
331
6605
5434
4462
6298
4238
7123
5700
9190
1932
5471
4265
2560
1528
8784
5477
8478
6130
1263
4458
6877
3854
341
9528
7350
2917
2321
7658
5172
9986
6091
3386
1415
540
2094
3446
7637
5721
1633
9561
516
5035
4747
6548
6539
2820
8132
2235
4204
3773
5604
2933
1088
4389
6395
8184
4949
1385
2292
7900
4502
296
4862
9663
6283
443
7845
8654
8765
9046
4639
747
9721
2161
3864
2293
4356
321
5672
5657
2805
6971
3516
1048
4260
581
8920
8809
2513
656
124
3339
4650
2740
4537
271
8730
1409
8355
4033
2206
8243
5657
5078
4781
9275
9292
4749
2342
467
8586
4101
157
9044
464
3365
1955
8406
3711
4963
2013
2360
1232
1457
5837
1020
9429
465
6717
2219
1647
6468
9325
8466
4000
2157
3367
7087
7091
5629
138
6997
5552
4185
9070
9763
7032
3559
5811
3904
5305
4002
1287
6287
7855
4375
7125
7203
8115
993
2366
1929
868
1952
2032
2175
6659
9849
7313
2756
3974
2993
3462
9246
2284
6316
3747
3644
8923
5476
5246
8717
1443
9829
6165
1438
8408
4386
8119
7895
9620
1921
261
4984
4279
9419
21
7427
422
7041
5380
2660
1770
5072
5810
9383
9408
1926
6381
6123
6961
2072
5755
81
9665
3551
6636
1561
8135
2894
8975
8063
9995
514
9148
576
2498
4144
1822
7874
8049
880
1554
9624
4663
7503
3990
5175
2875
7940
5035
7382
1557
2006
3379
5302
713
3886
6856
4091
163
7006
3153
8272
4031
1651
7461
7111
1263
7109
3750
4472
1035
5068
2925
8452
1957
5037
8123
7220
6315
3364
229
1285
6539
284
7469
4517
4075
6752
671
5675
9974
173
4666
6389
2492
176
569
6681
4196
1168
5428
2072
9617
8801
7332
400
5312
8123
8872
6186
388
7174
4940
6447
2559
7613
7921
6228
6262
4622
8859
2176
8166
6020
3597
1411
406
7487
5239
8886
36
1054
7027
7296
5527
7825
1251
3176
7034
6322
212
8336
1729
2129
780
2397
917
3808
7944
6236
4232
3754
1887
5909
462
5576
7814
6873
1542
7709
690
8720
4352
1670
7555
7892
2005
6148
3616
3699
9023
6604
6668
8298
8473
312
6291
648
5271
3331
1290
8709
1973
5905
1623
1166
466
1747
8492
196
2872
4285
8607
1448
6124
8092
8277
1678
1027
3273
4759
3638
1058
577
8834
2470
4726
1000
7997
1926
1628
3577
554
5113
9449
6618
2395
5928
1374
7613
2883
582
1167
1687
3772
6024
3920
1740
9292
2068
538
785
7468
2812
2514
24
5088
3912
1627
2793
5532
3410
1119
1052
7818
811
8119
2460
9925
2917
7028
8126
3257
1121
9171
7112
1725
613
4195
6973
1249
5310
9988
2998
1463
5789
646
5838
9886
217
6290
5313
6515
4256
5525
2435
9530
2937
5421
8257
5160
8544
5332
8413
723
9443
2831
9840
6637
7070
8525
2789
5343
7719
327
5251
7860
6350
595
4610
2695
7344
9031
6440
9965
7307
6213
9047
7157
9752
5820
5390
446
5667
3133
5475
6936
7068
5133
9118
5136
1990
8071
64
8842
3973
4009
9435
2998
1962
9857
9283
7357
8551
2730
5080
4590
4620
6906
6848
1006
2348
4225
732
7823
1892
8577
6487
1330
7290
557
745
5251
8423
1882
5376
9562
1581
9460
171
4616
2074
8279
5731
7198
8228
5181
3927
6034
2998
9213
9206
3638
9125
2579
2183
3492
1272
5982
498
2184
4531
4032
4310
233
8630
6892
8883
3098
5359
3839
1400
144
5346
832
8945
7148
8065
9504
3933
6861
165
2625
6895
9215
6840
6029
4193
6114
1549
3732
6730
2789
6047
279
4895
4732
8560
9622
3678
6653
1244
5812
5321
1179
6892
371
6848
7158
5350
6493
7075
3804
3058
6226
2565
6917
615
9521
6708
2982
2441
3623
3515
8043
1923
7230
1371
325
1670
4478
7500
6915
8013
5546
2390
4537
8273
2104
6476
6013
2970
1213
9120
8817
3360
4215
9040
7529
7347
5675
699
9380
5650
7041
4887
5095
9550
4314
868
5518
9577
5457
8254
4941
1738
1943
1326
2904
3033
6359
565
284
6642
7466
1324
9722
3676
1444
1016
1322
5056
6912
3689
6456
6559
3254
1227
9935
209
9704
7070
4040
1399
9971
195
9571
6862
9879
2929
4191
3930
8582
5437
7087
9388
552
1505
2330
8588
6826
3364
2939
4598
8857
5930
3349
7006
3890
3088
6332
9723
3067
6390
5490
7185
2252
514
4660
7889
8495
727
469
170
6577
345
2375
5356
1747
5732
1086
1895
2682
2829
9274
2426
5875
6994
597
6335
2926
8426
4134
2271
2814
4560
1921
1719
7188
3808
1198
452
2906
6511
740
7415
6029
4716
7123
8765
9359
1103
2892
3846
3693
6330
8823
9530
2124
9182
5665
2047
7757
9843
6496
7636
8854
40
5085
714
9251
6549
6898
1960
5259
1385
6463
535
4980
4323
1140
9426
2133
5738
4344
3906
6895
2660
2336
8028
6679
1346
2945
3624
9836
4578
1593
134
7070
3376
893
7388
8037
9853
1075
946
8141
1953
7731
9151
9355
7876
2021
7223
3088
8780
670
752
9969
784
9406
2869
1172
601
9290
2526
4029
7281
3672
7978
7610
2310
9421
8643
1022
5005
3595
1542
8409
5840
7094
1034
4670
3194
7906
4869
6741
397
9559
9517
7425
8781
2930
1839
446
7851
184
6665
2032
3
3058
6679
3832
6671
3202
7836
806
7933
4865
5183
1653
1693
4032
1470
7089
3800
5772
6208
3580
1783
5625
4542
4419
7662
827
2787
8080
2252
6337
401
8950
6678
7856
1819
3358
1778
1699
300
2341
9206
8606
6136
4970
1951
2187
6663
2366
2328
7616
9619
5600
2387
411
2153
5699
3081
2620
1928
1916
6759
9855
7313
3949
8640
9481
2872
8078
3979
1303
7822
2934
6798
9081
9796
1424
76
7660
7561
4141
8819
4274
1842
6292
979
2393
2360
9428
2570
81
5543
8540
9813
5301
190
2376
4633
9896
6614
7561
3407
7038
1399
540
3327
6633
8861
1116
5025
7949
1564
1171
5187
1598
9692
2358
9058
9733
4388
5061
6597
3825
5510
7740
6411
8640
1041
9166
807
4372
9890
1170
8455
4679
1248
2708
6051
9385
8860
1820
9541
3012
2521
9041
9052
1516
5573
296
9146
1995
6677
998
1975
5011
6540
9103
9812
5527
1088
8845
5188
4259
7904
4242
1304
1402
4034
4866
5164
8768
3686
1110
157
6970
3497
2274
7141
2031
7492
7047
7555
8438
6882
2466
8455
8111
3414
5422
7060
1313
2472
6586
3207
5919
8698
3615
9632
5783
8402
2035
7207
2290
7302
5294
4433
8106
9538
3931
826
6164
3521
3815
1619
774
1873
7045
3192
8140
2038
992
694
5511
4847
2684
7705
4558
376
2100
431
1616
6682
2650
8893
2477
3733
3889
2653
9928
6606
8777
8885
3008
4567
546
2463
2120
4973
2963
2455
661
2858
6083
7045
7326
4313
9789
6161
397
2176
6775
662
6864
421
4734
7105
693
902
3443
7188
7340
8179
107
264
2206
9898
8687
3941
2516
5950
804
2684
7313
4679
7993
6227
128
660
5667
696
5261
632
7923
9368
6412
5909
5903
7838
6086
8503
6479
372
2176
8650
7399
8556
6709
3319
2889
6460
1698
9321
6273
7725
277
1906
7229
6618
4216
8420
3207
840
5993
2352
5626
1082
4844
7592
9948
7259
3876
7354
4252
9390
5965
4396
6950
3694
2778
5296
7604
1449
6328
522
7428
3298
2285
3483
8565
4852
9580
8576
415
6292
2745
7832
7645
8604
905
191
4722
3410
9830
5582
2288
5856
7160
1007
8476
6848
4458
5298
7723
1365
7234
9735
209
5298
2142
5009
2745
4119
5903
5796
7655
3096
8983
2106
1532
1280
7503
3818
8729
7272
7497
2437
2084
6238
1144
524
8516
2765
4633
6690
2404
6922
465
825
5680
1495
6434
3858
4785
5867
1505
9494
3171
3000
8714
3044
816
9485
5534
8860
5589
6170
2030
7239
1109
9730
7467
1437
8729
9133
3967
139
2310
9856
7940
2404
4493
7067
5057
5764
137
9802
2692
2767
7566
6864
2023
2405
7764
6320
1764
6622
8514
3130
8072
6609
6628
9316
8130
6984
1422
5511
3671
7439
1309
8458
6800
4005
5183
4594
3985
2061
6820
2183
1636
3460
6559
2952
6778
3723
609
4206
2650
390
8601
3056
7395
1061
6350
9003
6540
4084
1259
1634
3797
2157
7537
3750
8350
7139
4172
1302
4206
1384
3291
2004
5737
336
989
9701
6920
1658
153
3824
9875
9905
2063
2729
1261
5649
5013
1058
8556
1639
2491
6348
6647
1752
629
6072
3588
2532
233
1822
8314
733
9512
334
9319
4140
6818
7423
4171
939
9341
6878
3751
4115
3002
9101
7009
3786
7801
7068
6969
9473
20
1431
8893
988
6196
8491
7676
127
1732
2660
1154
9939
6946
979
870
7595
5123
1072
6331
6363
6443
3329
1524
1189
2341
6527
815
1721
9692
8580
5967
2148
8339
3308
6695
224
8584
629
2702
3551
7685
494
6413
8899
5792
1528
5811
4345
9339
3011
1741
3852
177
2459
2894
8510
8892
4008
1109
1297
8871
3698
2196
3449
5351
3041
7816
5418
9171
3133
3216
8414
9459
9411
8321
5874
7753
7832
6485
2780
8018
5771
9296
9400
759
3515
4490
7144
9345
2419
2395
1663
5028
1549
9233
3607
3022
3572
568
2594
7013
2143
2397
9535
6306
2605
1655
9196
7738
2294
7697
4976
7597
994
3956
9063
2674
2296
1575
139
2749
2808
5254
7566
9352
2285
4813
2070
3969
776
1041
610
3727
3118
1416
8188
9836
3445
7271
2789
7687
49
5647
4985
6870
3261
1236
4500
846
8390
166
2524
3273
3628
8046
2110
9005
4315
6369
1969
5924
2408
1403
6689
1372
1480
7312
4861
4010
2705
1035
649
8280
2783
6233
6079
6982
6265
7193
5729
10000
4114
2147
247
203
2443
9678
5710
2651
9839
8261
1183
8977
6391
4366
5353
6277
7501
2343
9258
676
3035
424
5133
6165
5972
2278
5211
9730
3865
1193
73
5298
1104
9096
1235
2417
2520
7898
7136
7692
9314
1775
6803
8336
6997
5954
9487
737
8652
170
7531
4035
22
7928
8665
9496
7820
3533
1318
3733
1804
3152
451
1705
9257
5048
5397
2204
3471
2704
2466
5796
6986
7894
4078
4328
6963
5499
4809
4085
1722
9676
5050
6173
5601
9347
6503
5161
3086
3915
2549
1029
1520
1824
2617
4624
3960
5438
6327
1447
7845
8466
8904
1837
8126
6232
1294
2403
5372
118
4342
3328
1760
8376
9162
1531
4639
6558
6736
4317
317
2562
741
476
5271
8216
2390
6491
9922
5394
6832
7145
68
1803
953
4959
6265
4391
2132
3126
1480
3003
4999
8035
4839
6244
8137
6904
6648
9221
8582
1326
8027
7245
2474
1584
3780
2170
9483
184
107
6970
6173
8653
1972
8177
8722
275
8719
8608
7779
9420
1948
653
8233
982
8055
7418
7752
2499
3016
302
3032
4820
6809
8195
8014
6217
2411
4082
8145
8380
2981
9152
1116
5974
29
8063
5144
7168
1067
341
3107
9325
2550
4587
1090
921
2290
5729
1943
2589
8068
8848
2203
9402
2752
2569
9606
8593
2878
7653
5460
9724
3554
7851
3824
8705
885
778
1519
988
9910
9685
2206
8767
1994
7927
8986
3630
3928
9171
2154
2090
5237
8918
1047
3938
5735
8927
3180
814
2590
7132
6874
6070
632
5909
3964
1556
296
6188
920
1359
2873
1952
8380
6025
3632
1577
4631
861
5899
5430
6278
8278
896
647
7346
6036
1131
8281
9417
7339
3604
7313
7900
1835
5746
5859
7655
9893
6954
4699
3076
8342
4135
1094
4146
1736
5456
4223
6341
8637
6631
1887
5896
6307
529
248
8952
6511
3630
1339
9909
508
9848
9066
9649
9114
4219
4398
232
3136
1426
32
2255
9031
3368
9049
8475
7183
98
3389
5259
651
8339
4558
4567
3690
7025
8950
9313
3206
651
209
998
7785
2660
3806
6064
7030
7925
7918
716
6889
8927
3688
1085
2022
8507
3620
9550
3239
7600
7147
891
5931
7028
7443
7831
296
3443
4053
238
2705
6170
6692
5478
3454
783
6262
3922
681
4232
4206
2871
811
4834
1536
5030
1884
4033
7839
2005
5898
2642
6879
4521
3939
1431
3178
9383
6641
4723
6173
8081
327
2417
2278
5354
5217
366
8940
5598
3902
8772
9040
4147
7982
6407
6170
6855
9160
2695
8895
7987
9039
2843
8983
6849
2880
2367
4092
3192
2828
5973
3705
314
7365
2651
7096
9085
362
9437
3187
766
7560
6487
4064
3974
1063
1075
1787
453
1418
1023
8146
2262
8892
9403
1462
7586
5223
616
2206
4150
4085
1412
1118
4484
9376
1152
9260
1575
6832
661
5370
233
5726
5056
6149
8233
607
8145
5896
2549
2206
1048
2170
5407
4046
1983
101
7570
9412
3515
3706
9128
3521
5434
3432
8202
654
5989
8282
2479
9388
2408
691
2104
1212
1473
3560
2019
9519
4328
1020
4408
6570
1349
8944
622
3736
3836
3995
7707
8153
2187
4471
8679
6601
9835
8971
206
7001
725
603
7900
679
9394
2137
2850
8331
2698
4258
6878
3055
6509
8527
3949
8293
8767
608
1382
6788
6672
19
7265
128
485
7307
8105
3907
8290
9374
6541
7418
5478
9596
7624
1240
973
6005
9007
2897
5007
8662
3570
7128
7917
7560
3630
7130
1165
4528
4846
9914
8552
6657
5580
5522
4347
6420
6393
1144
4644
1294
1609
7943
8624
1084
3418
3957
4971
1900
2710
2226
5701
3057
4838
7233
7484
576
1509
7105
4669
2227
4626
2177
7706
1874
2057
488
6908
1236
4507
3607
7387
2992
4356
583
9562
2296
9033
6838
25
2741
6163
4078
341
8956
7106
6754
3252
6109
1239
977
4718
6634
6312
7763
7007
8011
4461
5449
6153
5350
9865
2765
6879
508
7614
8853
5952
151
9135
7481
478
6463
2694
8773
2748
4793
8782
4193
3437
471
3777
3009
6720
8660
1943
8740
6736
2418
3391
9565
30
9280
9098
4151
6422
3193
4286
2231
2007
5732
372
6895
2547
2602
7408
1543
3293
5938
4720
407
894
522
1206
3434
5398
5088
2778
4002
4575
5764
2280
729
279
7710
2522
1183
8428
943
4580
1705
198
2578
1373
2916
2619
8483
6534
2949
609
9155
8995
8608
355
1962
2914
3988
3737
7923
9287
5858
7325
2023
4626
2813
7956
7781
7964
5161
5478
4203
2591
2526
1257
8395
4453
4032
3430
1967
1900
1226
1587
6432
2126
2656
2253
5506
6650
7908
2980
567
1154
8969
4716
1245
5057
9481
1314
3562
4171
9742
7563
9490
6958
3153
2467
7815
1139
1080
8948
7000
2638
1644
2437
1155
3852
8767
6134
7945
230
1639
922
1648
8989
7588
1123
2970
2736
4838
695
523
1870
8169
3783
6632
4677
6311
6608
2398
4942
22
1188
5302
3476
2679
9333
6405
5888
5510
3419
2145
4306
8660
854
1191
3670
9382
34
6635
7958
4497
1931
6590
1003
7102
8939
3241
5579
699
245
635
288
9171
6166
7437
4740
7074
7767
4954
6403
9340
1230
462
7889
8418
9857
3384
7002
6077
3401
8397
1080
8332
4645
6616
2433
2792
1416
237
9565
9282
972
707
6354
4724
712
6220
9589
6308
8727
972
13
9067
5803
5148
58
1863
6032
7639
7234
2814
9522
3257
2532
9427
3952
9620
61
9373
8064
1852
4894
8231
4638
7725
1527
5235
4594
6070
8485
3362
9752
1092
7788
8618
776
2413
9965
1451
5742
1998
128
9854
4102
2290
1103
5132
1523
1548
416
565
2078
5629
9897
7986
882
961
7884
4378
2220
9189
3015
7193
1112
3339
8303
9807
7199
5601
5115
75
1903
9733
9604
1514
3018
8824
5652
8771
7287
3570
7536
7980
2356
9654
5734
487
368
9386
9479
3708
8171
1085
7604
8254
5161
965
8293
4036
758
3074
5855
428
160
8273
7087
1061
1259
7788
6163
695
4961
2724
1907
1107
1378
2563
1930
883
4782
6127
6815
4373
6136
5055
6738
5739
6981
8620
1998
593
4549
3740
2593
1174
5478
6448
2159
3054
3985
1895
4395
8941
6523
1270
3234
6266
4559
6300
5313
1354
4070
6774
2379
5404
9980
5994
7742
342
2677
5115
1819
1120
6307
2579
6870
2479
8314
1075
4680
8231
6525
4405
3234
4097
4972
5633
7671
3185
7486
8886
1071
7288
1966
1079
9576
951
8205
3817
6298
4263
2146
7253
7665
5142
8412
5122
4760
480
148
7607
5426
4154
556
7417
5634
7202
7099
9165
583
8423
4856
6121
4463
8338
465
2958
6556
4755
3958
1748
5396
2903
9071
7702
3126
4541
644
206
7937
2819
9019
3951
4389
6271
7930
8045
2910
3556
2421
2147
9323
1949
8777
4353
6344
130
5349
8784
684
3971
555
3558
9150
5935
7100
4354
3778
9081
198
9984
6438
5874
5688
9418
779
5150
664
6716
3682
7202
5307
4554
4920
7794
8756
1535
7635
5323
659
1858
3012
2577
426
1858
3447
4531
4730
6502
1645
8117
8904
1618
366
285
239
5772
254
6476
2656
9930
2167
913
7322
522
4862
635
6183
2341
7622
4253
4227
4116
6569
2438
8936
4275
833
3072
421
5893
2436
6123
468
3882
9895
2673
5488
1706
3217
5526
5209
4735
942
8971
6587
3884
4140
5805
8147
1344
5659
7051
2140
8248
3602
537
3323
4511
1156
205
1954
5675
2133
989
4303
3328
6321
5625
797
7316
991
8225
1502
8726
4362
1624
7776
5396
8671
9925
5317
9842
6695
2586
4278
5572
42
1741
8238
4050
4332
6079
2601
1454
9349
1898
8929
9818
5483
8760
6558
7915
9646
89
2121
2803
3433
627
5526
7219
817
3034
1301
732
5750
171
6012
1576
1036
4980
5732
5982
8639
6815
3896
5764
5730
1448
4742
996
4345
4906
8655
218
8934
47
587
8420
3705
1999
1029
9495
3219
289
7112
7464
3438
1678
2033
9733
9240
2593
6973
2881
2422
7272
6690
2536
3847
121
7842
3349
9940
3923
9526
632
7825
1089
9536
3099
6322
4966
2033
1004
1141
9203
5639
4029
5975
2188
2526
2148
2700
4808
8826
1694
2391
6575
91
5398
8250
9696
3440
1140
2131
1642
2631
5260
4503
9619
9006
4914
789
3022
6245
7455
2887
2407
4414
4966
9641
2755
5936
7857
6973
5911
7270
1616
5322
9822
5941
3195
4407
890
6916
1946
3619
7103
6929
8833
9133
8864
913
2480
1155
5635
7931
9777
4919
2124
3903
888
3549
1461
7259
1117
1300
837
8455
7922
8060
3610
926
648
5302
1254
2765
9419
5461
9139
7927
1309
2798
2702
2877
4961
2591
3769
2376
297
5677
6753
6451
192
5177
2364
2517
2057
6905
2406
7641
1958
8574
6043
1700
2165
361
6216
1180
9462
8786
2558
9395
9575
1330
7366
8861
7596
337
9898
8658
5510
5579
8755
6277
112
2068
8257
462
6024
1459
263
3025
2854
2140
8429
8703
7381
2702
796
1467
9583
2025
906
6124
1912
7007
1442
3000
8932
2467
9697
8582
4364
5967
8475
7774
5665
1835
6201
4692
5297
9085
7468
212
3049
2394
6343
3399
4561
7420
3430
339
7836
266
6465
3932
6301
8560
6933
9602
5302
2651
8639
3272
2739
161
6907
5503
2412
3217
6463
6006
6318
5885
1138
1153
5529
277
6863
3807
1666
8825
9376
1915
57
369
3017
2423
3174
6697
9899
6555
9110
4628
2641
9347
676
6228
9105
375
9229
2256
6343
4520
5219
4411
7338
733
6590
2325
3038
675
3586
7679
1778
2189
922
324
5848
6698
4366
8581
7050
2979
543
498
1887
7213
675
388
3538
6236
1061
7828
3583
8612
9536
9198
659
1246
8605
3439
9420
8541
2136
3956
6135
93
7358
5422
6217
8409
1404
585
7451
1575
5865
9668
8062
8301
3871
842
8264
1572
640
9934
5722
7681
2023
5697
4639
4097
6197
5821
2061
2962
8827
6850
1358
905
661
9315
6882
4702
9979
5536
5287
7982
1882
2664
6056
2301
6619
537
9225
9514
4007
5880
739
2149
9600
6872
6875
3625
8358
35
224
3289
2096
1999
7657
8370
7145
5726
2105
9280
2707
5475
2627
9712
5951
7324
5031
2692
9439
573
4717
7829
511
3038
3649
703
3349
6605
5613
8813
9099
3951
7437
7132
1781
7028
8652
7048
3670
3974
9356
1335
7432
4422
1130
4451
1499
7079
5646
1212
7015
6799
924
4460
51
2674
8201
8578
6812
761
4219
519
2974
3798
1491
354
176
475
318
2730
3169
6211
370
3854
628
83
339
1761
5268
5427
1770
623
6488
1509
851
1989
8598
592
1351
9269
4928
4419
5649
7011
3381
1404
627
5381
6506
1160
6520
4791
1889
7421
1150
843
8465
9381
2152
8612
6250
6997
4304
3004
1927
8981
6450
2112
7141
8193
4325
4530
5094
9107
3506
3957
1494
371
7347
124
9685
6054
704
5541
3856
8186
906
98
6803
1214
9115
2141
7806
3717
118
7635
8803
7177
8199
4988
5509
2472
2612
9907
6106
2803
986
4437
1804
3722
5656
1818
7263
4108
4208
1931
6407
6391
350
2145
2902
8172
599
5836
8314
349
2060
3114
5039
3274
2758
7125
1313
499
2145
4729
1982
997
9169
3404
6577
9018
8298
4897
2014
3490
719
8319
2955
1049
6167
6829
6481
7584
1098
6118
2228
20
2768
1829
5491
6430
6377
5201
8239
7702
3125
1060
8142
4570
4251
5985
9688
3887
1222
8641
8109
1582
9050
8174
7459
1239
2071
9488
4185
4939
1281
6818
9019
5922
2562
6132
9177
9487
425
7771
7752
6811
18
280
4164
4673
2022
1946
7261
7088
175
5062
4943
9453
5890
7901
8894
8875
7751
9248
6826
5997
348
3638
9760
4079
1557
7690
2043
4502
1390
796
7396
1684
7735
2027
7618
3382
1683
166
4262
4677
4112
9958
542
148
289
5783
602
1466
1631
6261
2140
7441
916
9694
542
6115
3075
1964
5259
8279
3645
3174
8023
7957
5450
1434
1941
1988
6499
7990
8969
3843
6253
153
5395
8698
3651
3038
8184
6591
875
1702
3089
7934
3482
9971
6300
6485
1942
4377
5863
8541
1152
149
5502
7916
6606
2954
5794
3759
3143
9110
1907
6309
261
3494
4149
1048
8027
7231
3309
7426
9677
2240
8504
9822
5371
5158
9744
2477
4483
9671
6114
4989
5759
7137
4543
1153
5089
6533
9235
1181
648
7386
7976
4928
2362
6089
1147
7894
5058
6097
3724
9978
2671
6627
9671
7434
1791
2293
1368
1448
5762
3609
2438
3778
1665
4194
402
4566
1817
5904
2016
4894
3164
8561
7089
7090
1987
7831
4897
3613
1505
4781
9430
5854
5997
815
7571
4311
5835
5819
3272
1881
9580
217
8189
277
959
8784
8881
1703
6442
3062
818
8579
4433
1306
2470
4075
1775
6874
3596
4563
2016
5829
2029
6728
60
2841
4585
3213
186
3112
5335
2327
1238
1781
3645
1833
8080
3011
9091
656
1827
6555
4779
4070
8843
3413
7891
1706
6928
7927
5137
3554
824
904
3671
9871
4002
8998
5550
582
5411
664
747
1406
9249
7136
8782
9481
9823
9153
3453
2348
7866
4893
8907
7948
373
2837
5961
6930
3088
1191
6047
2608
2815
1837
1523
2620
2937
1074
2231
4842
7196
5136
7718
6098
1915
3377
7736
704
3631
8595
4939
3300
421
1436
3430
7715
6419
2178
7074
1231
166
657
8074
2966
2462
7866
4356
3445
6246
177
7794
3629
817
2301
8822
687
3518
8627
4338
497
6542
132
2592
8393
9628
9511
8273
5616
1197
8680
9403
9989
4044
5811
9895
2316
4891
2870
8723
8114
6519
144
7861
1034
4966
868
1652
587
1543
2027
6584
2008
3471
5495
7707
7049
8824
6229
9228
347
4047
6986
9959
352
4872
5454
8822
4797
2048
5372
1719
5228
609
1364
4983
7596
5156
1424
4350
1275
3273
6513
2160
5898
1694
2760
5950
7050
5616
2492
2837
9821
2189
6388
6303
6131
6005
3885
152
2059
3768
1297
3758
8989
6876
2487
8638
5832
2024
7490
1128
5536
6433
7746
8446
6510
6367
175
5239
1778
3582
227
1517
8397
2437
3581
9305
140
596
9190
3349
3907
532
1215
1320
6426
2412
5951
2469
7478
9618
6171
9513
2807
8543
705
1456
1874
5002
6161
5094
1917
569
9619
2904
2417
7783
9903
4850
1854
9478
4949
9273
4890
6884
338
8674
7406
7521
2451
9813
715
6046
269
4810
1537
4803
8633
5193
295
7466
8248
55
3747
3158
9111
8797
1910
9745
6858
431
5285
509
4062
1242
6008
777
9575
3393
155
9535
945
931
180
7302
9999
5637
6830
209
5790
2292
8234
1511
4137
5207
4678
1139
3701
5158
1645
8791
2305
1320
39
293
2156
6740
4711
2526
655
6366
7442
4523
2471
5784
2487
29
9152
6686
5565
5730
4701
5082
6894
7
3409
7239
1126
4099
9411
409
7316
2210
2563
6100
4090
6929
1414
8471
429
2029
1008
9026
3155
4530
5269
5725
701
7695
2751
430
8512
1069
4442
5584
8402
8181
5813
7856
8931
2065
519
4372
6595
2412
300
1135
9948
1725
5041
2243
9044
2602
9940
6115
1258
5866
4130
1803
7101
1651
9405
9892
8214
4669
9583
9984
2392
9141
2976
2074
173
2100
9569
2087
9133
6927
5590
1630
1246
258
1737
7384
2884
7150
9692
2923
1307
809
401
7527
417
5604
3418
9693
3871
2004
8482
4160
2186
8352
9461
5457
9124
7235
2886
9997
5504
3932
1442
3335
4458
2370
6756
3558
9028
930
6089
816
165
3147
5394
7800
4124
6673
5445
3946
6458
6225
7760
8155
320
3632
8942
9643
6294
9240
3353
1470
1024
8432
4449
9783
589
5580
3610
3950
5468
9855
3420
6175
5819
8164
2500
1691
2618
3276
1839
1131
8076
279
585
1702
5779
3452
2499
6814
6090
4151
6582
9571
228
3312
9669
578
7304
9971
6836
4846
4947
9419
5088
6985
6326
4351
5079
3494
2273
7
8070
1984
891
322
2863
1467
9530
8633
8622
2466
2982
1213
9208
1523
8569
3817
1269
8641
6806
6064
1995
520
6657
3006
1899
3485
2574
10000
8574
1662
8682
8286
7006
3310
9908
9543
9810
1040
8987
9588
437
9874
4277
3936
7183
7014
6242
5839
8064
4669
6895
5887
5670
3883
3472
6355
9305
282
1050
1076
1152
8815
1118
180
8930
7995
8488
1567
2141
941
8019
7378
5716
8389
5643
4569
6426
4358
9899
4857
1798
5437
8204
8497
8235
299
3016
3086
158
8707
8309
3345
2013
28
3604
115
8759
3937
4535
9825
4359
5855
5235
5422
5164
673
48
6860
2174
9865
5401
1472
566
8265
4198
627
8322
2064
9360
6411
4724
7222
9266
5776
9667
9014
3845
2104
8823
7878
9842
8181
1989
2921
169
5019
5834
7169
3299
531
7924
8470
7828
1407
8163
3783
9471
8813
56
8402
3023
191
7905
6545
3376
4372
2593
7468
1527
3573
3323
4339
741
2006
3289
3445
4333
7062
7716
7160
2323
4042
5428
7573
5943
5500
260
405
7623
2789
2414
2697
6511
641
6480
3466
6752
5580
8588
8488
2787
4305
9400
1152
1928
3705
1362
8426
8453
323
2674
2181
8592
2884
2996
5969
3255
9712
1640
5383
1677
6564
1569
795
6009
6332
7402
8089
7278
109
940
2099
2976
908
3304
6696
8164
8885
2041
3023
2470
5935
2747
5371
4699
2989
4430
4913
9724
5119
8319
6515
3666
114
248
9940
2449
951
7792
8294
1201
174
6733
2490
3896
8931
1459
8188
5339
1893
2184
9328
12
2909
9084
416
543
88
7322
9821
8994
5157
4360
6614
9514
4920
2203
7067
449
8841
1120
8042
368
6728
6830
1837
9329
2456
4928
5099
1116
8578
9672
1886
6689
5382
5767
6019
4388
352
286
8569
2217
1142
5061
2866
2444
3964
2210
6041
6607
1161
1027
1837
1160
9456
4832
8184
6742
4509
9417
5740
7051
9054
6174
3882
7322
7075
8760
9722
1796
1455
197
7667
8706
3985
4831
1943
1283
8964
6069
3185
8440
4199
1325
7495
6618
4020
887
2034
5581
2173
800
1729
2000
3878
1620
6483
5947
9597
1428
2376
9460
8105
7718
6081
2514
5240
9956
4884
3218
4846
601
690
975
7649
7703
3375
4320
346
8939
820
4510
5949
1304
9707
420
642
6963
6728
7524
2439
1783
2617
1372
2682
1771
2471
6911
6055
2419
4983
7207
6334
891
1500
2928
8033
7724
3915
4676
2629
5653
8900
8640
3160
4382
5148
6835
2906
4178
4111
7285
1920
5239
2389
7127
134
595
4132
1617
8226
556
1608
8868
1357
8574
1663
2224
6995
4654
1332
3696
2739
4253
7562
2299
1780
4304
6843
6894
8499
1797
588
5854
5005
4618
9714
1912
5847
9634
6346
2802
3138
5635
201
5590
2112
8015
7981
6008
4059
873
8392
5750
2346
8987
2258
3500
9373
8278
5829
3551
1220
8316
3983
4130
1016
7383
7626
8222
6710
3641
261
1382
7297
3566
1224
5890
1240
2898
3121
7874
1108
3398
6697
9746
9089
5124
896
531
4148
917
7518
2593
844
4310
103
6695
9923
109
8004
9676
3878
1168
7785
6427
5093
2136
8448
8355
6705
2401
4977
3393
2376
9422
5631
5721
9345
3429
5551
7071
3911
1478
2335
8170
4174
324
6161
1819
5755
603
503
7195
1717
725
1155
4518
504
6540
4480
7166
8621
9491
2840
1827
5513
3538
7892
1014
993
3986
7987
1540
1581
1091
4016
4495
3988
1749
3528
2515
5957
4722
8096
65
6091
5672
6135
5921
925
2141
9716
9339
2427
5394
5694
7178
4992
9457
6720
8563
651
9607
1369
4345
730
3825
9611
5855
4563
8410
1563
1013
7565
9555
9825
7642
7132
2098
7116
5646
5045
6181
2326
1956
8477
5123
2215
4371
409
1057
1433
6900
3671
2422
4085
4043
1753
2858
6709
426
8916
4979
5498
462
2730
5771
9749
2107
944
1588
2656
6860
494
3307
2091
464
2448
1954
5246
310
9242
2391
9130
7393
9675
7294
5920
6703
2932
1542
6216
5394
6034
8862
3019
1520
4258
2508
770
1247
9606
572
6535
238
8969
5573
3803
376
4935
5713
4554
6644
1322
3855
2982
4241
1487
5634
6353
4843
429
7870
2347
7363
1936
1249
8741
5769
4539
2484
3572
8442
4988
8213
6695
143
42
4145
5570
2803
6323
6191
9602
413
4369
8783
3946
1712
8970
7116
9028
7433
7236
7238
2628
1950
5852
7122
4208
6767
8322
4119
4909
4373
6642
1928
5243
151
3943
5889
8805
1688
208
8029
1249
6168
5689
2386
9053
2437
2423
5202
43
9893
9755
6923
6834
5898
1272
6955
7893
53
8237
4944
9322
5325
3915
5694
3980
5819
7722
4019
8236
3809
9983
3066
8347
7672
472
44
3112
9112
6416
1613
6901
2384
3979
7135
1877
1544
7665
5011
7961
2089
2037
2660
4658
5940
2127
4507
4398
3624
6314
7449
9135
1537
3952
5225
2845
2375
9033
1783
2541
2796
2549
6329
6790
1523
1022
4433
6921
5770
8762
6579
1209
1314
5357
6848
4844
929
2570
8859
9390
7552
7009
4205
84
1786
216
3922
7451
4179
6798
2265
3244
1855
7335
8648
9363
7611
9881
1075
4439
9344
1503
7970
5193
8149
7893
20
1584
2308
802
3029
4302
2510
7747
9721
7451
890
5615
9601
736
7258
8790
796
2728
247
9848
596
138
2924
6377
8434
2980
7574
7096
3753
3329
3934
5519
1041
2660
5983
1118
5090
8651
2623
527
4068
9202
4190
5723
3722
9264
8414
677
6855
6283
4768
2369
7993
2623
8960
2512
8049
1639
4131
5484
2288
8734
4754
3700
4472
869
7928
6552
1366
8877
9521
6294
258
5558
5392
2088
1543
5463
7485
484
9030
5274
570
8683
441
8957
3663
7113
3340
7293
5519
8115
5724
6977
380
254
3988
615
1420
1637
1978
1112
227
7285
4883
5582
6562
3289
3810
9754
9704
4121
1609
6082
2880
1310
3041
6505
6959
1359
7898
5658
1074
2403
8938
5029
8095
3652
669
1316
865
6882
9771
8423
9276
9153
3000
6115
4304
1113
588
1186
576
4319
5232
3928
4223
1508
210
1262
2456
2610
7187
231
2964
37
3359
6790
566
1949
5769
5703
735
9824
6908
8033
7647
9904
6015
7310
6353
8851
1910
8507
3763
4462
3469
7346
1016
4802
3566
7216
5748
9522
6846
7823
6191
5909
1444
1379
5213
1089
9651
5343
8337
5679
3815
6863
11
7136
1031
5395
507
1289
9890
2918
436
3052
1771
7118
9749
2688
2338
4219
8874
4162
4388
8549
4119
9176
3906
1023
4196
9369
2848
4060
9335
2224
1939
8760
5782
1860
8738
4381
4636
1957
9369
7022
2686
946
228
8398
1443
8166
2959
7347
3089
8191
7500
3076
7414
499
8013
1465
5067
205
539
7281
3937
445
3754
4499
821
1913
5523
1587
7734
356
8981
347
7351
4120
1868
1355
6547
204
8411
3076
8866
3915
5742
5381
2340
6514
3761
4316
5651
2134
5306
2681
3475
64
2752
1786
7444
8545
2417
7646
6099
3016
1145
2119
2186
6436
8830
9473
4514
2044
5465
339
359
3233
8849
2747
761
2589
7701
880
7462
1577
1608
6782
9352
2305
690
5252
9943
7064
2326
3732
1627
2442
3779
5723
2459
8578
3421
9540
8692
128
6390
9470
9237
3161
5665
244
4606
1127
7407
9393
5696
1778
9606
9412
8563
9893
5877
6460
6297
6196
8329
4334
1812
9874
8585
9768
4356
4646
9831
1659
6966
3464
7241
6019
8084
5837
7971
1780
1400
2207
8712
7777
3060
9398
276
8179
8177
1526
2114
6661
6466
7020
2613
4485
1450
2523
8291
8732
6046
8330
9650
949
8347
5971
5096
4178
8703
1281
9424
6277
8742
5706
8474
890
3182
7919
5829
6771
856
7405
6992
1274
9624
204
5836
2530
3701
167
9414
2317
2145
8440
1878
6898
1915
8599
5295
3358
4875
1870
1089
1500
5351
7472
4573
7749
4434
4242
2052
3889
2098
9231
9128
5410
1395
7068
9470
123
4554
4728
1198
7153
2016
1667
2921
8480
6820
1037
9729
1603
6834
2333
4200
230
4489
4855
1445
7065
6109
2089
438
2606
5761
4678
5394
8342
3854
4046
3451
2230
5599
3452
2210
8503
412
4298
1061
9041
3336
7240
3019
9417
1259
5287
6341
4089
543
1178
6254
4477
5009
3069
1589
5480
7477
2922
9220
1802
1055
7169
6831
1598
2964
6797
6507
2381
5127
3262
4752
1411
9041
8840
9106
6994
9580
5699
8028
5242
2440
4031
2717
2553
8858
6674
3515
6674
9535
1878
6761
6157
6270
3110
6066
4284
9432
1190
4701
7909
2106
7847
1557
2793
7111
30
187
3166
1378
6424
1655
3637
2997
4209
2812
8026
7358
9221
4395
5368
8762
3724
3493
6994
6451
5373
5019
2420
9561
7328
2898
2192
2044
6931
1978
2640
789
8213
3957
1985
6511
2670
2555
8063
9571
2306
9539
82
6664
7675
4287
9584
7583
6613
388
1301
3300
871
9429
5922
6270
4640
8230
6504
2084
38
8395
9245
7211
9527
4662
4432
2992
4765
5170
5089
7879
6594
6922
2077
2142
1359
7889
5121
1255
4669
9439
1288
9438
8878
7971
8013
8076
4062
4379
3512
3056
1817
3352
1445
2521
4375
337
122
3579
5393
1347
1830
6473
5139
9
4289
1143
7478
70
1093
6164
6284
9191
7799
2227
5485
8433
5228
3565
2501
523
3874
531
6501
1279
5863
6756
9137
1747
6657
7479
7884
342
7007
3973
1980
7640
6694
1934
5591
343
7158
7703
1349
922
1370
2722
2968
8772
7415
4155
1127
6865
6882
9301
6210
1240
723
7254
1690
6211
274
351
2395
8819
8827
123
7132
6908
3429
295
7613
94
9048
7920
8497
2464
2232
6717
426
8823
4964
9626
7089
159
8754
5072
947
5241
3738
2481
5888
9305
2431
2599
2498
2547
4336
6446
4870
3170
8324
2924
6109
883
3042
6169
9565
9905
4778
3692
4843
8593
6049
7060
6267
9893
931
8299
309
4394
6990
5443
2612
395
3222
5546
8589
7473
3893
8350
976
1100
9374
8502
466
1674
5968
4637
655
3121
3094
9580
8321
2729
447
9139
6045
4866
3492
8652
9008
9986
7576
7506
5953
7109
7962
2495
1710
2476
1167
1316
4439
2571
4265
2156
725
545
7960
1106
4905
253
8197
2290
5316
3285
2955
4140
8075
6614
6204
6720
9641
5180
5905
104
1503
857
600
5966
2500
7255
2078
3656
8512
7070
379
997
2041
1273
2464
6192
364
3224
5263
1715
8172
1427
1676
3175
4450
3222
1293
602
4396
543
8462
5801
6358
8550
3074
4927
9476
2737
6916
3751
2423
1281
3730
5820
9163
3984
709
6109
7642
2221
9166
5902
8821
4021
792
7423
7061
3800
9622
2083
6111
6819
6748
1695
3583
3648
3189
7563
3511
6199
3752
1107
2430
1211
8319
9398
4720
1738
2764
4373
555
8452
1702
3171
9841
4281
2263
6425
5475
5717
4508
9400
9976
3855
1103
3250
511
638
1209
1273
6130
2320
8439
5299
8000
8358
6782
3722
9232
9473
6478
2862
1660
4148
1604
1
3405
1121
1363
7024
1820
131
6199
5531
3538
4443
2416
8762
450
2264
9858
2671
8444
5955
5668
3206
99
8009
1446
4469
36
6767
243
9055
7778
5333
4525
7613
2333
2567
3911
7192
8671
931
1870
4376
2227
480
2117
6591
970
9531
7724
2057
1156
3831
7915
5598
8434
9240
4336
9292
7891
6135
4063
4964
1701
3522
3051
3678
9034
1287
4563
2204
2862
6851
95
7346
6594
4038
2187
3465
87
9995
1386
4477
3915
85
961
7783
1446
3857
1636
5061
374
1969
7423
9262
490
6784
2224
5086
8272
5649
231
5696
9972
6591
200
4006
4013
4594
10000
