553 3
16003
7423
4020
2876
948
8481
7657
3318
782
2782
6367
715
2309
7809
2534
5931
2672
787
7642
4637
1768
6846
9526
1513
5426
6098
128
5802
3923
725
3666
5773
8429
1851
4135
2426
4187
917
2958
8109
9209
5761
3751
5028
7921
5701
1194
612
6845
6249
4385
1953
4930
6022
4438
1162
9259
3973
5003
6220
5092
330
328
1268
1640
2336
7683
939
9982
2460
1691
8418
8518
2078
399
8186
9451
9127
5097
3812
8666
7856
4118
890
1450
5993
8839
1200
8781
3802
1010
5024
1267
7832
7973
2807
4876
7642
1441
745
5072
1077
7726
4242
3085
1265
375
2770
5637
1122
1199
6262
3074
2394
5328
9714
9193
3057
9258
4047
8746
1635
9249
2647
3164
3743
5365
1632
4304
9160
72
1575
6743
1397
1961
7661
6981
7601
1807
6007
232
3091
3490
2480
4704
9687
6088
1331
4865
1875
2670
7619
2539
1680
401
341
338
3117
8952
9
8551
3026
594
2274
7299
5348
1269
7955
1203
1810
6233
9762
7537
7560
4694
8012
7880
4948
2359
1584
189
7176
3082
3618
476
5653
1334
3352
2892
2133
9445
9524
2112
122
5144
7389
3412
458
8497
6486
5384
8307
4782
3304
690
6064
746
6658
1091
900
5219
5427
199
6520
3236
4774
5331
4487
206
506
8710
1509
9058
1725
4706
9487
3742
7812
1240
7088
3517
7348
9907
9012
3706
3316
613
4034
4610
6011
9756
1189
8102
2456
6005
3066
4612
7603
4037
34
4123
8040
1748
3090
5976
4718
5744
2133
8765
4606
1314
1193
2180
3950
3789
4003
9903
1115
8773
9731
5223
4685
1747
4204
2324
7968
6495
42
4661
1349
462
6128
1481
2356
3749
1554
2654
7628
504
1060
2177
6243
6414
3271
1836
2434
2979
8104
4329
2664
2711
8718
259
2320
811
4784
1561
841
3871
9036
633
4579
8162
8580
4095
1739
5290
8881
7516
606
5022
185
2123
5833
8161
473
3043
8258
3115
5351
4124
1329
3280
4922
4425
9580
4210
4220
1838
8422
6408
1704
4689
1349
2093
6889
3367
4642
7499
5414
7724
2063
3963
3701
808
1130
5956
7256
6154
6845
9531
6233
485
5121
9117
5103
2867
2619
9544
5780
2597
1634
7400
2536
4316
2273
9671
2531
1349
1393
6518
7093
1942
6963
1686
1188
1086
59
2512
5377
4732
5702
6191
7688
5260
2218
9398
8853
2237
9681
5165
9186
7340
4343
8979
4385
4679
691
5236
671
2448
9730
92
7163
337
233
6715
2506
5401
6891
3853
487
1074
5064
5050
8635
8178
9915
4910
8596
6217
6203
5298
605
216
5051
1059
4639
7977
2029
61
8454
7895
4795
988
7229
1811
1650
29
2902
9610
1596
9314
5541
1747
1721
9461
1675
3031
8437
8690
2354
8931
9711
2151
8192
7732
2434
9631
1817
2376
1675
9581
2234
5101
6371
808
8964
4005
3720
4010
7898
864
8791
6008
6324
2052
721
6940
4160
9792
7127
9849
5455
8770
5985
6569
3779
4277
1514
8463
7269
7550
8809
6156
4823
1065
1650
8939
9641
3297
9972
6260
3938
8029
4964
9893
9750
3266
8138
225
9886
5252
8258
810
7113
2861
6304
1853
6713
6595
3015
7403
2411
9141
1925
7374
1009
5144
6934
8074
9363
4799
4958
5780
2210
8493
4012
1937
4506
928
1065
690
6338
4092
3219
7308
1084
9838
1262
5468
4493
6550
6772
4077
4260
7059
6721
9453
3737
7340
4224
8691
1066
659
9789
5733
4823
3063
7239
9192
405
3789
390
4931
5744
8878
3570
90
9489
4299
4184
1809
9368
8361
24
4953
9899
2716
975
5540
8989
7249
7402
2872
3286
3466
8298
4508
1394
4900
588
2013
96
393
2492
8175
4020
6231
8275
1514
4509
5116
4948
7726
31
4129
186
1514
7537
7967
726
4007
905
2347
2223
7715
4624
73
875
1890
9699
5050
4646
8540
1821
6965
4773
876
9060
1721
5411
1714
3931
4365
4455
8705
1631
1079
6546
1321
9924
1697
7508
4622
5606
9705
7380
3629
2044
6075
6172
4595
5019
6911
168
2987
5600
2287
3954
7649
2442
2210
8756
8608
5604
3918
9103
5453
1293
1551
3034
5243
8170
4296
9406
4082
5660
9803
3440
4335
7050
1329
6625
1792
6325
3473
2555
115
870
2822
2253
37
3257
739
5670
1717
8508
3327
4604
78
5360
4713
6517
4696
6219
9359
5529
6014
5617
7184
8382
6862
7800
3374
165
6821
9036
1140
6317
761
1609
2064
7378
984
8749
7178
1979
2816
6158
1940
9405
7144
1091
3145
208
8876
847
1982
482
3734
6476
9804
4818
8786
1463
5072
4045
7177
3315
5906
1663
8012
1864
2245
6359
4185
908
9276
2620
5283
433
2310
5736
2614
6025
1783
7494
8586
1665
1530
954
257
5690
7975
10
8229
1863
6963
8243
54
5778
1647
683
9324
9572
4330
1717
9203
8177
7138
9938
7514
6046
8495
9621
2146
5853
681
1927
9645
6642
3340
8068
4462
2686
4361
4151
9390
4599
3855
6528
2338
3960
1831
105
7172
7207
8027
5294
2529
5442
8756
915
3978
539
8816
5339
1087
8249
5015
8942
1180
8289
1485
556
8748
581
6749
1016
4246
6397
2058
6457
7842
5669
7811
1301
7339
5608
1776
6131
8645
2340
4474
9947
2457
7056
2041
959
8953
97
9549
8612
5633
240
8777
7122
5851
0
807
5614
852
6814
1089
3847
9014
9637
8822
8577
6158
5681
8287
8117
7899
9428
9758
8828
2984
6040
3967
7282
2183
4739
6931
1182
8753
6204
5056
251
2026
9725
1795
3768
7810
2710
7497
2773
9053
3806
925
5351
6032
3929
3475
5104
332
9240
7954
8470
2727
9064
9129
7187
9677
7489
459
6010
4071
2714
608
6224
3869
515
8388
9768
7028
4841
3800
6630
4263
8105
3597
2449
2679
9689
3054
265
8446
763
2003
5482
1104
7767
8033
6287
8968
116
7493
5388
6726
1908
2749
6811
1489
5112
551
4250
8199
8497
4024
1540
1702
6142
5901
8102
4067
5129
414
2266
8903
492
2727
8353
3610
3857
5453
3982
47
839
8802
3486
1340
8753
4768
3101
867
9943
7200
787
2620
1800
8162
4651
7060
742
2022
7947
2533
779
5977
3562
9765
7551
539
4681
3521
7406
4899
3459
2598
2620
4749
4644
4141
1047
8691
6150
442
3411
1305
2065
1074
6770
475
2428
2954
9479
8501
6733
5433
8946
8903
4866
7081
1332
2030
530
2952
1313
3090
3404
4940
3812
3581
2314
9140
6661
8045
9097
2815
376
3725
6469
5953
7194
1198
1301
1697
8076
2524
2146
6195
8590
7086
681
5536
450
7854
8314
1801
8552
9306
6287
612
8575
5899
2886
3655
7353
5094
7806
280
2143
3199
1494
187
5224
4833
7020
8060
9770
3636
9278
6030
5974
7161
3770
2270
1671
3779
612
509
454
7738
5604
7321
6456
4658
4625
1084
3892
6372
1936
9298
4765
825
6516
25
8610
9086
3591
2679
1481
969
9567
2225
7433
7263
681
5824
6506
6229
4652
5597
8422
2375
8639
9697
8985
6227
3201
9838
3704
8851
2166
8782
7978
2817
6609
3963
5168
5932
3281
8654
9348
9835
7388
2612
424
4263
6225
7196
1212
3976
2297
4127
6686
5944
5406
2065
9670
1036
8929
1640
1517
6537
199
9048
7969
7746
5960
7632
5549
8849
4910
1536
8720
4075
4521
5569
6946
3773
1764
4311
7438
8152
5586
6476
5080
7141
2472
151
2940
2930
6761
9818
2128
2173
8765
104
5670
2064
8926
8916
8766
4520
28
8281
1399
9242
1859
5550
2888
5667
8628
9260
4339
5004
8432
6328
6267
6167
194
4903
3501
5342
4589
7186
1460
7240
1612
1651
2934
1819
1741
1772
1131
3897
2269
3
3934
2180
5998
4789
8679
5794
225
1059
7524
1433
2153
2385
5743
4724
7188
5900
1445
9590
9416
5399
2741
1952
755
4791
9124
6467
811
7943
4560
9432
5229
3045
1024
3150
9875
4361
3107
5975
5461
1187
9050
8397
2713
4956
1836
7722
7561
7946
1613
3815
2883
9423
4793
8031
4755
3078
4521
2291
4419
8005
9328
6785
1824
7908
2118
2003
6604
357
5032
5061
4266
2517
2954
267
6243
2127
1240
9866
1976
4479
825
5107
9572
2004
2039
3166
437
4236
1389
3460
8253
321
245
5884
7701
9258
8644
3707
6702
2181
1673
7879
7592
382
6962
1008
7988
9769
5184
6303
4887
6924
6820
1845
5939
1965
8968
9317
117
5678
5677
2025
5406
6565
3256
8158
7821
8691
181
1116
2563
8074
7555
7988
180
1512
3538
5231
6127
5354
6024
6450
3474
2574
2083
297
3080
8674
2902
7177
8199
8982
841
4099
3615
8951
4366
8243
2642
3023
6591
9440
6755
8530
2797
3217
7797
2333
8838
7136
718
4140
6186
1224
4236
6713
19
142
2267
2044
9527
3414
9045
5419
8498
1971
8025
5774
2418
7806
6413
4942
5883
9004
3719
5647
5884
4603
8936
6198
5465
3281
6460
9163
925
4748
6403
489
4310
5123
3878
8066
4592
1726
3574
3188
7767
289
5651
3109
9086
1724
1638
5122
817
5258
8069
3776
9837
7448
1412
6151
766
3635
8222
2299
3863
8180
8522
277
4025
6862
1232
508
6686
6256
3731
4652
8695
522
3687
3104
4404
9139
4612
2870
601
6003
9060
1637
1569
3026
4062
2166
8542
7759
2750
3206
5922
5882
4633
9380
2979
4869
9522
1983
9990
8176
2482
4632
6068
320
3963
5692
5712
7929
2653
9953
893
6926
7823
7439
9768
9644
3981
5617
6276
4801
6962
7619
858
6484
9803
2495
6970
8244
4110
4589
8754
4631
8288
9347
8363
4157
2952
6878
8713
1945
5809
2298
9331
8833
8427
991
7011
8815
6526
333
3432
7328
2416
9052
6318
4589
2885
9548
5477
6734
9477
322
2826
4268
8928
7473
3267
1628
7300
5980
9175
2073
8976
2766
2768
2119
4050
2653
417
790
839
9841
1453
255
2548
7093
8959
1831
994
1859
4432
6913
265
5136
7653
4473
7675
1852
449
210
2762
7330
8465
2401
9778
6672
1744
7830
8045
7800
994
7324
9856
6296
5471
8095
965
1880
9327
287
5031
7679
1746
8767
1297
2120
1511
1365
1592
9489
6031
9738
8031
4104
8019
8523
4100
727
6013
6601
1166
3409
4291
4434
4766
7078
9829
8766
5915
4096
8040
3535
1392
4951
4546
9109
3738
9380
9984
5334
3236
2608
9816
7927
909
2784
7632
4767
4381
1342
73
9715
521
4242
1451
4112
5021
967
8086
4252
3052
495
5781
2186
5792
1312
9173
5401
1689
8330
7013
9975
4482
7602
9118
2085
2140
4873
7170
9731
4081
9087
6579
5281
4441
8371
6453
4323
3861
9201
252
2714
9909
5619
4360
56
6675
3032
2889
7457
1127
8169
4906
383
2699
2259
2172
168
1572
7946
2095
5217
2157
6989
8459
4822
4844
1646
1634
7298
8314
4414
8319
6376
6950
79
2893
2466
6274
4368
465
214
8205
9698
7741
5927
6280
6827
9195
6960
1996
5654
5175
60
4118
2242
6798
6688
1053
1526
6641
4004
8138
1700
724
8106
991
5038
6091
707
3374
8212
7595
963
945
8735
3489
1939
4642
8481
6850
652
5310
6667
3064
3540
6498
8967
7427
9874
8092
7720
9477
6912
5174
3081
5125
8660
4547
2199
1497
337
6727
7149
7480
2112
312
7175
191
2495
990
1323
1018
9033
3584
8492
9726
4731
8559
8211
9859
5733
1801
6012
5450
4462
1227
1977
2861
2853
9245
6580
9490
5654
7167
3456
1476
9486
849
1927
5953
3170
6791
6387
9561
2240
6297
3653
9186
3147
1647
717
5590
7971
6489
8262
996
9366
4657
7033
2783
1680
6881
6507
6042
2452
8258
6340
8454
7438
2802
4272
4480
8277
7296
1631
1258
3828
2037
6282
6602
5340
2604
8627
5329
8178
8337
1346
9855
4772
7613
5524
7428
2959
1131
3619
7197
2503
7351
6406
962
2031
3821
7742
5074
3628
489
4711
2400
4177
2329
2758
4431
3829
3763
2066
6238
301
5405
980
1361
6395
4969
9951
3014
2395
5841
7335
7360
6314
5588
6716
5243
7859
7906
9178
9869
1013
9202
1912
198
1548
3340
5539
731
9872
2306
4270
1925
8936
8692
7900
448
388
924
4212
510
809
6733
3149
8237
1422
9605
7261
7807
8458
1989
1497
1068
9249
3465
274
1080
6561
3112
3157
1920
8993
2618
9222
7984
2734
1066
4439
2118
7177
5166
4664
95
1380
9701
7101
2663
5809
2588
4961
6086
4191
413
8166
9238
4831
2626
2707
6215
7717
9861
1925
6190
9925
5632
6775
9218
6532
46
7955
4205
3152
1175
6297
5638
2404
2513
8543
5249
4488
3222
3662
3966
538
9396
5956
5009
6818
4295
1811
460
5873
3675
1467
5624
5666
6075
2007
1353
9223
549
6346
141
8978
7924
2089
217
64
3113
7372
21
5678
3979
1378
7310
865
9794
9424
1848
4708
7104
2646
2358
9770
7584
4718
2374
7952
6928
4158
391
3114
7670
9118
1719
8520
6467
3652
1662
5660
1317
6794
7257
4631
1119
1340
3960
8130
2637
9200
6054
2270
707
8907
723
4975
960
2394
8661
20
6672
9396
7724
2868
5609
8028
2508
2678
5062
5055
5954
7319
4351
3329
6648
2570
3632
2653
2681
5934
835
6462
5051
2006
5787
2272
9766
467
8879
4051
7830
8319
5866
816
5016
2738
8742
907
9967
8328
6813
4532
3819
3814
4079
1277
6901
6694
2591
9642
1452
239
227
8462
803
5158
1281
293
3965
347
5526
7027
531
9086
7801
8447
7620
7627
6085
1664
8856
8311
2022
8
7965
1806
5304
1011
3375
1227
9034
795
5762
9359
3006
7469
872
4468
5447
5743
8725
2774
2494
1967
3013
9006
6793
2003
4572
2022
1296
9223
9538
5270
3078
809
2017
2014
6410
6219
3204
843
551
7060
2020
6726
7060
4590
1182
1415
6506
5558
8662
2088
8784
68
1591
9032
3707
8134
9655
3833
8204
1347
7969
9523
7861
4247
8822
4103
4245
8366
4651
2771
8525
8018
320
3658
6626
1482
2193
6219
1999
3602
373
9452
798
8600
941
8850
4909
4881
3100
5024
9749
819
174
1184
5276
739
5965
1794
2007
4995
8809
1920
9827
5708
1032
6595
1643
7582
5495
7831
4962
3434
6908
6679
4057
5375
8575
6887
546
5515
4354
973
1806
6493
5013
3577
8018
1454
1953
3932
5828
4194
4074
233
2355
9097
5447
1561
5633
8398
2745
2237
4981
9
4998
7936
7013
5991
2070
5833
9033
7467
9316
3887
2131
3301
6940
4292
4273
8961
40
8
3717
7362
2736
2857
7800
1314
4067
2470
3344
5519
1196
3102
4375
742
1652
9745
2759
4884
4602
8824
2564
9565
5860
6619
5883
3956
6008
6889
1548
7223
9930
9106
1089
3678
6093
1973
1632
7950
6615
8353
346
2784
937
3885
4779
9976
6503
3749
6268
4272
2180
8789
7129
8628
2787
7142
2861
1717
2338
3667
7316
8197
5009
5424
5238
1164
4863
2967
9297
8756
2023
594
672
5635
2122
1252
3324
8981
2223
2238
5448
2449
6410
1868
8680
107
9168
254
273
5917
8885
1192
1129
2470
3413
3816
6390
8386
1539
5494
1077
7646
8445
8465
7469
7298
502
8905
3694
426
2408
7095
7316
5490
6199
8466
8017
9147
2231
6933
9970
6437
4198
4767
8037
3087
9724
5956
9416
8926
6978
7944
7231
996
7713
3590
1286
1543
4665
3746
2301
4970
2629
2552
9065
2777
4350
2194
3139
584
8421
2216
1204
3703
2428
8430
4111
7259
4976
1404
8297
7970
4864
7447
4561
2106
3645
2713
7320
8216
1556
1421
2112
9139
9383
3496
9760
9774
5437
3698
6896
3421
1687
1789
638
1450
2260
2194
3684
1887
2182
4840
9950
8489
1719
9867
898
5678
2036
463
8169
7709
8192
4605
7120
7445
3905
4400
8639
9720
5161
6829
2098
3587
4142
6459
4046
2258
6274
337
7640
8037
8044
6064
3169
6762
9663
2571
9569
8869
9603
8295
1073
959
8890
6414
2335
271
9418
7625
2347
9169
2056
9704
5349
9469
9873
9385
135
5423
4352
5876
5122
6468
4003
9993
6920
9613
8113
1665
449
3001
5040
1073
3447
7747
1860
9763
8271
5990
58
7882
3877
5218
4725
9180
9803
5322
4947
6084
2258
143
1973
562
6300
4868
2424
1136
4809
7179
7620
1990
7207
1854
6260
3259
4578
7334
9853
8009
4751
1603
1946
7770
4684
1041
7367
847
1342
6156
9120
2719
5642
5106
7449
415
2365
5086
3183
1886
2319
142
8799
2654
3473
606
388
4427
8398
6123
6742
8774
7098
9339
417
2241
2572
3123
7014
1802
2406
5614
1359
7811
5684
5071
1925
1899
5533
1432
7074
5285
2341
8024
2332
8737
2197
1364
1002
2039
9007
9998
3707
1183
1657
56
4491
1368
5519
200
3532
2346
927
7031
2616
9468
5190
872
4909
8506
6279
9614
4106
1198
700
5363
33
1291
7354
1458
8129
3147
2384
3686
7526
7570
5799
7077
7932
7577
8903
8143
5147
2576
4156
671
7523
9213
6076
8365
444
2466
1630
7796
6270
7380
6804
7244
1015
1167
1175
4086
6540
5451
7444
5225
569
7299
679
645
8190
3944
7220
9543
4625
5800
2071
3726
9930
8159
430
9475
941
4749
4111
8306
2005
1168
8526
356
7225
6892
4153
7670
1926
6240
6683
432
8046
5705
8481
5174
4695
369
662
1363
3095
6823
1207
317
8432
2537
511
2206
4404
5059
32
403
6203
6085
2850
3641
1735
6788
6097
4792
4726
7925
1063
1203
2465
6863
9646
7530
3328
168
8537
2818
45
6426
6356
4259
9778
936
4926
9579
8906
4602
9494
3036
8499
9710
1405
4879
9395
2385
9549
7733
1827
799
3423
7212
227
6348
2871
8745
9186
6246
7556
7491
9507
2420
3334
762
8228
2592
5215
7922
5352
558
5324
2084
9447
4742
5988
2397
8942
2247
833
2933
6566
277
5714
4208
2274
8473
3414
1249
3811
3860
9074
8453
1102
8589
8983
261
8964
6331
7563
2406
3011
7140
9673
2059
1583
7295
273
2305
6419
2614
71
3761
1496
8598
8351
1254
5142
9051
7550
8228
731
8922
4614
378
2823
4689
1164
1828
4674
8863
5559
3220
8456
8997
7417
990
6661
308
871
9551
6231
9523
2872
6046
1150
4177
5333
2427
964
2634
7050
5966
7159
4162
7580
2960
2724
4742
8769
2516
6204
9252
1904
6625
6617
7817
5516
12
2878
4604
740
6864
85
7746
1400
4248
980
2257
3595
644
7476
9749
7476
8739
5047
8495
8778
4731
1693
4273
1706
2488
1910
1683
5002
6665
2497
1256
896
2716
417
595
3009
3048
8054
8030
3316
5288
1186
3201
7477
9370
6946
7947
941
9456
39
4892
3658
9239
6219
2014
913
9893
1068
8227
9601
6222
3932
1238
4271
9622
3146
4873
3741
4692
3036
9857
66
5777
1180
5255
430
2613
5537
7992
9525
6247
4226
4211
7841
1636
2854
8200
1116
9804
4934
7776
6151
3198
7116
130
5673
8178
6910
5326
2584
1692
8006
9742
9655
6491
6826
1784
8846
459
6715
2150
1858
5878
4445
5192
8824
6565
3751
93
9768
5934
6743
5403
1449
4334
8314
7331
2334
5525
1239
488
2120
19
1528
4642
7279
2370
7672
5745
8223
775
9543
6952
3127
337
3982
8933
8746
5800
3894
5406
3639
9981
651
241
5230
4149
6624
974
3569
203
413
9548
2339
3429
7772
1311
225
8046
8012
7976
9762
7502
3151
2137
1247
3011
2574
8882
9916
602
3865
3345
7764
2276
5561
9308
9103
477
6740
698
4188
5977
5158
5747
2341
6221
967
4180
6803
7846
8590
4437
8247
2361
5034
6181
5157
9744
6408
6375
9286
8311
4315
153
8197
2844
4058
268
2082
4462
3423
2111
23
5240
2650
217
6929
1532
8184
7478
8049
3021
6600
8973
4161
3152
2752
7355
349
5013
3652
5101
8448
5101
4254
2515
6487
4169
709
7616
3356
7790
9801
6796
3463
2850
9283
7502
7251
286
7613
8638
4317
6227
3981
9487
9867
8220
9466
1611
7812
1286
4453
9401
6402
9403
7234
8616
6268
7368
9297
960
8461
5462
6299
8895
6858
587
662
676
4626
6714
9222
2127
1461
2572
3594
61
5130
9218
8399
4696
5083
2427
9879
435
6788
5720
696
909
1136
6014
7288
3326
5863
3023
1708
7464
4643
4400
8848
4522
546
5593
4104
2856
9119
6861
276
7134
4359
5582
1141
2797
5199
9230
2976
4491
7889
4634
9389
584
4009
610
4128
1800
1442
9331
7652
1355
6747
9927
5111
5118
84
7776
8952
2764
7953
2531
8084
3968
6604
2825
9352
1901
4982
6649
3245
1262
8158
1740
886
2039
3295
8589
8481
4115
185
9315
5820
5394
4123
2499
5470
1956
2309
9132
2229
9767
6885
5478
7522
7239
1086
2533
7517
5672
2280
7629
4926
7272
7924
1475
1132
6703
1194
1544
2694
360
7252
158
6266
5905
1513
8851
1333
4119
1576
4370
1823
3276
8626
8525
5544
3213
8905
1309
5726
7569
3199
8218
3183
1398
7688
6058
3369
1975
8164
3529
3859
8510
5208
3415
9111
5188
9153
5404
7150
8572
9003
1512
4629
1446
4147
4189
6617
8806
8562
9069
6898
4258
7635
5217
2395
8696
9830
3780
9202
9527
8451
9995
2755
3360
1261
2890
7308
9809
3831
5513
2756
1872
3756
3594
1433
1166
970
6386
595
7759
5969
1799
6784
9440
9271
1295
1686
5517
1365
7952
3070
1465
7326
8851
9375
5891
4495
8463
2173
9540
596
4986
8268
3989
707
9729
7562
827
9349
1488
7609
1695
1678
6037
3971
20
1754
1580
3863
4390
2253
3487
9481
2464
5553
2168
2924
3902
6929
6088
2327
3949
2757
5505
9187
1718
2132
5102
9468
7557
6089
34
8710
2890
882
8864
5406
1641
3582
893
8187
1906
1557
318
8537
2108
3216
6187
4594
316
9697
3974
1984
286
2938
9502
1293
6974
6653
9919
3669
9986
9022
9489
6928
442
6181
670
2574
6980
5981
8218
8660
8069
1283
4451
3175
2543
3127
5127
6492
5940
4099
4697
8196
8358
9261
2510
4050
5086
8594
457
2285
2717
1470
7009
1744
8571
7581
5160
8089
1917
1200
6701
205
5238
7015
2438
1930
6358
7418
6319
5471
3933
8846
3085
6371
5650
5339
821
6138
2677
4154
3545
4738
1854
6078
3917
1855
9378
6965
3816
1865
3837
2513
1949
9731
5361
5567
1377
6169
3171
3713
7842
4835
2575
4523
43
1991
6681
6870
6592
9921
5317
6942
2081
1574
5003
983
1229
2407
84
6386
6964
7712
1626
9748
3731
6118
1036
104
4442
90
8577
7897
881
4338
2503
9123
2550
7838
1939
2281
4438
2507
9867
2439
6748
644
8509
2580
6888
6056
269
9776
2707
8445
7379
8225
8744
1937
9982
8429
5352
5198
6904
5171
138
2949
4999
5279
9837
586
6184
1023
1432
7458
6604
6302
4302
8164
7450
6586
3000
848
4630
1234
2463
772
2984
1524
6142
1737
9504
4047
1138
9651
3984
3469
654
4382
3702
5797
2739
4214
141
1866
7753
7546
8160
1590
6519
412
5645
1442
4129
9577
2979
6742
8192
1472
3540
2545
3716
990
4793
4044
3847
3381
4385
41
5458
507
1841
5357
2639
5530
3279
6308
7095
1998
2287
7712
6777
2033
8414
4912
9006
4248
3020
2447
5167
2916
5645
9682
1712
5441
6163
3975
9896
4686
4179
2102
4507
5173
3293
6048
5935
2473
6565
9637
6256
6491
6326
2540
6234
9446
2577
4723
518
6083
9278
9141
4737
7547
1872
2350
71
8988
9042
2973
5185
4691
8172
6186
9157
6974
4291
7363
630
1989
2467
5398
24
1441
3796
3060
3833
8487
8165
685
4019
2754
6925
9491
6029
639
1823
991
7367
7512
8451
5874
9991
7359
7144
9850
3220
5426
6188
7909
2508
445
9431
928
1821
956
9514
3664
119
4004
2235
2573
1784
8386
6257
6335
8720
5829
8310
9836
7395
8874
59
9391
9602
2245
8907
8909
4676
2022
2688
1992
666
8748
7397
7352
7524
1121
4472
3384
7892
4737
7824
5010
7491
6313
9923
7154
1324
4057
5643
1370
880
1854
1891
2112
9852
8979
4479
7439
1193
4710
913
5796
1978
634
7813
8521
2703
1707
3725
5896
1550
6729
9463
9818
7274
4620
5690
6836
4608
7390
9640
9110
7184
2745
4327
1092
2653
2781
6381
3305
1841
647
9279
7380
2162
8208
861
7608
8801
4466
8508
7809
7752
4382
7660
5373
4195
2309
6446
4907
944
5196
2084
354
3650
8756
1157
1439
462
1708
8636
925
912
6212
9616
7741
4715
3634
9934
3278
8010
7597
4111
2081
7520
9406
7188
3840
8246
7598
7435
5537
3251
2445
1796
5135
6260
9079
236
2254
1812
9416
4003
4681
6861
6993
8872
6987
9210
1916
980
5223
1156
1282
6479
7372
1364
9105
8795
5644
815
3450
1781
302
2225
4172
8037
8331
6217
9354
7302
6223
3015
9624
6745
8274
2305
2266
3587
8161
236
889
4866
9685
1525
9388
6672
8685
1401
9148
4726
9468
1282
984
497
8186
1878
3774
4333
2019
3357
4439
5975
6200
930
8887
4330
897
2322
8818
8186
3419
3989
9513
7782
8402
1036
4996
5344
3962
4763
2503
5968
546
421
1593
8654
44
2294
7482
2950
4833
2740
1169
4996
2448
1258
2121
1259
1066
623
8823
4975
5089
1678
8523
831
4136
2359
3168
3794
5786
7423
506
7772
9612
408
4826
4737
6909
1340
1593
418
9195
825
68
9934
4342
4713
4312
5240
4493
1670
7499
3087
2902
591
2544
4915
3437
8505
8180
5680
8617
5898
1791
8597
1184
1404
4976
9587
4452
2956
769
6478
5782
997
872
2530
9720
852
511
3777
1739
266
5453
2305
5704
8560
744
4140
1114
6000
2465
7010
9849
1723
3358
8404
805
2205
2787
9161
2984
1632
4209
2369
3534
1868
2533
5828
3
4249
9664
2053
6096
4730
799
4767
5276
1196
3413
9645
8533
7243
1495
1679
3225
803
2272
8655
5045
4065
5454
1774
7463
9635
7768
835
7945
7914
3218
1809
9551
8315
2486
2282
1876
9250
8106
491
5276
8486
8148
5776
7017
9852
8898
5937
8190
1295
6726
9551
1492
5167
2150
6391
5776
838
9076
3356
0
8837
309
6521
4596
4243
8061
2650
2714
7707
5624
6325
9532
9897
904
8383
9981
80
279
3918
6061
7431
6688
28
5998
5091
1265
8798
2161
1368
4122
147
7241
8501
4875
6654
1544
9304
1062
8374
2206
6442
3586
5294
984
3739
473
2050
6327
6640
7699
9345
2801
6750
3251
527
966
1406
2110
2669
3793
3425
1732
2930
2700
7700
2727
8494
8679
5783
9004
2349
7740
3192
4205
4482
5510
8870
2948
5631
5985
7934
2428
6590
1777
4578
342
223
1531
4784
8738
2325
9722
8051
6329
2158
439
6918
6129
8971
1687
335
6696
7269
6018
5389
3376
4389
862
4691
5549
3948
9909
1000
486
2381
999
5078
1956
9794
9379
6651
4419
3384
9167
8537
2399
7026
1067
807
1028
4607
6429
6339
81
9032
946
7393
6214
2339
2200
6680
5564
7801
2839
866
6045
3036
5882
7431
449
5889
7220
4301
8873
406
3227
1486
32
5462
693
3708
5354
7047
5110
4306
7932
568
1277
7726
4279
3541
6561
860
349
7780
541
3955
5258
1049
6483
9655
5482
6662
8789
3014
8271
2013
3171
5109
9383
2430
1975
6893
9015
8579
8404
7000
3560
5252
5727
7369
3881
1087
6681
3801
1153
2157
1511
855
9025
214
3029
4789
7842
1766
6080
6708
761
238
9381
9864
6201
568
302
3030
5602
8321
564
3259
4169
6253
2330
1467
2247
7660
1643
5382
997
9000
3561
1846
6397
7735
4862
7473
2852
4064
4875
8991
3712
3944
5171
9521
4604
5078
7619
12
7927
3271
8783
2470
7029
4420
9090
2093
1349
3827
704
8794
1266
2348
5529
9669
3939
3171
4257
1836
6967
8977
9217
3162
5408
2637
5737
3926
3244
1602
6891
2661
8011
8316
4888
7327
2245
3159
8850
1012
9613
2509
4995
5009
6175
2213
4510
5695
1901
1202
2601
9142
6707
6842
4170
6690
1644
5418
3678
6238
1901
4522
2108
4430
4330
7928
5357
3838
9990
6325
4426
1390
9145
7278
1348
3839
5539
5639
5861
6519
6982
1629
8690
138
1423
5025
1353
3966
1902
2034
6235
4628
7659
8014
5522
3996
102
4468
6832
5789
1560
2034
5182
1613
6799
8528
178
2877
2003
111
8726
136
7859
3839
4251
4418
6069
5161
5116
1843
2113
9059
820
8876
5962
6696
404
6966
9467
2648
7834
5809
2795
1612
8746
8703
8644
1776
7602
3028
8285
5678
6036
1469
5193
3401
128
2115
8425
6562
3594
5806
2953
6480
6723
1009
2324
9456
6584
341
8544
5067
1527
4306
3423
8947
6529
7667
1668
5951
8846
8506
5458
7299
8984
7899
7799
7177
1804
3912
3579
1099
1479
6562
1548
1108
7874
1899
5092
1151
6616
3588
2667
3912
1243
2235
4947
2837
8205
9385
4842
6807
2072
1305
1905
9730
7021
8203
4765
5444
4934
6567
3273
1091
6191
6218
8711
3171
5609
196
973
8144
9612
3093
857
2020
4959
9393
2762
4645
1707
7191
1878
5218
1793
2264
4368
6466
3387
3618
3337
833
2578
4616
8261
353
1703
6575
7232
6955
1437
6158
6746
1059
2940
9413
6879
4582
2526
588
6800
3409
7049
4114
7412
9943
8219
7233
2421
4207
5111
6781
5505
8334
9674
8677
3184
6971
248
9125
9119
159
8743
9526
2016
967
7759
27
946
9146
6733
3946
5356
7964
1447
4583
2528
2093
672
906
8472
6686
4713
5550
9709
3578
5800
9906
2755
2235
5084
6759
2829
74
5552
1647
1993
3205
3485
7644
6961
8375
2242
6426
2324
352
8669
5482
8585
7902
8648
8521
7762
6374
5743
3652
838
9029
706
10
1753
4469
490
2063
6034
1875
62
8889
9185
141
559
8069
6332
5585
5596
7244
1663
6885
9038
7861
9569
8721
6281
332
8364
8948
1063
5568
8530
7795
8786
6772
6085
2440
1771
79
8387
5856
2347
6453
9994
9055
447
7866
8626
916
1801
7219
168
9843
5604
9695
2502
1021
2348
965
1183
7115
740
8881
3338
5341
9070
5753
3430
4709
785
4484
458
1900
7123
90
8123
9790
1166
4995
918
5157
6683
4949
7464
3009
5208
8656
2568
6395
269
61
8255
9558
9686
1926
565
2250
763
8590
8126
3046
6590
1412
7569
541
4804
569
7347
2630
700
1579
1204
8688
1764
6818
1539
8905
5715
9343
6925
8787
6399
7806
3382
6459
2776
6146
6431
4228
9418
4704
9047
723
5856
3926
1483
1902
9391
3025
2564
4892
9116
2200
2225
9770
448
811
450
1553
8778
7751
4714
25
6202
7698
1500
6739
4210
3733
4667
2095
9050
9588
666
6985
2453
9252
422
6754
7816
4846
5977
2629
6442
5603
408
9022
9072
9931
2321
948
1542
5102
8761
1532
2552
2075
375
818
3674
8279
9924
6266
23
2047
3053
8105
9572
4309
7348
2694
4421
9497
8152
2338
4793
226
4158
7711
7555
3255
3638
4117
4946
6779
8340
2611
2963
5527
5078
2329
4650
4773
8834
565
2873
5904
9111
3567
5894
180
3378
734
2659
3750
6956
3076
1778
8672
1097
3929
1517
7644
6484
8528
947
2329
238
450
7886
1482
1802
1930
8874
6195
7242
5648
2776
3819
9046
9888
6656
3171
7142
8711
6153
2162
1384
7108
3265
3233
9768
6417
8458
6032
247
8683
5296
992
9398
1828
4116
3917
9580
9021
1871
4155
7447
2812
2314
1766
4189
1255
2589
8221
952
5108
8698
893
4971
2669
8909
369
3454
3507
3279
4663
7148
2288
6470
4466
8268
1407
1388
7354
4740
8971
4665
2723
959
5716
5948
733
8709
4427
977
7198
9104
765
434
2827
2376
7795
2154
8998
4661
1413
5526
7567
532
4085
5029
317
7456
8969
1312
2388
1980
8652
358
7368
8507
367
1071
7785
6837
9363
4600
7192
9575
1643
1677
744
1093
960
1941
9433
2339
1471
4915
2077
3814
4785
1499
1337
7843
1120
2903
4634
6062
6440
2019
1545
4501
662
4193
6061
5639
1994
23
6693
2324
3291
5674
4150
5920
7674
3761
1680
4656
134
273
1609
7712
1072
2961
7243
8467
648
2583
1309
108
9445
6506
1815
863
84
1991
6482
545
817
2075
1117
9292
4672
2021
6916
12
3885
8601
5444
6229
6214
601
120
4070
3898
282
1916
3107
9929
1417
4650
7315
750
4463
2726
7674
8299
5785
514
7052
6475
2134
2811
571
7104
7722
5169
6599
2575
1236
1822
890
871
2303
6586
4803
5714
9825
6166
1997
925
2346
201
6470
472
4797
223
2519
6262
1536
5701
722
4935
9841
6578
1004
8729
9948
6640
33
5464
7468
4374
1688
8687
3662
1586
7419
4946
8975
3261
4585
1785
4011
2347
3667
9169
201
2711
3906
8348
2612
130
8249
5374
327
8621
7408
3870
7749
1308
9207
3007
1352
818
8121
8296
366
6247
2262
8757
1671
7869
6766
1946
4163
4962
6127
4427
1628
9993
7853
8519
9788
5201
6390
2939
5281
4834
7523
3673
347
7999
8610
7163
3503
8572
4430
1750
2745
2239
6978
8575
4585
4346
889
7028
2435
3522
1137
2575
8290
1564
5768
8622
5712
2858
1973
7048
177
8042
3835
7170
8842
8844
1092
3096
25
9212
5781
694
1299
9018
3105
1801
3703
1218
6811
2238
6921
6816
1584
8677
8718
3850
2099
2857
3208
8357
7424
8615
3221
5232
2514
5745
1734
990
4047
3004
815
1243
9315
1887
1172
4874
6719
4574
506
2231
5310
7905
6534
1413
7657
3767
6934
202
6687
3313
6974
4733
763
4530
9172
5849
1709
1435
4937
3195
1519
5055
6792
8396
8627
2741
9384
8648
5024
7300
266
9763
3613
6712
1416
4429
671
3149
5224
6433
9642
7193
1879
6629
5612
419
3810
6266
3258
334
9002
9228
3799
8921
4367
266
9289
4725
3122
9725
2526
6354
6512
5887
3695
9225
2529
1819
9246
3627
2425
6985
6470
8528
4671
3703
128
8943
3944
1490
6505
1952
6356
3405
600
3009
2038
8913
3326
2724
4221
799
9330
9617
3796
2370
3978
1130
9301
1789
7597
2447
2869
5996
5713
4761
2265
8924
831
433
1874
7283
6186
917
5129
1648
8938
7231
8266
6082
9212
3977
9154
5114
8371
938
3228
5140
2100
470
265
9683
8305
9419
204
62
1307
5694
3457
8570
2605
5025
6454
5272
75
1448
9799
4895
3129
7467
5300
4922
4636
8080
1798
1985
5419
3969
8643
7056
6621
405
4136
4798
8485
2027
8046
4413
1931
713
4446
9468
4869
8822
7562
6778
1342
2883
7777
7395
8621
1103
1943
1038
9268
9744
676
1277
4606
7268
7665
3432
6373
1979
1496
6332
6383
4791
9327
9500
8243
5389
1604
1752
8173
9430
569
5582
7897
2443
5587
6705
3690
4260
2494
6966
9225
4332
1716
633
131
1958
4474
984
8346
5829
7574
206
7545
964
5239
9939
1823
6582
7650
8871
365
426
168
9627
6866
2472
9926
932
9449
7326
5038
3872
7079
1268
1016
3774
3498
2368
5979
3353
7038
471
532
6712
5882
2538
7998
4508
3467
1805
8238
4816
4898
6895
3778
8254
4589
4900
4893
1493
7076
3896
3156
3675
4614
6154
8257
492
100
1564
5640
9406
7869
6782
7648
1152
8136
7478
843
4445
8714
9220
6429
6891
815
8180
5373
6029
8330
2307
9234
348
3346
4598
6983
4166
2830
1414
1584
2837
2637
6882
5179
1111
8238
3518
9130
2147
8352
8014
5274
2385
6788
1048
7160
2944
2761
4072
7185
4444
2859
6867
3567
8300
634
500
7675
8356
1942
7363
8258
4460
2166
4389
104
3956
1995
4557
1537
4388
1702
7879
9343
3423
6130
160
2775
4136
7153
1393
2471
3627
9401
1397
1448
8401
1383
9706
1884
655
1380
3898
2940
9558
1522
3366
8657
9296
7734
3368
4364
7585
3427
6778
3831
9580
4395
1782
259
4938
7063
2936
8278
1690
94
2778
2780
2546
865
6287
5584
2402
4260
7101
467
7344
2961
2885
1156
5414
2204
1301
4511
3050
4366
3152
1603
4276
5690
1788
4005
365
2870
5763
7143
8149
4594
6834
5933
410
5484
8585
7471
159
8443
4346
2023
5873
3274
5228
3421
8584
6903
7594
7991
4350
5425
9713
8254
3389
3333
113
5809
8747
7785
2904
5396
9444
9003
3448
5619
508
6177
8147
36
6358
2707
6422
7256
6510
9325
4180
2290
8180
2537
8307
3750
3890
340
2373
401
2492
2626
105
9347
6189
611
3366
5918
1707
3107
3154
6728
9138
2248
786
2321
1414
3345
3709
9395
5637
1864
2261
5630
1565
3505
2914
9850
7388
1214
1318
8454
3026
2556
234
5698
7641
2991
5950
1556
5240
1439
3309
6020
374
302
1057
3332
1616
7569
9999
4607
1240
3419
728
9561
7504
8946
7719
4521
2810
2980
997
1075
7183
1322
3027
6116
8597
2161
9900
4476
32
2219
7452
3197
2666
835
9482
1395
4003
4567
379
3700
6321
7645
5107
9526
4448
1684
9668
3402
5261
7875
772
6252
5789
6342
9957
964
2333
2663
8725
2335
237
2879
3177
4304
1182
8885
3615
5860
1484
9984
6119
4889
7194
1026
6894
931
7785
6526
8066
6771
6563
6498
8098
9168
9365
7012
3789
777
965
7398
1910
2111
2469
2832
8733
1087
5463
5082
6986
1568
6660
1437
5309
1028
6247
2883
6323
8502
9823
1963
4572
4019
2912
2279
5341
7089
8123
3648
6238
3497
1625
2101
5969
747
7503
7941
7484
7173
2827
5658
9093
7154
4592
237
9455
6852
3651
2602
5129
5221
7039
8467
1494
3003
8285
1485
1898
12
911
4076
307
8941
7522
5343
7859
1739
3043
520
2385
8058
3907
9676
6469
2271
1736
9670
4124
27
2886
7933
6552
2332
8366
2957
729
7926
4435
5976
5905
19
7330
4280
9656
1568
5172
1286
1567
2370
957
2099
4279
2180
7114
6266
6087
366
1481
9471
1060
99
743
3927
9800
7631
9666
1571
9296
396
4727
7683
4235
6390
79
7751
3055
8775
4405
1402
7058
8185
8336
6186
9123
9854
2464
157
4718
377
2435
1356
3305
6785
4560
6765
8350
4407
5433
2425
9331
4962
4773
4132
2496
485
2618
1665
7167
9833
67
8286
3026
219
902
9976
760
6032
9463
4442
2340
5033
9078
7967
76
6146
7750
9930
8886
9742
915
7321
853
9751
9028
2918
7802
9165
1505
2416
2709
8656
5844
1835
2439
8832
4076
9876
7097
8605
1983
9512
432
8085
1108
2212
2950
9948
1505
5264
2360
1737
7230
7276
6240
1354
9725
2765
5998
307
8525
5611
6583
3798
5966
311
4232
2636
8496
1511
4978
1809
6151
8594
1978
4307
2392
2396
3088
1829
331
1917
8460
9521
5187
2520
222
2715
7939
6933
4436
2820
5151
3307
2509
9516
5211
2045
8844
5742
7906
2487
2549
55
9696
513
3165
9501
3722
1566
2305
2839
2044
7401
8376
7714
818
2502
8179
9709
9763
9809
9203
2160
7024
9543
4862
883
4433
8198
2687
4341
4039
4094
1365
7923
2600
2455
7215
487
5585
4751
9238
8666
5004
2055
2033
3021
3261
5885
9550
88
7361
318
2359
3752
1181
4805
368
1437
2265
5528
6440
4592
2790
6835
8104
1866
6451
3381
6085
9587
2629
661
8702
2402
3647
6294
2568
2111
2405
2249
2718
6249
684
8516
230
5102
2650
6033
5346
6596
653
6393
9516
1970
4218
3196
3501
220
7851
8906
4941
1197
9199
4462
9577
6256
7428
1652
2910
8207
6773
1454
7364
756
1283
7286
645
9210
5089
2145
6760
6414
4852
453
67
4680
840
6582
7238
7018
2244
6421
5979
9687
3797
3296
1386
899
4638
1444
1964
5555
4580
4277
6579
3583
2964
9583
1875
7336
1850
1273
9463
5590
3427
5730
2220
245
6572
7909
5818
5405
7326
7208
134
8738
4626
6288
8779
3352
4117
2872
4604
6662
972
709
3045
1047
5606
1193
4752
57
5981
2473
2363
1759
2726
3078
9894
8920
550
1776
8104
3168
2395
4321
1547
7528
9578
3479
5987
803
2486
442
2737
5056
786
2726
96
5170
2399
6265
7785
7919
7454
9542
7788
6139
7938
3421
7453
272
7785
9236
3602
8267
7300
7475
4156
6259
5176
6896
5132
2321
7970
7023
5949
821
3023
3220
652
2611
9847
6250
3752
779
7642
5494
414
1174
9265
6045
761
6605
1268
3316
4178
3300
2430
8154
2341
1687
3172
5011
3452
4379
1044
2787
9150
9535
3612
2594
5520
6381
9465
3728
2460
9526
376
9793
7280
2896
2986
300
9953
9537
5395
6266
6815
8274
5960
8971
4749
3298
9479
1042
543
6385
8263
9034
4927
5033
941
2172
2329
716
1611
8580
8632
536
6416
8354
6065
7504
8694
8376
5601
3416
1486
4015
849
2305
4902
2606
1530
7130
6934
9132
6647
4095
2253
1599
138
470
9267
8023
7657
3440
7192
3521
9549
3979
3447
1835
1280
1369
3757
816
842
9145
3323
4475
741
2980
6817
4574
6040
242
8074
5397
1596
673
659
7449
374
1732
3597
9900
6606
2544
419
9628
5700
3811
3322
9053
5317
9976
4388
5476
6491
5884
3318
4772
1595
1461
2573
8750
8667
725
9595
5173
4815
2218
7202
850
9966
4021
7575
6772
3226
3426
8820
5281
9080
6718
348
6330
8453
6213
1815
5802
390
6583
1873
8484
5344
9089
823
3548
3006
2157
7888
243
4669
3939
1674
7197
7508
5268
4535
9589
8392
8891
2170
2752
3179
1469
233
6441
3318
3142
3341
839
6360
2451
5258
8400
1803
7368
3527
8509
6920
4672
741
8846
820
1218
6124
6422
7569
9960
1977
2984
5331
8092
7382
3322
4701
6799
1142
8613
4902
5700
9580
2469
9719
5722
4965
3763
5909
6919
1488
3241
7009
6664
1167
3958
814
8550
1437
6822
3456
8075
2624
3573
686
8644
3617
2163
142
759
5405
1285
8838
8995
8927
2637
7288
9651
6651
5796
7715
1298
7761
5718
8608
314
6341
2247
5612
3360
4578
2287
9976
6148
7831
4421
689
7279
3350
7281
6444
9662
2277
2112
4822
4484
8616
8888
9097
1282
2901
2171
9632
409
4236
8447
5791
6064
366
6827
233
7724
4759
4015
672
1735
8646
7806
3928
5366
5131
3983
2046
8077
710
5200
1494
2086
8137
4362
2204
3158
5993
7010
1954
2619
3356
2301
6899
5378
8746
8323
4819
5586
2799
1564
7829
7890
5812
5224
9639
7212
8054
5941
2424
4364
3816
3869
8790
837
1343
5035
9645
4371
9603
9181
7329
2644
8107
3749
3479
745
4969
5516
2922
3831
1770
4560
756
1451
6999
1854
3882
3471
8996
9658
3495
7906
1638
3420
55
4410
4346
4184
3188
2272
2630
8470
3526
5370
7547
2094
1345
8442
3923
1933
7686
1218
9112
8225
6449
283
1275
388
6134
7734
907
4469
5440
9110
9442
75
997
6650
9328
6215
6104
2474
5373
6647
668
7561
1285
3941
5051
3006
7427
4784
1844
8386
1750
3381
8927
8804
169
1671
5458
8230
2816
5309
7179
3876
5593
328
2436
6045
1782
8363
3168
9907
7822
4694
2291
8915
3945
7021
7883
9998
1460
6026
1545
1669
983
917
3715
8632
4900
1292
6040
7833
8766
4414
6371
7426
9216
3303
4786
2959
7752
2404
7891
9463
4132
2808
3228
5479
7285
9136
1867
6001
9990
1298
9762
990
360
1790
2311
6230
8086
6824
4420
6821
6111
2384
4938
3236
5300
1158
1873
7927
3821
6772
6989
5355
8150
4875
7255
9001
9784
8153
3296
8624
88
5460
2879
4733
9505
848
2184
3561
2039
1226
548
7351
1045
5414
5248
281
6822
4213
1584
8890
2652
4437
6978
56
3418
9522
9443
337
1526
3067
4436
6499
9582
2580
4109
395
1351
4714
598
841
5999
500
8442
4513
4780
7005
2228
6853
8160
292
751
5665
218
3966
4815
7063
4874
6297
8277
520
3145
2942
6287
9282
2160
3183
7314
116
9381
1136
5264
2081
6136
1567
2761
5277
1837
6252
5720
6735
7854
5378
7499
8243
4743
6762
7254
8128
9917
2259
7361
5220
5815
4144
1354
7653
3978
9770
5942
3440
383
7933
8154
2310
5544
563
3288
1251
2813
616
8125
4737
6900
2963
602
5723
8820
7057
1489
8796
105
2623
7126
1985
4025
6931
3642
6080
878
1291
8565
2848
1697
1282
2745
4820
7015
75
9396
1454
8851
4860
5051
9460
461
224
1192
143
59
7446
8987
5633
3931
2877
1415
1299
2809
8865
364
1762
7341
5916
4400
4403
3971
1903
2958
2218
7501
4670
1104
2305
6110
9342
846
7757
6157
6319
1046
5418
9383
594
7179
8997
6809
3902
3663
5524
510
337
8530
1216
5830
5496
2259
9870
3927
8876
5272
7079
3648
5365
790
2105
5119
7256
4125
7513
240
1324
8771
2865
3785
6469
533
1972
6616
6850
2422
1660
1548
7342
5592
1981
210
9394
3304
122
541
9643
3847
8531
3503
5155
5948
9325
1423
7392
2234
3160
1421
63
851
1211
5281
1692
6725
4198
2626
3796
4129
9649
2594
8703
3268
1562
8511
7892
9350
1739
4392
6183
2636
3957
3097
723
6429
9839
3879
8608
5735
1863
8107
9339
1662
3826
4721
4662
4928
6337
1040
8797
7578
3006
4690
8840
2015
2314
3982
3253
4561
2113
6607
8842
1567
65
4333
733
7201
5872
1889
5359
4980
4576
96
4109
7931
5951
742
2137
3058
77
7757
2354
3913
3721
1127
2244
3791
9318
8509
4191
5461
9871
3328
792
3775
758
1568
295
1118
8114
930
4934
765
6040
6889
6841
5974
8534
816
3710
528
5363
8361
4191
2167
2891
1274
6237
3761
1443
6434
8634
6458
9980
2301
810
2190
2023
8858
974
3390
6364
4262
218
920
9255
7672
923
2757
6100
1906
4570
5492
5931
9841
3240
6490
9020
575
3739
4121
8588
1791
3725
7076
7585
9057
4971
185
5343
1652
6311
7108
2300
1217
4166
9246
8246
268
7255
368
8878
8107
7210
7603
3772
8878
4889
6153
8018
9490
6032
5806
6139
4488
5822
6433
9706
9668
7712
3696
5988
7860
6300
2191
6068
1676
2564
8279
8061
3255
4890
3246
1737
3000
5250
2487
7437
1845
3737
14
7673
4552
6170
5723
1570
7946
4970
4292
6296
6285
3541
3570
7487
9555
2913
1970
8625
6065
2324
2058
7538
1075
390
951
8661
1775
2376
7273
5435
9279
6364
4821
8707
5609
1102
2278
2319
5924
5956
2774
6424
1603
8092
7687
7159
2972
4574
6603
9400
885
2134
6128
1007
7867
1242
5399
6564
7400
2345
591
1126
8645
272
5198
8190
288
5079
2617
2375
2938
20
6353
9328
8865
1535
5427
580
2337
3390
2424
6928
3184
4574
1999
9356
225
2438
9152
4242
3388
7276
7044
7837
4336
472
5367
8894
2292
712
5389
3989
4901
2087
153
6121
7387
9642
2144
7119
4977
6217
4301
9922
554
6759
9925
8962
3380
7127
4365
3424
2096
9352
5500
2679
3205
2895
194
2701
8635
7919
740
5963
1886
9060
3358
8090
1501
3777
4693
4399
8972
3592
8807
6200
1136
9700
4421
2757
547
439
8311
2188
8130
6358
800
9320
3501
5452
8608
8901
1344
4976
4795
9831
9195
2588
4095
8398
7149
8142
8667
1069
5506
799
3813
6520
1908
6178
1507
9170
8050
2249
6147
8782
7700
1673
9291
1390
3167
2504
8480
6953
4056
230
2409
3678
757
9713
4552
3143
5284
9768
1159
9568
6518
6809
602
3516
4866
102
4883
3181
2958
3351
2621
8860
4800
5984
6049
7370
4310
393
8976
5429
8186
3156
2708
6614
2966
7747
2036
4771
2936
1284
2473
591
2577
9803
7285
9994
8082
8218
3569
5264
3748
6520
3129
2718
3968
5570
7660
2938
1495
1912
2676
5838
2931
4998
8027
3245
6374
4926
7269
8664
4917
2626
2705
3097
6714
4416
5383
632
2935
7333
4268
2449
3052
980
5424
5294
8583
5075
6676
5858
685
6301
4519
8800
6329
8131
491
7493
3992
1465
5030
4844
4878
7616
5163
8123
588
7264
3244
4757
1357
9856
712
4493
8731
2408
6845
8931
4275
9211
9919
6620
301
2017
1793
5104
6962
4997
2676
6010
231
4030
751
7975
4253
1853
4652
1143
3853
4176
9868
4625
5819
1026
2606
3236
4510
1223
8148
3380
5514
9992
7419
2270
2929
9500
2437
2948
3960
6399
8653
2001
9197
1265
4983
7365
5020
9298
1953
5245
7557
1901
6603
1608
2106
4448
8394
485
2105
4296
6913
3031
83
3324
9000
5348
845
5633
1216
2408
9763
445
3997
6933
9154
8267
7865
9725
7998
2273
7643
715
6910
7466
7158
4484
9314
5497
781
4600
4631
2182
1369
6920
6308
5183
4931
4946
4963
992
779
961
119
839
5786
3292
3593
3816
185
1938
6258
404
7210
9925
2349
6048
5888
9435
9848
6206
5687
7727
4893
183
2100
8719
297
8846
6981
8419
6944
3658
1659
732
8564
6885
7071
4593
1872
4202
2323
0
4475
6152
1468
5206
8474
4810
3973
49
1128
3146
6058
4743
2627
4519
4811
2273
7000
8717
1186
1375
7088
2635
3978
4011
7466
715
2401
901
1339
6637
5307
7314
5106
335
6148
978
1278
125
3245
1796
2185
8487
814
9847
1730
8922
7558
6072
9145
9269
2320
8746
2620
6141
8510
4970
4214
1769
5067
2247
739
312
9755
7450
3918
6608
9539
1623
9221
7587
7887
312
2591
9995
4849
2725
3031
8041
3519
3243
2773
7808
5601
8190
461
7137
5614
5183
5038
6140
7094
5215
5744
868
1403
5859
7226
3163
369
3606
447
6469
7203
3111
4170
5502
84
6858
2579
1274
6522
1556
7236
10000
8804
1154
7223
9509
773
867
3945
8933
4774
2944
1721
5928
3875
5396
4653
4849
1642
6124
1742
3557
8382
5114
3116
1206
4418
1218
7821
8938
9982
8954
5195
6052
149
7349
915
9119
7354
8413
1023
6377
372
1299
5437
6797
3145
3559
9133
1052
2327
9394
638
3793
5437
1411
3405
608
4483
6862
7605
8859
6907
8017
4327
7296
4890
3030
6480
8281
1074
3319
1371
7536
4890
9940
1641
9526
311
8017
1382
9523
1190
187
5010
6863
3030
3443
2324
8333
8415
4811
1529
7019
6481
441
6682
5134
1484
2720
4076
4053
12
4022
8933
1540
3596
6777
3723
8324
8823
5548
3722
5312
1913
3538
3484
8903
944
8349
2174
781
3085
9873
2299
6910
4715
6387
3793
3798
2658
9198
5268
1650
2890
835
8194
8650
4967
9048
1996
7672
14
3105
724
1835
5208
5501
6084
2499
1317
2378
6866
1010
4103
3411
604
5708
5504
2361
6037
5886
7109
9030
8542
3796
8023
1478
4188
3658
1745
3948
9235
2972
340
5045
3038
8106
6053
7625
9765
7749
1403
4720
8085
6615
1345
9520
5770
9808
5096
2278
9863
1295
5037
2570
9317
6901
1608
5545
8026
2490
5411
759
2373
1607
8612
367
1856
436
2634
3543
1172
138
3578
907
832
786
5131
8844
5109
4815
4862
221
1207
8288
8145
143
2702
6587
2199
2805
8596
2843
8945
5965
5277
7410
8755
7183
7214
741
4639
6853
1116
9902
5339
4941
3418
2317
8340
286
1801
5554
1288
2152
3144
2426
1341
9681
7973
7695
3470
3195
8100
1836
8538
890
8739
662
2584
2068
1394
3767
493
470
2864
9248
6534
1637
1934
64
1529
6545
1488
530
8749
8676
995
404
2097
3551
6861
1515
6976
236
4812
8360
173
2361
3245
3628
1501
7947
5526
5384
7360
40
8318
4075
2134
7045
8547
1248
2288
8570
6738
5763
1205
3327
6160
3451
30
8971
2496
4081
1099
8679
2027
6905
281
2695
3445
549
2028
7914
1280
475
9432
527
4602
9498
7757
792
8733
392
4180
5573
7045
2660
505
5996
582
6689
86
355
4938
9585
401
4090
1878
321
9556
3528
3682
1061
1338
9706
3638
3342
1345
5153
239
9842
5845
5447
2986
382
5031
6087
1598
5670
849
2266
9520
9776
417
6972
9469
9724
3503
7742
1512
8767
7430
1989
2460
599
6191
8464
5365
7298
2003
2636
6211
5884
9494
8216
3407
1408
3113
4133
986
7397
1560
6837
8772
7970
5148
8047
2
7121
2438
5542
2450
7992
2071
1762
7981
7230
8469
1208
8064
9545
9048
1009
7662
384
8619
946
9875
7549
9258
1998
5491
9658
2606
1813
7451
4891
2669
9363
148
1904
3304
5278
2932
6582
5917
9262
5371
9289
5170
2364
8356
1824
1618
3804
6663
9786
6554
2895
50
7424
1976
8517
7850
9018
8019
6707
745
4227
5639
4962
3209
5127
5608
4909
8335
1483
4610
7454
6685
6037
8416
9294
1700
2535
2066
5574
4983
5274
6219
5193
3199
5250
6809
8023
2200
5724
2477
8434
6094
9735
4392
2675
6649
9819
3979
9800
754
6949
5296
328
908
5947
5444
5705
1339
6319
5301
1895
5784
1725
8421
1908
3605
8078
8036
4164
9610
9243
1309
3024
2541
764
9062
1355
7626
2695
2636
1660
2188
2825
9387
2901
3953
2239
8616
8242
3826
4476
1148
4900
7455
5992
6319
8985
1626
8552
5906
555
8071
5487
1141
9443
9676
5034
5752
8116
4697
7983
916
668
8591
1793
1500
8445
8661
9053
2642
2660
1786
8373
9227
2213
7016
5848
8196
7009
2635
2153
4937
130
800
2350
2009
1296
4870
7560
2069
8331
1643
8063
8809
3350
286
2131
7760
1257
7564
2505
4593
4889
102
2209
2364
9719
9477
6577
4684
6738
6378
9959
5621
6846
4120
4179
9072
4068
1571
8960
1591
6688
6407
61
358
9163
909
2186
1317
6660
4595
7934
7715
8262
5256
7487
420
2618
2949
7148
7069
8040
4850
7582
9948
7387
7869
4532
7076
3413
6535
2681
9401
3375
1095
320
8558
6681
3582
5900
239
6528
1675
7122
3785
7988
4279
2365
6462
8846
9064
5746
6224
3719
6121
4532
1412
4994
2223
6184
1417
2392
1536
7771
2077
9600
7507
1631
7693
4646
8560
49
682
8231
3828
1069
3525
9450
4747
6778
5057
2886
9790
9769
907
1224
1574
383
6715
9460
879
8360
7085
412
7189
3341
2177
7594
4371
472
2699
9208
5585
7009
950
160
4065
7227
4480
9905
4782
9021
2275
7484
7850
3066
9468
7111
7608
2014
2353
7778
635
9500
6947
8112
7418
4106
9287
615
109
828
6396
8393
8771
1985
9147
1735
6797
5024
2081
6783
8583
219
160
6408
7364
1468
900
6405
2225
2959
5267
1789
6278
7259
6230
6948
1163
373
668
8475
4541
7608
8429
7634
4482
7487
9343
3395
8893
341
1349
9391
8127
4337
5022
4451
9381
4491
6559
7711
1210
5762
9430
6064
1227
5744
8044
4074
8972
9756
8915
945
2708
7699
1857
2533
5158
7152
9880
2135
1383
8276
718
4439
1468
929
1906
193
1878
3627
2914
2570
3658
6858
9254
8961
1363
1038
7853
1291
3640
8227
8762
4357
8288
7202
3798
5043
3784
4683
5069
4914
6700
370
2683
6048
4444
9625
9068
7711
9762
9589
8793
4403
6445
9986
8951
7099
9492
149
3475
9508
6808
4594
274
1590
4650
8672
7552
48
2187
6620
5198
774
8026
2917
5916
2976
4493
5644
4555
7633
393
9535
904
9564
8053
4481
3174
885
5348
357
3381
2568
657
7734
1195
8258
386
3875
3240
2608
4443
7861
345
1487
1647
363
3151
8627
8543
7046
2393
8848
2537
4310
8314
752
6449
2513
6374
1750
64
9865
8392
8962
684
7646
9063
3758
7194
1029
8870
1361
707
608
1036
5379
9076
1898
536
3806
5126
7483
9811
8502
4647
5037
7971
3607
3971
4614
6206
9385
2764
3320
8921
1816
162
6107
4621
8517
4756
3099
7568
649
9971
9898
9297
9034
8747
8695
1044
9495
555
7912
1069
296
9342
990
3651
8409
739
5851
6302
31
1202
7358
6030
1666
1209
1550
7355
1216
9687
1202
4816
9455
714
1892
1418
7294
3264
77
1061
252
1690
416
9168
6191
1697
3426
5305
75
1888
2421
85
2663
5590
7823
3135
3689
957
4180
1014
9858
7231
3967
1215
8635
5788
57
9667
1557
4922
5650
3798
1872
6995
7149
5843
6405
8191
50
9714
8170
6924
590
4191
41
4776
7011
1539
466
5377
5331
8085
5171
7859
6472
2486
9221
3058
691
5042
1479
2944
3168
352
6493
4421
3093
1566
4945
4989
3314
1538
9661
365
6690
3989
4247
8359
6436
2131
6459
8224
6402
7025
8914
6202
7481
2232
4118
3701
8455
49
7741
716
5134
6938
3658
3524
3302
5549
9609
719
9354
5031
1686
7283
8178
6351
7325
9043
6824
3687
6296
6562
1628
562
9391
3821
502
6414
6406
2204
5312
8695
2045
1318
498
4890
320
1642
6720
1267
921
2641
7991
5094
499
1582
9819
2417
5107
7518
2587
7337
2015
764
3605
158
407
1970
2731
580
1037
6366
4352
955
4355
4759
4666
7898
836
2186
1299
8171
1491
7708
6557
1748
9758
2189
4736
3768
7217
3109
5648
4858
4766
1754
2230
3249
9554
6068
3341
930
5904
1766
3205
1076
1186
7974
7783
4772
8677
822
4416
7210
1128
2565
6069
1840
3288
9632
3357
9018
1534
3129
8849
2092
8632
3762
3002
1536
2679
1223
7958
1546
2477
59
7863
6509
4551
7592
916
2204
3010
349
2451
5307
7253
789
6760
8394
6798
3925
4474
5516
9731
760
7012
1055
9574
1566
4249
5459
4954
6712
1418
570
3461
6211
9915
8973
248
4406
7115
9245
9356
286
2916
6418
1722
117
8075
8496
632
6692
6944
3821
8970
1641
8646
3356
961
6019
2662
1428
8747
1498
5014
2326
2376
2968
1015
8925
7866
6139
8642
58
8930
7291
6155
4941
8476
7981
3147
9879
840
96
7987
4286
5733
8341
7003
192
801
5754
2236
121
1272
1480
9251
5194
1207
9153
5657
5555
9722
203
4208
8404
9299
269
5341
2302
6948
8740
2620
2632
4287
6855
4891
473
9233
353
1786
6176
4512
5481
2563
955
6949
9482
6611
970
1053
1367
1159
2326
7451
5413
1743
4218
8199
1438
6485
3141
361
916
819
1965
3537
222
5013
7448
5235
4104
6386
8272
4913
4927
3303
9316
5039
5252
6032
1040
417
5057
5974
3140
8185
8569
1155
1496
3536
6328
1191
1889
197
8257
2995
970
8563
2300
6837
6242
7765
5710
1697
273
9468
8187
8008
7622
4773
2709
133
1911
5211
3445
322
1694
77
2339
3274
2121
2331
6542
8369
3421
1726
3141
7434
5094
1213
202
3382
4926
9105
5453
6777
4914
4752
8844
2003
8735
4697
990
6280
735
3220
302
8320
4896
600
4617
906
5856
1773
8699
5290
4115
1244
7642
577
9375
5215
4355
1563
4774
857
541
8186
6225
5807
9319
8976
2549
6089
5104
8289
8730
2404
2711
1382
3918
4426
4694
1607
2056
930
8261
7588
1850
537
3524
851
2263
9993
1260
2833
8562
7355
5113
6175
1650
6784
5347
5446
7694
6779
808
6425
520
5363
3826
3763
3141
1076
1553
1084
725
1805
8469
2669
3243
715
6719
3128
9037
4085
729
7004
3333
6715
5764
7442
8224
3713
443
3533
6007
2855
9733
2934
3091
9337
7353
8074
1211
7269
3872
7029
1459
2747
3111
9069
6411
8377
81
1496
5620
3437
4826
1193
6575
8085
487
3432
865
8324
4196
8186
9123
4197
3199
6513
5782
1738
4772
6995
8280
1809
4492
9109
8970
5042
7580
917
5445
1149
8931
2024
3057
1398
7220
6412
5569
1630
4206
2039
6847
8694
3978
1659
1882
1705
4986
5072
5813
6327
3645
6040
465
1757
416
3443
3090
7383
9519
6886
8704
445
9978
1701
9221
3196
2124
8206
805
1309
1535
2078
1326
5835
6001
7334
7864
1777
274
208
2763
5328
4841
6321
2628
9673
6637
2602
4303
7574
9883
6771
514
3174
6867
5026
5392
6995
1535
483
1510
6572
9550
9873
9052
2638
4255
8657
4914
7362
3933
1028
4092
77
9776
1779
3893
4663
1250
1134
9916
3589
8468
438
6709
2796
5698
182
5211
69
9055
4460
1178
658
8426
8199
2653
2164
516
4676
6849
9669
528
7559
4086
6555
411
6428
9358
4098
338
4512
2354
811
2849
3349
1857
3797
6735
9042
1906
9866
7769
2474
2040
7832
1859
6281
2649
9350
927
4505
8989
929
3258
9043
3212
8145
2020
5406
5620
1902
1386
8479
1929
3733
1149
1034
9264
6159
4406
980
9355
8472
2370
4169
5064
615
6649
2560
9144
3773
1119
2855
5390
7167
543
9465
8760
5637
421
1153
8018
1960
1566
9701
6837
2549
4802
7388
6502
6412
8361
9065
3790
2616
5333
7550
7190
8085
4816
4690
4598
5187
5562
7271
1611
9897
7735
3733
372
7229
3036
1710
3389
244
2219
1291
2097
3801
8550
3603
4350
9352
4119
2810
6563
6436
2442
689
2388
7576
5311
9542
7652
7980
2036
893
9183
9952
1579
8737
3875
230
4012
2420
4545
8220
9906
8348
615
9730
446
2005
620
792
5186
6475
4145
8707
5557
4494
605
1918
1248
4906
8240
3952
3340
4168
3902
8132
4048
7811
9152
7652
4629
5281
8563
8375
9821
5180
3180
8925
1858
9454
3566
7575
6469
8006
8128
5613
4319
8232
520
3259
5434
1613
6945
4012
3877
1431
304
4553
5747
6275
1205
8849
5652
4064
8492
4221
6854
5315
169
145
6401
1173
1239
7564
2566
1796
2455
744
8915
8474
9553
2006
4838
3121
2237
4770
3065
6029
6132
357
2502
5895
8453
3350
9455
8142
8883
295
2821
5962
2612
2323
2060
749
4896
2412
9474
6989
3430
9567
2841
153
9387
6825
8890
393
4938
1949
9165
728
1687
2179
8776
4891
3373
855
6189
5245
3025
2159
9233
6314
1126
3503
4605
776
4532
9267
1177
9173
3529
7718
8437
8274
7679
170
8415
6378
5461
1443
2684
68
2186
7679
4252
695
9092
7410
6555
3174
5710
1926
1762
2010
8685
9133
7583
6034
4409
9064
7531
4859
6528
9947
3056
3431
3590
2756
1168
9410
4868
8257
5742
4188
2643
3833
2778
5486
3855
4760
90
2561
464
8910
3011
674
1673
2067
6147
7549
7526
3762
3611
833
6850
6704
4599
9060
5015
6321
129
866
6575
3096
8235
1588
6806
348
2365
9597
1029
3766
1351
6874
6788
36
8039
6376
6068
5335
7703
236
5617
6347
8658
7566
4038
7551
2570
8657
8588
1920
9674
7515
1884
3014
603
835
1632
721
3482
870
804
5458
3733
5174
1213
9433
3304
9639
2966
8310
5732
1846
6393
825
8839
6450
2754
6692
8728
4086
2442
7810
8341
3630
8921
8001
4898
567
1111
6706
762
5307
6787
2741
2884
2123
3478
7779
2193
198
5817
535
2554
4666
4591
2228
7251
1915
17
1266
902
40
688
1564
7130
2706
1989
2685
2653
545
7968
6611
5766
1944
7699
8695
8821
9684
7589
2307
3315
7008
5956
4493
9979
7641
8160
6611
3920
1020
727
289
237
4049
7229
1781
1201
6390
9456
3576
1477
602
8137
4238
6983
2447
9091
8272
6577
5417
3523
7453
1149
998
7073
9013
1415
4251
9313
8289
8564
3859
9377
7420
1187
3706
3644
8084
8175
3838
332
7352
587
7872
4581
9945
2594
8755
7161
6599
1731
5247
5525
2496
5395
4023
3505
326
8062
3578
6235
5365
5064
8685
8340
3720
5986
4968
5784
5587
4303
658
5991
2566
8685
614
9004
6815
7711
3726
461
678
5939
2401
1048
2212
9920
2679
3653
4840
7184
7536
1381
6966
6994
5729
5114
4897
178
1097
998
5962
1063
1673
2917
710
547
9925
6314
7254
1606
4967
5432
447
4165
2937
1810
6872
5513
14
2095
3601
3834
867
3175
478
2093
4440
2312
6826
5386
9246
5374
9137
8565
8156
5485
5154
9793
4199
8452
1924
484
3765
862
9427
1922
6807
8268
8827
2663
5527
232
9533
1902
6682
8780
9842
558
713
2141
4496
3776
8339
3737
8830
4905
594
7657
1138
2289
5727
3332
6983
3004
627
665
9604
2502
2971
9614
395
3254
694
4587
8495
4766
5391
9624
1725
3982
2428
2982
5831
5296
8430
9648
4253
6814
5926
8515
4082
9983
1335
368
5141
9225
8037
8343
9309
8038
1516
9308
448
7158
680
2332
5459
2938
3002
342
2117
3654
1145
4514
632
5970
6876
8170
3936
717
3069
5024
6805
893
684
7714
2897
1663
2165
3574
2578
1208
890
4016
8882
116
5394
228
5567
1946
1120
2606
2498
7791
3174
7067
3343
5130
2158
5869
6375
2733
7393
9273
4005
3587
4561
2257
2246
7000
1161
100
9792
2472
8554
1910
6613
328
1191
7391
8604
5100
4186
4053
8140
1534
2977
8851
1340
2659
2829
5283
2146
376
3481
5699
553
1647
3820
5155
3440
6078
6863
9546
1500
1132
1384
5424
5586
2921
5354
3585
8994
7314
3940
1061
2570
2489
5291
7670
8351
8981
4743
7687
4559
6386
5131
1099
5961
259
6621
769
6051
2199
3084
1419
8429
1502
8036
201
3238
9952
5433
3696
1334
1284
3251
1510
343
1361
5776
9209
1034
597
7647
1385
3473
2134
2593
153
1614
2395
5011
4967
7909
5595
5621
4821
7646
9506
5522
3388
6324
7638
7140
9433
9335
7488
7821
2016
9804
5140
2069
1509
7931
1791
8588
5129
4245
1452
2566
5424
9074
4331
5580
7880
2337
658
3954
9499
1924
3314
6458
6395
7094
7422
3691
3155
9638
5242
653
696
7550
1152
5495
4967
7748
155
7450
4698
8784
5100
6493
9067
7303
129
6044
5612
6451
1474
4015
4789
379
7178
758
3843
1585
9381
9229
5105
764
1644
5881
1643
3972
1949
2121
3393
1072
2124
9711
9081
7256
764
9505
8353
7145
5455
8656
240
3915
3530
3715
5152
596
1419
6703
7382
1332
3282
2635
9587
8644
2633
2173
447
7721
9776
1702
185
8662
3617
6449
4295
8089
294
5945
5676
4082
989
6795
873
3892
297
180
2927
976
4144
5400
9106
7186
1353
951
7082
3844
9164
2092
1439
1233
8272
3207
8335
383
4924
6043
9571
3500
8001
9374
8549
9300
7961
3912
5355
6566
1118
6988
2812
8386
4003
8030
5375
5490
4456
4256
4898
1575
2737
5503
5980
2441
775
349
1479
9043
1351
5237
8399
9492
2354
2565
2366
4799
6438
9053
1974
381
558
6929
4623
8802
8489
4133
6816
6379
5907
784
8227
9985
9224
5103
3107
5831
4786
2234
1142
2086
4282
840
246
7565
3227
4745
2117
3811
4270
8566
1580
5865
7345
2010
3295
5609
107
3320
7265
5482
3191
751
7378
6329
1216
6424
1658
6911
259
1006
2907
6073
2879
790
6082
3005
1241
4353
670
5915
2615
2691
8230
745
4370
7926
6118
2364
7443
8031
2056
4981
9011
8058
7783
2509
2911
6121
3674
3921
4081
4199
8535
3261
2379
4798
8375
2124
2889
9045
3252
8097
5946
3446
1951
9301
9747
7875
1031
8971
9625
6305
8030
5316
9177
1348
4462
3361
1818
2627
2700
9948
4535
9624
6613
7785
8569
3701
2801
2258
7121
2925
207
4748
6513
6736
2569
2366
224
3217
36
3795
1856
1780
760
717
249
8484
3085
5596
462
8264
6548
2513
2364
3243
3613
5659
541
1170
4837
9002
4286
2080
9766
4902
5409
5770
7589
741
7775
53
1308
8790
7124
5396
1796
908
189
8246
1676
567
206
2658
3470
6752
2473
5770
1126
5830
7939
3709
3161
1736
2720
6282
2509
7762
1505
6592
4307
7307
235
3703
2618
1604
1724
3688
6951
4932
1121
4158
3378
7038
2963
1033
8755
5000
9461
4362
3098
9124
3713
7889
2428
870
6629
7279
1379
4408
4223
3604
5996
7675
6201
3167
6853
1768
2499
1558
777
4560
4861
3433
3690
1170
8424
8680
6422
1672
2089
8162
8593
1005
4126
8643
7087
7834
2676
6039
7197
564
9057
1280
1901
1245
132
2195
9254
685
5131
3973
6563
5352
5683
792
8760
1011
2356
2017
6468
1153
8813
4464
4560
9878
3222
973
4796
9553
4453
7212
5905
9360
4810
4161
8298
1206
1712
5455
2948
2697
319
3203
1863
3892
9262
6346
4324
7538
3838
4767
3154
4379
7782
3603
305
491
3883
8243
1948
2269
2479
195
3036
1327
8070
7915
4667
3476
2025
9595
3418
6786
2072
8176
1912
555
8198
7717
8476
840
2493
3483
9480
8838
5776
1307
249
529
4011
8355
6441
487
6969
5305
7536
4409
8733
8275
4760
6057
1846
3242
4029
1044
7713
6826
7268
1206
2021
8976
2719
8418
8492
317
1649
1984
4802
8047
8409
9557
346
336
7672
4204
9533
368
5177
8425
2772
1046
8299
9680
1645
8712
501
2032
633
984
8933
8269
2721
3408
2623
7938
5315
3019
8433
591
3792
3507
4974
4539
7409
3287
1011
2733
1475
1367
2378
596
1176
393
6507
6098
3289
7532
909
9894
9249
2544
3882
9656
3683
753
9931
6180
2518
9406
6273
6925
314
3825
1432
2616
267
1899
6097
8120
6561
1793
2386
5555
3774
551
2109
3621
1103
446
6743
4939
8045
6235
1649
9836
751
9963
447
2860
7440
126
5883
7040
2686
4352
8216
7276
5595
937
1301
8964
7185
1587
9096
9809
940
4115
1041
8816
3577
7415
786
7653
4820
9618
9449
8773
1169
6438
628
9574
726
4194
6712
781
2334
6891
4286
7705
2313
6290
8209
4884
8202
1614
1519
35
3597
8218
9031
3744
8894
7611
2003
396
7920
5851
8759
218
1874
326
9282
2551
3572
7925
2474
723
8667
2456
313
2201
2659
5620
5430
1000
1394
3010
1028
319
3211
1122
2250
2551
9398
1129
1711
171
6233
927
9799
1712
6730
2696
3101
5437
481
3229
95
5992
2495
4046
5498
2001
4942
7717
7551
1745
2710
5069
6874
1092
87
3922
1139
2110
7128
1105
817
1387
4726
3669
7050
3524
9295
6595
1136
2040
2035
384
763
9504
1557
1108
5221
4686
783
4205
3425
7048
7788
1826
7900
4017
6787
5014
7638
7555
8288
532
8116
8624
8909
2970
8205
5244
53
4285
2023
5285
3829
4202
1641
6904
8814
4009
7215
774
9585
9540
5112
5097
9196
3771
8069
1573
236
6687
6896
6102
1536
975
7516
5571
2075
1612
2456
1951
891
4480
578
8267
299
624
1393
3155
330
6156
8805
8191
4058
1008
1701
3399
6428
606
1992
1941
9618
3003
8327
4933
4168
3861
8050
6093
9124
1390
3264
5285
6151
7874
8446
1486
3665
2893
185
8716
2924
6348
7964
3970
227
5969
2728
2189
8676
5721
6636
2411
7419
9153
2848
546
1465
888
3867
8693
7201
7987
7295
9609
7104
6078
2385
1791
9454
5381
6920
5068
2046
891
5020
5320
4663
5667
1993
5492
6527
13
5793
3214
4974
393
4585
2172
107
7442
1475
6517
2298
9921
2719
8606
9184
982
4277
7261
6504
6996
6473
247
5607
7014
2655
4090
7244
360
328
1122
3025
2536
2196
9218
1392
343
4693
8358
938
888
2497
2881
8186
3011
1971
1455
282
9865
3887
9555
4201
7773
7987
5018
5678
6690
4202
2300
3926
9728
6243
2386
5382
2619
7113
1639
3569
9927
7535
378
7261
2278
3679
2980
7475
1441
695
1124
2457
4750
570
7741
8007
5053
6576
6699
1260
5577
2582
8317
2915
9692
2515
1909
7735
2215
751
2925
1
5664
1742
6065
6539
7407
9648
6649
5027
4991
8801
1602
9162
2405
1565
3822
8398
1772
4386
3631
8284
1313
3072
8973
6790
5594
6187
2283
6677
9085
2910
9105
4204
6907
4681
4272
3166
224
1856
6657
7310
7979
2171
2375
1837
2227
1997
1677
4689
9230
1241
2417
5136
5223
4362
7448
378
4554
4745
5416
204
9141
2980
9145
3003
8608
2456
2113
3994
4959
5175
4888
8572
5850
954
2245
3326
9414
1048
7063
6746
6027
9526
681
8838
6139
1966
4327
4583
2049
5472
1477
3240
4747
997
3885
9299
8548
9909
489
7274
6756
6824
630
3608
6883
1273
2746
3396
7318
4082
8672
2211
3599
2067
7074
1633
1050
2051
367
3620
9159
8857
1656
397
5780
9356
1574
3772
7345
3383
5798
947
2742
852
580
3288
2188
7985
4728
1509
5747
3286
4308
334
1744
5961
6797
4400
1691
369
968
2249
4261
6893
8171
8752
268
8332
7868
417
8447
723
987
7123
3728
249
8839
9029
180
213
4537
8527
2014
4262
4711
9853
7561
4273
7782
6003
6246
7796
640
8543
6863
307
1495
8480
6517
7792
295
6536
8134
2984
32
363
5271
9303
1384
2789
400
5824
9543
532
7120
6672
2498
1105
2041
1572
1750
3941
2113
5853
2358
1116
1011
1332
1422
512
985
5489
9327
2744
8287
8248
2401
6633
6613
2946
1601
2610
7988
5885
8137
5008
8514
825
4927
7746
5187
6693
6976
8173
379
123
2681
1898
4643
8171
4946
9942
9350
4292
4537
7435
851
7806
1349
1587
8977
4002
282
1542
9853
1261
2502
1894
2861
2154
9428
8440
3656
1678
1698
7288
9637
5136
1102
3363
7469
3292
3907
497
4794
9428
2914
2315
8902
9984
6687
3342
32
2113
5622
7011
6801
6028
5844
9765
8808
8444
5306
5168
8643
73
3474
629
2165
3946
1758
6824
326
667
110
3892
8661
1240
1614
7931
49
6311
8190
8645
3904
339
4931
5925
9703
2995
4098
2415
8685
2598
2038
1514
9707
6925
885
646
3932
8556
3425
3081
9652
1947
7445
3241
4268
7960
6906
9845
269
2584
7716
3936
6695
8565
1219
4035
2264
9241
8047
5042
6801
5407
8214
7783
6472
3251
5243
7773
5645
7791
2287
70
6418
4107
9766
1350
6918
7404
7991
6928
5604
7810
9852
8117
955
4557
1078
7638
1021
7813
5674
8064
6683
12
5359
1415
6929
7102
2704
1077
7231
5596
1934
5215
2726
4565
7477
5190
5596
8043
5953
1367
457
788
2974
8719
1220
1203
9567
6341
875
3264
4280
531
5543
9150
9638
2103
6368
4206
3863
7618
2299
3803
7832
4776
746
2241
2012
1424
1269
5168
6513
5890
6539
7999
9249
8498
5707
9278
853
297
1263
8885
9428
3955
2570
8966
1860
8380
8443
2854
4163
318
6440
3830
2853
8327
5478
2028
3059
6409
8588
252
5565
9303
3916
5718
3568
1609
1848
6375
6514
5734
2750
2226
7698
4009
6173
5198
4710
3792
4110
4540
1772
4563
1695
511
7277
457
7521
8614
4099
5134
4184
6064
3643
955
2728
6192
2910
1899
6292
742
2765
1132
8734
1290
9466
6059
8441
1468
3807
729
8218
9501
1418
2664
9321
2741
6024
7362
307
4365
9633
578
3904
8783
3159
7981
1476
7642
9748
146
4903
2981
3232
2106
9915
1105
598
9635
6212
987
6650
9363
7390
9471
3318
6625
7022
2827
1420
250
100
1445
2421
4353
2808
6947
6698
6352
8727
5319
2046
4052
2759
1575
8945
993
8121
2672
751
3960
7
4853
8142
3170
2140
4922
1479
9852
7250
2666
435
6411
8764
5225
9017
527
6881
6975
1481
2586
3117
447
7090
1015
1389
7367
2808
7264
2483
1260
3370
2421
9565
2043
591
1711
4755
595
934
5438
611
9278
7444
909
8225
2576
1463
7336
2377
2113
4905
8219
1645
223
422
9832
1537
3548
7902
7111
495
8111
7394
3627
6599
1129
8186
2320
1414
1673
7739
8941
7988
4796
8696
4889
3248
1872
1123
9938
945
6257
712
6390
6906
8874
5846
1755
3163
1199
1943
3862
6954
3201
5549
2056
6515
5801
2519
117
1130
3134
6206
1782
8416
2008
613
2804
9723
7461
4855
3190
1742
1183
5581
784
6035
3834
3717
2202
2674
3754
1765
333
546
776
1587
7411
3929
7631
2588
7355
4689
3164
7204
3374
2913
7760
4263
9654
5311
5190
538
8874
3140
2734
3597
104
7293
6807
9887
6285
2931
2529
5429
943
8972
8288
285
789
8204
548
4801
242
2298
1450
7097
7292
7240
2312
5347
8218
8804
5175
9845
2936
4432
160
719
7422
9009
5466
1227
6042
4303
1199
1812
7893
6581
7456
7443
1280
6857
838
4673
2126
5937
9184
3268
1272
5314
2749
9745
118
4587
738
2702
3781
2420
7836
7553
2531
5109
1752
1167
7674
8081
8555
2730
3929
5033
1499
7117
8310
4917
8196
3422
8602
8715
761
9661
9984
5799
9572
2442
7521
1589
3939
7299
8447
2063
6958
4871
2360
2353
3578
1395
7078
2002
8508
4641
638
8816
6848
9921
4821
1095
9143
1379
1340
8276
377
5706
547
3805
2866
1364
3139
2628
3870
1140
1959
3064
2138
8090
8855
7569
7595
6325
7078
1319
89
1404
1859
8018
4195
9195
2392
556
2558
3516
8091
3395
2668
1862
1489
3662
7842
3548
232
2293
2828
7229
7978
7107
7578
7264
4504
8710
4719
5223
7424
9436
1921
1527
5801
2792
5740
364
6766
3208
732
4974
1615
5677
9301
5142
6554
8911
4828
8966
8134
1833
7380
9589
9856
4028
2599
9860
5110
5504
1840
80
4798
4503
8803
8153
157
1658
6885
6055
1669
2645
5545
8303
7989
6797
5152
5286
5357
6781
6507
9465
6723
1505
61
502
636
3943
1641
7980
5314
4336
4585
3918
2809
1121
6828
4600
4229
5965
66
3737
9466
1674
3997
7927
2126
4025
6598
1352
2735
9245
6209
4301
9191
987
4915
1573
7532
5119
9795
1136
2010
6130
2846
3540
4757
5871
8272
6061
5098
4365
928
849
2211
5086
5444
2914
1193
7466
4283
5131
7690
4725
6857
4606
6510
8968
4715
7133
7444
571
3444
716
8167
4639
5253
6777
8109
6252
9469
2370
3154
6639
6616
4146
6125
8588
2653
5267
3961
7291
4823
4963
1680
8096
9257
4448
8492
5258
3742
5300
1436
2527
7918
3808
2827
4748
6409
6954
7257
7277
166
6300
2103
2634
1305
3112
2648
5400
9692
6101
6982
4799
3573
215
2034
3445
1038
7006
2729
2507
2245
5219
7506
1373
2606
1084
53
8641
2418
3949
9054
2111
9703
6968
3426
2267
4086
6553
9094
9662
6800
3937
119
1357
4622
8514
6832
4077
8779
5631
127
3428
4742
9824
8868
532
7546
8915
5510
4102
8123
5899
8984
1431
5301
9192
7449
6581
9375
5999
758
256
3812
4702
1017
5636
9093
8506
22
2510
345
1079
2135
9100
4489
7541
1844
1584
5130
2782
7114
8982
2629
7495
4990
2363
9302
6903
2275
1156
2029
2301
7105
6990
5681
1730
3396
7432
8550
9865
779
478
4259
3222
6278
665
711
585
6273
8088
5636
1107
1623
9495
8256
3391
4709
5720
872
4203
2086
2702
5646
9042
6229
4410
5243
231
7049
9375
8825
8818
9673
636
4158
4861
7863
2102
6905
2198
2331
2819
8930
8656
811
1921
4347
327
7177
7056
5359
4304
3315
759
851
6354
6980
3519
2160
2823
4024
1398
7251
1556
6967
3148
6036
679
8271
222
2533
3877
3715
5003
2764
3131
821
8141
694
7772
1120
5614
4932
6123
6763
9409
1479
2630
4074
1766
9508
2292
738
4561
7133
6354
2617
4628
3770
2765
9430
2962
1330
6440
7222
3080
7244
9640
48
2864
6884
1744
2196
9852
9646
7684
1013
6619
2868
52
7453
1347
2716
539
3093
9992
514
4215
7982
5377
827
611
1048
2797
235
668
4875
4704
3124
2403
7435
3636
2943
9292
8520
206
1910
4420
2429
431
1854
1828
1218
5376
4042
9636
1363
1651
6470
2696
9639
437
1325
5590
7207
565
457
6662
5625
3981
7986
1343
3525
833
3170
187
4073
799
2021
9170
6217
8952
4014
3890
873
8949
4684
6292
8074
6332
4516
7615
33
8542
1735
9243
8705
4408
1938
7250
2584
6997
7293
9964
6648
7666
6125
3525
8063
4970
2625
9414
5361
5886
894
1494
9908
3611
9902
4627
1822
3661
8437
5811
2368
397
8119
7752
713
6358
8890
7346
8560
3522
4393
4701
145
5705
8049
9424
9389
798
1490
7273
6159
3299
1076
3681
3210
5655
72
638
4522
4391
3516
5148
2947
402
9951
9178
654
221
3200
1827
521
8074
2227
2169
4496
3826
7743
3492
2818
7290
1506
2276
981
563
6345
9458
9833
9525
6226
3254
1394
1047
3779
1750
8825
7696
6295
4518
319
933
9320
2124
7899
6086
1616
8089
6900
6502
4451
7896
3872
2661
678
4122
4452
9881
9990
7150
4049
7177
8980
520
2675
7286
6454
1058
2928
2337
1338
3878
3752
6258
2139
7928
1517
7742
5739
2824
6163
6568
1683
294
6706
9875
9370
8858
5565
9051
6801
3342
8770
1489
4071
7885
209
9592
8568
1244
640
1899
4383
304
8308
4030
3585
5480
9133
6906
8422
9675
1635
1395
1689
2135
5166
50
5826
5465
5564
4236
306
5642
9360
2847
5122
967
3620
1754
353
1502
9804
7637
9853
8715
7415
7683
1551
6520
3723
9427
7551
3816
5979
6721
5452
8657
28
4581
648
331
4534
6138
2771
5447
8114
2556
872
7267
313
1455
3549
346
1362
4491
4527
8674
5049
6243
9908
6574
6900
7600
4429
5069
6873
1113
5459
7822
6234
3015
9558
8958
341
3819
7961
6883
4256
3905
6891
1686
2063
3679
8626
6254
7015
2148
5833
9913
5733
6045
9554
6662
2732
2936
5475
3420
3599
8738
2933
9682
1177
9647
3392
7017
9694
9176
5615
6160
1171
6630
2155
1005
7367
3478
7560
7022
9858
9510
8022
1276
7298
1781
7361
7124
9454
6165
3935
735
457
3826
7838
4250
9187
2454
8113
7584
8783
6936
9740
2216
1942
6918
5237
7705
6326
4267
1061
5941
9917
9162
5996
4547
886
981
8941
1027
2226
4462
3704
6288
588
6212
1633
859
8751
4162
4798
8381
937
7426
312
7781
6574
8466
2590
7850
2354
2294
8580
89
6909
5671
7012
6147
953
4004
1402
760
5904
4220
3795
3990
2147
8558
1757
7100
2521
1180
6882
9002
1735
1039
1578
3840
2004
361
3023
5966
9410
9403
1067
7572
1952
55
3445
4374
6967
4042
595
1438
2270
1046
5579
7929
2130
3594
9910
8822
8374
9132
2917
9214
68
6534
988
698
4862
1967
3230
167
6467
4741
8211
7514
1385
2545
25
7700
4
7121
1105
4732
7271
2528
5542
4062
2550
5182
6529
2900
8347
91
9341
6191
902
7202
262
8627
5941
3566
9496
4264
4107
3056
8437
7303
2946
9824
2134
6470
6155
7628
1784
3334
9310
1644
5293
2995
7026
1717
793
2763
5879
880
4946
8984
9748
231
2622
4447
195
185
5985
3944
3455
218
1670
8113
6831
3318
1974
3968
351
7254
7456
5434
5425
7178
1559
8267
1425
2724
614
7332
9630
2001
878
4047
2661
7346
7258
8773
572
5009
4750
2303
3418
1111
6576
9379
1870
5375
2400
2589
2541
522
1682
3008
643
6065
3423
2526
459
7795
5409
9318
2422
411
8935
5245
1776
1398
2102
4944
3117
1494
4670
4313
8980
7271
556
7087
2116
3088
1385
2133
8749
5849
6764
4586
5859
1695
7850
5832
9383
6590
3327
2454
4010
7809
500
1080
4242
2542
6587
5622
4632
4021
5270
5115
5667
7540
2514
2721
5785
4469
3728
9808
8306
657
2028
1428
2719
4967
6927
8412
3996
9895
1259
5972
8308
9581
2080
4700
6049
9297
1644
1725
7786
6181
8430
4494
9555
6356
88
6020
8021
2277
404
7462
8330
6264
7249
8583
3209
4935
2328
6840
3412
3035
7596
5652
4453
326
5300
6655
3732
245
4182
9667
7706
6314
1150
6875
5558
5461
2422
8809
897
8485
6453
7116
2011
1287
6467
2122
2834
925
3615
6157
54
5229
9467
1066
219
1096
2434
7669
7136
6807
5373
2412
9214
912
8317
6855
842
487
7395
2876
6181
5985
7560
7136
5851
2710
7987
1907
5732
7660
5467
7753
4126
7468
5500
4516
3070
7688
7051
4812
1124
5996
9598
6719
8528
1217
4402
906
4179
1609
6093
3799
9799
5180
4531
4355
4131
344
7794
6059
2966
7366
446
3183
7436
1867
299
2089
2931
9581
1662
8090
2164
425
8268
2071
1560
445
1767
2910
2120
124
2163
3709
4610
7396
527
9188
7210
1309
4433
956
2533
5957
7945
8652
4045
6145
2734
6429
8357
5471
8374
2150
7270
11
8767
4507
3918
9974
2359
1387
9001
9106
6934
7467
5930
8700
1063
7750
3227
3847
6893
9532
7649
4094
7998
4997
4089
2552
4881
5674
3128
505
6111
9047
8469
267
7217
1089
8133
8685
1541
9500
757
8282
8760
6485
7709
8846
2305
8034
6396
6272
1192
212
4635
3356
2999
3235
1014
1707
8613
6218
2423
4575
2747
9946
6634
7834
8477
7140
5375
1913
4266
3346
1111
4686
1971
436
1881
6804
5
2672
4244
6963
3793
7979
564
7303
461
6254
6050
9823
3479
1013
1114
8492
7448
1712
3178
1124
4436
9003
7562
5915
7841
8137
4326
5417
2399
2784
3492
756
568
1706
9311
5426
8190
3306
3909
8709
5780
7114
2027
3178
6064
4032
999
5048
5559
326
65
6916
7428
6812
2484
9984
221
6489
5216
8703
7379
2484
1096
868
4458
2581
5744
1238
9379
457
7305
6799
1178
7989
1266
3655
4451
7507
808
6249
6486
1936
8097
347
4050
8962
388
6040
6189
8425
194
7310
7449
7810
6359
8225
1080
4621
2706
1277
2795
7486
5846
13
2290
1222
456
5964
9933
1930
6198
552
3050
1804
325
8330
9641
7634
1215
6279
6704
8610
5167
7894
183
7001
6164
1420
1140
7319
5437
3548
912
5172
1553
8773
4342
9329
1304
4884
8067
7113
2516
8397
7660
8128
8647
4433
1037
503
3537
6581
4022
9115
7641
1651
9126
379
1560
7204
8753
4811
9720
1653
4936
3617
5084
1652
443
1170
6061
3557
3148
5593
6512
1137
7845
3744
2734
6763
3816
4566
1153
9277
6578
3886
2905
5377
6558
996
3291
7072
389
5874
1884
969
4809
1180
7845
7503
529
8545
3054
7958
8211
3700
7391
7644
9019
6135
1103
9026
2289
9545
2021
8678
9631
9808
9562
4225
6263
5692
3496
4497
4877
9457
7102
764
1978
1714
9878
8861
712
656
6686
4128
5024
8786
1288
466
8950
185
7287
521
9507
8953
1031
8308
6323
2876
2284
653
3528
5096
2303
1112
6160
854
2795
374
1097
1156
8153
4710
3933
3057
3610
6474
9625
1991
8501
1375
7760
9896
890
622
18
91
2764
5379
4919
9256
8001
2720
9610
8097
2946
6056
8835
3827
7991
4734
1086
5407
9335
3254
1012
9763
2086
3936
4021
2716
9022
8588
6223
7729
4832
7060
9880
8521
435
9084
6037
9757
5243
1313
7268
1840
6644
4920
4319
8484
9498
6078
7896
6922
9779
4672
7894
8372
5391
2115
8959
5856
9768
2300
1934
9731
9811
4869
1115
825
778
7826
943
2590
3090
2919
8000
28
8780
6980
1918
2337
1903
7771
2392
6414
4475
2832
109
4951
5639
8386
6687
1152
1823
9164
8671
4883
9837
4683
4489
1848
8100
3699
7731
5086
8401
6857
2039
1855
1665
3491
6056
5839
1404
480
5235
1151
6403
6344
3840
9145
9963
8481
8189
2782
8729
2275
1503
9576
7760
2732
7794
5751
223
3539
2374
268
4110
5278
6651
305
1777
7690
6275
8550
1976
469
5823
3896
7173
1976
388
6303
1570
970
8717
9771
5424
9479
6152
9309
8680
844
9269
6662
3608
631
5972
3041
6463
402
9545
2150
8048
3732
4472
4674
5374
9602
9527
8433
8090
6770
7879
3647
6980
18
6730
3874
2070
9538
8988
9753
3775
2621
4180
788
4406
9186
7502
186
6721
2812
9929
2422
3574
519
431
1351
2196
2570
3217
9571
2916
5922
5087
3046
3255
7096
2188
633
4699
5961
438
3986
3062
1085
3770
4305
2932
3682
2770
1417
7751
5922
1280
1647
1145
638
9053
4832
821
1372
5271
8675
4050
2138
8673
3770
772
7561
6557
3854
4564
5943
4349
6963
6045
1033
8017
5470
1957
2288
996
8330
7437
3214
3049
6904
4950
8656
2063
1538
8466
9135
32
9835
6345
6284
4884
2497
451
8550
33
3890
2613
8658
1388
3809
6598
5625
1164
2505
8420
6857
988
7155
9737
6534
3420
1825
1634
8353
4603
2536
4601
1813
6116
3699
8820
9495
2327
548
3759
5558
4321
6592
8427
6966
5638
1527
845
849
664
185
6183
3985
3912
4301
9156
7795
7613
7244
4774
7198
4169
6293
7537
2669
871
1936
2949
3828
253
3885
1003
2444
4329
1599
1279
8470
8008
7290
6518
2767
1001
9840
6041
6721
1578
813
742
1740
8521
6076
4871
4636
609
393
8895
6090
4856
1710
1608
7794
3036
5874
7506
370
4762
9576
5666
4460
7288
7382
3598
5801
9867
9999
5713
4562
8156
9616
1154
8716
8837
9496
6592
9331
4425
8119
5311
1001
5661
6740
7365
7407
1873
4525
4668
566
770
9442
1954
8208
155
3790
3672
7203
6453
1271
5380
1751
166
3803
3769
9130
7225
6938
4297
3630
173
4628
2263
221
9611
9002
2480
6842
8612
8018
4432
918
1767
3909
5733
6666
112
7613
3343
1532
4220
2532
3855
688
2016
1112
6332
4522
1085
1625
9274
1861
8593
6959
5775
3871
9005
1495
7849
5017
216
3645
4820
8322
8671
3947
3987
8772
4074
4588
5291
7238
2599
909
5173
8515
3233
9450
1608
968
6559
5039
2502
330
7248
5083
2416
4904
408
1011
2352
7302
8776
1635
8868
798
5605
7080
3399
2674
1310
3392
2739
7306
6997
86
4768
4355
2931
305
3966
141
6813
2449
3599
6268
1585
8084
2066
9107
6360
9833
3508
8278
5963
1327
5687
9205
961
794
3106
208
7916
1812
2223
3088
9847
6478
5003
8252
876
9164
7262
2079
5461
152
165
1645
2171
7981
7916
628
898
6797
4054
1745
1339
2232
466
7226
4632
7428
8117
721
6165
7806
825
3237
6793
3050
3464
4995
9189
9563
6955
6885
382
9935
1202
2120
1928
8673
3702
6449
9565
9000
5363
7952
9585
1269
644
1383
2483
2045
1424
1713
5157
1207
1701
297
7746
6558
3605
292
2341
3504
6287
7495
958
2905
2640
2568
1662
8696
6472
8089
1108
4562
4031
6363
496
4465
794
8267
1883
7971
7423
2665
1875
4789
5789
8588
8587
3722
4103
7365
2695
2104
4575
9679
9777
2899
99
9842
4533
3994
3819
3725
1310
2628
5287
2892
8996
3552
9449
8354
6169
5083
7435
5038
8423
7669
4572
6318
2231
6110
563
350
7727
6649
8919
4803
3694
306
6134
7244
8823
684
9411
3306
1923
600
9583
8198
2353
9370
2271
1135
2949
4283
5238
3978
9256
4664
1140
6237
9270
5255
9992
8133
7270
3064
9726
4303
1066
6542
7455
4529
7929
1228
1933
7911
6202
5200
8770
1096
198
168
2709
5521
1331
4733
3249
6612
3952
9707
833
9456
90
9243
1849
518
6277
1920
3481
740
6224
1278
7707
666
7607
6555
6147
1447
3372
3114
7156
676
5573
8837
1991
9429
865
6617
9102
9281
9974
4132
2303
9918
1054
4419
9761
2056
2055
8427
1685
1215
4998
2447
5754
9371
4260
1174
5653
2364
6929
347
448
6948
8343
5670
4655
1906
899
3909
4597
9247
7136
6685
5804
7165
22
918
9811
3746
5326
730
4679
8427
1956
7299
6331
2509
1117
2532
3538
8530
6338
1163
6813
9136
6261
1136
6844
2067
6753
8842
8463
1282
7610
3514
1080
8040
831
7133
6716
5803
869
559
3349
3432
3171
8580
9396
6698
2056
2717
4495
4059
5332
8083
8579
5680
9432
2050
1424
7388
2482
1907
3590
3843
4214
9881
2245
7750
1580
2480
7653
4892
4117
873
9130
4597
683
7291
1832
5001
3308
8458
3763
9722
851
7420
2237
4236
5846
8161
8395
5412
881
2916
8095
4602
6596
6747
131
1570
3579
165
9488
9659
5619
8214
3998
8645
803
992
9162
9700
6226
6655
4360
825
6867
9273
2269
1674
8614
3860
9
6517
3480
4407
8724
447
5047
1421
5475
5901
5168
8890
489
9670
5515
2056
6009
2370
5813
2734
7653
2286
4516
3321
8149
3806
559
6472
6257
8552
7670
8181
4593
3912
1607
2709
1918
4715
4982
4149
1261
1683
659
6670
1383
1998
4594
990
3763
5398
9496
4886
6684
708
2534
7404
2002
2402
3373
8400
2538
166
9127
327
1020
6405
1501
7939
9344
2724
1403
7054
8256
2689
3102
4255
4292
7407
5999
9307
1935
5718
4371
2548
6382
2125
4226
9728
1639
8716
2727
8228
2554
2741
5925
8617
1474
5635
6435
5708
5767
3477
9966
2426
1596
6582
7050
8947
3797
3107
5229
406
7453
1385
4463
7374
2745
2911
1420
5760
556
9384
305
1859
8497
2772
8886
1534
1449
8840
3945
8181
1179
7956
3144
1671
1436
5566
8554
3539
1408
3818
5667
2333
8848
523
2531
3744
1463
8659
2774
1138
2797
7703
3767
4512
1192
2144
1187
4974
6987
560
2015
5782
8031
6360
6832
9131
5708
7441
9641
7382
7271
9654
3050
534
2434
2385
7308
8126
3449
1407
3119
3376
4011
8743
9505
6900
1161
7491
3892
3943
7437
6463
5656
7195
1873
5337
9275
1021
6717
74
3838
5319
2279
997
1000
3398
7837
759
7321
6948
8251
9649
4115
159
2097
5936
8181
3526
5852
7422
415
9145
9933
6755
5853
4890
9013
7986
5544
966
9018
5227
3410
1512
5964
9159
5493
8420
752
3327
8777
8725
5107
6618
8069
1050
1031
8310
3662
4387
2406
8704
9296
399
444
5532
2328
5129
4388
2149
9655
9996
477
6432
2125
87
4783
4658
7626
4973
9135
2308
2147
1934
186
9237
1350
3016
5336
4963
9614
1563
9365
8380
1421
2164
2728
1432
9071
9666
5398
3827
4151
1017
5036
5585
9721
4490
4889
2761
847
8135
2538
5520
4938
7137
6586
876
9270
431
2842
7825
7380
4335
7723
1646
1098
1837
6612
1452
3275
1279
837
9293
523
7107
7184
179
202
6424
2125
6893
9259
2088
1065
6378
2331
2093
7096
2418
1199
2313
7458
4421
8098
1299
2644
1210
3927
8689
6942
5425
6407
2066
4726
5740
9851
456
1951
7777
6314
8616
971
7984
3784
1193
9836
1127
3776
2178
5904
134
4396
2319
872
7879
6116
4844
1747
699
1685
3867
167
3248
1428
4089
9715
9579
36
1719
449
8772
9534
2052
3892
3416
5997
1684
8336
1614
2987
7201
2422
571
4000
4277
2555
8625
7281
84
1286
5721
2979
4223
7756
418
7278
8727
916
9199
7929
2368
8803
1918
7316
4275
1987
4258
2592
7202
5542
4222
9655
9052
223
3961
1977
1128
3581
5449
6179
5927
9972
1097
9825
188
7250
794
1629
89
367
6673
1669
2342
1976
3277
1377
8319
1579
3557
7087
1556
2032
9227
9437
5118
1518
9752
3706
8749
2806
7210
1661
7830
3442
8102
8301
659
3972
2772
3659
4370
7037
6057
5582
691
8248
4506
4940
1005
4861
3577
9179
7672
6170
4204
5026
9339
2032
1073
4157
4892
2398
1127
8555
1215
7031
7222
7900
3646
2086
5878
4044
4960
1289
7857
8047
6636
908
5622
7197
7419
2010
5794
5390
5879
2391
2332
2322
8384
593
3041
3419
4717
2304
1725
418
3590
7470
5396
7704
1798
772
6939
9436
100
1478
1790
860
8510
9327
1184
6078
1959
1841
5372
7362
9444
7383
2383
1491
8241
8492
5510
9466
790
8549
9125
2317
7957
1182
1543
4678
7939
8052
1142
750
7996
7357
9560
8174
4816
8947
9642
1014
6226
1152
9455
4622
7978
4969
432
1435
7626
3943
6495
2624
4790
464
1808
8052
5572
1521
3795
910
6766
9725
982
4878
3405
74
3784
3726
4231
7463
1215
2942
3905
2615
4401
1814
1266
8459
3685
9796
4575
4855
8753
2812
1328
696
5563
2924
4252
1533
3972
5310
3148
2138
78
209
2110
8770
9064
1908
7306
6940
7258
1530
6938
4122
3018
410
9264
7238
3882
2950
2617
3302
8726
6127
2426
4141
1773
973
2831
8427
3106
2967
6597
481
2119
1107
8154
3979
1980
9466
6470
1694
1950
2423
5527
4962
4567
5295
8273
9531
6657
8776
9072
8285
7604
2725
6450
65
4654
2213
2879
9104
4213
5797
8502
7722
3623
6204
6601
3169
2799
8260
4323
4884
9544
8295
3662
4121
3049
6471
295
3049
2181
3891
6750
5733
7495
3413
7468
5516
1255
920
8044
1866
9520
832
3183
139
3944
5629
6305
3497
1001
5274
3635
4681
2650
2264
3594
276
6156
769
6448
9877
6224
3649
7784
1268
8017
1351
1423
5321
6990
2876
4704
3002
2177
8524
4080
1793
5269
9959
7145
6286
8048
9849
6290
864
1186
1714
1360
6267
790
2902
5251
7109
2919
7669
7033
206
9709
4820
10000
