796 21
19835
5794
4669
79
612
4796
5586
8144
9564
4492
2549
9085
9204
1575
8228
6195
8298
1259
9099
3072
997
5396
5158
3699
8779
8677
3732
2324
7218
3430
452
9546
2281
6976
4248
7571
2257
3582
4964
421
786
3038
7466
1238
2918
3423
4876
6022
6871
1376
997
5571
1713
4688
7741
5597
1308
6859
3783
7598
7065
4871
4753
5825
9449
5994
517
974
970
3326
1153
5550
3179
202
8672
5321
8452
1463
2225
1846
1030
5293
5590
70
651
3866
1889
1242
6619
569
929
3713
8000
502
1359
2915
7592
3324
4714
7538
9383
9854
4224
2575
8855
7195
5203
9654
2856
6146
7768
5975
4167
8673
3429
337
238
2783
2414
3333
3749
6001
2671
8071
3251
534
1652
4861
6178
464
9474
2014
2482
2573
2024
3375
365
9012
8552
7949
1066
3619
1245
2485
4588
4378
7527
3821
3549
4226
2967
165
1533
8662
1729
4518
6696
7056
4795
4072
6175
8233
9891
7315
8668
6594
2950
2663
1768
1676
4375
6959
3139
4675
4006
9350
3157
4591
2293
9953
485
95
4982
100
2015
2321
2224
8886
4568
4030
8791
8553
52
7411
5221
6625
7636
1664
4236
5218
5859
3937
2491
8825
1482
7511
5180
4608
3949
2519
9069
4610
8833
2462
436
2630
1504
4536
2440
689
982
8359
3895
6376
3487
5333
4416
1283
2496
6648
898
1416
6932
6630
7945
3200
6391
9435
7206
6366
2539
6861
1648
125
7025
802
7385
1781
9518
1123
3120
1422
6882
1582
1967
8448
9189
3123
587
7377
8714
8871
8500
2762
783
3318
4412
3421
513
7928
3069
8330
3240
5634
7994
809
321
3705
4428
9947
2603
6158
9169
9032
6622
4356
5414
1271
5839
4636
3779
4676
9636
6479
5914
9770
1949
4118
8026
2042
4383
640
1832
2565
9101
6823
2991
188
1865
2696
3476
2347
3281
270
7949
3440
4147
269
4420
6949
6383
3043
6491
7698
8203
8848
8089
6841
8172
7407
1850
3594
5357
4337
336
5677
4673
492
1224
5472
9921
1177
6986
7042
5576
2346
5458
8261
1289
317
2486
7647
4214
7010
2619
1876
2471
6169
7755
8450
6988
9820
3112
3532
4209
5951
1499
5399
6012
2204
8674
5852
5105
2721
7961
4918
2245
9535
152
9083
9467
1844
9183
5603
2518
6227
5758
7395
1149
9866
950
4666
9146
4544
1493
4818
1299
7059
8786
6766
5141
3013
3775
9736
5921
10
5477
2462
2022
5536
180
7947
748
657
4630
4182
7689
6938
9192
8118
9770
2180
7029
5629
4126
263
5314
4100
7640
3878
3439
3175
5588
8821
1897
1978
3225
8669
1926
6229
669
2309
5087
6108
6794
6149
6728
6814
7623
879
4837
2658
4512
3816
8652
7072
8445
2215
878
1712
8302
31
8310
857
2384
2730
2570
3886
2993
6191
4711
1134
7160
74
4114
4039
7146
3409
2216
7000
8954
813
2602
7783
3915
4594
3495
7565
9059
3895
362
8263
1769
3785
8499
3346
1000
7162
5015
1512
9088
7481
78
9399
4729
5604
3429
8661
6466
9408
5618
6600
2581
6056
1027
531
1632
1735
844
8507
9957
4292
3927
2515
1649
809
713
8067
2236
31
2620
1828
2192
2084
4819
1603
2588
1163
8895
6109
1773
5754
4764
310
2613
5887
1108
6104
3675
9874
7764
6898
1099
4480
368
2449
1134
4183
3911
4218
4566
8572
3994
3786
6408
9718
6271
8399
1449
2808
533
1736
7968
1463
797
2892
187
4433
773
7206
6703
5514
1861
2568
1184
8261
3705
788
8540
8860
5891
7656
7968
7217
3616
8318
8189
6443
5080
8797
3526
383
2537
107
9542
5723
2642
7472
4122
3023
2111
7465
1434
8100
6825
2651
5942
461
3826
6707
2828
9966
7760
3245
6688
5248
1186
40
813
4025
5207
9114
7005
3698
7079
9476
8870
4068
828
4476
8560
7832
4141
2488
7535
6187
4120
939
8780
2462
1370
3064
9789
4503
8410
2505
8178
7440
7805
22
6507
8870
8392
1260
4337
172
2205
5602
3449
4969
8137
2695
5321
2235
8337
7099
5961
5737
4055
231
2901
8372
2847
4701
5857
6880
41
8732
6920
4063
9794
6841
8786
6493
5212
5513
1184
1664
8419
2405
8658
1537
6186
3752
493
8927
4811
2569
1086
2881
9188
7219
4718
4382
7225
2905
7062
8911
929
9112
3371
4705
4875
7229
4583
8113
4031
6686
7474
2113
385
8546
3937
4289
1615
9338
8901
1625
1658
6623
9639
2865
3681
5896
7672
6652
397
3713
79
9818
4368
5368
3960
7214
4933
2664
421
1295
6521
717
4634
952
5231
9138
4904
8387
2666
9505
4106
2305
5612
4493
699
6633
2245
5855
5649
7892
5189
4078
3941
7934
9726
354
2145
459
9841
8311
706
3777
7662
853
66
1404
4242
1271
6767
864
2598
1609
6701
1204
3095
6802
1234
8713
1842
2285
2332
9071
1352
172
32
1762
2443
4225
4596
8809
2572
6842
2201
3464
219
1463
9909
7717
2870
197
7091
8930
7979
4135
4957
7877
225
4448
566
9333
9332
444
9079
7713
8332
2909
2094
2744
2983
5496
2244
5945
6859
6320
9550
7377
3033
1455
1802
2395
1790
4201
4087
7198
8690
2868
4177
4605
4520
9252
369
596
5532
8424
7047
4071
4206
4126
44
3137
7881
9990
4762
1045
2298
5085
9753
9940
8251
867
7653
1733
7545
9728
5557
2156
686
9194
1164
227
5952
2244
8499
2015
5629
2673
6129
7716
5043
7638
5099
3663
6980
4652
7793
9842
3709
5159
2165
5750
5805
7038
9811
7521
1899
5199
4423
469
4939
90
3167
9075
1423
9207
1339
4979
5358
9715
9425
947
8307
6475
1886
4157
7910
3734
1246
795
77
2253
4026
1280
1701
5668
7656
863
3548
2724
4256
3437
8497
9846
9995
2032
2001
4072
1454
3808
5469
6137
4302
2621
8391
118
4625
7391
4372
7084
3770
8922
80
9585
7696
411
5258
2527
6544
8364
8115
1921
5452
1477
8953
1103
1895
5480
8444
1048
999
4706
8315
9654
6866
2615
2146
29
5418
2482
3381
146
2747
258
1027
1294
650
4429
807
6218
6093
7646
2619
6094
6290
3468
9974
9346
622
2349
5673
9738
10
8512
1268
5285
7487
9066
2295
8590
1486
4249
9730
5671
4300
6337
8219
6266
9960
3730
4288
3704
6367
7360
2071
2231
2935
4637
246
5647
6668
1068
1070
12
881
3476
5012
3646
6978
8370
5074
5690
2408
6623
1525
7533
6052
775
5586
4304
3340
4414
6655
2018
9990
2708
4583
2067
8378
7619
61
8390
4787
6617
3413
2668
1124
5252
9066
949
421
6241
7061
2142
115
939
2946
9676
4363
4388
2285
2723
864
1690
2174
1026
4498
1622
9020
6551
9021
5218
1958
1550
5708
9471
3941
7715
3370
1370
7970
3478
9928
3889
5584
3503
9954
3178
3191
3347
4331
7309
1634
6994
7724
8177
1186
3424
2755
5824
2880
7552
857
2115
85
232
1662
3892
5287
9907
5372
2299
9573
345
2522
3547
6607
9015
4093
2253
3061
6449
5319
696
5586
95
1463
3895
1813
272
2536
821
6123
4450
5001
7635
3605
1316
853
7935
2546
4919
7234
382
5035
6263
5027
8471
5786
9900
9824
6190
8375
8659
2665
6733
9610
1458
7515
3511
5489
7171
4179
7620
102
308
447
4034
7757
41
2985
2379
4975
407
4182
7075
8827
1539
5764
2940
8472
1063
2321
420
5497
8017
7677
328
9516
1433
6428
9096
9721
3607
8465
6540
8633
7409
5785
5450
5559
10
4796
91
1523
3242
2091
2298
5964
6552
3501
2261
4176
2160
1878
7786
2396
5393
1459
8479
1864
645
8343
7360
9798
6377
436
634
9692
1714
7485
7895
8872
2129
698
1136
5306
3979
3661
5085
2009
1745
4034
8292
9341
3761
8380
2998
2058
4494
2795
3672
1852
7877
1283
2422
1556
7869
1116
6744
948
9467
4373
7551
7336
7373
9375
425
9129
7920
9475
1875
1366
1456
9134
89
100
3950
2357
947
8016
4621
265
9421
7131
9416
1157
279
9672
7779
5789
2731
4237
2294
5925
8008
1139
604
3772
2837
9963
4048
5237
985
688
4560
4836
4323
9518
1728
6701
3923
9875
7908
5655
260
9519
9710
3464
7098
6600
9692
8476
249
1085
9340
1204
4733
9309
3994
2811
2566
4469
3332
1769
3666
8236
2765
385
4866
2053
5316
9416
3333
552
3794
2253
1753
7761
715
1586
3684
5345
4496
9173
6448
9948
3427
1633
3364
5888
2543
4148
2068
6242
421
2250
3046
7282
1669
2056
4905
156
7675
8100
3516
3513
5609
7616
3248
7529
8073
4026
8254
7749
3148
9377
5024
3442
6597
9279
4179
994
6852
4179
6527
5801
4714
7742
6897
9945
5882
9334
5888
2146
2688
3764
689
2767
1220
2505
9588
4191
6640
8876
897
7906
498
4851
2411
6647
106
8565
9335
8060
349
3563
5975
3357
9290
8895
3159
3356
3904
3200
7523
1563
6220
4245
8479
8399
6859
9187
2169
42
3252
2110
9112
1515
3168
4566
7121
6035
7191
6269
1157
5530
6538
8935
3174
524
6447
7012
1650
722
4302
6144
6070
6110
582
792
7911
5510
1587
1425
7884
4304
5666
7593
564
2059
8907
1760
395
542
2006
7056
6614
6219
41
8429
1909
8607
461
5747
9596
1328
8479
2152
3283
420
72
8716
9130
8042
4537
1726
7412
364
6385
1536
7567
3563
8297
2880
7268
498
689
7941
81
2431
27
8917
9756
8603
6531
1111
1625
9474
3430
5659
4707
6055
8196
6740
7978
481
5966
1330
5221
1302
7125
2512
1540
6130
9222
4165
1028
8695
1356
3826
7810
5310
6786
8775
2545
8438
4596
7000
9776
2766
6225
889
9673
1502
6618
5945
2174
627
7906
215
4040
7127
523
4210
4077
405
694
2299
1520
4848
3045
1968
8987
2071
7914
9583
7137
201
3816
2425
2430
7659
2290
810
242
7711
42
6997
8550
4060
9046
2626
2091
4773
3963
8203
9707
351
1795
8236
6847
2840
2300
1978
1910
9423
9368
2719
6940
2913
7033
5994
6440
2852
1593
1592
5032
7025
1329
1216
2400
2433
9846
8779
9679
870
4041
8421
6540
7705
1673
1660
607
3482
6590
1351
5052
1202
7173
2770
5331
5282
6304
6957
7766
8655
757
909
6444
5955
2554
5040
5371
712
9131
7629
9838
6212
3805
6675
8388
3047
601
3765
5715
40
5362
2701
1522
738
2952
3058
532
5714
8433
4158
7010
388
8180
3469
9612
8996
534
7259
2041
1645
4088
2395
6626
5755
9989
1604
938
4739
6160
1710
582
4417
4512
3763
6311
5726
1161
1171
7969
4012
1140
9855
4947
2217
619
4418
8989
6515
5776
6256
3337
4053
6442
2272
656
2442
6834
5261
4523
1687
1522
1396
7407
3737
9154
1861
105
3348
6324
673
2381
9672
1366
7599
9757
556
433
3173
4518
4101
8000
6592
5887
4539
6278
5189
8035
2323
9506
2050
6878
1640
5464
8518
9411
2052
6380
4969
7179
2393
1325
9391
6770
9117
8029
7121
5967
6192
7282
7885
9938
1504
3375
6888
5429
8548
6518
579
8657
9432
7910
5971
3144
7361
1294
6450
5312
2049
6968
3414
7503
6667
1884
8360
7925
5700
9262
7744
3806
4924
6422
8208
7238
5407
51
9178
639
6538
2912
2140
3440
1968
2876
1666
3107
7688
8984
2831
5911
1638
909
2643
5690
1577
1022
117
893
2468
6882
3906
8143
3101
1473
9768
2204
6653
2631
9558
9305
5045
4048
4014
1564
2296
9980
6138
1191
4771
3037
6805
9207
2891
7415
459
5467
7551
8419
1470
8985
6630
1925
5169
2958
3144
6125
9695
8877
1306
4929
302
9384
3916
6872
7374
3231
2469
1242
1505
1994
8543
794
3485
5283
7574
4906
2549
3494
5560
9994
7958
2058
5087
168
8977
7936
789
4130
6617
5085
6835
9976
509
711
3542
2869
9365
5195
1473
5138
5007
1988
5008
721
2253
2481
1616
8257
6954
1075
5416
1092
5565
1000
8907
5548
9598
9105
9549
7609
7903
6920
4866
7251
9927
3293
4861
7418
8634
9707
750
4887
9004
2289
720
3058
8462
1874
7876
4320
9599
4154
4712
6066
2837
9426
8847
9507
1952
5429
9014
8745
6892
1494
5017
5453
5129
1776
2121
7669
2564
38
4845
1863
5442
1418
5542
4701
8968
9382
1667
6400
5999
6082
4353
5925
1527
265
9830
9938
6077
516
6554
8088
1190
2474
7
9728
3337
8217
5648
4665
4514
3254
1822
4950
6921
831
9882
7085
9362
8122
6941
4250
2318
2086
8553
8980
2125
1947
9236
5658
1600
9851
8384
722
9907
3492
3310
9967
6895
3777
780
6753
7636
7440
5614
9484
1157
8334
7459
7242
6739
3297
2869
6840
1547
4800
9307
847
6622
2218
5845
5756
1564
9085
5728
5629
2590
262
7032
6980
496
2562
1700
7877
5525
6175
2611
4483
2694
1899
2540
7802
1401
5606
2787
5118
89
9793
7452
3799
8513
1550
8129
241
5835
8515
5892
9088
1354
3992
2973
3560
1194
3313
7603
4811
6044
2358
6132
3713
2252
1381
5466
8699
6211
6769
4195
3719
6703
1747
8840
4645
7262
1445
4253
8340
9401
3079
9490
212
3224
6917
9862
4479
6688
2179
9292
7166
3026
1619
3658
4624
7377
2331
1593
990
8946
2294
7048
9259
9735
7220
927
3027
1072
7189
6546
1255
5130
7887
4914
3714
7786
2291
3353
2664
4269
4423
2585
2913
4574
6140
2365
3881
734
3885
650
3041
7176
422
5468
2034
5419
1236
660
9718
7946
7857
4264
1114
1014
9922
9403
7139
597
7162
6034
1318
9111
8242
6611
4561
1997
6360
3593
2894
2875
877
9086
4342
4447
1474
504
9857
7871
2401
9351
7259
793
5256
6358
7552
163
811
5206
3627
424
4067
180
7327
8743
6473
6575
5748
6398
3745
1137
1230
6704
7258
7719
6155
5806
1267
132
1456
797
2256
3331
2086
2323
3275
5942
1124
2512
2353
652
9155
3065
2100
2234
1264
5814
3833
2698
176
9327
3548
5723
3198
244
9907
5148
6402
2270
6642
2024
2012
8555
9751
5005
704
3982
5767
3057
7131
1408
987
4613
6997
5819
5851
5566
5682
857
7973
4040
4386
3832
9283
6710
2324
6640
2056
521
4776
9128
5461
778
1451
9558
179
4561
9683
423
3139
204
7323
2557
559
9274
1559
6428
9223
6002
7879
3995
5656
7445
510
4465
5485
1443
5821
1389
5403
9060
2097
7634
6614
5155
6148
1167
4538
8261
3955
6097
6822
1280
7138
6780
1261
128
4550
9666
6086
768
3307
6001
1051
8594
3516
44
7715
5905
2877
640
5224
3766
6492
549
7247
846
1691
2037
5700
2912
1288
8659
6506
9879
3990
7255
4516
5982
1568
6278
9631
4021
2165
4470
8501
5422
1205
7067
2556
8531
1901
130
2499
3718
9975
2136
3826
8765
7360
4237
3943
5871
6753
1740
5669
6519
42
5044
8095
655
7224
1276
8539
2371
1100
7650
4221
4703
4210
1824
7620
4689
7748
7952
4555
8540
3570
9864
2781
5693
7173
2190
4189
3330
9308
8766
8815
8648
2846
798
4409
4046
14
2882
813
3830
5978
8906
1835
6522
5996
9346
4299
3909
4490
2844
4417
8401
4960
995
9862
3635
8837
5440
8764
3736
9690
3604
8704
3408
7462
5821
8806
4892
5746
6347
1653
8867
9111
1192
2374
5981
8391
634
9489
5415
2649
8671
6989
9548
6364
3242
9074
5995
9273
3118
1871
7141
2523
7156
1888
9340
8168
1000
8510
4181
1346
129
3874
9350
4792
8117
5979
9785
525
5428
6630
2592
1961
6115
9052
6006
5599
8577
2685
1398
146
538
650
8611
6976
6292
410
7441
160
7878
2622
1742
1051
6955
4725
2368
1001
2871
8493
9658
9894
497
1900
4050
4145
9278
7557
643
8845
4947
9517
7107
1280
1541
8590
9289
3338
3859
8400
2872
6147
7583
5944
2421
9162
5523
6303
3648
463
6536
4869
3398
4057
3056
3555
4268
4602
1848
6861
8578
9585
7332
1116
72
7241
1678
7638
864
1969
9732
7184
3253
2519
6364
9624
2669
3870
8797
668
1370
9586
5309
234
6585
3408
7349
2581
181
714
2635
3199
3767
6897
3916
1118
9708
9046
559
3331
8337
3299
9759
7409
4837
9356
5592
7747
3953
7908
184
1966
7881
1228
4979
1590
872
3939
3591
3756
1184
6315
8334
2977
3481
5460
4390
354
4055
9690
152
4140
15
8882
1290
742
6336
4243
7283
3510
3813
2370
8420
1542
5218
2996
4747
581
1226
7240
738
2876
5305
4451
7990
7240
2771
7256
7177
7271
6386
5856
1364
3175
4757
7575
4885
7117
3388
8455
7516
5810
339
8419
4383
2824
2350
6180
641
4552
3159
2200
2011
4002
265
7387
242
6149
2762
5390
2204
4747
1363
6208
872
955
1964
1069
895
7483
1327
2478
3018
9892
2165
2812
1519
7498
2407
4047
6574
7193
9963
6077
6603
7746
6244
1068
2673
8327
5126
275
5372
4983
6114
3091
7058
9876
4349
2183
119
3818
4119
6017
8402
1169
4001
7908
9242
5510
977
3555
8811
2367
3769
8955
2443
213
2053
8955
8629
8746
2081
683
2374
3965
6395
3600
9601
2500
7936
5508
3150
1887
3717
5225
5102
9702
1100
600
173
594
5049
6402
4267
5814
4494
990
1729
8535
1730
2659
3166
9783
9156
2692
3822
412
3187
1275
4357
3272
2057
2291
8259
5715
709
8234
5207
5716
6502
1678
9499
4746
1301
5210
9449
3444
8126
3465
2629
6393
7944
1306
5400
3987
5188
3504
118
2357
4400
582
1247
4042
6594
2791
747
351
8143
4099
3155
8552
4847
1994
78
3746
8873
7344
3214
8575
8435
9434
4815
202
8587
2173
5096
5784
2328
7625
406
566
9343
6258
3601
6827
1971
3919
7421
1866
3225
9383
8508
7720
3028
2472
1805
1637
2771
6619
7839
3633
5267
5845
3930
8460
5713
5580
1609
7006
7744
7925
2565
5123
9781
6725
4341
5526
4692
9893
1054
7359
94
4335
5944
7374
6779
2398
545
9015
5990
6065
9657
3984
9016
9714
2649
9625
8309
4469
2179
4125
2970
1810
7682
8839
1641
4092
1508
5910
9038
4997
398
4947
5347
1183
5262
9073
9614
8359
3667
6437
2925
2400
1180
4105
617
8123
4089
5948
2285
2061
1928
3787
9029
3345
9403
1080
549
5212
1028
9456
2601
4642
1233
6540
4211
314
8618
1780
3888
5306
7273
6547
4896
7085
6219
4173
7087
6518
8401
6232
484
2495
41
1748
8549
8367
9056
2238
9055
625
1180
6747
1817
1544
8077
9542
7139
7916
3282
810
4208
1021
8969
7484
5684
5265
7523
7947
3217
412
4468
2010
5439
4655
1881
6700
1938
3839
4996
960
1107
8381
2600
5776
2605
6779
8654
5144
5981
37
4414
2705
9550
8888
9571
8406
7702
4067
1905
7652
9879
8153
4386
4133
1081
8345
2400
9212
2917
4031
4319
4155
8643
1915
6573
9178
2490
1492
7720
5562
5047
5768
2290
7589
8377
9588
9687
2265
8587
9833
4063
9095
8487
9213
44
6182
6568
880
8906
4493
5752
1570
7327
8050
9470
9415
1204
9757
2309
9662
6005
6801
43
5119
1247
5757
7991
9402
3135
269
136
2589
6577
6549
8240
4837
6540
8291
2450
496
9354
7927
8018
9156
4116
1600
6614
1042
8021
9429
7913
8097
5740
7594
9137
7315
7333
4913
1773
210
5236
4651
8317
1577
1617
7870
9939
7401
7709
1616
6214
4643
1289
6770
602
5082
7995
3080
7270
3413
8134
5812
3996
4735
5128
5994
1889
795
7886
4636
5352
9490
7281
8668
1548
8020
6474
9377
9402
2111
8886
2812
7796
5516
144
8453
7702
478
1003
729
5557
4063
5010
105
265
9287
6639
8313
3088
3217
8133
4675
5964
2018
7593
9365
2414
2354
1852
972
8524
4241
9675
5083
1301
6229
3704
2280
8532
9304
9453
4870
5289
799
2
1975
8037
5356
1478
9120
6154
1448
1183
2187
8625
938
466
9281
3195
5937
9751
8262
4214
7429
121
2659
2232
1878
7638
7731
3911
1117
5624
8553
1679
2354
5112
198
874
3849
9593
6774
9731
6046
2502
675
8898
6695
3407
7510
329
7637
5583
5960
7753
2612
68
5264
4078
6775
7205
3393
2438
5545
6066
8618
2397
6671
3635
8193
1185
8503
6896
660
1094
2310
5437
9345
8419
859
6477
1403
4423
4
7117
1718
2672
9096
2564
6411
1728
1680
5548
791
3261
573
533
5695
2041
911
5047
6783
1919
1418
6337
8419
9981
1993
163
2040
6610
5072
183
9339
4069
2045
7242
9534
5814
9013
6633
6165
4234
3804
3696
6093
1600
8732
3050
5908
2139
1450
8412
6966
9341
7530
6835
1481
3053
529
267
1719
1727
3806
6535
7950
3729
7506
3963
1872
95
4565
3855
4558
3105
7868
9503
104
7695
6437
9141
1932
5616
3877
7916
8850
257
6309
3284
5068
6668
8102
6163
7040
4284
4365
9044
3191
3085
1053
408
2014
8982
3555
728
939
6781
6749
1469
5512
6151
4646
4772
1940
619
234
2861
2712
9259
3885
371
4363
8580
8575
1676
5773
9160
9653
9956
981
3222
2103
9295
4471
6481
2144
6310
5681
7862
5303
3218
7936
1063
8208
5708
655
2226
1777
7673
6240
2538
923
465
9398
3473
7797
223
3095
3486
2640
256
6556
4915
3753
6752
102
2678
1033
98
4651
8643
7601
7961
4872
5368
979
3684
8298
4148
6212
1892
8994
4072
3690
5727
168
1253
828
342
8824
3237
4659
9669
3410
8634
3846
2971
7174
5440
6521
8628
7505
5583
6931
9557
1224
5308
6240
1937
8874
5317
3224
7420
7943
8383
1280
8762
3227
3225
6416
157
2948
9401
9877
2180
3301
6245
1146
4321
1355
5944
6032
8870
4923
4833
3029
1457
6539
7678
9042
4149
180
1595
8951
4035
7462
536
1155
1973
3383
7623
2523
6739
99
1805
6996
7753
4534
2074
9163
3997
5726
1441
1530
4831
8610
2237
4848
2233
531
7047
34
9326
2744
242
8743
3876
3801
4441
5312
8205
9234
9607
1856
5687
6784
8063
1376
5083
914
4611
2324
3079
5239
4202
578
9255
1291
2275
554
3868
2029
4065
8231
1386
6408
976
4402
1434
6149
1785
6874
4569
401
1266
807
6015
6915
1857
2919
7137
31
9274
2571
4998
2256
5333
9098
854
6720
7411
7531
9641
32
5455
9946
6812
6511
7679
2475
4615
2803
7570
9036
9678
2002
9915
2219
1858
7343
7421
7120
2851
7736
3936
5526
1074
6545
3726
7551
5379
9672
8747
6845
6246
8181
5721
9858
9760
2179
6690
4901
5384
9471
7339
7822
8117
2942
8734
8150
6939
8500
9531
5072
9901
6432
5108
3264
2215
2512
4347
7528
9016
5946
9838
1544
2730
286
7150
2710
1420
6330
2982
9419
9120
2026
2714
4855
3208
1444
597
2636
5630
9282
6276
7938
225
1253
4522
9842
9977
4739
2705
3448
4986
9601
8407
6657
3262
6509
3631
8849
8957
1842
3987
6398
8028
8225
332
7356
5308
166
3604
8932
4659
4934
9055
2476
1738
9416
5308
5761
8271
4151
2095
7039
2483
8484
1867
8131
7129
2706
6837
1446
6562
6446
6830
3714
7727
459
5671
7083
2446
9380
4483
1210
343
871
9813
8280
3855
8101
290
3509
3364
7376
4650
1149
9438
1465
1797
3894
3206
6616
8986
6514
6108
598
32
5697
7896
4062
4753
9687
5217
6556
2426
1153
2413
2681
3804
7773
1963
8278
9220
9255
9408
154
3046
3172
8045
5677
6704
3856
6552
614
2840
2890
2026
5781
4576
3122
4392
710
4149
5356
7421
1249
5254
8601
191
9533
6831
6213
8482
7471
1542
8385
2905
1160
510
7153
6476
4802
7550
1608
3515
7252
2769
5016
6429
4499
2841
8750
9898
7782
6503
5408
8831
2978
8779
3666
8117
9059
769
7221
6272
8697
8102
8264
1013
8181
812
6146
4400
5253
6698
7197
3862
8188
5394
161
1223
5814
9665
1786
2215
9003
9477
1224
6250
6110
208
7382
2985
8006
2514
1717
5226
8763
2200
2706
2180
6410
1034
4336
7462
2761
8970
5408
9713
8020
3408
5666
1521
4276
4047
655
9797
1033
2334
4258
2457
2211
6446
7234
5006
3292
562
8989
3976
9970
1302
1980
6565
1212
7097
1502
8336
1319
583
7483
5541
3220
2821
7231
3942
5466
1919
7465
682
5178
6596
4324
1729
9402
8557
8215
8448
3712
8429
5624
7123
1170
2566
5566
5620
9829
9938
1963
138
7645
7452
1108
6470
7670
7418
625
6603
8748
1666
1834
5269
7380
5384
4067
4318
9590
7301
3473
995
5465
2939
6572
771
5009
4550
2159
1450
4141
1041
3929
5786
3308
5181
3191
4449
2654
9828
7217
6358
8982
312
1537
4601
8226
6836
8969
4741
179
7601
3670
4391
2158
6994
2382
2528
4092
3796
2436
1277
8971
7966
2913
8633
2605
3539
9850
2076
1335
458
1204
6036
347
7334
1857
2077
5708
5168
4574
3487
7893
6835
384
9323
2040
8510
8140
8736
3111
2721
758
1912
5480
1582
7262
6303
8093
1988
3653
7069
4283
266
9621
2731
2518
1904
4528
3453
7989
2376
4795
5315
6650
3784
9941
7773
764
7010
59
1711
9486
8959
702
3582
538
3307
919
5157
1646
1390
9152
6734
9472
9045
2330
2275
3425
1829
2205
2367
9579
2059
3608
8187
5221
9685
9584
5137
5862
7032
7187
8036
9955
1545
2296
3338
7358
5101
3425
3056
634
7827
4580
3498
2283
8842
2032
9237
318
2902
5051
7578
690
7307
588
7099
7869
7173
1303
9169
2271
6425
8636
5794
1220
1973
309
3350
4852
5001
4389
6602
687
8783
2918
3201
9976
6074
9785
9685
3180
9552
9681
196
644
5575
908
7490
4352
1341
6305
9972
7866
6349
9118
3513
2070
3134
3200
9205
8284
8826
6254
8364
9514
1430
831
2980
9979
6643
6716
5663
8541
5897
6395
3693
6173
6574
4279
4594
3746
1447
9479
2772
6865
1275
6177
2280
6785
378
8642
7780
5850
5705
7057
7946
2027
9876
1435
8915
8833
823
4023
716
1195
2987
236
2182
6939
6087
4303
9618
3387
3676
7695
680
896
6220
190
863
7903
5983
3519
2135
388
842
7672
5394
2455
2384
2590
8380
6016
1140
1262
2656
4194
4330
7173
2136
6190
5974
1886
6976
1634
6672
1509
9161
7287
9511
9898
5058
4518
859
1172
2155
6616
7224
1801
550
6054
2446
5843
2164
5647
6192
826
2501
9907
2065
676
5146
2875
5876
3532
880
2340
7711
6224
8796
4182
19
8576
6635
3982
6673
4152
1137
9418
1146
8750
3699
3569
9422
4717
646
6485
655
5173
5536
668
791
7910
2391
7820
5981
8577
8747
1442
9293
822
5291
8193
9931
7865
1630
4672
3720
4228
6439
8323
2216
7886
2158
2302
655
6425
4855
1932
4223
2358
255
897
2036
2481
5704
9254
5315
9189
9498
4841
2552
6273
6703
5040
4738
7767
9289
5987
9228
5146
8834
264
7822
4176
6450
5050
2128
158
8173
2796
2660
8800
2182
7740
1489
2748
2031
49
5157
3134
3554
4992
6610
7225
8975
617
7719
58
3119
8352
115
1576
5917
6820
6956
5423
4130
3926
2279
7087
807
4527
2282
5456
2814
2132
4534
5221
5149
488
1156
8249
7310
2608
9221
3076
3168
9932
987
405
5371
3214
230
2931
1465
1441
864
5023
5961
1008
6474
6539
1910
2745
8242
1645
2384
6034
3483
3920
5010
2724
1212
7962
1426
4958
7834
9672
9935
3688
1676
4544
9795
280
348
2309
550
516
9632
6442
4209
459
4242
2585
4693
4947
5180
6755
8160
2429
340
9317
8393
1848
6537
8540
9773
4803
9590
3780
576
1704
5759
1043
3344
8577
8174
4789
1656
5076
1124
5978
2639
6405
4808
1276
7486
6036
2106
1298
5082
2561
8510
1096
9959
4830
9944
1842
3248
5928
263
2442
5983
1205
6988
8539
11
7092
8340
1899
2860
8026
6519
8292
6522
2290
4322
2351
2034
5558
3047
328
5127
4225
1087
9867
3962
3278
972
9802
8726
5908
6384
855
4930
4057
2427
6792
2521
1370
5171
4384
5649
9680
3067
8112
1566
2583
3099
1996
1379
7700
5340
24
1771
3476
864
6508
5303
6210
9060
9944
9049
575
346
1725
1312
2295
2453
2871
9571
743
4393
2202
5573
7756
5803
235
3280
4483
3912
1143
7505
9583
2398
1105
4464
4630
4793
57
1238
7283
7601
2627
6859
6789
9771
1446
1378
7069
7986
9440
8596
38
6951
1763
8831
4616
306
3349
3145
4506
3698
4410
3689
4677
8180
5414
4156
5790
9521
7062
6909
324
7124
1047
2475
5193
8145
95
9264
5228
3256
1993
1298
5105
5192
1457
3975
26
996
7916
1377
7427
3556
2864
2157
2152
1659
7629
7770
6082
5855
2224
4279
3806
3174
1228
6013
7459
9711
8025
1454
9970
5807
8861
882
8348
8391
3357
7443
1161
73
5525
9695
6281
9810
5083
3661
7527
6183
9732
3731
2893
4301
519
8730
5309
4609
7558
794
749
7342
978
4030
7425
962
3970
994
7665
8278
1518
5262
7071
285
7832
8554
7891
178
7800
7899
9254
7346
2063
7497
7398
2290
2316
5231
8117
828
1726
4409
8784
3607
4972
2012
2839
120
6845
5076
4742
5219
6447
1344
1445
453
9328
4383
104
6548
2492
1392
7662
6820
7802
2201
1795
1415
5493
3870
1859
7313
1022
7653
3538
765
4180
8954
1627
7992
1547
7015
9527
4803
7861
7486
913
2710
97
642
1792
6025
9855
5783
3253
9589
5718
5246
6544
5731
7140
2621
4631
7318
8332
1119
777
9714
285
1819
9377
7066
3268
490
5752
9548
1932
2307
3978
4206
298
6763
85
7117
1498
3363
8405
1179
1890
1062
5889
688
5272
6282
5345
179
3843
3080
1762
9334
5893
2697
8021
5909
27
9628
8178
601
2340
5079
1021
929
1211
914
8667
786
3783
482
2900
431
3521
1763
2337
6960
5411
5831
1380
5777
8874
1602
1540
7140
5584
8791
2428
868
9917
2819
9821
4341
5390
189
8124
6651
1420
4
3951
6632
2283
2436
1167
9496
5117
9254
4947
1090
1235
9069
1992
7301
4805
7960
1714
3108
394
4131
9346
7133
6623
9958
4723
4065
428
1619
479
1217
9581
7969
1667
9475
6257
3050
7801
5537
4016
5884
2743
4845
3932
1682
8312
5724
5855
4931
3850
4141
6101
6163
5691
4905
6668
4142
715
7241
7721
1232
5159
7784
5471
9188
278
5533
6942
2328
9274
4562
8687
1034
9597
9684
1141
8949
1642
857
9074
9558
8834
1302
9405
1919
3023
3229
2167
2741
3886
1025
6748
6012
7697
4526
8940
9546
7564
6249
4794
2628
6702
8653
4897
2825
9345
2933
4186
6793
7929
294
4341
2091
5809
5353
8984
9086
4777
8932
5309
7389
6879
3977
6206
825
7212
8455
2667
1954
4031
1699
3952
8665
1371
9379
1249
8110
9612
2674
6370
3494
520
2175
2668
4285
4943
3980
9967
2168
4560
9383
3874
7397
2300
9875
4006
4600
8522
4366
2167
9772
2273
1652
3299
3035
1973
2677
1944
6953
1812
91
211
2453
4645
3478
6837
2157
7428
9033
6700
3561
620
793
5716
1872
4842
3896
7275
2443
2793
5894
1316
621
2082
5570
2642
7928
3547
2269
4012
1976
8385
9888
7445
2190
1231
8964
755
2172
5481
2056
5507
3541
8612
4393
9812
5898
4688
913
9589
9052
4127
8926
8527
3626
2567
9843
9295
6179
9600
2418
83
3482
7260
9868
724
812
2025
3939
1168
7822
2339
1522
6398
4739
6065
7484
9677
6054
283
5492
974
1476
1267
950
6105
1121
3862
2260
1491
215
9981
703
91
8806
159
296
2980
2607
1
7021
4885
1337
9505
8362
8598
4908
683
679
7192
4896
2155
829
6205
182
7599
4478
895
2469
4361
8599
9448
347
1948
5244
7862
4015
5357
8365
8060
5925
1719
2901
4313
922
2262
9372
546
1387
7576
5140
7068
9246
5265
877
970
6930
3911
8092
5341
3008
3481
7740
9829
2006
5698
239
1755
1155
3857
960
6264
4231
6672
6819
4693
1810
9689
6577
9900
4933
961
2572
6849
9131
9423
9925
5709
9660
5637
3683
3008
6810
4427
9316
8515
2977
7770
3197
2970
3769
3216
9130
2638
4408
1760
9030
6863
9681
6355
6160
3527
5890
5233
756
6912
4378
9934
5780
4544
8664
2851
3694
9242
9451
8665
1593
3367
6165
7642
3877
3827
6903
6487
851
8676
162
2996
4157
1728
7240
7856
6766
4751
6958
2187
2491
3231
2489
3126
2120
3576
1062
3034
1110
508
5242
8682
5298
3165
2358
6668
6410
3954
4342
508
1030
9559
320
6564
9079
5793
3170
6338
5671
3340
4249
5500
2178
4614
3529
6352
2313
8125
2917
3836
2226
3348
0
7992
2554
1435
1935
6372
9941
8573
8607
5912
7030
5211
1592
6053
6745
1157
7655
2209
5375
3811
7940
9017
2001
9937
5240
7988
2188
7192
1588
2021
6651
9895
5511
3896
7943
919
395
156
6926
5741
3718
1582
7612
2007
3042
6929
653
4461
9614
1370
9778
1601
1615
8459
1925
6434
2395
7434
8971
8995
2316
1759
4536
5115
7828
1954
208
5277
3886
6064
3133
6347
2437
7434
8468
2775
1621
2065
3142
6236
6704
6277
2469
6890
5690
9720
756
1412
5740
5113
9581
6498
3758
7390
9347
6809
1741
5986
5026
2916
909
5074
7642
6877
3496
1637
7746
2319
3867
4505
8802
7079
5319
406
3970
6310
3990
570
609
5011
7524
2473
7865
3584
8631
5130
7856
2846
8015
6366
525
1456
6793
7278
7310
3885
2658
8917
4991
6366
4204
6405
1060
7658
8886
1027
1729
2942
7167
8953
5852
5728
1494
1987
1834
6117
7535
5840
4619
4986
8913
1723
3472
2206
3042
171
5073
9524
8894
9492
9446
915
4939
90
3894
4238
1272
5372
122
9083
6523
4683
2457
2133
139
7151
4724
9175
8956
3314
3032
3997
8201
8953
5855
8452
7988
1423
4411
1541
2677
134
41
124
5207
2531
1825
1444
614
2754
3219
6245
2947
4987
4178
2861
1917
2482
5635
4286
3732
458
1508
7305
1148
4261
1059
9929
7846
579
4880
7756
1511
346
9877
2894
7553
5337
2685
5679
3784
5219
9254
7920
5216
4495
843
7677
6791
761
1660
2195
5061
7587
7299
9639
3467
3823
2165
5591
3951
1826
1052
8817
7815
1712
8974
4576
8585
287
4852
9998
9155
6896
3385
5755
7224
9714
2829
879
6221
8555
8522
96
4019
2417
5438
5793
664
3132
9181
3605
2758
9521
3577
3736
6565
8548
4289
4207
1088
1041
5545
9231
1073
9110
471
1672
5219
85
8291
664
409
3454
4403
9929
4040
76
1504
8928
6985
5940
9043
1353
310
2662
6412
8831
5950
8956
2466
8334
4675
1426
6998
2099
8154
2509
2292
1279
572
4167
1459
6998
1056
6840
1649
1787
9209
4802
2682
7799
7115
4256
8380
9904
3303
2126
4061
6011
8421
6533
4317
1658
9605
4384
7521
4631
4981
1527
4796
3869
2535
7920
9879
3738
8601
55
5064
6040
431
6531
5643
8467
5540
3880
5221
2303
782
1725
7106
2788
9640
6961
3108
9159
196
3025
440
5683
4878
563
3621
3479
2716
7475
1634
2047
6691
2058
850
1212
3735
1548
8664
2586
2714
1637
51
3581
4152
4383
8377
2271
2296
5885
3506
3965
2480
7869
3454
9711
8198
3336
1335
3362
2313
842
5364
5920
8769
3477
4903
575
8562
1842
7801
178
7832
8137
285
9684
5464
3193
5076
9340
2291
8268
7107
3957
8251
4073
9274
4002
5739
1822
7436
7692
8703
3437
8539
7713
1483
5317
7281
3847
1177
2978
2422
5799
8822
3958
265
1304
6359
8658
9420
8298
9790
1802
726
695
8246
1440
8394
1443
2563
4551
8346
5387
3320
2552
886
2615
5753
3017
501
7200
2968
1757
5208
5134
647
4524
2969
57
3600
388
4173
2456
931
3501
7052
7725
28
4413
2911
7754
5237
17
183
4579
5489
1179
972
355
5702
4102
1244
1547
438
5794
9381
1170
5947
7989
4889
7832
1831
934
939
9018
6120
5870
3993
7802
1810
368
9945
5953
6297
6037
463
7089
5177
5896
7909
7319
2485
1589
353
8725
744
1169
1478
8023
7157
6296
2858
4669
8054
4723
9105
5255
1733
5202
3622
4604
1394
3033
5446
190
9785
8680
1926
6713
6416
1739
1354
4426
468
2284
3896
2549
7864
313
5815
4343
2685
6883
4463
2595
4387
6349
1363
8507
2886
3287
7705
2086
4467
9068
389
1918
8475
7807
3180
937
6650
7335
9807
8199
1044
1252
9337
3286
3661
5825
8314
7149
2442
9269
8687
82
5306
9521
957
1709
1724
1231
2170
2356
9070
9776
1821
6481
6647
6010
3583
4754
2912
4241
6780
7991
6052
4584
8304
5946
2355
476
9912
9052
9546
174
5912
351
3168
8119
7204
6162
8071
2872
9878
2267
5598
8336
7335
8229
4552
7962
1131
4079
2888
4187
6336
8751
4360
2157
413
3695
1577
618
2093
2732
6908
1167
7275
4776
2688
3429
7202
7702
4312
1363
6141
5123
7862
864
599
5408
9473
1067
746
4041
1084
2486
4139
8264
810
2108
8388
9975
257
3836
7947
939
7887
1016
7014
2240
9229
1378
4124
3293
3274
2590
4911
677
6495
2589
3064
6330
6369
9281
9810
1749
9895
2916
871
7145
4511
6364
5698
6381
735
4060
47
314
105
571
7356
8078
2212
2535
8927
7204
2052
1755
5359
7900
17
8908
9490
2138
2761
2054
7099
5233
9596
8365
7762
8842
7777
5108
4452
6491
473
2627
2576
9270
2689
8944
9162
4075
7241
2112
5874
4829
3713
4025
820
7739
2068
7095
7947
9578
9381
9864
3851
2798
53
9131
4877
9638
4426
9551
3684
5861
6523
5515
260
7347
7971
737
8516
8467
3976
5488
8072
6100
5589
3886
8795
7595
5876
7363
7054
5457
5691
2501
2703
904
1786
149
66
1410
5308
1924
7652
968
3818
1637
5607
1390
5313
7110
2899
1467
5493
2688
877
9313
987
9612
6475
8551
5317
1799
1503
2184
5425
9724
8747
756
4898
3766
4491
6107
8950
8250
9247
8566
2416
6257
9964
2137
53
7479
2253
5273
4458
5611
8490
5596
4714
9442
3510
6437
9391
1604
1002
7765
5525
609
1240
4481
7380
9730
2619
6801
909
42
1054
8029
7490
7571
2460
2095
6267
2284
2386
232
1421
9092
5651
1673
3079
932
5420
6299
3917
9206
4102
271
7197
2492
6370
1711
6812
9668
9471
1104
8247
8139
2587
1776
6569
5652
2771
2138
9526
5757
2624
4207
6523
9844
7651
4340
5600
9902
5712
4100
898
7854
9897
610
383
8202
12
5769
1423
5377
604
2227
1230
3334
5816
3144
2302
746
9412
5969
6910
384
8163
8743
551
6456
3090
3220
8824
3189
9291
552
9161
6495
8028
5285
9297
9888
7740
9190
9033
3298
4896
1741
7161
8514
1346
1922
2458
4975
3149
2891
8704
2445
1126
7366
3885
452
3879
3539
5273
8659
754
2814
9884
5954
1445
3631
5825
7954
992
960
874
4511
57
1286
3777
6521
2240
5406
9924
7867
9120
5039
2222
946
8861
7286
7553
765
2474
6117
6204
7963
6102
7263
7664
4464
884
582
4418
1069
1964
9281
9476
4739
6054
2570
5856
2288
8489
9051
2707
3590
4711
7380
755
9742
7346
459
2172
9908
4643
9077
7142
8251
6552
9488
6684
4895
1447
1141
9968
1686
1481
7098
6309
9876
8927
5664
6907
3473
7011
3053
1169
6487
6153
2183
6329
7121
7786
9765
3481
1623
6700
8907
6819
455
7488
8765
3484
4764
4957
3140
4399
521
7299
5512
4142
454
8026
703
9177
1523
8891
6827
3557
2774
4688
8379
2470
8988
16
2821
5101
3239
1033
4925
998
9305
1221
9114
5253
1753
7611
2776
2842
2075
2395
371
1920
8889
6013
6191
886
8912
7669
705
3236
6075
404
6666
4209
8445
6333
3700
3008
7781
5047
9284
5886
2250
4229
1007
1533
8193
616
3550
7461
9110
8382
3972
8182
524
3332
7928
7288
9134
8283
2532
396
1889
1165
3343
2546
5147
5959
2925
8298
7387
7753
6967
250
8830
5444
8602
1457
8284
1261
7323
860
8176
9328
589
3815
9823
6501
81
9605
6708
8132
1071
1409
1420
914
5836
9987
5305
2280
2997
4421
4368
411
5792
7771
8546
7961
797
4809
6401
7379
8788
9913
6848
701
8188
7597
1412
2583
6884
5032
4414
8776
9832
2232
2213
1373
6109
535
5093
3906
2868
2713
146
5890
9175
1924
218
1806
182
3723
1561
111
2709
5758
958
3195
3943
656
4567
9191
8168
7800
1583
1468
6007
5651
1990
3105
1721
1406
7238
5315
7941
9629
4608
2072
595
4925
8162
6698
4086
986
187
8382
9447
2741
4601
8899
7013
4772
3200
7
6596
8106
3043
8864
1536
3393
3110
1690
5833
6844
8256
3444
5597
3975
8459
2916
4665
4958
3243
6517
761
680
577
7191
2191
6712
3950
9593
239
8550
1395
2030
7665
2123
7409
6071
6515
4012
8105
6018
4435
7064
158
7687
2434
2448
867
2927
7767
1713
9063
4839
3205
5829
1202
7613
2500
2255
2382
8461
5681
8476
2350
4508
9704
291
1553
5130
8548
1179
5854
3819
6353
3786
1510
6072
5971
1329
117
9919
176
6379
8533
9402
865
6284
5173
5740
6466
8224
5356
6671
139
8924
4961
8293
3874
7315
8905
5006
8923
923
937
5074
3241
7467
3604
6319
1234
2022
1897
2253
6706
6118
66
7636
4108
7013
3008
973
8544
6676
1058
4026
1338
1091
1708
7548
2465
5579
8387
1596
911
9922
9811
1371
2356
7299
7053
5845
4173
9344
2065
1603
6062
9595
8626
6667
6342
8106
4338
1555
8787
6704
4231
23
8982
2355
771
8689
9540
4497
9943
4960
1467
4437
6337
6550
1018
3977
7962
8990
8245
2169
63
2949
1487
4209
9139
2252
6363
300
4492
7980
4551
7842
7876
1086
9221
4151
4973
2501
286
7752
74
4847
2292
1388
6255
8816
2149
6934
8992
4261
7829
27
9331
9057
1822
1631
1382
8138
480
8395
677
9582
4321
6655
6017
568
7425
8567
9011
2021
9964
6703
8009
704
8770
4515
5476
8631
4265
1572
5532
2622
6517
7562
4118
1528
1507
6735
5098
3939
5921
7838
9215
6240
1116
8446
3702
1513
943
7276
2225
6361
2190
2506
9531
3376
5502
5441
4551
9765
3186
3094
9525
906
9885
6244
1619
9751
577
8663
6579
22
4659
1959
4888
1146
1851
7254
9770
1132
8044
2604
9658
708
5126
2289
1444
8927
6304
6441
8675
4829
5860
7143
6702
9465
7189
958
899
3653
842
2529
3144
9860
2352
3682
8829
800
7979
3090
8551
3563
4506
9232
2694
5267
8054
1919
8816
2058
1441
3849
3211
1450
3771
863
5524
4515
9671
1709
3961
2007
3533
480
370
2145
6639
1047
2340
3957
6546
234
929
5399
4264
4191
2895
6317
327
1526
499
9929
3160
4649
5401
3331
2299
137
1005
9206
7782
5325
1920
8602
4419
2340
4860
2501
1607
7216
4132
6504
2966
4467
6050
1871
1525
2403
3695
681
9664
1686
844
3860
156
3708
7128
4720
1359
645
9187
1907
5664
9285
6063
3297
9338
7728
7003
713
7797
466
2023
6578
7188
4776
1316
3431
8657
1139
1466
1263
8315
5534
3516
4867
7577
2718
444
3177
9231
212
1598
9623
2200
3422
9551
9271
8018
2236
5447
9026
490
6965
6774
8396
3054
4416
685
4695
1
5558
4456
8744
9661
1120
7677
892
2547
6787
2047
6807
4257
1992
1856
1816
9961
2687
2952
7474
1962
2960
2630
8317
1422
2466
1015
3953
8944
5378
3607
1676
1884
3171
5555
9881
4387
1818
746
6808
1409
5081
3272
7026
383
2345
777
2111
729
2684
7010
2174
6566
2966
6486
4686
482
7843
4789
4084
8836
8392
3322
1141
1550
3846
2294
6447
4304
5918
9462
1649
4190
181
2863
5795
7151
3604
1260
3828
5507
309
1572
3712
4526
6822
1499
8399
3364
4617
8305
7408
5069
5688
6858
196
3754
5333
7905
1821
5760
4266
3293
9674
2896
9789
1439
3916
4169
5132
8933
7213
4508
8638
9431
2974
1374
3364
414
6645
1153
1139
8122
5851
51
8235
6738
9466
4171
503
6437
4400
8998
5390
8261
1007
5986
8427
5323
4443
1113
2266
8741
9442
4398
3100
2482
1394
1001
1869
9766
782
6913
3640
3733
1888
6259
5737
9274
2675
3221
7348
3169
8653
6031
379
8646
1001
1129
1272
4414
9271
1553
9081
5598
9087
3822
1482
5563
950
7370
1412
1579
154
2923
3472
9276
4068
4529
9401
1799
1541
2245
3446
6965
2360
1
5234
6987
9168
5215
8618
1553
8073
3597
1150
9261
2712
5111
6689
9857
9697
7271
1510
4438
4442
3445
9872
3525
8721
8533
9172
9910
9177
7329
7028
9621
8321
6884
1282
5142
4712
4346
347
6986
9365
948
2788
6691
5511
2576
6744
2246
6234
3097
5947
5182
6847
893
1664
5431
5487
2008
964
2988
8388
8244
5912
7577
8173
2721
7528
7701
1005
8310
9759
2832
9444
143
2572
4164
5138
4212
4790
1491
2472
7307
6
8910
9203
721
2796
3053
84
4292
492
1442
6145
9504
1330
1913
4099
9152
7243
3037
3874
1637
4211
8622
2385
3319
9527
6217
644
5525
9092
3759
8104
719
7713
39
269
1012
2331
4622
6010
317
3911
6702
9113
9312
5813
1118
1595
3413
2435
551
7780
5314
4475
8524
3875
8207
9703
1175
6305
2942
267
4327
4426
6991
6296
2953
8505
120
9986
5776
71
2322
8877
5693
881
2317
8067
1085
6700
2811
9383
3433
9643
4007
913
6878
4609
9842
5127
94
5029
2103
6817
6940
2221
4312
2782
1352
9291
85
9532
4028
9625
6433
1784
7424
4736
683
9154
4054
8766
7485
4801
364
3309
9895
9008
7137
1363
8856
2092
8876
2182
631
9600
8923
6646
7532
170
7196
4940
2165
8159
4300
862
553
6061
8101
2596
1960
6960
3496
4925
3167
5206
3819
2320
544
2123
8455
1457
1481
97
622
59
7068
7356
538
7867
6037
4667
703
1927
4065
5409
8918
2231
3711
8338
8783
4367
1211
5553
6464
1148
1193
7555
7290
1615
9332
5981
3567
5523
4016
5676
4990
5119
227
5651
3926
9367
7577
9509
8647
1950
8236
417
2085
3783
5005
1220
7724
8589
2712
8587
2947
1191
197
8601
2533
8593
9490
1419
909
1971
1121
8565
5424
3513
7085
6231
4159
5171
7204
9436
6058
5341
8049
5729
3707
3349
9128
7113
8029
6259
4425
9308
4811
2118
9945
2775
622
2047
7293
4400
3560
819
7524
5
3627
1086
6591
4901
5425
8148
8333
9631
3463
2125
6091
716
7269
6543
843
1622
0
2540
6291
4375
1328
4302
4735
4305
2595
3234
2698
6000
6473
1571
785
2741
9564
2315
6913
880
2080
3413
7211
2307
3470
4785
2459
8166
9193
583
511
9098
6027
5051
1939
38
9178
1430
9997
3391
6042
334
6587
6888
2009
5337
1300
5486
6985
9668
2668
212
7596
457
5684
1181
1418
1673
2639
2158
544
7705
4089
5385
3988
45
6977
7666
6913
2204
1227
1735
9578
5694
2877
1148
7172
6535
590
3988
665
4242
454
9593
8376
8256
133
410
904
1892
6864
8484
7027
6217
7601
600
5555
6234
6226
3746
6026
6932
3991
1482
2842
8587
880
9689
1897
1836
9184
7200
6406
9598
3319
5302
5468
7386
3600
3950
374
417
109
1461
4519
2212
9907
8066
7891
9256
960
2652
4354
3700
7744
102
3734
745
4649
1299
5236
2283
7032
5578
1028
3453
760
4274
4561
6211
898
6198
2708
7445
2745
1591
8008
620
8226
2607
1949
1678
1666
8347
5437
1143
3715
2743
6704
5300
7454
2658
881
8403
3096
8316
9617
460
1491
3031
8749
6403
7968
1347
105
4568
2646
6198
5417
1392
9847
7785
5237
2999
8048
9912
1924
3971
4262
8821
8934
7839
6251
31
5458
5092
2992
6108
3805
7727
6206
8744
3002
2942
8051
4035
5788
5839
4142
3254
6549
3313
2126
1427
753
2406
9023
7078
3874
4675
9045
6487
4157
2585
9975
7570
4708
2266
6874
5621
7961
992
9281
2645
2466
8595
2755
3163
4004
3947
774
5853
8611
189
3546
7336
6995
487
4431
6401
8749
1820
8851
2631
7134
1748
6774
1777
7304
5914
7731
555
5767
1221
7075
2144
9687
2199
3754
6374
21
2328
2535
3911
685
7430
2658
5283
7303
7525
4384
5087
1418
1755
1768
5645
880
6172
8487
4281
8271
7041
9677
7816
9166
776
2398
4242
6327
8669
8318
2807
1842
4763
5870
7997
7559
9931
5317
4837
2221
3491
9918
2696
8630
9666
8722
2655
2204
9159
1692
4588
8330
8259
4129
5811
5594
1714
7273
8294
4217
2406
9317
7579
2314
8547
1965
6562
7597
6959
8505
6012
1610
5289
1278
1143
7299
8522
8997
2294
6171
8172
9421
1798
7316
7193
8103
1686
9044
5783
2939
1538
5360
4947
6922
68
7014
9607
8460
2115
2103
5561
2033
3084
3591
3985
7933
2991
3456
1838
4709
1927
1633
372
8390
2895
2471
7549
8683
4088
7294
6130
7086
9099
871
79
9668
2867
2543
8038
3912
6115
9787
565
8552
6306
7308
337
8559
395
8831
9204
5282
4895
5705
4315
59
9981
3973
3572
1313
402
852
5596
6616
2924
6508
430
6156
5593
3763
9155
7156
1310
1233
5642
772
2959
162
2033
1049
7863
1500
755
1261
8804
6525
6546
9577
278
5580
2824
4274
2278
4018
9481
7651
2849
3725
879
3351
3839
7616
9673
5180
1100
7200
2239
4245
768
8878
8160
4222
3316
2477
9941
500
7231
6016
9478
1302
599
6753
3409
3144
9046
406
1716
2759
9353
327
7911
5521
4700
1009
8762
2483
4005
7557
5118
8407
1727
2903
5789
9930
4268
4652
7985
9211
788
4366
747
4344
5641
8829
9508
7398
2594
832
8692
9256
6980
4292
8556
5296
8478
1877
4230
1720
6428
5106
5115
1707
2092
2715
3393
2652
585
1085
2193
3675
527
2782
9389
8727
748
548
317
1046
8021
5430
962
2610
3686
997
389
8137
5270
234
1871
5820
8833
7296
8082
6486
8566
5341
3608
4380
18
3949
3179
5772
1768
6262
4131
6458
5327
2535
3875
935
9162
2593
8775
3038
9782
4940
1534
6810
8382
3295
3347
5868
7861
684
8711
2385
2115
3304
1528
6318
8204
8353
2103
212
1332
8063
3396
3230
2198
8343
8765
7799
6881
7269
2069
9970
5168
6312
3424
5209
9857
7594
8308
4927
9747
7530
9476
7411
5211
5680
3645
3356
4837
1280
3435
1776
2012
2465
9767
2246
1005
3404
4113
6912
2488
7132
9419
9285
3160
1654
3566
57
6004
687
5037
807
3075
1968
3397
2400
6294
7040
4439
2365
5793
4360
9427
3605
5341
2008
2757
4862
2043
7793
2362
6383
1559
3648
1856
6080
3898
3210
7250
5386
1870
2862
7043
6711
7084
12
5099
2730
8075
2978
1492
6667
6536
2153
8405
1673
9879
8551
1574
7182
725
1753
6498
2680
8407
2071
2872
1899
8171
9569
3076
3583
5710
6488
3700
6110
7834
609
1458
3198
6468
5642
379
6030
4885
1100
9244
2023
4631
6679
6821
4521
4820
4645
2814
2340
8844
3147
4589
269
9121
9489
190
2639
8337
6665
5137
6167
4799
4584
5426
7611
4422
2674
832
4971
9308
6752
6891
6295
2870
4770
4326
8650
4449
1523
3685
4735
7424
6945
8824
8403
9483
9138
6579
5080
5481
5046
7352
491
7047
169
499
8137
8092
5505
3987
8928
7863
360
4077
1726
2134
4988
1316
7785
7622
3793
9263
360
7434
3493
4321
8253
8170
2087
2480
7324
2665
8778
1563
4673
8760
7471
6252
5308
7901
3825
8964
843
6493
7820
9606
2856
403
4993
7474
9360
7463
3031
246
1487
3665
4907
2285
2698
5387
8259
4207
3091
4152
1561
390
754
9243
9534
2803
6957
241
3877
752
1822
730
6899
7300
5353
9927
6233
1118
2786
2219
8220
3410
1513
6880
8794
2552
2123
288
6036
6913
1703
174
2591
3380
2755
2919
1278
8053
3752
8541
4635
2331
7710
2285
2775
9822
2188
1689
3943
8555
1165
6963
2981
6074
6668
9345
8257
7417
5072
555
2917
767
2546
9706
4852
5303
8382
9333
2267
8741
4721
3902
1625
5313
801
1401
5266
376
1928
941
6090
1958
2339
5707
5581
6104
3252
7589
8481
6102
4830
5577
1041
6488
604
5981
2350
2326
1790
7615
9468
6625
1727
7226
1397
1002
5376
4497
7126
5485
5976
6142
2724
1490
2307
3764
1692
207
5924
1353
146
1995
6663
6040
5482
3629
9226
976
2883
2018
7412
314
7254
5066
3934
2619
5996
395
9395
3113
4690
2211
1328
7254
3857
5947
7343
7092
1625
7342
3883
1877
9428
3706
3995
3279
7662
2294
6293
5404
6977
2697
2303
2331
7408
2442
1635
1220
9551
1420
34
5615
2761
5399
580
5738
8824
6582
4641
9535
3102
8071
2985
1904
4582
5711
4993
3749
1937
7600
819
8713
4474
5787
3796
2628
822
7679
2425
141
3386
6166
6453
1016
5253
4265
8104
4560
2448
1578
609
1761
8482
7972
859
5678
6597
4948
9804
3493
4544
3507
1885
1853
714
698
5673
1875
8561
8538
2261
9703
8152
3651
1492
685
3484
7511
7688
9893
3346
516
873
5090
7531
8703
733
7888
246
810
9495
1971
1886
47
8640
1748
4824
1007
2634
2037
9094
3332
7168
15
5515
2586
9976
1111
3417
2679
2132
2174
1157
5435
3037
5957
4659
2461
9724
5780
1330
1326
4349
5465
5012
9509
8591
2353
6955
1686
6893
8496
5532
8151
8770
4406
5405
1375
3175
3902
8419
5093
8129
581
6545
8067
8392
7626
1681
4761
1194
4282
3909
4218
2160
8143
9610
3015
2083
8067
5516
2931
7112
3453
8395
2397
1521
462
1540
7057
4344
8550
9264
1680
2436
3026
8430
8777
7440
9539
2288
4423
7928
8117
5827
6899
6110
9292
6008
2239
2291
314
5472
6338
2872
9765
7312
4313
9947
4510
368
1892
7656
1371
8602
8857
1882
1690
6759
5918
2668
5194
3108
8051
4483
2449
8723
3712
9657
552
1943
9400
5225
6501
4516
5958
4033
2638
7613
7158
9697
6084
418
5070
2029
2098
9256
4643
1656
1959
8031
3714
7481
1510
2644
1087
3778
2240
6960
3162
4414
8689
2560
22
9724
5528
6894
7
1370
5166
975
263
958
1749
8481
7178
5596
4521
5923
7605
4251
723
1475
1609
29
4992
1278
1229
7097
130
4222
3451
9507
1108
7640
5715
227
5035
7876
867
4879
7268
7544
7983
2284
9574
4073
1262
176
1375
709
1325
6051
1902
5639
5977
7679
4498
2326
541
7494
1321
9689
9704
7741
2048
1610
3094
4007
1400
993
3374
3766
2273
8279
9036
5058
5301
6034
1767
2332
6692
8656
990
5215
4332
4564
4590
4243
2303
3747
3338
1916
1454
3561
1211
8378
863
6301
7623
8402
5268
3562
9294
6455
3105
2605
4393
6262
4
1458
8360
6785
7915
5619
2336
1026
2170
3316
7678
7226
7507
5376
2778
4615
7675
2594
2489
2654
322
952
2541
9113
489
1162
1790
7819
7805
6298
1102
2943
2431
1232
2106
5761
2077
8689
6110
5605
7256
748
9634
1636
7092
7218
9799
8203
8632
9039
3920
1026
4489
9443
4403
1909
2417
3158
9253
4710
2297
829
6757
4986
5598
1735
3765
7942
1335
1299
1903
8370
8458
1210
4544
3406
396
1156
8649
2595
1707
3402
1107
7633
6372
292
3070
8159
672
4410
8701
7670
4862
4022
2261
632
4022
3134
1023
1220
8490
9824
2615
7106
617
1132
3425
3211
4642
9245
6887
6071
8555
8278
6587
1357
3040
6667
8952
2060
848
9098
2379
1981
8900
6633
1829
5432
8193
9386
5733
7177
3169
6979
8931
5192
77
4147
1454
2648
2171
8179
2618
9741
8501
6221
7055
4769
9444
4661
3002
646
7273
6894
3930
1082
165
1294
2986
528
103
9943
9437
2134
5651
8421
2074
3314
4685
3203
3504
8059
2151
6530
23
4783
3435
3578
6138
9655
5657
6724
7783
3782
3012
5730
9454
8688
2296
8048
8274
5428
481
5277
606
3340
5802
7210
2116
517
5491
2275
4138
9471
2692
8572
1065
739
1222
483
7154
7013
9636
8234
2574
4166
8167
91
3684
2196
1285
4338
9075
4178
1558
5185
172
5548
1372
8283
9671
1445
580
830
6555
1653
435
2158
8251
9985
166
8094
7585
9824
6160
9217
3793
2856
6040
5490
2109
2693
1012
2254
80
1950
4302
2187
2170
4433
5234
3984
365
2515
1245
7656
1940
3065
964
846
5692
9429
3897
5827
7371
9224
3426
4335
2873
981
8677
5691
554
3244
7708
8525
1001
3985
1181
9831
4150
416
2612
1298
4203
6800
5809
1502
115
8615
3926
7304
6990
2642
6489
1358
616
6621
9220
2895
1792
9739
9620
2725
8363
1656
2725
7286
7621
8356
7876
5451
2298
4837
3852
4618
669
4678
5801
438
6122
7952
2377
7133
112
7731
7988
1683
2823
7112
3680
4375
5840
8684
6680
5172
7983
3897
9770
7314
1798
8733
9857
172
6962
3781
9948
5740
857
2124
7020
3558
871
4416
3438
5050
5281
1165
8235
6525
7482
9478
361
128
6382
209
878
9872
2613
674
431
4793
3175
1619
276
7848
3714
9785
3188
8340
873
2414
8471
5448
3264
3323
7641
5941
1557
6717
281
2161
6714
7245
6877
1679
5328
6774
4735
1924
8559
1915
1423
548
4704
3587
4848
1648
2290
1834
7571
3497
8433
2718
6190
4485
6362
913
639
9335
5783
9287
8678
364
5103
3152
4255
9666
2370
6432
2271
5748
111
5700
1808
5575
9882
9571
6962
242
3822
894
5625
2465
735
4744
2186
2833
7391
3698
4910
9401
875
1076
6713
2223
1394
862
3115
7659
6042
5604
6248
8489
5726
3147
5773
9982
5517
7334
9805
6083
7433
4383
6058
5608
2115
8563
9970
8153
506
6345
6346
477
7535
2651
6413
1557
4024
1547
1956
1109
2655
2481
8162
1083
8021
6300
2619
1281
1727
1947
9770
9884
877
8930
7167
6224
3629
1545
9025
1891
2319
5504
426
6021
5298
1879
4070
5976
5596
7298
1638
107
1834
1912
1011
5491
2073
3648
9537
2690
1944
2373
4754
6148
8838
4853
2367
3961
703
4958
3099
9285
3608
9803
7753
2417
5959
7756
9185
4111
5640
2184
901
445
3749
3284
3767
4696
4358
5663
537
5475
4614
9345
4156
401
1221
2743
197
6931
6547
4605
4681
1064
2074
8790
6812
7933
5675
3814
8287
5619
6142
2260
5311
1497
4646
1581
9669
9942
1043
2030
3051
4899
9786
7490
3346
3667
9334
5817
7076
9594
2147
4650
2229
1749
2352
9524
2912
8238
95
7480
1116
1177
490
1732
3848
2807
1315
4621
688
9023
7991
8887
1328
9808
5293
5972
1961
6281
8641
332
6249
3814
98
6564
8469
6884
6002
7219
7545
3646
9237
7952
8915
5258
1764
5082
5083
1327
8331
5818
4775
7995
5226
8819
271
1980
9515
7850
2845
4078
9836
701
4376
1630
5246
2941
2098
269
1513
4599
9022
1876
2602
8321
7189
7822
9973
7712
8235
4179
9104
1420
4141
8409
2466
6393
9902
2310
6902
7953
5875
3916
2242
3316
7707
4191
1276
3681
6084
2263
9832
8075
776
8055
6832
6216
1889
9856
2050
7004
9347
2068
7593
506
6975
3897
828
2626
7065
7393
9692
2238
4134
3675
409
6549
4844
8345
2421
7044
6596
1479
539
6033
1364
6419
5285
3159
8762
1665
1862
4026
2349
6929
5538
4990
5728
8057
6653
516
2021
165
6193
6732
7738
7791
281
2457
7807
53
3456
1360
6839
2028
5676
7785
9987
4141
5693
2443
6762
756
5731
1826
1818
1514
3520
2382
8825
1039
7677
6744
7385
3743
5263
3055
8
3427
265
2314
5438
7155
5236
7792
3223
4573
4207
150
9905
271
800
1256
3579
2245
5849
5432
3628
7043
9900
259
6193
6784
1332
7208
5361
8642
9068
5666
5770
1536
7397
6608
4465
5953
6394
5862
6429
3564
2028
6398
7796
6797
6667
1321
3937
5686
2394
3556
2595
3843
3583
1799
3732
1960
1977
9784
1568
7256
7555
1852
1350
6860
6703
5042
6735
6333
8876
2398
3104
6184
9199
719
2691
2050
5425
2727
5765
5479
6946
1362
7596
9652
9555
5773
1607
2556
8137
6036
8451
2152
9513
1733
1811
2400
9078
3768
6449
1117
7935
2590
4167
8931
8236
4813
3212
4535
6987
8392
8497
5988
8008
5995
922
6848
6106
8259
8724
7288
791
2270
6336
538
1511
8264
8190
4944
3403
920
2927
5004
9375
1696
6507
3799
5818
4066
1392
162
7344
6834
299
8135
6546
6575
1689
7978
9312
6459
9955
1426
5084
5717
670
4262
3430
2759
5787
4013
9962
8319
611
2863
5072
7805
8515
3806
2792
3078
8859
9485
265
3873
3610
3860
7688
383
6898
7470
8557
2115
7208
1265
5854
5583
2022
9814
8461
6604
1409
1206
3196
9760
4591
4206
7449
7369
4553
8524
5222
8429
2353
458
2834
6457
1307
6132
7958
4972
1432
7153
9303
860
5598
4124
9337
290
3314
3856
7573
1250
2302
3623
2774
5494
1251
3184
3944
6910
6018
7488
574
7621
976
154
970
8836
6066
3410
1871
6052
9768
3503
2026
103
1741
2814
1462
244
5349
4926
580
6511
8276
6617
9763
7750
5920
8593
6367
3014
4747
5081
477
2899
4476
1344
82
8093
3768
6240
2576
4075
4261
3163
8808
1142
990
9468
3382
1238
1290
1732
5077
5034
9579
2096
4919
9676
752
9396
1543
6164
2374
2888
4548
5725
2189
8676
9949
2438
1797
2364
5676
8713
9628
1889
3982
5344
202
8944
9353
4870
9418
4862
1964
9533
7964
230
3166
1932
255
6436
6844
5846
976
7340
5506
1244
1340
1436
2599
7386
1805
1611
941
553
8466
8376
722
4143
497
2657
1617
8129
364
2306
2694
1085
3923
9447
1885
6099
2352
7961
5715
8208
9662
2068
6824
1054
1504
3558
4433
1281
3121
9302
5069
461
2960
3188
2748
4573
676
281
6585
2748
5416
9465
4791
8072
2211
1959
9854
5735
4555
6861
4915
6697
744
22
608
7026
4614
9142
1337
8069
7635
4546
4450
1927
8716
1539
4326
6497
6571
2512
7590
4149
8211
3612
3562
9998
3559
3774
8311
6380
3966
8962
8981
4829
3573
5177
5896
6421
6015
6931
5272
4524
443
1949
2402
4245
2628
8811
5796
8143
8278
6601
2132
2493
1977
4959
388
910
195
6389
9890
4494
3865
3670
5764
7250
7938
9765
4178
1247
7877
310
7041
3022
910
5433
3643
2100
537
2260
5281
2277
6340
9762
7403
8867
7828
64
7198
8747
324
7857
6921
1282
1594
8861
9187
5905
659
4276
3877
2725
256
7306
2462
6003
8845
1649
877
4923
5110
9317
4212
5556
5563
8529
288
1864
7526
3951
6465
3217
3650
8960
4190
8871
7909
8753
956
1103
7297
8522
2046
5764
5562
3349
664
1507
1082
3806
2680
8594
4131
9286
7335
6411
2257
458
1838
999
9657
2461
3972
7925
6911
9797
5118
9659
388
7739
6089
3222
9380
2277
6495
13
1323
4046
4087
405
5965
3366
2847
8208
3270
8881
2703
7166
8705
8604
2792
7768
7928
2666
1582
3775
1754
5962
8349
1437
4498
7616
2912
5471
2706
165
8135
6048
2954
6874
8481
9169
5039
2818
9340
5312
7787
2220
6151
4681
8688
2568
8058
115
6695
5219
6169
7272
5157
9605
1158
9509
3586
2059
3062
6657
9048
1243
5863
1950
987
1192
141
8803
6886
8441
7044
665
823
8064
2355
9709
1964
7454
9469
5202
7139
944
685
4986
1772
5602
3283
2856
3355
7679
3196
8420
1672
9418
9980
3958
16
9293
5913
6974
525
2004
7779
9775
644
2578
1007
4777
8085
2145
8550
9402
3853
3604
1393
1852
3285
8149
1384
5213
9100
4668
4335
5233
5357
4088
7710
5818
6342
5344
8713
5884
2012
4600
289
6302
633
3806
640
6304
4280
2086
993
8307
8259
541
5101
5635
4587
6936
1820
8464
9527
4450
6992
4400
846
2913
1503
7730
7562
3688
2002
568
6137
7283
5777
5887
6525
9963
7567
5246
4812
2683
7713
1192
2424
2034
9164
4169
368
5442
9582
2006
2933
2029
3281
1589
7623
7341
6913
811
9158
541
7029
9955
3662
424
4080
8918
1943
1137
8646
3687
2679
5895
5488
4844
8009
8534
9775
887
229
5404
4879
8921
2735
2583
335
9773
2201
2608
243
6456
4495
6765
6641
1978
2382
2658
7494
3935
99
358
9578
1014
4087
7471
6326
1438
1790
4072
5380
4817
1863
2348
4856
1505
7471
8694
6893
7516
1539
9447
9201
4212
9294
3385
8706
5703
7769
6404
5239
6990
2088
9765
1076
4977
7805
1418
3629
6191
3960
1146
3267
2292
2346
61
8052
4036
793
350
3941
6222
9626
2374
8415
8374
4395
6077
4398
5789
7856
6813
3469
7821
6891
8900
2701
627
275
7239
3260
2473
6008
1366
4032
5241
6844
6118
5465
4475
1479
6654
8545
123
6420
9701
6685
6920
5757
5150
973
6965
1119
8354
2498
2614
3077
4716
9022
4145
2212
3752
8007
2872
2833
984
3288
6722
967
6350
5021
2763
3423
2406
1079
4580
3387
2462
8027
2574
4459
8327
7933
4027
302
3753
5100
2302
4337
8806
3452
9013
5829
803
2059
1954
4458
9188
8255
1564
6297
7616
6045
2530
109
5992
5229
3963
7961
8252
5095
1746
1170
7966
1916
5664
9650
6763
8210
1502
2243
2933
9951
7075
9311
8202
2064
6266
493
7039
1165
8491
4211
3325
3085
9383
5671
4259
2463
2062
4608
8449
5764
61
9974
1069
6284
2338
3847
2159
2927
6812
726
7974
256
7481
5112
602
1595
510
8434
7480
330
761
6531
9620
2086
907
6597
405
7557
1677
8239
7162
6543
2357
1775
7577
8766
2872
144
2977
5575
5749
1597
2210
2186
7739
8892
5393
1155
4133
8131
6386
1841
10000
2108
6428
8690
2849
7260
562
1364
6735
792
583
1929
2689
8134
6538
2109
1689
6234
6039
1110
3341
730
6861
6865
5429
577
983
2646
5797
7317
1511
7866
660
5767
7467
5463
1223
8858
2740
5284
6759
184
2107
9524
8799
196
1643
5136
3277
1305
9193
6947
8302
5707
2254
3199
9255
1598
2336
5958
615
8847
8015
1115
32
1069
7478
1901
204
6002
2353
8497
8577
5828
9974
7679
3168
9757
6757
7214
7725
6057
1308
7428
1324
5403
3362
8938
9697
9356
9910
9613
149
5164
8463
379
8237
5845
3933
4429
1475
129
9460
9022
4613
3111
2386
6148
1970
5438
3146
8258
7950
2684
2282
1057
4021
6582
8093
4078
8360
2751
2421
9062
708
9361
4533
9462
991
8362
9152
9164
405
8855
8757
9896
2890
4453
1340
8846
3354
6510
3958
1491
9707
3826
7504
3272
2751
3887
700
2989
6917
3897
671
4980
2284
1356
3603
1006
6848
9455
2651
3622
8812
8325
7880
5760
4264
5480
8148
9381
4684
7361
6979
6215
1579
4684
1679
4729
5854
4320
3905
2292
5406
7465
5424
6674
1319
7246
2164
5440
7191
7633
505
7778
7730
3629
810
3509
2420
3319
1319
3820
4248
1971
2932
9510
515
901
7776
1952
9822
0
4007
4681
3930
8569
3998
5912
9004
9952
1347
9265
3470
8437
5339
8533
2936
9448
7230
8876
1115
6603
1450
6864
7841
2205
1653
9004
5236
9624
4256
9458
5895
5403
3012
6165
2661
1060
4735
1385
209
4750
7986
6762
5501
3381
9744
6954
1132
48
3168
5374
2468
9932
4631
2905
4943
7811
3147
1164
3883
2261
8897
7628
1762
5650
9269
3293
133
5823
1472
424
6261
7567
5258
5525
5931
8247
8393
1034
996
5882
7590
2595
8663
9411
739
1560
1486
8126
9298
7474
3608
671
4974
2066
9857
2691
6827
3166
7714
6946
4599
3873
5991
6681
3751
9224
237
2021
5924
1226
421
8690
1337
3439
248
2645
2382
5551
911
7607
2157
5493
5454
9268
6783
2544
769
1890
8852
1721
6837
22
5530
2917
6389
8259
4222
9307
3970
724
6295
2145
989
3630
5423
5823
5075
5981
7016
5584
2050
8597
5658
6091
5002
144
2412
1287
9835
2668
5909
4385
7300
2147
1173
6728
1953
5288
2068
534
1037
3582
1720
9807
6259
980
9973
3740
6593
4496
2059
3767
4009
3027
6665
683
1725
2427
970
9158
8837
626
8741
3715
8968
9152
7755
8641
5339
1408
1801
979
5416
1324
5441
8212
1769
607
811
22
3847
2010
1487
7428
9580
3479
8393
8469
6871
1213
7062
6708
1540
8194
7199
7290
4539
2838
1466
8920
6711
5377
3631
2022
9448
8947
1719
2759
1216
261
7347
6990
8717
3841
7533
9768
5240
4888
4225
247
5578
3101
1846
9715
2631
2914
1306
466
5072
2044
3346
1993
9917
1073
6881
2826
9
1887
3079
3015
1334
2814
7453
8567
383
6810
686
6440
2210
7308
483
1839
286
3428
4738
7059
4304
2984
8492
7441
8932
6046
1634
7511
786
9199
3811
8630
7872
5381
5831
1000
1484
726
8114
6460
4686
947
758
5561
928
385
4306
2371
6273
9033
1709
8375
2439
3424
5296
5723
76
3918
3887
3756
8837
3871
3026
5218
1107
7870
7311
5665
4066
2637
957
8450
6472
6078
290
3878
5518
4413
4060
7050
4407
2725
8696
1928
9369
2668
1197
7838
8067
5178
5922
8708
5560
4325
8833
8921
7858
9297
5878
123
6872
5717
7781
99
1715
9704
5608
597
9315
4805
7227
6095
3925
8819
950
8445
6636
446
314
2383
5291
9139
4579
2799
8904
6622
1885
4909
7391
1108
914
7182
5200
6079
5024
3046
9224
9125
6831
9090
402
9329
3162
1333
5834
5892
1985
48
532
8196
1406
4037
1445
2790
7722
5100
8791
7474
8539
604
1807
7959
63
1046
802
6661
3767
9474
636
4848
2332
2416
5019
8109
4160
4077
7797
2966
1866
1320
8271
1416
7876
2491
114
156
4238
9903
1598
5944
4258
5034
7748
1532
1990
3908
9117
1051
9734
9347
426
1646
8751
7804
4146
9151
4389
2773
9254
8861
7861
8242
9040
7960
529
3511
2186
9528
6807
131
7387
8984
1917
2241
5741
2250
1915
6596
321
6899
1581
4236
5900
267
9273
4936
748
5583
8191
8122
8004
2836
4847
2013
1247
9093
4818
6177
1384
4103
3596
6700
961
3130
1794
5111
3622
9274
551
9630
1050
794
1550
727
2722
2957
2581
4897
5944
5650
9018
1366
209
1185
4903
8004
4219
5674
6361
111
4262
2414
6569
6390
3578
5573
8811
1542
7589
4967
2402
455
4384
624
3112
8718
1101
701
1149
8462
1125
7188
3257
8122
6572
3407
9427
212
322
914
2656
2721
8501
6196
8707
1207
5708
3089
5292
8276
1138
1494
229
3452
5383
456
3319
1415
2368
8752
1237
6100
3077
5919
9176
724
6154
6035
8073
6158
4549
1438
8608
5780
3555
390
1252
7320
4272
343
5443
7069
3370
6990
7818
2688
2796
1179
2161
5338
690
5567
7364
9679
8858
8211
9679
3117
3616
8806
1522
3696
9400
697
994
7785
7
2503
4768
589
5407
4351
6403
8518
1742
5563
2742
6398
7350
8805
8739
7550
7535
1108
9544
758
9211
1730
609
2551
922
5726
1478
1436
6593
4497
2298
1602
1272
481
9780
5511
7229
7250
7187
3765
1016
5587
3600
9742
8986
9992
5089
5662
2734
6838
7108
3358
1330
3084
4157
1296
5634
6774
7905
3858
1530
4821
8582
7882
3598
6539
6130
7332
8775
9061
8688
4500
1554
1407
7250
4809
1331
8225
7891
594
1716
2956
7649
131
1626
5707
8213
459
3675
3428
7318
3426
8830
7713
1609
7816
6063
8862
6393
7169
1061
9395
4735
2958
3783
4403
1571
8913
2759
401
8463
2108
7213
1165
7017
6188
1253
8151
7014
1697
8271
8673
4492
1240
5088
7103
5021
8674
580
4372
5227
8598
9851
5747
1034
214
2022
6395
8236
2470
2562
7482
1
9452
316
6375
4850
3567
9520
1325
497
4446
8246
8695
2463
858
3353
4802
9865
2742
1897
9791
7251
2120
1825
731
3462
9594
2365
3469
7171
6650
7543
3838
8642
6243
2191
3290
1811
8470
480
2315
2184
4215
5258
9481
5289
7238
3123
2214
1828
3911
354
6750
3642
2403
116
9319
7005
8794
6503
452
9331
8491
5424
8963
2389
8351
2360
7059
6825
6793
7407
6739
6826
9829
6560
7459
6347
556
5877
8627
1241
1087
9130
9444
6598
3807
2603
1597
9590
4997
7253
6434
6692
3017
5909
6408
6663
485
4887
7097
2598
4125
7252
6392
2755
654
2240
3324
8978
5157
6776
8445
5840
2019
4229
2508
6576
7619
6376
8306
8251
6993
4736
948
5019
1124
7917
8670
4282
7902
7724
1556
104
4687
1717
2660
8476
9370
2453
6508
5842
6782
5729
8432
3532
6705
4496
4846
7824
4819
9450
1477
2960
4113
9142
7797
8338
1694
1284
2303
7181
9166
6129
91
6864
690
3422
4813
9899
6436
5715
7946
2328
3629
3566
466
8573
9513
7133
6864
5612
7789
4581
4853
5569
710
1785
5046
1695
5009
8892
1750
2994
7860
8193
8329
5897
2978
9734
7242
7576
8389
612
4542
3145
3592
8624
1550
915
4299
3881
4937
3469
1364
977
707
2564
5505
4052
6736
1165
8277
6241
9336
8469
1937
367
3396
8479
4853
4466
1159
6700
7837
1327
4706
8495
5960
162
3803
2393
9289
374
4181
5950
4547
7064
7490
610
9468
156
112
3843
5635
6348
6974
7756
1601
6410
3923
5204
3779
7886
3960
9871
9645
9346
5583
2366
9719
9420
7229
6715
4958
4019
3976
1395
3267
7713
3241
8243
6881
7149
4985
614
915
1439
4463
2415
366
8436
7278
2164
6915
2238
7098
7095
278
44
8584
7011
779
4086
8656
523
624
3351
2442
9173
5910
9778
3889
1408
867
7677
1604
7859
4876
4667
6724
8647
588
8633
9565
9235
5583
6220
5439
255
1223
6105
1094
8466
7514
1065
8328
2340
3387
2501
903
4142
9500
1032
2183
6221
6803
7218
1723
5743
2439
6689
8263
7293
2402
7547
5625
1789
8032
4977
3443
1405
36
275
6470
1029
4160
6477
549
5329
6419
2905
7718
7717
3512
9526
7052
5143
4429
1321
8596
5459
985
1849
7003
9366
3725
266
1801
1754
4972
5636
3450
4476
355
6432
2334
2788
180
5654
8566
5588
675
1593
7215
2334
4357
8697
4250
9104
2980
6661
1450
1989
9295
942
7692
7756
1315
5769
411
2079
1272
1773
7393
6333
8064
8518
577
86
1966
7619
6919
8327
5950
8432
7991
5928
5369
2259
4652
2613
3289
4449
6544
3041
5838
6745
2961
2759
2475
335
3565
1206
5970
6181
5087
190
7890
545
766
3058
2834
8900
802
6163
4292
8883
4614
2983
9577
4849
9781
352
3975
4260
578
8411
8782
8481
561
2077
7819
314
1053
6901
7792
865
4232
9434
7870
4887
5032
97
269
1417
3290
9120
2115
8478
7625
6244
8644
313
5218
2704
6965
1268
7287
7854
453
7355
3364
5289
5741
8714
9698
6888
5159
4285
2120
7617
3822
6750
5944
7857
1444
131
4284
1860
5325
1107
7361
2244
2219
7248
2728
8103
4733
7949
6374
446
110
1023
3830
2146
7949
4782
2290
978
7893
4110
1159
172
4877
1409
7577
2305
7700
8159
7099
6456
4193
734
1837
246
8589
2403
896
6214
5828
2374
6281
760
3938
825
7834
7038
4987
4426
3129
1711
1034
7230
1644
7177
6238
9736
8271
4909
2831
592
9110
6855
1244
6915
8866
4362
8492
7273
6195
3050
9345
980
9719
9920
7816
82
839
9000
9655
855
5245
5415
8261
6980
8989
6107
8126
5435
9574
8156
4799
8980
3870
9941
5080
6512
2229
5902
6836
2568
214
7559
2159
7506
5366
1776
4549
6860
7902
4469
3588
2877
3173
2208
5707
8680
5431
1852
2367
573
7299
5559
8493
4082
1758
1707
7609
4747
1683
5494
8220
2683
6901
564
7225
1287
642
9504
1108
144
252
4527
8972
2132
185
465
6435
1330
9389
1173
3039
8991
8765
4420
5728
1403
1039
5558
1290
5208
4017
2027
4168
6760
8083
7535
802
4492
7232
1766
4158
5371
5951
7662
1299
326
8291
6822
7671
8682
6103
3772
3059
1185
1728
7534
8015
4606
5094
7829
4654
3253
9224
5413
373
387
5181
1342
2466
4887
2793
8256
7289
2722
8175
7002
3848
295
8234
4467
6335
8166
5937
8458
8656
2192
3746
1484
8263
2097
6895
1205
1250
8134
8801
3823
2218
77
264
7795
9569
307
6484
5214
1020
8828
7986
316
8733
2178
5029
4849
6274
3666
9902
4212
8310
5409
8346
6647
4602
5968
2830
8543
3467
6404
5746
1981
4780
2614
7757
3519
11
6948
6201
4380
5567
6771
8800
8313
3085
1708
6895
7674
8264
1046
3068
1896
4870
4301
7791
1650
9328
5818
6111
103
1475
215
4562
2872
1768
5706
4436
6372
3300
8309
8578
1280
9775
8848
9155
807
114
7456
9084
9202
8
8150
6686
5302
8969
7932
3085
6154
6134
9407
596
8027
8755
7318
190
7738
4881
6273
4964
554
1189
6253
1749
6935
477
9334
2704
2261
9103
8055
53
1189
6142
3740
8832
4573
6252
8197
9496
8070
1171
9235
9739
1856
2096
2763
137
1610
4450
3216
6360
444
1513
5474
2588
1682
5910
6193
8225
7304
4349
3270
2532
9178
8224
1326
8228
2787
6737
9825
5499
1869
3049
4254
2107
4074
1602
9967
2348
3310
501
9124
3523
5056
8180
7969
6703
1357
1232
9367
4081
5208
6230
2932
7981
9737
273
5338
424
7664
5457
376
3838
7514
6247
2632
6922
742
5157
7940
6272
7151
5517
8560
946
812
110
9629
3971
2817
1299
2482
4817
2652
2900
4174
1070
455
2178
7714
1620
1561
757
247
8757
1519
7699
6222
225
861
6718
234
96
8472
3379
2542
3770
3247
5072
880
7475
3943
7894
3912
6271
955
4121
8024
6268
7185
1813
4078
5898
1485
1527
956
7709
5899
6802
4385
1478
3600
789
4291
9038
9164
2131
4068
9489
3596
5844
514
4564
9168
4198
2949
7697
6079
1906
2809
4012
9565
1217
6507
1399
7372
9968
8564
2411
9214
8817
7405
4197
1712
7953
4856
8758
3849
7808
7056
5189
4970
4048
7389
1328
5658
1380
6396
702
1392
7107
9693
714
8258
6594
9053
9683
5507
4355
1962
3321
2759
6996
4779
5315
9180
3803
9509
9182
9232
2310
165
8604
5123
1850
5959
2591
4365
9245
1975
2015
4902
5595
2668
4287
2185
3837
2222
4660
2346
746
1169
2396
7148
5988
750
1354
804
12
1422
8974
1981
2761
1276
2587
9214
9199
6278
1913
31
7285
2156
3482
2026
4842
6858
6912
6824
3006
5734
2596
4518
1274
3509
7567
8486
135
482
9486
7085
1564
2137
8302
5321
7686
4714
2348
7044
2116
5702
4359
5657
1928
7561
6540
5585
105
1921
3974
377
9384
1289
406
525
324
4665
8264
6667
7946
1119
3707
3165
3986
2199
538
731
8065
8494
8214
5821
2703
2714
6494
8031
6525
9088
3273
276
1656
5881
7894
370
4119
1507
1833
750
9415
4859
2658
2610
4852
9018
5898
8830
3352
4340
8853
6248
6276
5371
5633
157
5309
336
8091
6674
1357
8557
888
971
6901
9593
1531
7055
6351
990
8500
5744
9551
972
3184
8260
1511
4223
8589
8503
4578
7539
6858
2636
7159
7321
2406
3780
5889
2718
8718
3186
9164
2529
6181
4416
2733
1212
2017
7238
3851
9083
2680
6230
579
8893
5486
1052
4451
1522
8370
4017
7594
7428
5198
7215
2478
0
1456
3349
5416
4074
5624
4664
1316
5727
6595
4762
2121
2791
744
8750
6851
520
709
2043
127
8400
6708
507
5419
9392
2480
4611
5641
4179
7725
8325
5400
8284
6354
168
3701
4219
5851
6464
4412
3142
6399
3569
4109
3683
2316
7679
9744
314
2335
3189
7427
2106
8264
3346
327
5518
6043
1398
5272
6327
2555
9804
1545
6259
7495
181
5574
3036
2415
493
3678
688
3278
9802
2758
6072
72
1138
6614
4396
6896
1550
1196
7164
7536
8371
2018
2337
1007
5665
9116
2473
6546
4806
6230
2759
5923
6740
7466
3239
4305
6922
6805
3497
1739
1537
968
7743
4384
2797
8479
676
1612
9183
1761
4615
7883
9880
259
438
9973
574
7580
9583
5290
1980
639
2009
2275
5071
5299
8669
4774
4176
1169
8677
9706
9789
2186
9311
1594
6284
515
6282
6063
13
4461
2806
9691
3193
4513
5156
7889
2225
1620
1922
3115
8235
9474
8508
5069
572
2127
7707
8581
4471
5553
7022
1924
210
4876
4223
4018
7316
7596
4789
4944
8148
6242
8446
9320
187
1170
1039
4828
3062
5502
2123
5853
9798
7776
7674
7944
3284
7729
4330
6452
3812
1191
1307
1027
7570
1869
1528
8239
7100
1520
8990
8072
2326
3534
5546
1869
2702
8019
3559
5984
8468
2330
5646
838
5622
1339
9672
6892
654
6249
877
5090
6462
721
3523
4765
5097
1015
339
6811
7869
1016
890
381
3169
9907
3714
1173
7424
8073
8460
1665
5700
227
5257
8611
1219
1826
5587
5793
2003
9616
6994
992
2179
9236
2109
3244
9607
710
5368
9321
115
4506
6185
1927
4233
5648
922
861
1005
8505
2406
1774
2186
7863
4850
6744
7594
1651
1247
8113
6828
7539
683
1099
40
3226
1956
7220
850
8188
4158
5797
6415
1807
5308
7886
8186
5415
9682
6714
1122
7891
5750
9626
0
2743
1148
8781
5067
6334
1698
5205
9262
1330
7255
9382
144
7173
7170
1507
3217
5702
9852
534
3776
5200
2383
254
7865
1649
3626
2600
7535
2791
1880
8124
323
158
8183
9769
6690
6617
2906
6304
8082
7324
3143
254
2556
8661
3835
7101
8508
1577
5658
2096
6823
1125
6279
9978
3516
4572
6463
4539
7201
8402
6814
2528
2804
1474
8342
7961
9303
169
5580
7471
9473
5157
2087
693
2190
3260
7254
1819
394
4689
7620
6723
7377
5716
9547
2058
4496
6007
7493
3873
9164
2376
4077
1511
3437
5836
9616
1409
3535
8826
6879
8183
4259
7784
3424
2587
3921
7942
880
1365
9959
7220
141
450
3815
9272
8424
6619
3098
33
6085
2390
2429
3766
6409
5044
8390
2935
4530
4135
5511
4113
415
7504
671
1465
2085
7621
1947
9370
1212
9328
5688
7429
460
5288
1066
1783
9425
4432
3491
2334
4444
6145
8089
4081
7473
2036
5704
4069
9504
3369
5141
1720
7309
9618
4347
3010
308
6216
8721
1134
2899
3354
711
5828
353
7510
4026
168
7217
8626
16
841
5899
4396
9962
1760
8438
2696
3595
2787
8257
6138
6127
9799
1304
1064
37
9774
4223
7531
2193
6521
9810
7272
8328
4532
5486
3836
6907
8277
1213
1914
6127
7861
8318
671
8420
9405
4162
6177
4918
1478
7346
9911
7663
7892
1954
1797
5426
5184
1729
3933
6866
7449
552
4496
8185
3438
1595
8015
2179
6883
1747
4899
8210
2417
7931
2767
9332
6544
5952
2924
7171
7546
1686
1951
2733
8007
1434
3064
2839
452
9094
350
8265
1058
4662
3565
8394
5755
4483
2533
574
927
9429
8832
1766
672
1036
8919
5117
5167
7093
9563
8022
1
3498
7206
5345
781
4960
5059
6482
5631
8176
9389
176
1419
6414
8133
650
5235
1081
5851
6614
7807
3020
1785
5232
3801
2295
4395
3692
8660
7324
4014
1485
106
6128
411
530
7608
3138
4797
3492
3021
3672
684
175
6766
1005
6975
2349
1707
2857
3457
8603
9082
3267
9722
1685
3529
3671
7674
9526
101
8361
3143
43
727
7462
2281
4345
2980
1320
1651
123
9296
343
7082
4094
2258
3907
8457
9999
2783
9644
1287
7582
6006
126
952
550
7652
5490
1494
2579
9501
2841
639
5288
2513
6510
2264
1102
9382
6839
5643
2795
614
1316
1222
1555
2751
5984
4357
276
2147
4103
2304
6670
3998
8
1677
2483
4515
911
104
9370
3794
3677
5311
3454
3892
9589
1310
1671
693
708
6383
2573
7506
4253
3425
439
27
2842
6044
1737
8502
1732
2681
8953
5403
8538
3213
4485
3008
3160
954
1908
9611
9172
1088
8182
2134
1376
6345
2413
7727
7633
4131
5163
2750
3473
3805
9653
34
2069
6
8637
4919
3625
5622
4070
2259
3319
6470
965
8097
3826
8530
3230
4979
5137
9783
518
5053
6617
1320
715
983
2588
1501
3675
5204
5070
8450
9124
5646
9410
7853
6050
3957
943
301
2685
6300
2876
3002
974
5293
1802
519
2922
384
1071
32
8917
3776
5654
635
516
7895
1473
7935
5864
7035
6264
6653
5334
4960
878
3545
7513
9780
446
4635
3719
7890
479
3958
967
653
7106
6118
8833
476
8453
6655
943
4446
1664
5719
1251
2821
6634
1814
9654
3719
1578
272
4731
4706
3415
1695
5679
1566
1726
8036
2648
9853
8615
1133
7573
3546
4296
6019
7067
2362
2445
8526
7097
7573
655
6736
3378
7050
2399
2819
4844
5752
3899
8841
5846
1310
3173
6505
3368
103
9973
5892
441
4706
685
3149
6529
3886
9057
2421
7521
1784
2955
2408
2521
3157
1467
7062
1142
6032
5076
6807
5878
5231
6180
1688
2703
8126
8287
4529
8044
5662
4913
622
6329
9130
7609
2039
3747
426
7139
727
1113
9706
3577
5711
1471
37
8541
7100
9815
7678
4656
3694
4606
2036
9737
5824
7586
5431
572
5739
9047
118
2932
5089
1621
6732
1219
3901
7015
4173
9895
609
7022
8489
7121
2670
6666
3129
6381
5993
2926
6824
7585
6815
3045
3829
424
815
9332
5967
6596
9695
8653
5897
7719
1948
7597
8051
5333
3771
7054
4972
5976
475
5448
190
8373
8171
7173
2362
7857
8856
7793
9707
2284
9089
5094
9877
5223
9441
5037
1106
1074
5546
8249
3200
261
1537
9321
550
2979
7985
3699
5981
2398
3000
3149
6559
3044
3922
9466
8214
5905
2304
9995
2255
6393
1322
9291
4460
3948
3214
56
4678
9004
5856
2159
3838
5444
9519
8411
4154
3641
3525
4193
5372
4539
1301
2372
741
1588
2282
7423
2766
6295
4456
8896
5623
1234
1146
1579
5173
9245
5150
9064
7443
6297
5545
3819
9105
8218
3699
9217
7419
8779
2494
5948
159
9550
2762
9159
5580
3673
3495
2330
5881
393
2168
9357
4065
5642
5137
5310
5685
1064
7001
9463
7088
8083
1884
6836
4667
835
4453
2639
4125
773
9352
5487
5137
5708
6270
5039
6372
2655
4630
4587
2440
9636
8267
2792
9827
6605
1162
1239
7445
482
2023
2445
2697
1472
4503
9457
8442
6677
8123
605
6686
9517
6437
2271
1174
6890
9448
864
4285
1103
637
3056
1690
6583
9847
1640
9314
5857
507
6473
2448
1410
2207
7462
1346
7260
6443
4572
7187
9193
9788
534
5503
8586
8448
4872
2452
1509
8656
2981
1239
3567
4354
182
7899
5571
2739
6597
3097
8818
1281
9345
4297
5060
1048
517
1506
984
4806
5243
8205
7428
3266
6401
6846
8006
5200
4798
8169
9109
8992
8759
5025
1046
973
8584
8641
7592
1512
9383
4206
5651
2242
9006
8842
3771
2481
5875
5814
9107
2872
6406
6580
496
3878
436
2207
2549
1628
5434
3595
9295
7054
6589
5888
3756
5275
1046
2038
2647
2238
2744
7069
206
31
309
8013
9951
5769
6058
6596
66
7984
404
9003
3109
5680
5899
7244
7909
2260
4805
79
7275
8181
8654
1004
5597
2690
9472
2290
157
9723
3212
8570
8315
2589
2749
7046
6076
7851
141
8642
4284
5366
4226
4413
2812
4230
7069
7306
4522
7798
1108
3987
1089
9209
8161
1712
7979
6534
5930
4139
5791
4746
2817
9758
9489
9560
7697
8963
2984
7171
2698
5369
5865
893
2259
592
9982
3823
2014
9141
6510
3006
1654
521
8844
2949
1042
1808
468
6946
7133
109
4633
2355
138
8611
2460
1885
3929
5622
4346
6436
9320
2658
8131
7266
6305
3103
591
4729
7065
1954
9977
3299
9453
5433
7009
9244
8085
2017
139
1950
7200
4332
3547
9098
2016
2798
702
1157
393
6666
3901
4328
2155
3315
850
7832
35
3584
3450
4245
9572
9118
237
3680
3860
9490
2121
5614
7269
1699
7754
1925
4890
5952
520
4731
6316
6919
8613
1321
5150
5044
983
1030
8848
4310
8541
2764
7297
4218
195
5644
5147
3692
3533
9802
9933
7827
3550
2139
8661
5435
3288
665
3606
7426
843
511
1925
9736
2565
6971
9196
4257
527
2698
826
2307
9404
5652
3812
7736
2536
8169
8720
8434
3610
6905
6313
5068
9030
6580
2292
1969
3167
6022
4155
1757
936
4729
8756
6938
8150
9527
5403
1110
7535
2517
7783
897
853
2437
5475
175
542
5332
5185
1968
666
8118
104
207
6359
9256
277
2506
5799
6497
4752
787
8991
6116
7744
6674
7409
5528
1285
8490
2605
6884
5959
600
9524
8653
54
890
9883
9380
8756
6436
8585
1686
4760
7254
6171
8165
7459
6882
6038
2949
8252
1378
7090
4906
8084
1256
8833
4928
1764
4294
9169
927
4329
8866
8495
478
2728
2542
7996
1297
9138
4321
465
2682
3904
762
1931
1101
2469
155
7958
4119
9388
6462
150
5600
8290
7159
5657
1740
9166
2499
726
6812
8420
68
62
6453
6078
5572
1746
6337
2592
1619
6916
5120
1331
1364
2703
3537
7729
6022
2079
5572
8593
9521
7628
8670
6840
552
4803
3391
3223
392
9139
9908
4780
8279
1270
7465
93
3735
7004
192
3638
4671
3935
4309
7183
5767
382
6271
1153
631
903
9054
9882
4580
2868
3326
8765
60
2407
4135
2782
3040
9102
7086
8221
1730
4550
5055
1110
9626
768
8354
5055
3330
7797
8975
4537
162
2462
5014
7211
2593
6149
369
5736
4508
6522
3046
2884
2945
3821
1636
9623
4350
8141
6723
4574
2818
2608
353
6696
8087
5635
9521
3409
3322
166
7431
1112
7880
3739
2509
5865
6386
452
8739
2218
9951
2071
7279
3514
8924
3611
7623
167
6011
1088
3163
3463
1929
9073
2374
7999
2806
8737
1126
6293
2827
5746
5876
9271
4496
137
3001
867
8947
1196
204
3858
9339
4127
6974
8758
9113
30
7235
9951
258
9431
2256
5533
5314
2315
2485
3573
5250
1101
7639
2320
4193
7396
2863
6014
1668
2117
3941
4228
9669
2213
8698
1530
9942
1835
9057
4976
2617
6074
5202
207
5403
3663
4117
6925
4450
4394
4411
7675
5726
8293
6732
5602
9459
9956
2064
8515
8833
4034
9814
7277
3816
6551
8794
3518
6808
9944
1950
5086
1645
8425
6906
4049
298
938
2068
331
9447
6582
2524
5379
9557
4237
7581
2330
4824
7481
2273
8589
4263
4778
5546
1306
4639
9237
9132
1038
3830
1557
1112
7497
9159
5746
7314
9230
7114
7418
8169
9472
8401
2131
787
2986
8141
5694
8101
1426
8952
7710
164
9927
4019
1605
8623
6930
6787
3455
8999
1657
9916
7090
9678
1643
6750
3148
6516
907
8561
8684
1510
3557
5280
5216
3812
385
658
2255
7705
72
1900
3129
9241
9156
233
1836
1447
7488
1837
2662
2800
3111
7280
2547
7812
748
2944
4961
9721
8885
7898
9328
4393
5588
2037
7520
5800
396
7896
6346
4546
7532
6185
2672
6416
9253
53
1157
8981
8406
3827
1237
64
3306
4218
9538
4417
9058
1487
1960
7255
7604
4460
7833
3380
5119
6497
1644
6071
482
2888
3224
5514
269
5723
1726
5433
1655
2235
2554
6626
2307
8190
2775
9906
9263
9570
9734
4370
1842
4757
9671
4568
4442
891
9987
1009
1668
7232
4939
9067
9985
7514
6508
1764
9598
4123
2126
3444
1386
7784
7379
6820
6667
7288
2847
9325
5405
9953
405
9578
9867
4828
1769
2225
5891
4854
7171
8558
6839
5924
8439
4347
1178
1428
4356
7660
6791
7450
3216
4430
6405
6546
9813
5206
1683
5943
714
3206
6331
829
1659
5154
449
3465
6680
384
3081
2847
3603
4329
2196
2240
2391
6592
980
4838
8820
1832
9683
405
5264
254
9311
1677
4106
1694
8585
3138
378
8790
8514
5441
6431
7716
1932
9364
2039
5381
2846
1920
9099
9839
1391
7245
9025
5599
2656
9552
9250
1647
4360
147
7750
7901
108
1351
107
2167
9621
2021
9531
2903
5832
3105
489
2616
917
2615
4703
4846
5600
9667
6302
5337
3568
8934
1490
3524
7935
2392
5069
445
702
7999
6605
9472
681
2582
497
6773
3593
963
5074
5792
6807
8155
731
9475
5029
5771
5209
2588
7459
4223
5165
5342
3364
7758
446
403
423
7969
6824
5833
6846
4973
5270
9424
320
2927
6319
1633
4801
6968
363
7287
7367
6528
3062
1119
8447
8310
3311
3715
3650
5336
9528
343
7502
8334
236
1395
2840
5257
5132
4152
1952
9014
2577
7335
8483
493
3153
1607
8566
9497
732
2341
8081
9180
7280
7410
5314
6640
744
5038
9572
2236
536
5097
5431
6675
1657
8483
3605
5483
3440
484
8971
2227
397
7902
6508
6697
7710
8585
1231
2175
732
8262
9688
376
6012
8648
1856
4096
8456
1902
5263
2993
9404
332
391
6783
247
7062
3014
5952
796
1413
9111
9180
3229
3705
372
6263
3998
4898
5697
1088
8598
3006
9276
3223
1957
2166
7031
8179
8316
5830
8173
1755
8469
2752
9414
4059
2467
2118
8769
4512
3549
9492
1840
8598
8607
9681
6226
1699
4393
7146
7592
8188
4543
6884
2396
312
3411
1270
9111
1607
9704
7936
7621
4920
138
1615
2253
8066
6757
2053
7683
5089
1939
8776
8710
3373
2223
352
2095
4354
1337
665
6333
6179
7999
9797
950
1372
1502
768
6336
2975
2920
1685
339
491
6891
8336
5222
827
3537
3798
2273
9388
7982
7591
5705
1621
1752
6427
6178
3357
5633
2295
7890
9165
2081
5059
4244
5616
189
9735
9028
6096
3008
1197
5992
1488
2327
9649
8421
1291
6912
5992
4164
9660
7583
7467
6426
89
4079
9902
5782
1147
2624
4846
963
2647
1884
2811
1753
1097
6268
4921
238
1709
8700
2941
590
7006
4589
2732
7444
2573
7438
1334
5156
9762
1187
1435
1671
5220
8073
6191
3918
7946
1543
8160
8042
116
4484
3842
7598
3653
2126
2876
6809
7488
7938
8508
7555
6685
180
9034
1673
4714
3180
3174
1686
3038
367
1267
1557
5910
754
5828
2707
5579
8930
9757
5403
3697
7878
1294
536
722
2990
6120
9367
2500
649
9080
474
6243
3965
5971
8753
7449
361
1684
2071
7202
6763
2999
4461
9695
6659
8935
8914
888
4152
9717
7584
7970
2039
668
1206
9233
6915
8677
4035
8272
443
6486
344
9177
2583
5229
2876
206
9946
453
7564
2218
2082
1403
9783
9329
6768
3519
9471
6792
4942
8565
143
1679
6161
2580
3182
7717
4789
539
3492
3259
2912
4910
4508
2295
3801
1699
970
1048
9351
2659
8528
6891
6394
1698
5180
1732
5749
9945
5955
3988
3572
1091
9668
500
8650
8298
4676
2487
3099
8736
8674
2845
2860
6422
8776
5716
8219
4543
9278
6024
5206
9364
8262
7808
2601
1659
7631
5223
5782
9220
7349
6488
8969
824
3763
2563
1596
5912
5779
5933
8399
733
8774
9343
6014
2680
2535
7341
9266
4419
9537
9818
595
3982
1943
7631
3676
2272
4078
6106
9965
6416
7275
7140
9068
7263
3827
1868
1836
4166
3989
5459
2841
8271
6777
9226
8374
462
881
6675
3208
7962
4509
4040
579
2288
9390
9566
949
3259
782
9322
610
2785
1234
1046
5697
9705
3988
5934
9894
4154
9740
7312
4176
4583
9456
4192
1331
7198
8016
2708
9142
3306
744
8291
3904
700
7826
4603
5824
5844
2262
9501
9249
9166
7663
9384
752
2357
453
2616
5504
9328
7045
5517
218
1646
9076
1810
6553
9902
1077
1569
1762
4559
3052
5273
1298
7995
1881
5337
2532
2752
1297
970
2152
8754
4109
2168
8963
4757
2162
524
7620
1021
2856
2942
1619
7408
8928
397
6625
711
3554
6106
8597
96
2797
2914
2703
2536
8065
9376
8140
2681
4454
2220
986
9862
3821
8905
7890
4117
1843
4137
7173
5690
4298
7469
7391
1316
1622
1379
6114
6884
7398
772
7239
9793
1304
6069
4511
6104
5819
7642
841
5832
2089
8667
455
1453
3631
702
690
1917
3248
5921
6015
2141
4838
293
3848
7088
6966
1402
3272
794
8142
3332
883
3967
4752
6518
9565
65
6463
4366
603
3906
4524
8185
652
2081
6070
1980
592
1138
1151
6975
746
4306
881
1447
2905
1644
9617
4040
3862
2703
7022
6566
1084
2735
6514
209
2686
8146
3193
7092
1284
4578
9691
7284
9183
2655
5547
9410
1950
3500
8588
8093
4412
1230
3476
3218
2070
6177
6961
9796
1799
6930
1619
2095
6700
2183
2048
2782
7914
4717
2144
1141
4046
7024
9958
4932
7337
7495
1112
1267
889
3929
5147
2524
9276
7083
5545
6731
1688
7848
7409
3335
8513
3974
5218
9322
2185
4373
9545
6804
205
6507
8558
678
5648
1920
9778
9789
8383
4983
1986
6375
7431
9913
5909
2154
1285
1150
2948
892
4933
8086
5923
1784
6348
6690
212
957
2064
5629
979
1771
4795
2597
3381
2118
2917
5919
9097
9148
2042
6916
6503
1335
8895
3851
9748
1325
8370
5074
657
6216
5050
1527
196
900
9635
7521
9168
5791
1987
1015
4882
1343
7834
7190
1140
9012
3808
9938
1648
8292
4484
4679
8695
8829
8203
705
3791
1309
437
8382
1049
2698
6408
2604
4477
4429
9149
6795
6526
392
2143
1568
2513
7168
1926
2369
4828
1629
813
8098
2192
1135
1095
7542
1708
2078
1106
5882
1723
7540
3845
2952
9439
9182
7918
664
6800
4751
414
2723
6902
1876
1084
8120
1685
1229
1657
5342
3785
9085
2023
1558
3746
1287
2005
4366
3330
4855
8955
1814
2723
5144
5874
5787
4720
5048
6850
377
5164
6702
9875
345
6786
6198
192
9180
5707
9034
823
2903
4758
6563
6656
4682
350
2050
8264
7424
1519
2535
402
4147
6993
8944
4075
9006
4256
8525
6073
4094
2418
9286
3186
8111
73
4330
9215
288
1673
1953
2440
9733
7428
7035
8465
8863
9836
888
138
3050
1640
7216
7994
2790
8522
2392
6925
9848
4520
7323
5759
3959
1374
1193
754
1296
833
3319
9672
196
470
6582
3206
2863
7825
4015
9570
5939
8292
4960
7110
993
8169
5364
8812
6390
2325
9697
2110
7906
6626
760
4442
2563
8635
2520
3902
8592
2245
3523
4208
213
1241
8151
1799
9981
4913
7092
9390
7545
5597
2822
3403
590
5753
3993
5537
9568
1676
5404
6538
660
1859
1464
3489
3995
4588
8581
8698
2749
7659
5847
1070
3798
1391
4346
3351
5591
2300
6403
8475
2992
2652
1020
1400
6301
3681
5134
3683
1207
3638
7576
6326
7943
6149
4314
7100
2142
649
6090
2130
2696
2301
1739
5804
9735
4874
2549
7735
7618
5469
2630
7439
4153
3090
1967
8228
3229
1414
2420
7126
1698
766
147
6809
4706
63
8559
9542
3040
6492
1454
8699
1423
7102
5961
2320
4484
1142
1538
215
8044
74
2529
6968
6110
2624
535
7462
3308
288
1739
4280
1871
7702
9507
9772
3786
1577
5700
3444
814
46
8010
3823
2569
3806
6584
4596
4306
6201
9786
1862
2265
3648
640
8872
9914
5229
1287
4659
6354
6283
580
7450
9588
6284
6209
6214
7612
543
6078
4271
4504
8565
6020
4901
4892
5389
4989
2206
5902
1548
5456
3606
8033
9421
4812
2264
3649
7608
188
6298
66
5547
6983
6245
1448
7670
500
3586
3727
2513
7815
7551
178
2025
2678
8548
9505
1174
339
4794
5769
5235
879
9417
5453
1441
1734
1857
1373
8546
2895
3598
8971
6106
1235
343
5553
4042
9558
1318
328
6623
2344
4412
5411
6963
2104
7829
2638
5126
7875
363
8083
8046
2547
6949
2516
2227
347
2430
5879
2323
7521
6998
8242
3392
759
547
5976
3076
7482
8056
5201
7708
7174
1581
982
8169
8112
2257
5646
6910
3377
9755
9579
78
2175
7544
9568
6167
5668
9890
1463
1482
8049
620
8174
3010
5232
495
5528
1767
2543
3364
1249
9715
7593
3085
1936
8696
8679
6094
2234
5302
5944
3873
4673
6928
2876
7287
2071
2296
6024
7445
3922
5113
6450
7802
1415
6911
7639
8361
1286
9839
5464
4319
6498
6763
9438
1316
9295
913
8710
7285
9524
957
5216
6456
4810
743
7457
1479
611
7053
3051
1138
5026
570
3330
1096
5735
2744
4274
3447
9065
3568
1134
1682
4089
376
7383
4262
8341
9921
2803
224
5930
2995
4144
9605
173
6400
122
3576
890
8753
6171
2610
8047
8993
7280
7801
1255
39
7512
653
651
4728
4135
5428
9524
1192
3885
9978
3099
1840
9723
6817
3282
1351
8991
5488
9683
8096
3067
73
967
1413
877
9098
4993
4253
9999
3367
1512
2966
4739
9417
9334
1642
446
1984
8947
2785
1948
3824
3563
2116
686
4360
8531
7194
3799
9108
996
5518
7117
5624
9550
2634
3210
5142
9375
9539
3932
5231
1339
3099
9421
303
9903
895
5743
9756
5332
602
3414
7817
3995
1681
8314
423
8215
2506
8690
1063
6037
2148
2791
6858
2169
5714
2520
9174
676
6297
7401
5569
4512
9421
1094
6711
3121
96
919
3600
5065
7500
2377
8510
7394
6969
2151
3498
9523
7740
7091
4785
7173
9723
7540
6856
5007
3064
1469
8635
5411
7001
6709
4715
6102
25
1551
9340
6783
7878
9977
7589
8595
3740
4537
5290
9965
3725
6970
4055
9233
2455
2978
9304
6565
3767
5738
7917
6601
34
7737
7624
536
5146
4032
7748
4594
1473
4188
17
1891
3894
4903
5007
2544
1462
3375
8672
7711
5958
6172
1780
9243
3622
8110
8185
9584
8069
1455
4316
7840
3847
7840
7541
40
2486
9532
8961
3592
3905
179
7876
8184
1591
1848
5594
7601
210
2917
942
2608
5935
5620
45
9334
2850
5846
1654
3103
201
160
6780
264
6368
1607
2618
1121
7331
2003
6333
3527
399
1250
7643
9667
7144
1130
5536
7864
9701
3266
1046
9838
2476
2573
6967
4408
4684
1800
1709
5496
5998
2545
9723
2240
4105
9415
2689
769
3481
9937
9824
8243
8675
7964
2410
6318
6043
5519
8530
7023
8763
7834
9703
4377
2660
6750
4346
8958
7253
427
1473
1110
5081
7934
9536
5546
9267
9419
7652
892
8530
4279
8607
1172
1092
5898
9806
2381
2040
1952
3663
6651
9158
2284
5989
4415
9061
4796
3200
5358
7149
6726
4141
8558
5331
874
4591
1549
4877
5851
5766
8720
1091
7376
5543
869
4655
6708
5821
8076
7148
1529
298
7914
1764
9417
7349
9638
3571
7523
3762
1103
7313
6241
5737
2424
5654
7313
9712
3975
5192
9017
8128
9161
804
8502
8235
3770
6535
2594
2046
2353
9930
7809
8719
9858
7628
1517
5764
1236
6340
2667
8242
8811
3623
7829
648
1561
5979
2888
641
7196
815
1476
3133
1393
2802
6622
7973
8669
5782
9070
136
5671
4443
1274
1186
9416
5201
9712
1575
3607
5780
3190
7008
682
3831
3657
7802
5266
2787
168
3396
5174
6992
7393
306
8859
1538
7634
5263
6710
1619
4955
1818
9987
8537
6578
6415
3110
4815
2906
7961
943
1323
7923
703
5103
331
6438
7250
2627
2526
8651
4915
2521
4666
5947
9240
5444
9721
1596
2588
6926
5142
6854
2706
3230
1080
5297
2333
5347
1441
8850
926
648
8958
8152
3654
1751
8456
2195
9114
5945
3727
4758
1351
674
1129
7922
2358
2064
8322
3789
6121
3466
4857
7446
192
4833
1970
1466
8848
2889
5751
304
2080
8860
165
4858
6640
954
9882
262
9112
1784
414
4608
839
1718
3845
3591
4918
2845
9334
8130
1245
2838
6672
9955
28
8496
6596
7756
6788
380
1999
8875
3095
5981
7453
422
9653
926
9222
7755
3031
2683
4871
5718
7961
94
7684
7597
7775
1706
1303
5461
8091
9430
8377
915
9093
5593
9664
2057
1728
2057
4611
1180
8478
5626
7113
2446
1899
6703
5732
5098
5019
2680
5935
8061
986
5363
9392
6831
1851
3013
2744
1850
2180
9986
7928
174
510
63
4141
6428
2926
39
948
9919
1095
8439
3700
4401
1805
9501
3308
1559
9293
4554
702
5774
5693
2203
355
7027
9199
2629
7015
4762
2073
840
689
5360
9591
1816
8489
9851
4387
4331
4720
1095
6652
1035
5556
7747
7008
1831
3254
1420
137
2581
7293
2689
1546
413
7664
4464
6403
7923
206
1354
7251
7272
8376
173
651
1206
485
5473
3799
1760
2569
1261
5386
6004
2047
8104
1595
9621
1513
2274
5728
9779
2085
2329
1695
2149
4754
8734
8417
4998
6665
185
3644
3088
1160
1629
9139
1145
3407
1665
8066
2572
252
281
4194
5731
8035
2496
6107
3912
5908
5026
3251
5134
778
4087
6798
4682
2466
4441
3021
1461
7294
2268
1929
5511
8335
1756
565
521
1549
5433
543
3833
3698
1328
4511
3042
4931
400
3061
2578
2724
3889
9312
7431
1799
8109
8436
3170
1813
7798
8070
3656
4019
8314
3703
9648
1064
1424
3278
1426
5763
3473
6566
3261
9005
2592
605
2268
2409
990
4192
9666
9066
3624
9527
368
4598
3172
2932
7891
8451
2796
9775
3897
4261
425
5307
4665
8981
4814
6751
2986
6865
4939
682
927
5852
1104
634
2004
3932
7601
7684
3284
7737
2303
637
2968
7945
514
3062
5946
7144
6741
4416
1532
4756
405
9533
3144
5296
3888
2228
3062
518
386
1128
9261
5152
7205
1767
4056
1220
4966
8172
2191
3420
8542
2219
1932
572
6
5286
5086
8362
7481
3875
6352
4975
6981
8388
20
3395
3918
4850
5491
9587
61
883
1334
1397
9017
2300
4493
7018
5809
2268
4737
968
1505
6680
993
7770
2272
8044
947
1680
6174
2862
7942
937
5808
327
2584
6835
722
4294
5607
9016
5611
3848
7051
9254
7971
6124
886
5094
1484
274
2681
4346
1959
2024
7092
8613
3803
1755
8757
9617
7293
6157
6331
4160
2237
260
6009
8283
8961
1362
249
6484
6666
5903
9725
791
1577
7200
1252
240
5807
0
7378
451
160
796
1433
4906
785
526
6091
1032
3088
9666
8579
2711
5781
604
589
576
5542
4164
4994
6218
1495
4909
9496
5487
2361
2322
3402
1039
6752
174
9767
829
5203
2196
6728
538
9096
7679
1182
490
4653
3833
7719
2919
115
9166
6210
1197
8982
9167
4153
3474
824
2410
4388
4694
1685
3881
8354
4331
9227
8744
4203
3367
2258
7198
1657
9365
1543
2981
7379
8899
858
231
5521
2138
6906
4028
638
2266
2812
2909
775
8999
6776
1933
309
7175
8698
7099
1394
5214
593
2866
4635
7184
5982
666
872
1791
2331
3715
4853
105
3891
4972
5257
8743
3684
6959
2291
6077
9405
7526
2178
7328
1166
690
2760
6328
8619
7269
6545
5342
6851
8920
126
7748
8168
9242
1590
9249
3654
2553
7194
5361
6478
819
1700
2132
441
6175
882
9563
8912
5218
6122
6788
8271
5106
5121
2964
7217
808
3801
4626
9218
9729
7626
7929
2859
3455
5938
4192
6338
2439
7579
5030
4661
9551
5597
2732
1333
9112
5069
8771
2033
3788
2924
3963
998
9118
365
5296
8040
5910
4660
1238
312
98
6438
5244
174
1139
5838
4571
902
4477
7070
6882
555
4069
9194
4755
2971
5181
7566
5448
2778
9398
3348
3696
1950
2050
7644
6179
3476
7422
2120
2667
5213
1285
8222
7376
3543
5727
6423
416
4797
4512
6319
1622
1293
2873
3476
5142
6131
7482
1738
452
3996
2747
9661
149
8951
7978
4640
3111
6462
4731
681
3603
393
994
5285
6654
1411
3483
7091
8961
2396
369
3861
6307
83
1768
931
153
8517
1092
544
4814
3553
2900
2861
7449
5693
185
742
996
7711
5587
8054
3582
2022
6149
6760
7280
3831
6268
5977
9520
7773
5269
8883
922
3443
2153
2783
4311
1997
306
7587
1441
2627
1752
8221
1804
8330
1174
3873
2143
6782
5042
3445
4872
5961
8415
2429
6393
8633
6013
9954
6903
6392
5466
1864
7335
8437
3793
8992
390
3662
338
8827
3409
2940
4032
6978
9390
9941
9899
896
7974
8245
6511
3098
6293
2235
7612
7196
7481
1432
244
4629
9708
8947
8138
2230
4817
5440
987
1021
7727
9237
6677
2576
8440
5056
66
1875
2933
531
1759
2737
5612
8279
6241
3697
9394
7798
1072
8313
2495
2210
9322
9881
2027
4761
6912
700
46
5372
1931
9071
1144
6901
201
2270
8892
7317
247
1630
1716
7041
1374
8204
1289
2547
6077
6192
5043
9296
7049
2629
4205
438
6439
6027
7272
8384
160
4172
4345
9703
3826
2077
9259
1768
4831
1990
1767
5850
567
9224
4984
3332
5341
6756
8650
3849
2403
272
9603
7537
8538
3169
6611
1661
7621
3183
1582
5760
9942
9135
3671
8736
3295
480
8945
345
7112
2646
4241
8386
9852
3608
8537
2964
6707
4675
8738
1706
8258
4362
3224
5791
2222
9782
58
265
4490
7437
416
2529
292
7197
1394
7797
1500
690
3630
7131
6626
3028
5363
4904
9755
5241
9197
3656
4970
3365
7242
2773
8456
8389
7082
5960
3998
7437
2302
122
4267
846
1963
1259
6172
2318
8289
8284
2436
6152
9472
2489
8351
9814
4353
9759
7533
8845
4812
59
1609
7643
7258
3192
6171
1016
610
5166
1744
8989
1266
2239
8711
9741
8200
1447
2812
3584
7005
2142
8460
3513
1945
2009
7534
6504
2310
4023
3271
6819
4253
9282
4551
3619
3757
7947
178
2410
7033
4699
2551
6881
3986
7110
3471
1945
2125
9517
3603
3489
7598
4627
1995
927
2020
2679
347
14
7738
5904
7127
4127
4651
7062
939
3587
4646
2564
9319
8711
594
10
1669
4206
7669
4069
1502
5733
3295
1584
6676
5824
298
4304
8301
5284
4456
3943
2175
6850
3782
8628
4851
8937
6925
1602
1604
9426
6945
8649
5264
7556
1036
1772
4620
6411
6929
2996
8592
9171
3992
2403
6615
7795
4445
7521
5467
4974
2269
9410
7620
8637
3759
3199
7794
919
251
792
4882
8136
5078
2821
5288
8089
183
6530
7846
1299
8257
7083
8886
6297
289
7476
1690
1726
9550
9466
2709
9890
9503
9616
3260
2117
2863
2230
136
2954
362
3925
33
9073
6408
7776
2258
5424
7060
8813
2536
1791
5548
7299
6602
9890
9283
939
7680
6769
2528
7577
1019
3132
3986
2027
9363
9157
3694
6112
6132
480
8485
9983
1060
2240
1877
9522
6347
6178
6
4551
3564
1458
106
3458
8791
1463
9093
1096
1281
2721
2175
3663
5281
2070
4573
6568
5408
9503
3492
3017
5627
9381
4103
7645
124
9997
896
4608
3323
1232
1155
6602
2253
695
641
3154
8097
4032
1628
1469
1176
7266
4693
1786
4913
8336
8377
1792
92
9728
9671
2724
1302
4273
8785
6985
9659
4292
6457
135
83
1915
2602
7516
7437
549
7737
4524
7237
2113
1527
6981
5258
7677
3686
4846
465
1240
3536
1482
4092
7056
8753
28
1436
4045
4063
538
252
7723
14
2041
2533
6582
8525
6772
6104
8889
6623
4549
7287
3434
8277
5012
7870
3582
7403
3524
9789
9895
1974
8051
9004
1062
7435
5799
7141
6320
5260
5002
2769
8007
2139
8517
3234
2327
8596
778
9989
9763
5461
7990
9391
5515
5797
4341
9809
5259
1498
4579
9095
9377
3879
9134
1168
9210
9818
8688
2357
222
4249
6767
6231
9686
5276
6590
2051
2218
3514
105
7275
1280
1527
150
7528
9084
93
3440
6613
2574
738
9784
4667
3505
457
6532
613
1313
1880
3420
8334
5321
5635
6386
8872
3482
7572
6604
1683
822
7763
5018
2598
2200
2267
2415
4037
842
8194
474
4743
8808
8357
2516
8384
364
3942
8973
2110
9545
9772
5269
2973
3743
576
4106
3671
4176
6284
3916
423
1447
1323
5472
5336
6400
9770
3946
5797
4524
9857
7774
2639
8537
1164
1172
4956
1246
355
2113
4117
3957
1519
52
5954
827
1255
9868
59
9964
6078
5487
9402
4428
729
5588
5789
7346
762
9983
3577
2597
4157
1829
722
2517
8914
2988
9164
4474
1213
8537
1539
9727
2553
2430
5313
7881
5347
2245
8389
5865
1789
3297
2576
545
773
6415
6238
6391
9383
9073
2686
741
5667
4357
3096
1091
8761
7450
4148
8813
7349
522
4031
4382
8479
2076
1924
3244
4317
2270
6517
7550
4600
5401
9508
2081
7271
5931
8176
2771
4406
7547
9560
1663
5510
8469
3082
6962
4209
8415
5884
61
9562
1747
4928
572
1246
4741
9491
1229
6184
668
8756
277
1393
7632
9820
2819
9827
1805
2314
2548
4782
5046
5171
6810
7539
4208
3216
6241
7226
9226
413
2753
732
1108
9550
6066
8507
3957
7316
7653
1693
5091
5866
2720
8167
4667
8738
8044
776
5872
3047
5197
8571
4523
4386
834
4926
4075
5250
1866
8895
7596
9377
160
6474
1670
4132
6515
7024
2094
7534
4299
5385
1827
7825
7614
1083
6199
4317
9014
4538
9658
6752
7017
4002
2239
3844
8187
6337
1966
7383
1897
2171
3490
7246
1526
6185
5130
2425
7161
3732
9309
9583
4458
5582
5152
1056
1103
3719
7993
210
8489
8258
1618
9018
4958
6715
5003
6842
994
1462
1475
4268
2276
5715
8480
4092
363
290
6699
4626
8367
2971
6296
6791
2920
6105
736
3969
3398
8757
9129
7377
7966
5637
4373
1885
8325
4222
169
5682
3945
9310
357
8065
1300
7295
3620
51
1682
238
1932
4618
8379
8194
9833
7029
5978
7326
1184
1418
3648
1816
9230
7899
443
3105
2996
6610
1540
4210
3932
9327
2171
6088
1588
9092
5151
2087
7103
3626
6469
1264
9900
8265
562
3024
7238
9291
366
7878
1555
239
5067
7632
8467
1163
7658
9177
6730
899
1383
3475
4738
1276
5071
7324
6782
2409
9599
2677
6607
617
4445
1334
11
644
7874
8493
1908
7110
2616
4651
5541
8192
5984
3871
319
7685
80
5093
8977
7204
2516
1751
9872
3391
8015
2331
7243
6764
1064
6287
1414
2428
6835
7735
2429
3286
1151
7505
9491
2382
5232
1091
2059
7776
8145
78
4344
9751
2452
5887
5599
6130
1955
3413
7167
367
7874
3155
3967
2884
5559
4782
5825
6055
3599
6007
1478
6934
9121
3139
7237
5367
9455
8902
1424
7944
4590
3205
7878
3541
7191
4849
9385
8559
4603
7476
530
4202
3024
8396
2118
711
6977
200
214
1330
8965
9954
118
1546
95
3114
2945
858
8027
8046
6410
6862
7304
4846
8805
2537
2039
1822
1760
3528
4951
7597
6123
8020
575
4907
9315
6638
1567
6455
5503
917
7603
7167
9298
768
7510
7027
2196
2016
9664
5040
1186
9150
2329
3997
1082
8585
5183
2146
4899
4818
904
2077
1707
5012
6377
573
9046
3506
3463
4867
5922
7548
3980
9026
1360
5754
2681
7409
9409
2067
4581
1894
2383
8640
3597
4302
1980
831
3547
4947
9613
2661
1663
4914
5594
3971
2249
9828
5550
8904
6389
1395
9014
2315
8536
9641
8346
8579
9282
8668
4018
2601
29
4408
3558
1142
2918
4041
9315
9554
1084
7612
3638
3741
5374
927
6640
6519
9810
9834
1705
1338
4718
9410
102
9146
4916
9675
9222
530
3340
9854
1537
5273
8169
2171
9669
3392
1696
1667
5916
2327
2193
4079
4407
6718
4239
6163
1480
1581
1116
4310
76
1298
2410
9684
3351
2035
6563
813
7118
7646
4296
7425
787
4574
6487
4735
5363
9632
9219
276
1750
9566
8303
3784
6280
9471
1113
250
8361
1976
2498
2469
7397
1252
1315
7633
705
576
127
5769
4858
4113
5652
8006
8372
589
148
9265
514
5024
9891
2075
3507
39
6814
7185
543
795
8441
5757
536
5060
6252
75
5619
1822
8399
547
4655
2721
6527
5510
4960
1634
4322
4574
9735
9006
8588
7362
8098
6714
7711
7735
9479
5357
9394
8527
2649
7002
2077
9890
4579
6552
8944
3919
5331
6672
215
8659
1001
8199
9886
4796
1338
8358
4049
5802
5335
44
2736
2709
9079
1057
87
4275
1268
4426
8154
3080
3272
5316
1943
4496
3132
5001
3110
6283
9580
4856
3972
1304
4386
628
1359
6644
366
3356
9221
2244
1708
585
2266
7251
8585
865
1257
6121
2733
7283
5002
4377
4484
477
1368
8832
9387
1792
2793
3240
2808
171
9229
761
1703
3699
5311
5096
2582
5974
3817
6328
8702
6516
2821
8424
8670
5395
6105
7870
2097
4031
5050
9733
2521
5379
510
4030
1550
1143
3532
4651
4684
5634
664
1181
8686
3929
372
747
2685
3712
5232
3417
6705
7618
4311
2982
5555
8652
9105
3229
9838
4842
4917
1962
6078
7659
2940
4157
2199
101
6842
8637
6274
7942
8079
1358
8848
672
3909
9687
3363
1581
4919
3519
6659
973
5383
5942
682
8323
9850
1609
5271
1016
2720
3195
777
4170
1818
5157
6162
1314
2973
1576
8336
5773
859
7495
1780
6116
2026
6263
3173
2747
7746
8517
2809
4793
3420
7811
1361
1314
5820
6002
8262
8392
5314
1056
6405
2687
2659
7617
7108
262
9209
6402
5792
4259
1810
5959
383
805
9566
4142
3131
652
5404
7698
5482
4590
4545
5652
127
980
9612
5098
6453
3930
5527
4196
2440
1258
8865
9528
3721
2492
3273
1540
3259
3273
3324
9473
9810
2594
2869
9722
1179
4129
3001
523
16
5947
6381
4786
9207
2655
6178
9468
6330
4665
453
2287
5290
3323
1716
6290
6292
4677
9923
1974
5044
845
148
6453
2346
7695
7020
8715
9426
5046
2470
5566
593
8335
5288
7089
9461
888
2825
7085
2156
461
8690
8791
8290
2595
9325
7941
127
8032
7123
940
6857
9751
7680
7196
7002
2388
1362
6802
2433
666
859
1566
9176
5766
9129
7165
1442
6680
4747
567
4276
6782
2039
5427
8939
3709
3211
9164
3844
2130
2632
9941
4095
1978
3668
6640
9920
8553
2923
1744
8931
232
1401
4677
1034
7850
1736
6171
8164
7480
5017
9938
8044
9158
3807
7708
7195
515
1726
4811
2134
2145
9125
1495
1854
5969
5456
4364
6730
8137
4053
6800
1809
496
3091
2922
1989
9794
8449
760
6800
9954
3538
9861
7659
1479
1566
3869
7178
8842
1100
8847
4707
552
4601
7446
9391
6613
3799
2882
4669
8684
4780
6249
6420
3599
9397
4500
9462
9635
6105
9668
5926
2746
3623
2407
628
4945
6097
7001
9937
8204
8217
8172
112
8190
4738
2363
5655
780
9040
6587
5988
6100
9402
5395
2274
6429
2318
6719
7599
8247
277
6064
2102
8189
2647
1524
6713
9111
5210
7388
6214
97
1250
8799
7445
5963
9479
1842
994
1792
6645
1745
1779
830
3713
567
1343
5089
4505
9824
4916
9333
8047
731
525
3356
4166
4095
42
6369
9925
1870
914
7996
7323
2439
6346
375
269
5265
982
2185
7198
4798
8151
1682
6721
9118
1468
2131
9255
8703
7708
9432
6932
1654
8847
6246
1321
6117
2526
9177
2760
3843
5872
766
7614
4389
7002
763
7294
3038
2589
943
3636
9591
50
296
7226
9423
8476
9323
6689
117
2818
677
7013
8899
6120
6832
6849
988
1094
8357
7742
9430
5379
3078
1190
5646
8440
2060
9472
6595
5241
1798
9549
1844
7444
1143
1707
881
2356
7648
2052
1002
5929
5273
1579
5259
3855
4307
4129
5050
7041
2032
7627
5776
5125
10000
