813 50
18021
6402
1561
4443
7158
5176
3178
753
3215
2369
9605
9771
7677
4792
4322
3832
4794
5258
8947
9558
7909
941
3585
6036
6449
8792
4005
5251
873
2477
1093
5244
6624
7596
3143
2265
1997
1300
7244
3666
6764
3097
334
8398
6855
8496
3655
9481
4718
3308
1981
5903
237
7122
8206
6820
2242
6911
2941
1935
1024
8244
9707
7711
3829
4006
1545
2863
2210
207
8365
255
1338
8386
3813
7786
9497
100
8648
2174
1025
8176
3891
3808
1212
2921
703
3764
8475
9068
4762
8394
633
2289
354
278
6172
1446
281
3888
3029
2278
2535
2434
6635
754
5139
2533
7231
8025
124
3160
5817
7280
612
243
5350
4044
2159
6288
4021
8534
7841
455
4232
265
860
2552
3024
4470
6653
7159
2722
1303
3158
9895
6238
1463
8731
6932
9200
9627
9081
405
8497
2304
8049
1870
8085
1314
1059
9886
3355
82
4345
8111
2802
7416
9864
4688
9353
6364
6219
1420
2188
2372
6570
8402
1036
6035
8970
1143
992
3560
2859
6248
6832
908
8653
9518
9600
5143
3297
598
6545
1694
4697
5515
1014
4103
1705
146
5722
1919
5564
5109
5361
6752
8221
9801
1986
5967
6792
8846
1885
1895
7271
5278
8655
9485
5903
6470
3759
9357
6644
541
6494
1148
7580
6515
1045
1336
5368
2939
2764
1899
2297
828
1569
2534
5437
949
3938
4258
9689
4054
5899
9056
4469
924
163
8695
1538
173
9177
4609
3511
4082
6174
3898
8232
4651
5994
6952
1709
3150
1182
8568
5051
873
7648
1224
4009
2019
3513
9879
2347
1540
739
1818
6781
9928
4856
5172
3849
5007
5383
2199
2010
7194
4151
7961
7381
2099
8174
6672
8996
8647
5569
8458
6246
1700
4120
1154
3311
9254
8461
3302
7070
4707
6092
4848
1175
4045
4596
7052
1093
2275
3890
5785
3837
6394
4593
9030
9549
1784
9114
4099
5662
604
2288
1306
1030
2227
722
5776
5654
9447
6599
9270
594
9417
8096
7925
2026
1108
1311
1206
6372
209
5424
1374
6387
5982
1731
9833
278
6976
2322
2430
2022
3511
1599
1120
6641
5533
1936
9187
5224
7168
1340
5726
4506
5692
9335
421
2821
5025
5296
3244
2755
9503
7164
97
6166
9099
5399
9066
8903
4454
7759
2742
265
7930
5534
7878
273
6097
399
5076
9143
8597
6169
4885
353
489
4376
2359
5512
4720
1379
278
7101
2243
8266
3735
9853
3899
8259
2460
4716
6874
9068
8470
1047
6676
2780
3057
1209
6384
729
2255
880
2161
2929
4935
9006
452
7002
3349
8397
5192
1048
920
2818
4686
1572
3655
6003
4615
3042
3422
1866
2109
4638
929
8605
1403
6566
6878
8696
258
2288
7416
6842
5131
3535
5562
9589
6393
7444
3651
9947
4751
2033
9757
6049
1069
9142
3580
6108
1553
3608
5155
9991
3905
9311
6561
111
7078
2948
1056
8532
5749
2594
6842
8075
2557
2730
7958
6725
1577
9621
3114
7743
2254
4253
108
6722
1506
7776
5119
769
7274
1118
4072
1458
9524
4373
8625
4618
9212
9115
6050
304
6107
9440
4701
7503
8330
3624
9283
4353
7908
4957
9474
7834
7102
3868
6803
1318
1326
5199
7764
762
5939
9568
3614
6250
6565
3097
3798
8580
1096
6791
3816
9098
3216
6008
280
984
8591
3861
965
1908
2509
8568
53
9850
4774
3696
8929
9051
27
8348
596
8737
9495
8548
433
8782
617
2436
1112
5860
7630
6063
9521
3782
4185
2992
751
3492
8324
2216
7645
5377
6669
4778
2827
3590
8527
3859
8786
2921
1268
8906
582
7515
3195
6013
9916
5555
4199
4092
1953
4962
5962
2614
8124
1487
7518
7537
7345
167
5821
293
987
712
8603
1603
887
1792
7696
7309
174
9717
3931
9478
4279
1795
77
1691
1715
8562
1224
683
2825
1797
2081
6670
2267
5897
8651
3233
4708
8031
7157
9769
8633
8715
691
7330
1386
776
2160
2597
1162
1723
5533
4645
8893
6447
4783
1967
6988
819
5302
2342
884
1388
9759
5108
7150
3425
5476
2892
2604
7036
1717
5147
4194
147
536
2870
3187
2562
2346
1108
7494
540
3282
8209
3981
8216
6971
7765
98
1900
9735
7354
7344
7221
1605
3817
8416
9804
7283
1300
389
9016
4962
2062
8316
5095
4374
2179
3680
1045
4756
4295
241
7738
6846
415
4224
4020
9609
2837
6911
4105
1986
1513
9598
9133
2482
5342
5974
6257
5822
9699
5302
7678
132
7922
7614
3604
898
129
6437
4765
3671
7499
8153
4198
7291
731
9423
2654
6211
2069
4793
6287
6451
1537
9100
4363
8860
6766
2944
5036
4241
245
9703
6903
3781
1259
205
571
5733
809
1852
2430
2214
5074
4244
1830
2610
7834
8964
317
9134
4880
2614
8324
9980
8887
7952
7561
2218
769
2238
4943
8144
5374
8303
741
3007
6207
7419
857
8663
4758
973
4626
2996
5263
3033
5274
491
6854
5652
3382
2982
1819
2451
5590
8059
1472
3378
8014
2884
2866
9980
7512
65
1205
936
9591
3748
1434
373
3110
6403
7259
4433
9345
8525
9145
7774
1250
8316
2135
1878
4567
6733
3501
6177
2773
1395
891
4954
2418
8962
6932
1024
827
1173
7544
8086
9550
6960
9504
635
9768
8125
7281
751
1985
5266
2333
4930
6445
2095
2
5155
2290
1614
611
3341
7297
2097
6250
141
4875
1866
4145
4498
1236
3388
1703
1528
3063
6906
4750
6800
1527
4399
243
3567
2588
6822
4335
758
9628
5835
465
5351
4083
2164
4960
527
367
4728
7575
5992
1363
796
1282
5500
8873
7263
1919
4749
5514
1164
8167
672
2875
8255
9077
1638
3069
1808
4727
4726
9532
2167
2749
2981
7649
8997
2896
5820
9748
5251
6873
7440
8033
9318
718
628
2128
279
5642
9767
6924
3387
2517
1086
3790
6885
2098
3313
1046
9389
3151
7801
1445
3423
5294
8151
5331
6036
1895
510
3165
2087
2602
1777
143
484
7658
5219
3186
9614
5066
4774
1958
2241
1695
86
806
1644
5139
4823
3248
4801
7613
9688
4445
1623
5755
6086
6879
2224
9504
7393
430
5058
2433
9707
8658
3424
4612
3346
9722
9370
3307
322
9923
2470
6898
1215
8717
6347
3244
285
1046
3831
3420
1592
3100
2953
1002
9897
1155
5342
6097
6291
4082
6440
490
463
3650
578
5216
3350
8730
578
5461
3787
294
2128
445
6756
3336
1735
5142
6172
5982
8338
7009
3460
5770
3292
1593
5047
2722
952
4886
4709
3214
5439
8404
4991
9837
462
3176
6779
7169
1201
5839
8721
4428
9816
9202
6020
4270
9950
8780
1308
1474
2433
2117
6737
1838
5446
5591
2120
5255
692
7441
9947
2413
2661
3198
8293
4867
6606
5028
2210
4082
6125
5200
5504
3847
4679
1153
6001
3854
8353
1315
9641
3878
4598
846
8841
6183
3621
6453
6821
2599
9511
2637
2510
2821
6698
9405
3256
5506
8618
5673
8668
4005
9933
3521
2398
9190
1940
4356
3484
6506
2943
9127
232
5894
5565
2601
5927
5763
7244
675
9973
476
4607
4948
7174
3837
9246
5243
7888
1452
3885
7313
2205
2499
8605
9995
2787
4027
4600
6936
8466
2136
7705
7803
2799
395
4907
2381
1182
7505
9908
143
1986
4780
7553
4443
4682
3121
2753
910
2550
8752
1402
4983
7612
3384
577
259
2408
3810
1738
8143
5207
6153
2491
9385
3880
3190
2744
6316
3765
7652
2132
1490
3924
516
4933
1261
7285
4886
5540
290
2725
6386
2413
4846
5650
7032
3984
9175
2118
1394
2978
4531
3942
6044
2380
5127
7899
3670
6976
2308
6043
5176
8600
3325
1969
1156
9410
3901
8730
1602
3911
4776
4543
744
7003
367
1351
2075
2825
3575
7893
4276
1255
1017
6406
2029
3845
2738
4398
4161
1577
9386
178
5604
9218
5182
4656
987
1426
8168
8740
1236
39
1151
959
7328
3037
610
8481
8170
1851
1217
3594
123
7285
7057
5838
5351
5822
4668
2511
4397
6601
6647
4307
5487
9761
8572
2877
10000
4736
5460
5774
6604
4089
6475
48
1806
4459
1941
4014
5996
4451
7370
2671
8483
7858
5996
1446
6571
1404
1523
7549
3223
7113
6020
2536
9635
3992
4221
5406
58
1932
5543
5322
4951
4855
8726
3300
7259
2990
7383
7485
7258
938
5454
6460
775
5841
8485
1179
6215
619
1421
6119
5184
4256
7799
3239
6644
9838
2072
6137
3200
626
2717
6084
5613
826
627
9029
1403
6430
1731
3341
4682
4087
9167
8649
6888
6354
771
2780
4126
419
8927
8243
1173
9721
9578
3528
3373
3857
2987
1321
6103
8974
2411
8258
6179
2951
3060
667
3837
3120
5381
8595
2020
832
360
813
290
6119
4699
8905
5644
215
5057
3531
5019
8504
4549
6487
7703
3364
870
5092
4558
3970
7356
781
5264
3574
9943
6770
7092
1954
4324
695
1284
7804
2868
6881
4623
6876
6652
4772
9895
818
7280
5008
9663
6154
1503
2230
1303
4303
2247
1171
56
393
1411
6859
6979
1970
585
1007
2810
7895
147
1364
8274
264
2502
3135
3698
9206
9671
6041
4265
7201
7808
6996
979
1524
2062
4081
4104
2315
1156
3933
3200
9098
2974
135
7516
7105
9042
7704
2807
6455
4510
1055
2575
1466
1525
9274
439
8704
5802
2639
2694
2323
9772
2756
9489
9549
683
6863
7057
9969
8086
7340
4764
8716
1568
1291
266
4875
5818
5239
6306
3691
1899
8963
6508
8823
3122
9054
7941
9807
3753
3231
4617
7782
3815
6850
4819
7409
1890
6904
4903
3993
2738
473
162
1193
4021
2504
3472
8105
3397
2645
1636
8972
2404
5780
1706
1146
748
6882
3939
4733
9531
7982
491
4863
8735
7250
2302
6659
8567
9266
7880
3578
1267
5829
6689
1785
5522
9163
8102
6544
7952
6837
70
2210
8943
3706
8067
2474
1548
2283
3576
1775
9213
3031
4563
1783
839
4283
6381
1101
3667
4985
5541
2076
9043
7199
4571
6293
1329
8156
6150
6875
4865
8792
7517
2162
7269
8144
978
8240
6352
4376
3871
4243
1
8783
2102
923
120
6164
8903
3383
5743
2129
7405
9770
645
1789
5913
6593
2296
639
633
2706
1504
5662
1762
9834
5967
8765
5148
806
730
2923
4781
7052
6403
8850
6641
2649
3023
7928
1888
1165
6178
1972
5074
6631
2641
6394
225
2344
2111
976
1124
4573
1684
4193
766
5068
9220
3977
3542
7758
6710
45
2606
131
8523
3876
2729
432
734
5262
3704
3713
1954
56
2880
9563
9748
1221
8898
9280
4531
7798
9924
2707
5671
3484
7128
8260
1277
926
4624
5315
5527
216
9350
9489
9297
7714
1477
2968
892
6208
1183
5309
7355
5132
1706
6867
6960
543
6253
913
4436
5707
8649
1501
2945
3283
8090
3110
7518
1024
6170
9390
2108
5797
6127
1675
7259
1244
3954
5878
2056
9456
4740
6311
5028
2977
5170
9302
7427
9277
5726
4072
1249
3571
1648
5043
4967
2928
8297
1104
5092
1654
8692
2823
8887
4263
4224
6556
1011
5796
6082
8948
294
7755
490
2094
3216
8110
1731
7319
1806
4696
924
1655
5517
6232
7062
4346
9651
6876
9806
5330
2278
6174
2013
8149
9216
5449
6803
1773
7519
2488
3743
1656
8126
4507
6427
2402
4704
8257
4289
2769
1680
1957
2861
1580
5092
34
9578
4589
8590
7469
3779
8363
187
4971
1459
2063
5667
4307
7197
3813
1049
2887
6611
412
4519
994
5182
9231
6165
8173
587
7198
607
8573
1660
6135
6187
2822
9381
643
8127
9404
7087
4383
5528
1641
3373
8194
2789
909
618
9705
4231
2824
8149
8551
423
856
6796
650
1575
8589
1102
9076
1362
7176
382
4327
5082
5649
4916
4310
1053
2496
5705
8119
9547
6812
5124
2622
8818
446
5212
4259
2527
9632
74
6336
7709
4556
8716
2515
512
1733
96
3804
5935
2752
6731
9536
3658
3834
1180
7081
6612
1682
3018
2076
4618
1551
636
66
6732
3231
2706
8364
8704
6617
5136
8194
2990
8738
3029
2281
2618
5811
2858
3711
0
5407
7520
156
3861
4199
1431
9083
6025
4251
2583
4839
8712
6728
6560
466
432
1927
6061
3452
6654
5821
9864
1011
2095
9632
3701
2423
3133
3290
2933
3583
1214
8661
5263
658
6000
9538
2714
8431
9728
5379
4303
1066
1574
3648
3337
7927
1329
4321
9052
4267
336
6319
6288
8603
7305
8592
394
8725
5660
5380
422
4076
3683
7329
1588
8826
451
4144
7568
4637
9079
5358
6545
4903
2370
7889
5198
713
8990
6082
3921
8863
9312
7628
223
6178
4585
9323
9125
7516
8340
9258
3685
6599
3490
9641
8293
7453
425
3818
5086
4143
181
4073
1260
7629
9277
6526
7396
6787
7722
5233
2023
3075
439
6296
4040
1409
174
6180
3308
1202
440
6370
6574
5663
3172
3414
9052
944
7494
7563
9856
3084
8353
2057
3335
2776
1593
2611
7913
3801
1052
2155
2117
1579
4472
2078
73
8896
2938
346
2065
9973
8534
6900
2261
6534
4481
9884
7710
8719
531
1415
3018
1757
2594
2197
5063
2716
1457
694
6815
3572
8959
7875
7606
4067
6703
1763
2741
7397
7548
3651
5332
2852
4789
7003
9413
343
2851
4343
2756
3505
1247
7384
3973
153
3891
9737
612
2072
3835
6830
9664
4846
5100
3010
9296
9071
784
5346
6425
5370
1298
277
8746
3886
9736
7100
483
6215
8465
2733
4552
4110
5239
6216
3145
5193
2440
7803
1560
7074
3762
278
278
6059
3414
3299
8167
139
7674
4323
4826
8198
8995
2295
5352
5956
1208
6352
6187
9138
5189
586
3634
9884
9881
2922
1982
7958
2125
1875
4124
4493
4636
4568
9032
2579
3226
2363
1545
9662
6690
4458
9904
5428
4659
1363
4539
4199
9876
2653
3791
6561
1634
9616
708
722
908
5724
190
1988
1573
8085
1926
1653
2687
4728
4556
1171
1374
6178
9693
572
2749
1957
1877
1829
3232
4260
4166
8121
4764
2638
3293
8390
4567
2825
62
7071
6889
9873
1266
4989
335
6624
3232
6418
4214
4524
6507
1059
1144
5841
276
822
836
2822
284
8041
7165
8412
5670
2240
7738
4442
1242
3164
1030
3873
1686
8211
1989
3827
2493
1593
5469
1095
6480
2730
1112
3696
2800
1158
9509
4801
7314
5497
8769
3499
1861
2688
9829
836
6190
1627
7960
4936
2449
9119
1750
1532
2975
8442
7678
312
6651
3361
4954
4696
1980
2312
875
6250
7904
1783
5418
7159
3285
6404
7196
229
8193
3033
6575
906
1978
189
2959
2496
8276
6943
8375
2462
7670
8140
6549
8029
305
1547
8748
1267
4688
5727
8300
2163
4546
5708
2571
3838
7018
4192
5130
9698
3594
8793
1971
1407
9458
6849
5860
8703
2815
5962
2825
7385
2451
8225
1268
9939
1049
8804
3260
1479
6965
5790
6544
151
3714
7102
55
9180
276
5584
8887
88
3404
3849
4268
1950
9691
9372
9855
4934
3948
7959
7945
432
1402
5693
4567
2215
7497
3005
6881
9414
1341
6920
1600
8725
2947
2597
4468
1580
1171
5085
3144
6622
2278
1775
9228
7266
8384
3302
8204
5776
6110
1645
8556
857
485
2558
7539
5298
6523
3426
1684
5980
2227
1318
5056
1309
5281
219
8857
8384
6280
4979
2646
2191
2074
311
3532
2732
1412
7498
8060
7316
6464
2660
5931
268
302
9672
4110
8363
6026
9035
1726
2733
5908
1730
5805
3889
7538
456
5485
5463
5761
1923
7738
2254
6731
2418
315
3320
3766
1359
8349
1612
8729
3572
558
9864
1628
5670
8276
2086
456
2960
4745
821
4368
9745
1099
2893
7566
3486
299
4870
8238
9296
1592
2710
8448
4160
217
9119
3369
3129
6359
7759
2116
1111
2141
7019
7113
2495
2392
5885
2526
791
5992
6511
5942
1963
8264
9016
1470
5357
6759
1011
5917
7606
7456
960
4918
9590
7568
5336
7257
3301
7741
8052
5156
4467
6834
405
2343
934
6120
5146
439
2281
1635
9482
4662
1066
2980
1690
9148
2870
9243
647
3943
9620
9698
5907
5917
9688
378
2300
5401
1210
2683
9058
9109
9757
2767
7640
2017
1258
7481
9524
8956
1344
7063
708
910
277
1003
1849
1515
8695
1342
5661
4862
4175
7226
5191
8422
6834
1406
8223
9652
6736
2502
548
9022
1732
1762
7634
8242
2579
7331
4644
3856
4354
9639
4583
5238
3367
8153
6400
517
722
5868
3050
337
658
78
7956
1490
5867
9862
8143
9264
3069
3052
9331
3733
3132
4851
2710
7760
2850
9356
399
1948
4613
413
612
5604
2947
1375
3750
6356
8246
7609
4936
4964
1764
5594
2077
2441
3023
1401
509
5368
1180
4080
8179
7574
858
7814
7549
255
9510
7312
5422
5533
6820
2417
7897
1843
6644
4922
3810
255
247
5038
8557
7980
3499
2238
8646
4089
2524
9194
600
9269
3648
2633
1372
1429
3213
4583
1950
1758
1601
3318
1547
3463
8136
5133
3419
6726
5395
1405
2462
9997
5405
8609
6273
7736
2416
251
1307
5798
1700
9033
4340
9675
2536
8596
9163
4444
3718
9370
5302
1232
3187
2323
7646
5618
9880
20
9282
2135
8979
741
7090
8852
6560
2462
2796
8283
5612
3765
1387
5193
3101
9752
10
7171
1511
7445
3302
6785
7299
4537
7644
2285
9932
2112
1323
133
5833
9462
9944
7360
9426
1208
9345
8355
3480
5482
7961
17
6262
6979
7244
3689
8972
1104
1009
2514
4790
259
2575
6879
8568
4430
4131
7635
9752
534
3393
6172
1173
3347
7745
1860
369
1152
1320
2121
5628
7473
9484
1803
8086
6925
5971
959
2952
2060
5857
2810
7132
5419
678
9709
9071
5373
2276
8466
6641
1040
7231
6682
773
5255
4618
1443
7698
7282
9378
966
6630
5749
4672
3323
2583
703
7871
464
8382
3568
2662
6393
3844
9665
3871
8511
7279
4610
1948
2309
666
2675
1125
108
3666
7975
379
382
8900
6373
4143
7789
7038
8545
8717
2720
2860
9308
3041
1161
2756
262
5713
5178
6308
2573
1620
2022
8594
6898
3662
1337
2442
7318
3159
4213
1346
749
5494
9298
9250
8036
9451
8218
9867
6078
4695
20
7039
5501
4787
5794
8800
5993
592
1254
6451
6552
4891
1058
8108
676
7523
6189
4835
6915
7390
9489
2235
2036
1721
8979
4566
4710
637
7200
6759
5011
2506
4357
6553
412
5152
3661
7867
9355
6297
1350
6748
4076
6156
1930
2313
8070
8757
8319
608
1775
6610
215
3386
5038
7002
4858
6742
4437
1777
2410
7350
1225
2701
565
6145
768
445
6790
3771
7096
4179
2367
2981
8749
1091
3680
2925
8714
7709
2119
6485
2276
7882
4462
2608
1110
1629
9776
5452
851
1210
8080
9906
2581
8185
8124
3869
596
5714
997
1726
713
710
316
7014
8711
5170
2961
293
5929
5373
2152
6321
1627
1471
8558
813
3593
2723
1211
9212
2130
3249
6696
9622
7860
6980
5621
5562
5051
1976
5888
2166
915
4717
4147
5719
3230
7074
861
9989
9487
6803
9329
8991
8636
1914
7089
4134
566
3581
1286
1552
3103
943
1772
6917
3352
4997
4581
3133
9358
1752
6562
4160
7629
2909
1919
2050
8879
1456
3318
8981
3903
468
7493
3912
4941
2482
1197
8400
3800
4326
9530
4847
377
8844
7846
842
3503
4968
8407
9040
8807
9067
1907
2000
1698
4351
7393
2269
590
2767
6232
1169
7378
4426
2368
6580
5016
7949
283
8072
8747
5729
2875
3719
1684
239
475
2908
3035
3041
7905
1814
7051
9442
4600
4141
8714
5993
7912
5949
6130
5898
4823
2910
4564
4619
2613
5800
8932
6294
4769
2832
5604
5388
2898
7160
9295
7157
9011
8789
2058
2189
8526
5004
7814
8846
2812
436
717
4374
3754
7680
567
9
7040
4723
4856
9344
3232
5393
6824
2531
6105
3766
3784
1549
5816
9181
2135
8653
1061
3849
960
8799
5890
1000
413
5806
1267
8728
1729
3918
2606
890
2865
5761
150
4057
1337
4783
2167
786
4429
410
3996
4413
6388
4814
8018
4336
8143
1461
2492
7620
3811
6080
7494
9971
4237
6531
185
2726
9456
6933
4029
6792
3756
9787
4152
5288
9069
6707
2000
9657
316
4124
4704
9714
8493
3667
2239
6023
9145
2116
5727
2089
8370
7896
8241
5397
9799
4256
3574
4129
3582
2551
7757
5436
7869
7457
8359
9721
4031
8773
7192
1288
8651
3190
2747
7064
8863
8948
2445
5416
7037
354
1443
7879
7137
4930
7677
6835
2150
957
9229
3269
7481
7790
2634
4654
4367
8408
7580
5589
2483
9754
2371
2745
899
2040
8141
5260
3771
3851
655
4241
6548
7418
8581
832
1829
1283
9989
8857
7472
7347
7675
170
9268
315
3206
59
3542
5486
7650
818
8837
3545
4047
4403
9661
4901
2980
8321
7648
9457
117
3058
8004
8814
9868
8195
5085
644
2297
4876
6482
2873
5993
7316
7980
4620
365
8872
5756
1330
5426
263
2248
6396
4427
4417
4832
1973
2093
1664
9668
9198
3193
4684
9034
3257
1819
2429
7051
4589
8074
6086
1023
8488
5051
8587
164
5844
5178
3324
1435
6261
4319
5707
5561
9677
9301
7019
4675
9430
1330
7636
8218
4392
6885
6302
8395
3729
6449
1874
1559
7044
6487
6992
245
1112
1210
2029
3287
5952
6111
8963
2135
392
467
331
832
2638
4630
2516
4753
473
3094
5509
2609
8712
5600
4583
4909
9185
2317
2849
8894
4293
3055
8172
7189
1938
4623
910
9561
325
3514
7408
3949
7047
6568
2540
4865
4125
9312
3467
1759
1516
2518
9782
9663
950
1153
7805
235
79
721
3077
1316
3269
6232
2459
6665
892
6464
2661
9354
3932
668
827
6862
3815
3571
2137
5383
864
8591
6800
2452
6000
6820
8054
9881
7783
2768
4788
8862
5607
9506
7207
305
3259
6346
9821
1851
6639
3401
1642
3306
6862
9969
6404
2632
1492
3455
4146
2087
4703
5117
8930
894
7811
415
8679
2985
2711
1539
2136
876
9227
308
9581
1024
3140
3898
6942
8755
6579
1422
6376
5748
7088
1216
5691
4146
7908
9220
9464
1132
9842
4478
7878
7806
7867
2568
1409
7910
9886
3209
9765
1963
7606
258
8706
3382
5202
1268
2118
6218
9615
2010
5078
7455
2172
1619
5257
7122
6862
7654
4207
652
8368
1371
9445
2912
3054
9744
7396
7277
5813
3685
6426
5109
8913
274
2780
8206
8563
5473
4189
1443
3388
435
5659
8422
7565
3025
2217
7346
3657
3808
1421
9700
1955
667
5508
9835
1767
3253
8541
1215
7646
6287
5891
1665
2819
9536
6932
3835
2985
9235
2537
8938
4275
2991
190
7856
6595
4690
2527
8968
9569
3753
5551
7603
2930
6348
2959
9496
1133
4373
9853
775
9365
6206
5241
284
498
1008
3217
6763
7826
6089
9861
8804
155
1467
7674
4180
9421
3274
7160
3437
7372
1820
3498
9083
5971
8094
298
1181
9782
933
1560
8990
68
3277
4869
3511
9096
5918
619
994
3087
803
2164
1215
409
4205
6803
5032
4083
4552
5926
569
1346
1660
9094
9132
878
1935
8276
4243
2315
9025
3587
5338
2270
273
8478
5664
1727
2044
5051
6983
8366
1729
3237
235
392
571
436
4502
9273
7232
3654
3012
7273
9652
3097
898
7040
9602
9244
868
2074
5760
1726
8517
9779
6310
313
4953
4074
9896
2118
6102
8373
152
2940
1701
1428
8191
8361
3128
503
4665
1249
3478
4139
5963
431
5044
4495
9171
575
1603
2194
4805
2520
3672
5344
6207
702
4127
6726
6535
8825
7238
5707
4764
7215
7049
7405
5713
2817
6194
1177
2078
5690
281
2435
1786
2945
5912
8400
1654
2953
4301
3488
2557
1149
695
3015
3895
2219
7062
71
47
4632
5724
5321
603
1483
8838
9887
2811
215
9905
9812
7637
1736
7331
9682
6572
7714
1532
3502
7179
5897
2409
3803
1965
9721
3163
3019
711
9045
4936
471
4015
5931
580
7287
1177
8308
6934
1940
5711
1125
5207
7281
8613
1931
1368
1078
9090
443
209
5198
1569
3947
4973
9720
1474
32
1103
5169
5397
5906
4527
257
1336
511
8337
6795
3570
2498
1270
3664
3369
3046
6737
2342
9690
420
6439
4386
8073
6536
8404
1240
9763
4952
3873
1028
8847
3578
6521
8874
1339
8075
5442
1560
7639
4149
913
1393
572
4942
2908
5598
8530
1465
1108
6111
5720
6367
7717
5043
1574
1083
7320
8969
1338
72
1055
4551
4573
6014
638
9717
2092
4134
5653
9715
7870
8491
505
6511
9612
4308
2973
5315
7727
2208
4152
4817
667
5009
441
5519
3141
578
9084
6374
3281
3778
6829
8610
5699
9926
8365
4577
7560
449
435
3265
6940
403
5758
2698
7229
868
5428
3596
2987
1853
2616
9815
4198
2132
2686
4255
2872
6736
3330
6566
5513
1085
8806
1972
4765
4825
6585
9280
3344
2224
7895
6082
1844
8155
6237
95
2902
7148
9829
8250
2893
1143
762
7573
2324
6831
8122
6727
3597
9906
3380
5009
4301
7557
2960
7670
864
9919
1403
943
6927
5209
4502
6948
5071
2469
6254
9491
7986
1747
3038
7533
7050
2218
6534
9683
1228
8747
3251
6084
7466
2893
1770
9522
3321
7596
864
3002
1348
8577
8136
2866
428
2936
9559
1676
133
5472
9333
1264
1238
6577
3043
9495
7791
9677
9858
7327
1735
829
4647
5275
2117
8199
7485
8574
9183
7856
8630
1241
4594
3861
3022
5170
6143
5012
2433
4821
1567
1743
2685
3678
1592
4093
7902
5392
6769
5046
1577
5099
2078
6580
5
3219
8986
6957
1491
221
7609
6597
6256
1631
1
2998
9810
3098
5474
4354
8096
2433
4935
28
8269
2880
4325
2829
8502
7986
6663
4016
50
7183
5127
5568
1564
7576
522
5523
1204
408
1728
7093
8285
7682
7994
5673
3165
2543
2763
1662
4345
3775
9583
8767
1722
1843
416
6333
8565
6008
2876
4735
4552
118
1163
5150
9923
4737
7445
4417
492
195
2075
1461
7620
1642
18
2966
5269
6220
6993
3710
1814
5139
355
558
5140
1424
7192
4228
174
7987
136
6751
9103
1094
5105
8755
8513
8131
1488
1088
7965
7472
1062
6835
9995
7261
5784
5657
9219
258
6256
7818
6734
8789
5886
463
8122
363
443
2214
2718
127
4189
9303
4173
6889
9282
357
3597
1623
944
7148
390
6301
4036
6419
1214
1495
1550
1446
92
7617
4347
1851
5402
5728
8594
9412
5659
9759
6781
8244
3945
2904
3515
1323
3920
9399
659
1716
7040
3350
6835
9430
7575
7576
8222
9499
972
1098
1836
4969
6655
9133
4175
2518
2479
1223
9160
9083
5785
3058
4042
4636
1672
3822
3144
3145
7245
1171
848
3427
8005
185
9499
3403
1950
69
5484
373
5210
503
9422
549
2414
767
6050
8776
9930
3752
3758
2556
1921
1598
3650
5965
3785
8062
1896
7559
9499
1580
8866
6633
9548
501
2003
6994
3459
4913
7861
6652
2051
6701
872
9443
4565
833
458
8423
843
8822
645
4311
2235
1832
9962
5641
2060
5072
6853
1516
2483
7879
1133
3022
6501
8647
3972
5056
1257
1119
6501
2021
5865
4363
3781
1534
2282
8295
9760
2566
86
5146
3573
6814
6874
2571
9212
4860
5579
1335
584
4430
9981
5210
8715
4831
4821
467
6050
6608
954
2824
2723
3477
7679
7955
6763
7467
1188
8939
8191
7334
1942
5709
1788
1163
6905
7742
7805
8127
722
8244
4986
1578
2223
8304
80
3134
533
6080
4378
361
1843
3749
8020
268
5821
2385
9456
3749
6124
9205
5691
455
9707
9463
3855
3683
2611
9159
4024
490
531
2518
7441
8996
3127
9774
2812
4021
8026
6041
4415
9191
724
5503
2992
8777
1453
2362
6993
9348
8380
7883
1310
1911
5037
6864
6596
6564
1785
5458
6323
8607
2585
8555
9127
1348
4121
1825
193
9661
6224
7942
1583
1193
2557
7578
5651
2106
1335
267
3828
2922
1223
6121
4269
3290
7951
9871
7859
2749
7612
8692
5030
5853
4528
7783
2240
229
315
2842
7384
2764
5181
8107
6154
334
2574
6291
4175
4967
7824
1047
2669
1767
1612
5715
2901
3960
3007
3648
984
8288
3546
3268
646
9977
664
4838
7240
9694
6040
2503
1418
9357
7783
8836
5599
3040
1399
8608
5858
5380
578
87
1724
1165
1244
8051
8475
1068
5890
3157
1398
7216
1203
3182
22
6507
4305
4155
8373
7957
2070
1136
2269
6005
4218
3929
6708
8193
9932
6616
8162
6381
4857
4278
8514
5030
5507
9633
4136
3371
2350
6569
1725
7732
9708
3081
1233
4283
2652
7843
909
161
1166
9718
9022
2591
5803
1454
4528
3306
2752
1989
5957
9848
7045
2009
3293
6973
8999
2087
436
1874
3740
787
2201
4963
9101
2728
5943
2688
2979
5044
5614
5618
2535
521
3695
2306
3922
9921
5133
8357
8133
7054
5990
5436
2533
3176
8397
292
5537
4922
5335
1951
8712
4222
4734
8202
4173
8715
5981
1655
2624
6403
9806
1620
9070
1997
7421
1649
25
7636
8384
7482
9085
6488
2412
8882
6138
877
3360
2456
5387
1
1431
5702
7045
6783
1610
6431
3397
1043
585
2719
4524
3006
1825
8570
3939
2187
4267
2141
3928
3347
9635
4510
5074
7328
9549
3699
1683
5246
7039
621
794
1544
5966
2357
5823
4351
9548
8328
7229
2075
872
4139
7213
5736
1040
2087
5702
4251
7413
6902
8278
71
8030
7438
7544
4490
8069
6712
4118
2386
2075
3346
455
4417
3587
637
491
7077
4587
6734
9807
6522
5363
1306
2057
8685
2311
7489
3191
9236
209
1306
5788
5091
6503
6717
6093
5250
7110
822
3992
4375
1076
4409
2281
314
3583
3629
9329
1082
3789
1417
13
1452
5513
1865
492
207
7051
8724
3396
5009
3414
5100
7535
6130
3481
1431
597
1998
9390
9478
9156
320
8734
1753
633
8812
2650
6676
7916
3989
5240
9076
7657
113
6362
2300
2315
1870
4932
4965
8051
5621
6895
278
4665
5182
1179
8657
4616
5013
563
3903
3056
8067
2466
7486
9089
135
2124
1190
2961
9394
2521
6099
49
4283
8652
4113
7392
5034
6653
6783
2575
9181
692
2146
1155
5739
5603
1334
8159
4160
3692
1404
4742
8668
9014
6172
438
1337
749
1901
1242
7922
8532
5807
5427
4681
4996
408
8418
8737
9464
7207
9897
4446
5017
2087
6580
32
5485
395
450
9958
3712
2594
3326
7443
5079
1009
6691
4588
4674
4080
2366
3410
8899
8446
4004
6091
2656
6544
6454
1815
578
662
1100
5295
6428
2028
3348
3501
1643
5402
9932
9745
203
5869
6285
1213
2212
5950
9066
2706
1925
3545
1540
1193
5804
5662
5211
6706
9060
6718
7100
3546
6532
4037
9253
2429
7183
7209
9465
1379
4860
8379
4257
4277
5680
5698
8398
2773
6400
8047
9707
8103
5171
4956
6805
8111
9691
4323
2163
4312
6277
5673
9844
5769
4880
8380
6631
2731
1418
3412
7473
2108
5234
5508
298
1135
1769
9863
41
6417
1242
9580
1031
1071
13
7987
6265
6973
2020
8226
9958
1814
8257
8699
1480
5236
8676
1666
4731
2672
2381
6969
6573
8398
8360
2670
1374
8549
4739
1160
9956
5178
7536
6990
3611
1496
3934
5623
6392
4857
8050
9801
137
7236
9118
4396
1634
8495
7524
1566
4264
5549
4550
7520
503
6165
856
9907
21
4335
6559
3995
4182
3591
8165
6410
2765
9911
9054
4162
957
4812
8525
6702
1759
957
7619
4675
5531
832
6523
9917
9625
3601
3220
782
5837
5590
8661
6952
5227
6965
8309
7785
1596
2163
5974
904
260
9202
7666
5975
7625
4155
3511
3510
6506
6770
7163
1992
1225
740
7327
1005
9952
5893
6622
3018
269
8361
7673
470
7955
4494
2947
8025
2200
5668
3128
7699
4314
4611
1175
1214
5834
646
3041
8971
6331
2527
1321
2116
2370
979
9847
7761
5308
3845
393
5507
6039
9369
7584
1288
5622
2866
9133
753
7771
7616
2817
3713
5126
9267
3922
579
6149
4604
9229
5993
6878
3967
8310
1359
2689
8576
2253
5566
498
2291
4813
3895
3745
536
4636
5455
2096
377
4634
5324
6738
7489
958
2794
9344
1414
2123
845
6438
4026
6916
5472
5766
7476
5453
2110
1500
998
9274
2260
6779
7361
2037
3320
9583
6997
568
4890
5988
446
4629
8869
2074
9038
2790
5718
65
8891
9404
9332
5696
6709
7501
1408
4304
6264
3014
1774
955
9983
1124
8792
4620
4126
4392
3287
4287
8148
907
6734
6828
1607
1699
122
9582
1984
1805
189
5135
180
4028
6670
221
887
5109
8556
5778
1429
8662
9363
3274
8768
4578
9622
943
4485
1611
5551
5251
2124
9438
2291
6130
7518
305
7312
3427
7553
2525
839
6081
8888
4432
1271
4675
9068
5951
299
9925
6421
9175
8901
9039
6562
1902
2318
1885
8219
2540
710
8874
3034
969
2561
7385
9716
7842
3030
607
5703
7729
1996
882
2678
8165
3153
8256
5253
1729
6955
5695
8104
1505
7727
1664
6843
6388
9670
32
1935
8959
7144
8211
9251
4100
9939
2240
3802
3581
7651
955
664
6748
9382
9499
925
5709
4584
4054
2186
9644
1294
4023
4637
10
6488
7397
6295
642
1395
5481
1185
7289
9303
8095
650
8453
2045
5383
4320
8673
6567
1604
9871
1642
1179
8339
1533
6662
3909
5230
5820
6210
255
6761
361
925
1907
5317
8633
7241
1377
3718
2815
3067
9424
4482
7553
9143
661
4126
9876
9965
9539
3580
5024
3795
2499
8558
5820
790
5547
2243
4664
8968
466
7741
6439
7890
2960
4573
781
5309
3189
506
4319
290
5816
6163
72
605
8971
8822
6955
7890
1344
5212
1034
2843
2615
9464
7457
2502
6169
9449
2142
8188
7192
2775
4684
1951
227
5441
1164
7764
4569
6997
8314
6544
4572
1995
1532
7240
5376
7978
7167
1344
7307
7662
2606
6686
495
5112
8003
6377
6817
2974
4241
692
3681
4128
9263
1563
2069
2732
2474
249
2948
7382
2531
2343
622
9200
9522
8294
2445
2082
3
8339
1589
7689
7655
7009
4799
6009
1367
6107
782
5602
153
7095
4584
7746
6697
7055
157
5154
3375
4966
2687
4010
4297
2848
6680
9535
7601
214
9676
8074
1782
1522
6137
4885
2828
3758
2820
4637
1053
2790
198
1891
7810
3500
4243
1557
8631
3397
2240
5949
8503
5135
5073
1207
1584
7861
8768
8651
8070
8767
725
7636
9469
953
3441
1675
6280
670
7077
9934
3975
7695
4980
7526
6641
7040
3930
5471
7353
8500
5551
3957
9527
2239
8322
9754
4720
4588
691
6737
258
740
1713
6135
2385
6859
2067
8847
7664
2502
1483
1753
6640
6732
8351
5492
4817
1397
6314
3081
1981
9379
7223
3619
1320
1549
7579
2405
9154
7643
5095
7874
3940
8419
5683
2627
7736
1344
1128
8960
2606
9507
5178
2990
670
4924
6846
7142
4775
5750
2051
7195
2279
3227
1111
2205
3027
9359
4915
8370
2685
750
5169
7917
5918
639
7081
6439
5081
1156
281
1232
999
1255
8699
1932
2812
5758
312
3892
4920
299
7670
9838
7603
1874
2678
7055
2526
221
2099
6072
8238
574
1886
1080
6206
1733
2809
5056
6335
3211
8025
2183
1474
5579
6745
4374
7694
6304
9142
5523
9636
1802
7682
9483
5190
4561
5164
3869
6434
9715
5058
384
9382
8416
5058
2710
1845
2586
9462
7941
4063
9069
5108
8402
3105
3036
6475
7032
9534
6569
1506
9118
332
2508
2470
9348
166
9636
7887
1182
103
7205
9416
5396
9278
218
2277
4392
323
2342
9505
1009
7653
9399
1122
4839
288
9035
1975
1366
434
1200
7185
7357
1629
2925
406
3574
1714
1148
5179
7597
389
317
4957
4410
675
9335
1684
9902
8923
8404
6154
7685
7144
3338
6203
2042
5101
8949
4262
2524
4853
9487
972
8519
2413
2881
8494
8281
5197
2264
2979
7312
5650
7701
1162
2710
5271
990
257
2019
8132
4728
1261
4017
7692
3605
3796
5097
6653
1936
8513
396
2367
8124
973
3714
307
462
8959
6037
5567
6314
5007
4595
7450
1792
4438
3736
3287
585
2757
4657
9945
3530
6370
1860
4045
1384
7895
2983
4493
950
9600
3030
439
8448
1369
4122
1672
9249
2662
1391
2896
1275
2764
4841
4385
3290
8120
8437
1128
8160
4491
4556
5088
5286
9952
5694
1599
8678
3038
9217
734
7198
9321
5982
8883
9203
1355
9285
1605
9374
159
5346
2375
4233
6591
747
1023
6680
9707
6977
4788
8394
6840
8526
5794
7023
7408
7510
2578
8716
9841
8440
5167
2911
6407
1259
9871
6538
1735
8809
9470
9232
7226
5351
8788
742
4610
610
7908
1940
9157
439
8143
6141
8967
8976
3030
1264
1065
8513
2615
1078
9460
2601
4612
4113
6512
7318
6222
5714
8328
5137
7839
1004
8273
834
3091
5466
1017
26
5373
5606
589
1890
4661
8130
6111
1145
6501
1556
2948
3591
9702
2750
3603
9245
1863
5084
4987
1830
7581
4929
7495
6310
784
5132
1873
442
307
7710
558
1252
4200
2469
5054
6375
8461
8497
6820
5873
7415
764
2006
9617
1417
8124
51
1511
3980
1127
8580
8921
4242
7021
7208
5962
6648
3080
7354
976
3341
1422
8523
8315
9436
8346
3293
5386
481
6019
7427
4064
2949
1718
8588
9910
3227
6231
7133
9847
1232
5808
9261
7454
1619
9470
7688
2270
9741
101
4380
5041
215
6252
743
841
2098
75
211
4106
7845
4114
7570
2222
7316
6565
5499
4241
1243
6277
953
8588
8153
2006
7636
9985
4716
4399
7994
65
3114
6945
6136
7869
9606
5428
4663
9585
237
5524
7643
2458
1730
9137
202
9685
5168
182
5240
7128
2877
9342
6464
3843
8014
2570
9532
5515
9184
1335
7735
5952
4083
911
8908
9434
1478
7883
9973
4305
2347
3579
9880
4055
3970
6554
1586
1382
8191
9531
8946
6769
4479
1148
6394
2851
2823
2428
2174
5027
266
7213
4299
4899
407
4796
4205
1693
1982
1658
9676
4188
1187
6917
2611
4486
8747
9239
8530
9554
6806
8771
2971
582
6463
4826
6783
2917
6094
9241
9719
8721
8325
843
1148
4706
2407
713
467
287
6855
2205
2849
189
1019
944
8457
8557
5365
7469
8388
4798
4642
4145
5072
2433
9890
3673
9747
6945
71
1690
8778
3243
1605
3974
7824
8771
845
3506
3060
74
9718
7908
1882
1628
2077
3150
2492
1993
8249
3401
4589
3310
2361
157
8227
8170
942
102
9653
667
2977
7778
126
1693
3473
4698
8880
558
5222
1806
8749
2359
3781
734
6946
3421
8862
3754
3959
795
4176
4892
1109
8592
9362
6805
1281
2852
2626
6696
5239
2655
62
8234
8706
9150
9651
6810
4948
9133
2067
5272
9522
3195
143
8354
8754
5023
9080
6763
9025
9122
7809
3379
2471
2502
1013
3401
8306
5227
4128
678
258
1542
2551
4815
1911
7141
8212
3218
7204
3624
3886
7346
8764
2318
547
309
9629
2545
4707
7209
786
5873
8930
3237
6506
6974
4189
1991
297
8788
8692
6680
9011
9859
404
5827
1304
9176
5115
6998
137
1526
9155
4202
9558
5916
8035
3554
1378
1108
6456
8383
9269
869
6912
6248
4356
9532
7262
3940
2419
5181
2977
3973
4635
9140
2319
7840
8139
2448
4205
3106
8780
3165
3380
1334
1908
4920
9059
2444
179
9725
6540
127
4189
4208
1774
3304
7712
537
7344
6102
9525
9094
3233
3707
5289
4813
8497
2913
7833
603
6151
3902
4241
8936
5278
5259
5519
3948
7960
450
4461
239
3145
7783
2194
4141
5893
8234
1571
5948
7519
6361
7868
7839
830
2730
733
5142
638
2427
2731
7560
2269
1917
5411
2062
7829
5221
4253
9598
3135
6742
4257
9035
5959
7710
1330
900
4000
9508
4245
9024
5137
3620
1688
1768
2255
4240
214
5690
9184
6022
4874
2628
3470
6032
4490
4135
2753
7020
6140
9387
9165
6837
1854
9152
3407
2825
4864
1169
1473
4707
1824
4152
6286
573
1096
9391
9117
4368
4587
3148
543
1595
3226
9862
4073
3590
9756
6812
4976
245
1663
8343
4684
9189
8378
2637
8182
4303
7462
6373
518
7116
6477
259
5789
5410
1424
1194
8142
1124
8014
8747
5395
833
3685
9767
5226
8283
4499
4580
9221
9978
1005
5179
1745
6891
5499
963
3417
8814
6249
8861
3989
9128
3679
163
7210
5636
2169
4116
8413
7159
6911
7607
3154
6448
6310
2061
5960
1208
853
293
6181
5090
211
7824
1992
4915
8202
1842
4809
2344
6983
5723
7094
3309
3926
3985
8375
4251
6990
2604
9660
5294
9297
6624
1973
9408
3615
5683
7661
6400
8734
1341
2526
2711
3319
3421
4949
1169
9249
2411
2965
3611
3409
4975
160
4103
2080
4678
3085
2516
4769
3734
8441
227
3740
9351
5977
1707
2283
8780
9598
1474
1363
9005
6424
6525
8527
8328
2498
2673
243
8814
1056
649
7909
2138
5871
6122
9728
8029
1113
8244
256
7617
1959
9595
6586
8346
6321
9129
3158
3189
632
2512
8043
9106
310
2945
8197
2589
1638
3852
7808
3849
5461
6991
5318
890
323
8622
5588
951
2030
4742
8958
5287
7012
141
258
2827
132
8479
9540
2726
3037
1943
5853
8591
9830
7704
7151
992
1725
9301
7400
4859
4055
9951
4638
5186
908
2733
634
2131
5846
4636
2245
6995
8277
3255
7726
6552
6044
4823
1659
3186
3147
5132
2422
8946
4891
2025
1607
2013
5527
2730
2264
4779
693
2344
1799
7133
1197
9761
1913
1384
6840
3282
1183
2203
8320
495
5267
1635
8656
7015
3910
1285
3475
9319
1452
2783
4142
925
243
3340
7110
3548
1715
2143
3493
6300
2423
819
1585
5647
9783
4120
5263
9825
9298
9591
6528
3591
9709
265
1308
2168
379
8485
593
9152
9958
2784
2201
4912
3136
7406
9480
7511
88
8319
9309
9446
6296
2314
3119
3744
2382
290
5633
1665
1509
4288
5706
7856
3950
223
7138
5655
6552
7166
8962
1154
2731
7227
720
3813
5582
2037
6941
547
556
4740
3733
428
5661
1371
6432
4809
6691
3735
1204
5526
2435
3404
2715
7066
8674
2127
6957
4931
5900
9985
3684
7553
7879
4457
1793
2949
1516
8098
9976
3224
9604
8440
3861
8922
4162
9725
2808
8710
1939
71
1203
858
853
498
598
1347
7873
9424
8613
4651
530
4988
6694
6918
9581
1183
4545
1431
7327
4607
3126
3518
1496
2048
2759
5624
2369
28
3122
5487
1729
8806
1890
902
765
2816
1986
6526
8849
1160
3156
1554
9480
7733
571
7994
9800
8654
6838
3864
6334
5330
7113
6811
1045
8262
7761
7783
6076
7977
3367
2586
9147
9513
7200
7157
7572
5112
9103
2008
9454
6451
1437
2343
4239
7461
7488
4164
3807
2004
2505
1404
6019
4952
9484
360
9139
5376
9406
5381
9711
1890
4656
4861
1651
9070
3629
7672
8073
5826
7581
5669
3609
6
4748
8570
465
5395
4732
6221
186
3679
6885
6235
3558
5668
2902
6066
9972
4520
8032
2184
4628
4832
8750
3510
1714
8249
8121
8762
9819
7084
2647
1727
258
9372
8646
8985
744
9206
244
9597
832
1715
6816
8796
3053
593
5155
1527
5525
9653
1654
2988
172
4613
1471
8200
2357
5122
4645
2230
3466
1285
7412
4576
9947
4923
4663
1656
7353
3017
1554
7129
2654
4222
7871
7788
5538
4824
4676
7929
6618
333
8085
9137
8790
7197
9293
7706
8204
595
380
1967
7658
6222
4574
8777
5472
2635
8596
5679
6732
5695
1310
3534
6932
431
1600
1228
8973
5436
3959
2153
6319
6187
1106
1940
8152
3295
3804
2683
3366
1173
6774
1825
5200
7195
7482
2475
8471
1315
2214
2874
2252
7029
45
3698
4433
1353
6583
2631
8245
7659
8915
195
9306
2438
474
9265
2857
66
1716
2251
3559
8955
1243
2211
298
3188
9076
5046
1129
2603
8791
7149
6976
8785
5118
9915
4764
4651
4604
1003
5171
6999
7804
987
8035
4378
2978
5527
4431
3888
2093
9111
2282
3344
5474
4558
2382
5170
176
9448
8940
972
3098
2372
893
1947
7299
3587
3607
2526
1718
198
1261
9884
1245
9807
5507
1189
8611
5109
8566
349
1885
6135
9109
2108
4357
1317
5042
554
3963
1573
5179
961
5882
4499
925
6714
6951
9058
8898
2781
7187
4036
4955
1952
4977
7633
802
1064
8870
1712
643
5961
4867
6367
1391
3082
9819
3206
8798
5975
1496
1957
1962
1003
9391
2212
5389
6968
2320
2543
7409
6048
7302
7361
6088
8064
5385
4556
6309
3321
6753
7296
212
274
8227
1963
9796
2460
6988
1960
8334
4511
8960
247
9187
1305
4610
747
589
8573
4008
4902
9226
5792
7093
4334
6955
5053
2915
839
9433
2878
6763
2079
2041
5466
1507
5250
1061
3744
8029
5871
790
1226
2122
7320
7296
433
4024
8072
4231
6607
499
2694
2214
3841
4796
9082
6779
676
1430
8622
6417
4719
3841
2835
2298
3986
6607
3196
6947
8794
5547
8725
237
4867
1877
2105
2807
5320
8860
1468
8183
2599
9869
3296
4788
2091
2916
7814
1712
202
9909
211
4056
3897
5493
4594
8551
1971
3306
176
812
2305
9179
5331
2143
6160
2527
1998
2785
7433
9077
3717
6769
58
5311
2551
6963
2506
8224
6705
4835
2582
1391
2561
9685
9355
9666
7882
6354
2008
978
5206
5507
6276
4535
1522
4435
2282
9674
9037
7606
6602
6137
4149
1244
649
3435
2648
3773
5413
7932
1246
6153
453
7862
7263
3952
9046
3043
5308
2660
1429
2409
1942
1013
6594
8726
9687
9202
2390
7859
1604
953
5493
7477
7592
1496
1840
2145
4243
796
1203
3520
5190
2604
3963
2601
3316
8052
7580
2106
9447
4117
5720
7210
4215
6803
6454
7600
2174
991
2093
2924
6550
1530
9602
7563
2659
929
961
8289
8809
9690
8635
734
547
5288
6944
7831
1596
2017
6871
3777
2188
1532
642
109
4965
1185
9116
8508
6186
2985
684
6886
9836
9644
21
1304
8992
523
5618
7
6282
5418
3767
3000
5883
527
9679
4306
5916
5371
1662
6482
8156
2646
5645
3725
7304
3015
8967
7537
8886
6352
2199
5823
2063
617
5150
3407
4487
7541
2627
6096
5713
726
1020
6303
5254
3277
4430
1722
1963
4767
2299
147
4052
7655
1093
8554
4512
4461
7698
6746
1225
8130
9892
1992
4008
5850
7276
6254
831
2346
6966
5993
794
4439
4886
9836
6509
3718
2676
9367
7303
9113
9191
673
6548
915
396
9156
6223
8235
2597
2462
5182
7816
699
1711
1084
51
461
4791
736
7764
1119
436
918
5924
2684
1528
8518
663
2346
3353
5200
626
1111
3755
8866
953
2350
3504
5000
359
6551
9750
6523
7363
776
1945
3350
5712
2661
1639
5171
3546
4022
9106
9059
5093
2866
813
8412
8148
7817
8736
8034
4836
9666
0
2486
5985
499
4691
816
7406
5277
2408
2034
4594
5492
2017
1032
1397
6368
9219
8895
9138
1058
5743
1126
5173
5654
8624
7110
1605
5448
4632
5588
3345
3764
2581
5446
3917
4835
5401
9991
9253
1798
5741
1237
5321
2192
9131
707
6220
5201
3154
2159
8147
6831
4736
438
5463
2396
1866
6554
6164
811
805
2287
2775
677
5108
8509
6825
7332
3434
4542
6327
261
1022
2969
3987
1913
81
4651
9839
7320
576
7302
8346
7919
65
9423
3045
42
1714
6947
3880
403
6612
2729
8586
6039
8226
8993
3709
3647
7243
8370
7893
7649
6558
7091
259
4902
2313
7015
5221
4772
113
6623
2730
1823
9125
678
8311
7313
5313
2278
972
8226
9290
622
4018
7256
5785
5242
3262
1419
2103
2773
5470
8246
8333
1721
2440
624
97
9359
1411
4148
6369
6211
2929
3554
602
6978
2197
2349
1308
4799
8883
1969
8435
9846
5625
2862
5906
3856
8344
4737
3941
3700
2181
4697
4892
475
1287
7759
3880
7882
2471
3161
5447
5945
3027
9045
2131
7439
8955
2303
4322
546
7687
1302
4288
4449
505
4225
2677
2460
1503
4139
1035
1734
3399
2484
5224
9052
7253
1433
5407
3427
4065
4067
7719
6726
6806
6205
5403
4114
8905
5453
3238
3819
9920
6814
3919
4832
4597
2779
7223
2469
9457
4909
4023
4868
8870
9918
5348
8642
2188
1524
2598
7007
1345
244
3997
4951
6678
9398
2761
6465
7390
2909
8446
5467
2278
6605
5045
4328
8856
1086
1105
791
8609
3251
4186
1265
7824
908
1725
5931
7637
3296
7438
8747
6600
5144
4894
6334
279
4962
8901
297
8591
8617
775
6307
8387
2459
7738
911
309
3482
156
3652
2297
114
2399
5437
8331
6669
615
9690
2070
5053
8086
4472
8837
7811
1460
6555
9412
2926
3637
9886
4468
6585
854
2002
1565
2612
4423
9965
1007
959
8947
8
3551
2898
7421
7593
4539
6774
1484
1415
889
3255
9531
6355
1434
7359
9017
3375
36
8062
1908
3084
294
1953
2516
5416
2060
43
5414
3216
130
3517
3544
8134
6797
2688
7598
9822
2846
6396
2535
6397
6424
6343
4641
6740
5553
5735
1619
52
7812
6062
3768
3448
7418
7165
1098
8730
4283
1418
6139
3624
816
7814
8759
6268
6155
8077
1929
6087
1256
774
9003
945
694
4736
5879
5376
2899
6012
7591
867
849
4597
1625
9175
2203
7492
3439
5151
5100
2617
4384
7730
3338
5046
8133
1967
5439
8580
1765
525
2788
5220
9328
9631
2652
2541
9119
6656
1253
5804
5699
1123
5900
3320
3010
4810
7090
3808
5114
6142
5545
8737
5819
5011
2985
7535
3948
1049
2627
5693
3578
7444
9302
6168
691
811
2644
312
9825
6847
3414
1085
1739
4385
9405
5570
3336
6126
7828
2581
435
4194
813
1320
2937
6822
5593
2143
2755
3118
5389
7360
6194
259
7673
119
7303
3872
3479
3351
3050
7919
3783
7897
247
3533
260
3898
371
9718
714
350
2452
5583
5793
3895
4414
1921
5838
4094
1544
3275
5558
742
3557
9798
854
882
6581
9220
4892
3409
30
5422
4544
643
4495
6945
6003
71
4238
639
2591
9250
8483
2080
5065
6438
5746
6477
6177
1442
2631
405
1897
2215
264
1525
7873
6155
4681
5519
3545
5921
1586
609
5662
3798
3726
8491
9388
5075
5710
299
9141
1480
9049
9248
139
5373
316
1295
9611
608
482
7188
5625
7369
7734
3845
7
938
4789
5226
3030
3833
5367
6610
5943
1902
4215
4123
4567
6341
5147
3036
8297
7610
8942
6434
3926
9109
1098
9063
5219
2548
9360
1793
9363
8243
8035
1505
140
5833
3300
1819
1102
8249
5198
3957
4737
3386
5447
2525
8156
517
796
5067
9600
8270
1689
1246
1789
2499
4478
8163
2625
3816
2261
8946
8184
3330
61
2192
1703
4268
876
4271
739
5013
7263
7829
1941
8457
1169
6170
5399
6232
494
17
7604
6926
9556
2318
8792
9619
6431
3329
4765
2093
922
6100
5801
5866
8887
8233
3142
9746
8620
872
789
9187
4566
8042
764
5683
8341
1317
9532
270
2725
6150
2941
2641
3544
6540
5859
987
2525
2230
2353
6835
5818
2793
3911
2771
877
6594
4506
4125
194
5410
5322
2283
3530
1821
7724
9229
3713
6957
2420
2455
1095
9138
9553
7312
1686
7357
4674
9108
4504
1645
4946
1387
8921
1291
5612
182
1346
6121
864
2103
2475
5458
2568
9500
2928
6562
7119
6094
4485
1397
5626
765
3268
2058
6396
5666
9695
6472
8316
2930
938
8527
9881
6401
943
4885
927
686
9667
1360
3359
8442
8305
6849
3221
3542
6656
6007
9326
579
4882
8441
402
2396
8618
9867
6799
8031
3076
6614
1263
7860
5517
7231
7806
5359
1334
3419
4046
1614
3092
5970
6445
3499
4796
6441
6605
8039
8197
2364
8029
878
9577
8444
4933
3755
5048
4922
3577
4798
545
8770
5982
4042
9816
3993
9915
2869
8282
4997
7144
3984
3999
8248
2355
3235
3325
2114
7268
1361
1686
8659
4695
6957
3033
4492
1562
5997
3876
6992
8385
1960
7851
478
3571
2545
7761
5218
3476
5316
4236
3215
8267
5261
9885
6665
6636
3674
2949
8305
8391
5568
846
9146
6867
2675
2926
1753
2329
1196
1541
485
6187
1107
8415
4776
353
3652
8403
1953
3542
2975
7625
990
7917
7658
596
7097
908
6439
5284
2175
8378
1931
2815
1665
2633
9195
8434
5361
672
644
4069
9983
2496
8365
8224
8485
8522
5156
3142
4358
1237
6188
8373
9498
3525
4308
3870
1768
7338
3220
2391
7445
9797
939
1555
9754
627
509
232
7003
8016
373
8137
6409
604
3753
6471
6688
8254
3003
4031
1055
8234
2602
5145
5405
6688
5852
2559
1367
5875
4071
7831
6090
9380
5060
6149
6064
5560
1741
4972
6625
4418
1811
7246
6393
2644
7358
1086
1020
1128
5123
2713
4252
6750
3754
5342
4700
1456
1089
6343
5696
2540
6348
9432
1110
6315
4918
3561
651
2685
9787
805
725
9633
2185
1076
8438
1295
9336
4266
1378
8415
8659
8713
1856
5078
5722
7869
8866
6047
3562
1078
9197
6670
8534
994
6532
3955
1409
5880
979
7805
5430
7387
1299
338
1353
603
5690
9782
5438
1416
3151
8314
7205
1147
3652
6528
2943
363
3172
5605
8792
2212
3717
8143
6416
5057
166
2582
9120
2014
1918
30
6763
341
1364
144
9445
218
8701
1873
7014
4971
1045
3188
6333
9781
1299
6015
5454
9205
1148
2202
458
4784
1278
149
1376
5658
5323
2169
6316
9820
214
1786
7473
9565
7726
2353
4745
2193
2664
4653
8248
574
5263
7857
8069
6733
2160
6234
7828
5036
113
4840
6985
7243
3011
898
397
5576
1861
9619
8779
5680
19
3275
4081
8155
5449
4429
3049
98
2945
4041
3389
901
7031
8541
885
6478
9944
7662
5768
1709
5644
2212
6009
4866
2984
5730
7765
9088
5138
467
3205
2161
2893
3541
5939
9010
624
765
3840
3682
6784
8211
2286
9069
4128
1152
2471
1376
1292
9616
7808
4577
4342
9943
4384
3578
1611
6708
6123
9210
7062
3768
8277
4180
5035
2175
763
2704
5895
8214
5813
7811
8828
4175
7620
5227
9829
1295
2497
1669
1963
1959
2549
3261
6597
5051
9885
4426
7774
4737
3718
7695
7800
8914
9122
9012
7288
3783
806
6845
9397
2260
6879
1414
5603
6730
432
5496
5663
1505
7082
1661
7885
5101
6957
3352
3823
9783
7794
5278
3934
6796
3331
7797
8545
6050
2849
9047
663
7341
9451
539
7527
847
1399
9598
9332
6744
3541
7500
5250
5714
8795
9070
2390
2761
2534
9181
2929
543
7081
7419
8255
7645
1638
8745
8747
1190
254
1798
817
1312
143
6103
3234
1612
2952
7058
8589
5634
9185
7599
9404
312
2184
3966
3454
9205
4674
3813
7376
7905
5930
1722
775
9827
2616
4030
4411
8337
6876
2662
2516
5765
1930
7354
7729
6354
4327
846
9351
5360
5843
889
1022
5854
2723
1542
929
2007
6075
7347
8885
2130
1740
6947
3415
7487
5840
5885
7036
7360
9176
3862
8991
8548
1162
2376
6008
8271
296
1428
531
1196
1420
6738
8501
5350
6155
2108
7604
4821
5033
3089
199
3178
8362
4205
1023
2553
952
2512
4674
6119
5594
1031
4290
821
5315
5227
1327
8549
6553
563
7394
4491
5595
7714
1255
446
6381
5566
5375
6315
9910
3081
7855
5168
1624
9729
332
4735
5959
6382
8107
3870
6549
9397
3696
4290
1932
1464
7968
9774
769
6192
899
1606
6404
656
9727
777
9280
7995
9082
1231
195
868
3877
9149
1041
2105
8241
5347
8933
5935
199
6800
3382
9303
8833
6738
1391
9854
1234
1457
9832
5844
5592
7749
4721
1141
8145
4609
2712
6770
2669
7625
7156
4262
6849
333
8110
3336
760
718
779
3881
1017
784
2179
6214
5971
6489
2431
8958
7456
41
9844
4930
7247
3139
4249
3481
8999
7138
8225
2680
257
1331
8710
4280
3610
1921
772
9483
4076
7727
767
8903
8237
3103
8241
3478
7078
2418
5565
7783
3983
1661
3356
8457
2455
9602
4292
3489
5799
8780
6579
6104
7841
7026
4550
6210
2024
2981
1721
7255
1777
4852
8233
8416
3971
9021
5024
4036
469
3944
7963
5127
1958
6614
2139
2075
6276
1215
4219
189
5850
8589
7749
8070
4351
7165
8265
8543
979
5041
9037
8482
9330
2827
2579
1340
2415
2433
9023
8709
4634
6561
1330
7473
8017
7655
4410
1027
112
897
1761
5163
1945
8075
927
9196
595
1986
5212
6804
389
6555
1072
1819
9607
1225
1573
865
495
4170
2125
674
2700
9075
8504
1094
5346
6175
365
5676
8307
2112
1956
4907
670
144
4519
5219
9260
6099
4643
2490
1187
141
2636
4867
5651
166
8580
618
7219
7516
6491
995
5202
8071
6856
8239
2629
1549
6656
7032
4311
1633
5436
5713
2397
5696
617
2526
5963
3596
3112
8601
5336
878
9454
3751
9620
7550
1498
8497
1559
9917
9674
3087
7317
6211
2123
9892
2339
9028
9144
2931
7278
4016
8431
2612
2994
1494
6057
1563
968
178
5536
4105
5816
5239
4760
3547
3838
115
6596
6663
1808
2986
9499
5488
8862
1174
5637
5775
7972
1840
142
1859
2708
2657
3
3840
7646
6761
8597
3428
3650
9326
4134
5008
3873
2159
5477
3387
8041
9622
8497
487
6221
3559
7477
1851
2591
5008
8800
9878
4045
9093
3946
1890
6273
5967
2050
4667
1503
4884
3502
9864
6317
2299
9489
7753
7302
1968
505
5817
1071
9429
9133
4078
5136
7102
8808
8189
4841
2011
5844
9395
6104
7874
1298
1749
8286
8435
6535
6332
6270
4472
6961
6676
8686
4731
2249
3052
2158
222
2432
7445
1948
5150
3265
8573
7154
1542
6197
1159
413
9796
3835
8556
7950
3909
9394
6986
6465
7859
6549
1578
7439
4
9905
7554
9584
1740
1428
3120
9992
1109
3059
1056
9856
4005
4018
8319
6364
1734
6037
4247
457
2045
968
4794
9940
8144
4642
9328
5937
2582
9720
9121
5997
1181
1421
6838
8011
49
576
8907
1669
1275
6169
6263
3094
5463
1821
9166
6180
6697
1170
1587
1821
227
7210
9813
7924
160
5431
1798
3703
1495
4804
1942
9484
1867
3638
5690
7607
1399
7137
101
6321
4296
1991
558
7370
598
8229
8461
2740
2374
6420
9667
4937
4650
6418
1285
1540
1998
6601
834
4174
9564
627
8996
933
2855
4073
3160
2184
6368
5853
2363
1329
673
9975
6560
8558
2738
9334
2294
5974
9939
5823
93
8704
634
9755
1152
1452
5387
2207
7995
9162
2299
8845
3502
4407
4632
7754
6179
1901
553
7070
8385
7873
2310
6017
9235
4412
9580
2356
2725
2364
6425
4339
9596
8363
9583
1214
4564
3819
695
7224
1659
2359
2994
3947
1890
514
1846
628
1268
2619
8393
1196
4065
8148
6329
5229
1437
92
1069
1820
8844
8359
4096
7199
7255
9333
3436
3154
3698
4113
6274
9667
3625
3159
6546
6020
384
8127
8842
3390
72
2071
2101
7008
2335
2612
4019
1940
2847
2634
3232
3376
184
2486
6611
7792
36
4433
217
7999
6708
6072
6346
174
8042
4535
104
749
121
1610
4122
418
2115
2637
7210
3344
6568
2749
3597
9692
2085
2009
2636
7213
6078
8773
2851
1486
7264
8363
197
1005
7718
1686
357
2429
8652
2398
9659
8358
7566
4648
5889
834
9280
4101
2556
1878
7169
6594
205
5713
9072
2833
1926
4647
9062
2265
334
5632
3375
5992
8018
3030
648
1212
1917
5501
2607
7301
1743
2958
6860
9184
2034
1919
8564
3652
291
2648
515
7675
8684
4741
1606
8829
1528
1531
409
6273
6269
1260
696
4067
3337
7759
7098
6984
1560
5969
1125
7200
675
5971
6410
2654
9083
1224
2088
358
7581
2992
4487
546
5267
2434
906
6660
5180
377
5665
3420
321
8623
1142
9505
1888
1712
5698
1301
9519
4101
8832
1930
2377
1645
8891
1814
8785
7226
9857
6223
5960
5847
5700
785
8651
900
9484
7627
9928
2706
9105
6299
794
9947
4511
8335
4421
7010
3814
3020
184
2142
2712
1499
5021
5359
7422
1679
7053
4847
8700
2359
6453
2511
2272
523
4456
9760
6028
4912
3364
1162
980
9583
1210
8381
2958
2286
3291
3070
316
2018
7646
8789
4869
554
5621
7028
2150
9993
6726
6521
6094
7289
1685
8823
8294
4621
2469
2314
3289
4629
6395
1227
3045
673
3727
4586
6520
2202
8634
443
7281
902
2916
9187
9759
5619
1735
2165
1964
9347
339
5604
1873
9705
2068
1745
2122
4491
2169
5554
198
2005
5998
3977
1317
7999
8491
141
354
3565
1130
9744
1052
7129
1174
462
4195
8919
8705
1882
8956
2298
4590
7430
3755
4646
8557
5547
5323
2571
9965
1213
2508
2440
1404
555
5026
9306
4278
1371
6445
4795
2010
4421
2239
5352
4527
8958
1167
9025
709
123
5014
7956
3104
1018
1811
5617
944
2857
9257
4030
6425
239
1093
5974
3451
2177
4898
2301
9565
8286
186
6188
4105
756
9132
2311
304
1935
2197
1916
2477
6428
2474
6456
1964
2899
8469
5235
1278
6375
2961
6118
4580
7268
4712
7287
3518
3946
3165
6782
9748
2874
2097
9916
5264
7864
9812
239
4469
6930
7752
6508
6515
7641
7934
3425
5888
7758
1272
7994
5975
7158
2509
1578
1620
6148
4476
1232
8007
2740
3560
2503
7158
812
9517
1086
1118
5984
8336
2392
2677
6870
5120
8060
4170
8970
9496
1046
2050
2259
1183
4085
3703
3571
5471
6946
1668
2710
6620
1774
4917
6565
257
5777
3816
9756
7671
6688
1666
7132
7500
286
279
2193
6711
4769
1808
8452
1231
9760
85
7814
457
2818
1970
9574
5392
1482
3008
9233
2493
5814
35
3493
9996
3939
8673
6574
2434
1108
9163
4449
4362
4755
4023
2550
2819
9477
1868
4196
8718
3795
2730
6752
7529
903
536
4725
1789
6535
1909
4447
1333
2128
2456
7196
9952
5349
2077
4588
6507
6149
1931
3910
1957
2126
3115
8516
6094
6895
2865
2670
6266
5641
3475
620
4892
9696
3532
8650
1211
6179
7750
9062
9202
4135
9057
1411
8808
9389
6836
6335
3236
2717
6083
4322
2053
4225
3688
2640
7068
1913
8332
3178
6928
6046
7207
2943
1219
718
2867
6573
8943
1042
7893
238
2807
8189
2786
8241
6747
3700
2684
3563
2798
188
9330
1795
7923
4955
6042
9459
3098
4057
7874
5089
8018
5076
2979
3697
2010
7375
8234
9315
3477
14
1098
1586
3982
6992
2674
9853
2689
2481
6284
1711
1543
8757
4401
9097
4338
951
166
9953
4959
263
1644
605
60
5526
5067
9310
7883
471
5399
4998
340
241
8589
8698
4144
6182
5529
1249
7057
9891
8464
958
9886
7080
4574
8003
9283
5404
2982
8790
5775
9342
343
291
7847
3980
6377
8185
7339
8224
677
111
1026
2659
216
6377
5363
6037
5939
5793
3478
4936
2508
702
6122
162
1963
1414
531
9760
8336
2620
1028
273
6273
7547
7669
813
2277
5181
1235
721
9223
3973
5772
1994
8295
3115
2062
1478
98
1386
5380
9357
5864
8494
6433
1476
3702
7834
3541
962
4238
2836
8556
9449
1226
3071
6262
1890
7828
4369
8313
8228
8438
8735
6312
1228
7592
9384
8256
2067
6454
7060
9396
3148
2909
2160
2121
2544
8526
3062
3563
8035
1159
6222
9606
9603
8597
8693
2921
9635
3955
9035
4139
5646
1805
6616
8648
8840
8747
4868
4134
7538
7822
1908
895
8393
4948
448
1311
8886
4660
1267
1821
2733
965
9836
2255
9171
6798
777
4622
1958
2342
6152
457
2520
6116
963
6461
5390
7622
2940
1186
9500
6503
3393
6752
7132
214
6850
2779
2365
4698
6681
1041
601
749
1656
5227
1231
316
2349
5370
3333
6068
7437
5839
3038
1471
9663
5993
4170
7005
8952
9845
6968
3643
3511
8103
5201
9399
5776
3184
6727
3486
6371
4391
5442
6233
4408
4071
739
9716
5438
7908
3720
9612
1056
1207
4321
8521
1726
6693
9494
1086
233
9069
6366
3693
2622
6531
2222
1825
3621
6010
4178
7474
8530
365
7609
5600
1736
4986
53
7811
5968
3715
6871
5438
1628
3668
2604
8457
3468
6747
2229
9278
2273
6764
5992
1654
9448
649
8842
9279
1521
5392
3273
8128
3124
2372
2955
3960
9264
9289
8944
9021
7166
243
327
4647
2985
1618
8763
8550
2331
5842
8739
2387
833
427
7082
306
7250
5044
3962
467
6006
7817
9974
2991
1247
6380
1118
7823
4595
653
1816
5547
7857
1978
4357
796
939
6873
6609
1083
297
5169
9174
8154
2594
7143
7217
1271
4886
5802
4751
1033
1110
4893
7649
7387
6828
6035
2762
1685
9022
5106
487
134
2460
9374
8550
4373
2224
832
1830
9951
4943
4655
4708
4008
689
4646
9681
6715
2341
511
7689
779
88
583
7070
2713
6624
2014
6808
3148
3046
9324
1412
4372
5468
8859
7988
7261
1082
5549
4758
6823
4975
199
2012
7076
8527
5789
4102
9350
1374
9972
4752
1965
9879
9500
3655
3680
7464
3734
3201
3329
6391
2337
5689
2098
4200
3892
1542
3803
9914
2666
5893
1151
3635
9204
9838
5879
4903
5780
8578
2434
7636
2008
6179
1015
6634
3077
4695
5544
4535
9347
1208
6452
753
2768
4588
1519
7108
1143
1872
5269
1388
8944
4847
3996
9767
3334
6903
8634
595
2184
2020
5304
1315
423
8756
8518
5724
6169
417
1340
5861
5741
7292
9196
8757
2650
1253
332
4413
1544
4367
7095
6338
9029
6935
8666
7807
233
5711
485
1128
3212
1807
7838
962
7754
298
283
4495
448
163
2946
6767
1308
7234
698
7764
3610
9002
7837
7466
4767
970
7173
333
7155
3816
75
5027
6277
5323
6270
5709
6668
4430
3227
726
8041
1347
3521
3983
5477
8974
20
3705
3177
606
5969
8828
2390
7498
1114
447
9220
4649
7557
2636
8208
88
8156
8767
9345
292
2226
7230
8236
6549
5207
4824
6824
4531
2368
7200
5934
2705
8296
3197
9977
9711
8001
4978
8091
4871
3321
7611
2047
6628
1703
7248
6661
9461
6148
7491
3287
6196
2575
6096
5958
6703
8062
305
2854
5203
7892
8082
1617
1212
4052
4594
6310
3399
1187
8461
7695
8362
2630
1567
9133
1922
3818
1859
7640
8576
3370
1441
8990
2400
1882
3630
5759
835
2149
7051
4675
5272
3614
836
7448
2400
1348
2848
1046
8786
6851
7972
6069
2617
6055
4998
623
6570
1213
609
326
5955
9684
7514
540
6531
991
5901
391
9534
8372
541
1274
2142
4458
7828
7932
5406
3087
5741
6263
6774
8772
5893
4908
4164
8391
651
5407
2104
6422
2381
2849
7527
2735
7144
3533
7236
1088
2662
1547
6319
945
1853
3144
9771
5039
6167
992
2947
2715
1125
1066
3757
2127
4880
9317
5224
3271
5169
5577
9376
8906
9747
7396
3860
9007
7362
5062
6953
4109
5648
9453
1059
1866
2130
7804
4842
6902
6648
8613
6209
1458
5214
539
5453
9026
2980
8463
1607
6584
6963
3023
1965
9527
7254
1273
2929
0
8034
958
6380
624
278
7746
3795
1968
5352
454
6127
8518
2045
6188
9958
9387
4288
1262
3068
4029
5750
4927
4820
5819
5575
78
2772
4367
373
2438
7352
1586
1857
3026
2
8134
3951
7950
1974
7106
1092
6090
5123
5288
4349
1471
1894
4348
225
3026
6071
5868
5197
6410
1011
6249
614
6106
7424
3674
4850
1200
7150
3592
2658
7335
5035
6595
6046
8413
7682
1970
8995
2914
7119
9541
1999
7332
1598
4739
4975
5417
483
198
9777
7436
2679
3692
7289
6444
8103
9094
7349
226
6989
5746
6033
1457
3541
2892
4098
5366
7650
1801
9829
3396
8426
3297
9887
6231
4351
7794
1609
1227
586
9605
4397
3180
3550
43
870
2399
5249
259
985
7302
8940
25
5944
6174
4784
5310
3153
2927
6012
9618
8903
8745
3613
5508
2117
4043
6247
5764
4976
1990
4448
3599
8712
1173
932
4977
4998
2313
3093
2673
856
8096
6949
1720
4712
3766
7344
1826
4704
4803
1545
1749
9888
8902
1040
6523
7540
703
1851
6977
1049
6266
5633
4153
8821
9591
5072
7008
609
3262
1358
7060
1270
7868
7901
2196
1965
3547
825
2875
6698
2584
3199
6132
9287
9785
2856
9148
3161
2324
7602
3071
1401
3060
1492
1872
1749
673
5325
9669
7009
5533
6323
8309
5754
2525
7790
598
160
2507
7565
290
6294
216
9034
7424
3671
4341
3938
3118
3497
1846
1814
3465
7673
8410
3168
7054
7559
73
6750
2564
6330
3675
2522
1000
1519
7568
2783
9384
7356
7436
1979
2835
9867
9529
7279
7416
739
8727
5716
5096
6750
90
5742
3654
8805
1558
59
5218
8937
5797
750
5851
775
3743
2753
1116
4991
6378
923
4320
9969
8326
8451
1728
243
1941
3572
7387
2729
6127
645
8675
333
235
9749
2441
397
6016
9827
7755
8848
5442
1668
2989
909
7763
1894
9858
106
4693
3190
4485
8956
9440
3445
6824
2229
2289
5430
221
237
173
2205
1609
881
3343
4368
3650
7061
6796
3917
8513
1174
19
2956
755
4602
2026
9259
7063
3426
6135
2438
6738
3636
1010
6157
5963
7080
9464
7771
6584
6697
1525
2132
4111
1474
64
7543
2707
57
2119
7567
1031
1780
130
3766
6469
847
3269
9009
5026
7318
6679
636
4013
6162
7541
9571
2857
2501
3010
2921
7686
8373
6817
3188
558
4408
1702
9090
7289
5193
4471
1506
251
8509
1495
6835
761
5944
786
8035
2971
6773
4658
8218
2557
4282
6737
7693
9204
5415
355
615
3576
7126
4183
1924
2255
3961
1910
6234
6680
6631
7840
3022
804
123
4953
3362
2044
1787
1553
7018
9814
7058
9051
4726
6396
3049
574
2791
2570
7487
2986
6933
9325
2120
495
5915
7436
8095
9465
3605
7945
8607
6659
2125
9781
4604
6464
897
4805
3107
9576
426
338
4359
8428
4349
2867
5878
2530
3686
1275
8539
1334
9185
6073
6415
4130
992
4025
6751
2730
476
8692
8186
7919
8151
139
7439
4342
4394
9607
7463
7596
5458
2849
6846
9243
1443
5382
9016
6524
4691
6743
3137
7127
5499
8276
4839
9432
4015
6878
3557
3485
7997
9844
795
9056
8688
2829
2272
4786
1743
9265
778
7094
1393
1516
1899
306
5009
5136
1543
9036
6675
8384
2299
5504
2468
5402
6114
2249
5628
5012
6886
3100
3014
8396
1934
9007
9587
2959
4730
6349
2711
962
3516
8286
244
7440
587
2781
5921
9399
8137
6988
3234
7009
1787
1195
269
8527
737
9934
4737
7140
8795
8062
1490
9127
7166
8211
487
7040
2414
5467
6178
1371
30
126
5046
6942
1487
1246
7992
453
777
1571
4521
3120
2752
6818
307
3742
5861
8572
1271
8900
556
7214
1265
123
5946
5844
2053
6801
3851
8170
6723
8769
9212
5838
5385
4980
1333
9868
4144
2193
2574
9950
4474
1384
6622
103
4807
5978
3175
222
1712
95
5424
48
8640
2785
9505
9819
440
5375
2311
1131
801
9211
5551
1845
9110
1732
8837
2402
7474
760
3936
783
2528
8927
5745
8378
1692
5185
9969
3978
2507
2987
335
5648
6267
6292
7434
2316
3890
5586
277
619
9513
4830
1898
4376
9561
6012
4691
3259
8482
6665
873
1477
6377
4269
9977
9614
763
7384
6362
2138
9423
3999
1445
977
1437
1429
4923
8723
3371
9949
1157
8019
4124
2777
8411
7332
9399
9091
6040
1962
6780
2672
4991
3698
5795
8393
4567
4139
6463
1910
8075
1265
6483
3719
4120
5360
4379
8469
7230
5928
8114
2380
3100
2601
7783
1805
839
1645
6778
1931
3713
394
2153
7622
726
2320
523
3678
5038
7401
3405
8644
891
1135
1500
7959
5710
3234
9963
2052
5210
5087
6664
6489
3470
8755
1039
2920
3299
4224
6405
4132
6047
5554
4556
8132
2588
9252
6859
4962
596
9967
845
5245
1726
8552
7784
3926
7247
4161
2169
9072
2549
565
3064
5577
6085
460
9089
5969
1677
6241
5717
3279
2302
9562
3056
2429
7915
4077
2116
1245
4138
1993
2679
981
6503
6290
5194
2994
8982
2820
5151
5262
5769
991
5145
9874
8445
2345
7295
4106
8521
7606
8707
2826
3716
9656
6892
990
5172
1707
9112
1223
8830
4287
210
2899
562
8630
1849
4524
3141
1774
5997
9668
1458
968
8995
1007
2795
8628
133
8273
911
1435
385
1450
744
8197
7177
368
129
1965
9973
7752
3230
2773
6619
5827
3788
5822
6897
979
2877
7650
5377
3582
95
2130
1727
5831
597
1412
5018
9950
1530
7881
4030
4758
4761
7132
5197
3190
1389
7237
9563
619
6173
5731
5254
669
8896
2384
7738
5577
1612
3247
6899
2673
3936
3789
1479
9828
6998
2390
1236
2227
1420
3061
6700
9753
7415
1824
4116
9865
5916
350
2058
2067
1882
3797
6873
4405
6961
8807
8330
167
5397
960
1574
4858
3595
7817
2942
3708
6358
9435
5485
7681
3399
7366
3719
5896
8511
1697
7268
1346
7977
5634
1604
5740
7622
5489
1345
9030
6363
7080
887
6296
6084
8302
9530
9657
5285
6531
3535
2341
5019
1710
9100
490
6938
4390
4196
9580
2597
5117
2626
4667
202
8919
4426
7737
6046
4446
4241
2615
6611
698
5887
2433
8156
7902
3825
8845
5289
3747
4468
4764
5773
1798
824
8149
6049
9232
2735
1355
676
8981
2809
7402
2524
7540
2244
2792
7320
9427
4711
3778
4514
9129
7591
3981
6366
7514
2162
5800
5485
7551
3502
2468
7863
4636
1279
397
3107
1253
3261
8709
2962
9128
5074
7673
8768
4801
570
3629
5291
6013
373
4446
2480
3338
4052
3267
9156
7242
1355
6154
7820
1998
8366
1110
2508
7513
6784
5821
3317
5793
5188
1576
3356
2695
6851
2443
7297
5512
7641
1602
5790
8734
7957
2622
8515
5797
8817
2313
1413
5077
3921
9906
2602
7119
8869
511
4618
2837
7241
6311
9190
4159
8959
1299
3266
5763
7446
926
2070
3215
3780
526
5568
644
8833
8563
5161
2181
9221
7305
10
1364
4248
6542
209
2736
7550
2948
1080
3669
5490
4309
7127
7457
3273
1673
5024
8471
6335
3941
9884
2958
2038
5612
1647
6512
1777
4126
1619
7967
858
4121
5503
1568
1372
4390
3851
9120
738
391
760
2657
1776
5566
5303
7234
8915
7894
175
6078
4873
7324
5890
5759
2020
60
9211
9633
8505
1719
1628
1832
3112
2803
5956
6272
8967
7854
2334
803
1315
682
3448
4805
8221
846
8549
6540
1100
7615
2247
7257
1819
219
9786
6905
1591
176
5416
9481
4310
8764
1759
8433
9155
3086
7592
1180
876
3586
63
1059
9364
9648
909
2999
1587
5289
706
2690
2661
9888
1213
4742
575
614
5155
416
6875
249
6641
2358
188
1521
9711
2217
4886
1634
1374
7115
2825
9848
5983
1896
2576
4513
4129
8014
4340
9046
2272
6210
6394
8987
3502
4681
4716
1512
122
3525
546
5972
8475
7978
1778
9566
484
8078
2762
9274
7487
7254
706
2676
5690
4059
3084
4964
539
7444
2524
51
8282
4654
6118
7822
7518
46
9689
1990
8409
3257
3543
5491
2958
114
1063
251
9149
5175
9026
9289
7029
9895
5054
5896
3794
2562
629
2082
9554
2301
2357
609
9367
8786
4970
4523
8119
7225
5584
8908
2099
9847
7824
8355
1347
8722
1259
7008
4666
4168
9886
9129
5849
1217
1045
4933
1561
5624
2153
6644
1505
422
228
2510
1759
868
8819
5856
2139
9427
5430
2434
3345
5028
3608
3802
1347
7813
6398
1045
534
8927
6398
404
9008
2525
8498
228
4793
8497
1152
6353
4238
7527
7168
9150
4522
4671
7319
3809
4574
4985
1365
1581
4366
2041
7669
766
2646
2049
1742
2416
8618
349
9583
9951
5251
9178
4636
1067
4892
9640
4910
5843
2045
9986
3316
8941
9552
2695
1151
1768
3453
5643
5699
374
8509
7330
2271
9580
1379
1215
3373
657
843
5311
4250
3236
8073
5480
4090
8985
1619
1777
3441
9439
141
5462
4517
1899
8810
8948
2019
2813
4964
7207
2617
8917
894
7136
706
267
5664
4681
3070
5206
4741
6655
1762
951
1884
2562
6133
7118
6514
3610
8842
5630
8486
565
5724
7531
2623
641
5416
9718
4509
8896
3715
5089
6063
5379
5584
8077
1770
2468
7257
2222
669
7021
8978
9657
5843
9438
4678
6390
532
8101
3174
9834
9017
8730
9299
9708
6916
9256
9564
3886
2235
3988
754
88
4801
8539
2242
1360
9011
9717
4231
2234
1820
6729
3776
6664
2791
4712
3809
1031
877
1422
7818
7160
4594
5742
2243
4555
2150
538
2001
7481
6446
4708
1846
3946
7317
775
7043
3691
2087
5629
5229
5258
4221
5894
5064
7921
316
7637
6723
5821
4172
6779
6883
9648
58
806
4495
9804
7149
677
5765
5762
5718
4575
3568
1714
2824
6042
137
5574
3213
8348
7832
2914
2258
7838
5534
6301
6927
9821
2318
1610
1578
580
6562
735
6698
7184
5104
5436
6334
2894
441
9218
9550
7755
1607
1753
4432
1501
9936
4440
5519
2844
2558
7371
7623
7387
6140
7138
3111
5226
3072
4269
7091
742
246
1847
7784
4316
528
3038
6961
6382
1114
5261
6654
6299
765
5735
5317
5818
1401
4647
9649
6441
7332
1339
7603
865
1623
9926
8571
5700
7168
1271
301
9443
6178
3042
3034
8470
1863
9214
6351
1835
6654
5470
7724
1851
7073
8643
1486
6392
4993
4720
4398
9876
9190
844
2320
3338
9455
8326
2224
8208
4660
5109
6400
4834
5325
4073
1386
1030
7616
6642
4658
5921
4191
1116
4374
8408
141
6004
1780
4893
2191
5640
6077
713
5339
5218
256
8606
1953
8456
6676
2072
5777
1582
643
1041
6918
1619
8224
8504
3694
8546
3166
9575
7409
7634
5726
3377
2521
3893
639
3430
1032
2549
4677
1635
392
8814
4434
9206
8638
3360
6510
1732
7095
2569
1122
9221
2267
2054
8149
8043
3415
1463
7695
2465
2721
2914
4590
3761
8637
7225
2569
6676
2280
7523
9406
5975
8077
348
9002
1942
8346
7484
8288
6749
3654
490
4290
6499
9887
3150
4976
3628
9209
5238
2426
237
5860
6250
223
8915
7556
3166
438
4215
3253
9561
5923
9417
7817
8032
5412
6827
8173
7729
9496
1801
4077
2788
6665
8743
370
5138
1736
7124
3673
7499
4375
5566
8050
9389
6632
8841
1281
7723
4419
958
9531
7358
1866
4473
8152
1674
6242
8139
6240
7926
9597
6688
5453
1268
7601
3319
9808
2411
7911
2748
6817
1947
3391
4332
4306
5478
1502
370
8163
212
5810
6729
476
3771
1324
2598
5025
1634
1375
1658
1691
8835
33
3564
8452
9994
2049
6333
5312
1819
2195
8133
519
2833
2154
3922
5137
124
8977
980
2250
7733
448
1148
6481
4116
365
6545
1788
3287
6290
3609
4694
2613
408
2466
9446
1863
5028
2625
549
8850
9737
2207
9602
7715
6179
455
370
331
7938
6034
9473
3457
8064
7043
3429
2343
5979
2475
6434
3611
6535
9
6440
9405
3359
3023
3917
7560
7152
1304
9153
1444
425
7312
5229
4697
6574
1556
8093
1090
955
4954
7634
8341
158
4272
3759
4858
9899
6145
1594
131
6018
5618
1911
5225
6916
8277
7522
3840
4636
4685
6835
7240
7839
908
1503
5196
48
6350
9119
498
2579
577
4708
6650
9363
8668
8167
7763
308
1192
7310
2625
1483
5632
8816
1310
6618
5328
555
2479
996
9351
2041
5272
2003
48
7167
3939
7850
7168
9112
4637
1044
5331
6078
1489
8374
9268
1138
1321
4608
6376
1027
8005
9741
5048
1419
5827
8926
4695
719
9621
3641
620
2533
4268
2161
2432
2839
6198
5117
3376
936
991
6566
2289
1765
8218
8253
7674
2653
7196
9413
43
2070
5433
3197
4834
537
8338
2279
9247
7593
8128
1751
2551
6040
2650
5065
5349
4842
555
1525
7545
9540
6734
8574
1354
906
1030
125
3162
9246
7801
5020
1191
2697
7382
9859
1930
6952
864
7099
1444
926
8003
2873
701
2368
236
90
1209
3078
3377
644
9278
5361
5970
183
5841
1101
1908
2425
2043
5707
8656
6477
1172
1512
2402
5033
3072
7999
6828
7490
1633
2347
1496
147
3836
4060
2071
2421
308
385
2631
7818
1385
9867
9731
9256
8654
6297
1670
237
6599
619
503
2511
3693
2825
6824
2391
2676
2037
7637
4008
807
6418
6937
6784
3284
208
1831
7099
5292
7010
5774
9514
5416
5544
5976
4572
2287
7847
6150
425
3376
5293
3778
1070
344
52
3052
1201
2186
5685
7803
4720
9550
4047
3195
4355
5284
5400
2884
4972
3931
5072
7397
2268
2712
8672
9596
2421
8179
42
7260
976
2133
3123
4784
2077
7837
6785
1275
5270
1786
2114
2590
5845
8036
1845
2457
8970
8637
776
1059
5042
1877
1336
8812
8219
2298
1021
2405
2780
6298
753
4691
7181
9656
230
578
9145
5234
8488
519
2295
7631
9991
3134
1115
7087
2771
217
630
2588
5738
3583
5529
1607
8266
5701
2331
225
917
5915
9312
2792
6320
9742
2694
3174
6529
4085
626
9487
8034
2064
7280
143
9005
5790
2416
5411
2718
2515
3878
648
707
137
6630
9014
9143
1529
2406
8521
4944
5799
3184
3399
2189
5959
1237
9716
5719
3455
3033
4370
5704
1556
8056
1246
2634
1077
9146
8541
2220
8702
1616
2299
4368
9043
7758
9578
8479
7540
9077
711
711
7423
9257
1740
8453
2967
2129
9514
6995
8233
3152
9835
6416
4133
8057
3307
8148
3681
4383
2656
6454
5909
2343
4056
1957
1073
9247
1135
4367
6585
5807
1826
4084
316
8835
1026
5373
3701
7522
1538
3341
424
5924
9897
2499
9300
6310
8489
2777
741
3192
6296
8004
110
9100
2876
4206
9465
8940
7702
7838
3763
4428
103
250
939
5204
5120
7854
1642
2399
1794
8766
3433
3799
1982
920
8811
9150
9397
5837
3563
7084
348
1327
7824
8814
2748
8398
6083
5601
1821
4564
3018
4068
3577
7124
971
8104
234
5439
3581
4579
9490
8299
3121
149
343
6054
500
4033
8433
4901
3145
4020
3590
1055
583
2956
3632
4547
2489
2739
4984
4857
8837
9457
721
6408
727
9250
2176
5080
6856
7476
2572
7996
9512
326
9883
4152
8277
5725
8441
3040
1883
1177
2680
6461
4294
4122
6993
4750
9938
313
2739
9201
6252
919
1515
8067
7451
4044
164
8372
2113
7337
3256
2172
2325
1662
620
1637
1061
4584
9299
9874
161
7715
1102
1457
9878
4974
263
1069
3846
1968
4050
4427
3609
1615
202
1381
843
9870
242
4310
6077
3243
2491
1696
2676
9643
9404
9573
6621
3803
4088
3285
1468
9239
227
2893
6036
8246
5147
4885
6560
6093
4705
3067
2562
4772
9767
2832
2004
558
1869
6539
7722
7106
9968
164
6906
7265
6491
3664
7735
2171
159
7708
7281
7808
9307
1200
3074
2265
2082
3070
2882
7528
1140
2295
8078
9212
6395
6513
21
6394
1329
6103
7629
3672
4108
493
5516
1212
1734
9788
6025
1313
3602
7541
3237
4693
9949
2512
9083
6489
7480
6288
9017
7561
2150
8397
135
9358
3309
954
4321
2403
23
8691
4158
6048
2076
1093
408
2910
5631
5697
3657
154
9240
9268
9142
383
6116
7603
2694
9382
4784
6226
857
9463
1644
591
324
9698
9703
9531
7847
7300
3
7398
8982
4646
8066
4162
1473
7472
2741
3787
579
1512
632
2100
7253
7347
9656
9123
8620
6065
7879
65
8464
2954
5890
9979
8013
7556
3505
5586
2176
6248
5678
7196
7083
5473
6713
2922
4468
3696
3803
6623
2815
5509
5610
1803
3997
8972
7533
7127
9348
6199
7682
4305
4353
4205
9037
7826
347
8615
6913
9014
5817
9154
1042
3226
1224
7372
4155
8857
373
7890
6380
8647
2464
5096
5208
2401
2727
627
6306
9082
3447
571
1082
3704
5205
1364
356
7280
6085
8629
861
3497
6967
9613
741
5274
3010
7545
3563
4471
4335
44
5918
7238
3876
6061
4729
8945
3722
9661
5943
9855
27
1741
6472
8516
4628
6270
8708
6127
8995
3417
9491
5451
753
431
1776
528
1825
497
8550
8824
1189
2135
220
6122
3007
5317
8212
7504
4193
7107
3240
3428
1513
1691
977
5545
3160
8266
3601
5091
8924
2692
1209
606
6469
6401
6267
8058
366
3571
9759
3704
7173
7055
503
1959
827
1552
8435
7940
3807
5978
112
2248
872
1413
3231
2622
1030
4853
6899
6772
733
7940
1456
7424
8626
3228
1451
9865
9111
5231
8277
7454
979
2441
6514
3289
7151
7344
6910
5609
863
210
1887
9580
1619
3023
7834
8603
5397
8277
5584
5645
3656
9008
586
3683
371
4134
4161
4298
137
8482
7752
9440
8233
5148
9707
8821
9571
2575
2183
2419
8888
4012
5191
4389
580
8709
890
5070
4817
7235
6232
6359
1940
1341
8747
2657
1783
3257
7402
2644
547
4690
9509
4521
8718
8479
2831
9139
6224
2724
478
3011
2802
2511
2824
281
3420
9016
6
8455
306
6873
1592
3731
7617
454
2060
8645
923
6716
8243
831
748
820
9141
6878
1914
9423
4819
2235
4092
3340
5049
6868
7221
7290
7181
2740
820
1797
1527
5154
2572
4318
5715
8929
1554
7458
913
9731
8960
9847
1636
2193
7225
1141
6507
3418
1464
2478
8658
3510
5170
1096
653
7913
3689
4671
5773
185
4010
501
7767
5352
957
5910
6059
6052
7935
3530
8902
2261
5047
4433
7655
1939
1478
5516
4674
7603
3468
300
7987
238
294
7205
5254
4915
678
4665
1231
147
3055
4173
8074
3023
2790
1676
2441
3845
8718
8213
3889
6371
9741
1475
1489
2687
3849
9408
8211
1153
8190
8583
8800
2630
5317
4007
3847
9373
825
6497
8545
330
3043
4693
5001
400
4034
859
2561
2927
6414
1115
9710
451
521
8424
3450
4459
2460
1111
421
6814
2822
2881
7738
9
2165
1145
4636
6574
4751
1371
581
310
660
4007
2605
739
345
7447
946
9621
5133
7443
4463
3921
95
4708
6204
1920
1507
1756
8880
1118
8721
4553
5506
1869
8844
6625
90
65
6186
6944
5333
9840
4850
2424
6447
1085
4310
6344
2769
1060
8477
2471
4989
9985
4271
8974
300
7142
5736
2536
7130
6094
2463
349
6219
9582
8371
5754
5887
9947
4077
4556
379
3309
627
7557
8056
3979
8205
4439
8325
8382
4413
9836
1333
7343
9610
787
8645
4070
435
5776
7454
322
9264
4531
6349
4687
9842
4968
7500
1811
1540
3056
6715
2517
9086
5379
5993
8514
8471
7836
261
770
3163
477
3338
4013
1306
9988
6496
2353
1439
1099
3635
7880
6791
5041
7487
605
2897
8006
3610
7810
4146
9452
2157
8372
6331
4698
9265
2040
8479
6320
3583
8642
1023
3697
1287
744
7016
1806
2526
2459
3425
967
958
2158
9644
9042
812
3691
3255
4203
1636
51
8865
8258
2412
7486
7315
9919
1142
171
4055
4426
3941
5995
366
8867
2498
4837
8554
6221
9471
6081
1613
8965
7918
6517
3820
142
8158
6645
1647
5730
498
8265
2360
7677
5536
5580
4764
9985
6399
5072
2426
3136
9345
2529
1345
3717
260
9089
1900
7950
711
8500
3478
450
38
6399
3304
3933
6470
2340
7647
3115
7854
6607
5459
5123
7472
5784
7486
7729
5782
7165
7748
7119
153
7055
4657
3284
6597
2845
1024
7107
4751
692
3626
7441
1579
7208
714
5221
2289
6585
8609
1429
5625
8560
1445
7230
9282
8632
9301
525
1537
7898
6630
5786
4615
8554
9843
965
5038
952
2997
1311
2446
2750
1681
959
12
3671
5599
5261
39
8771
7962
4105
1709
1388
5004
9843
1616
9300
2870
9641
4651
6979
9852
5003
565
650
8692
2991
612
7572
5643
7402
9773
4936
2285
8690
7073
8771
9961
8995
2028
1223
9682
169
9976
5090
6040
2492
5779
7608
4168
875
374
668
2349
7083
9254
8846
4601
2895
4321
6829
2656
3134
5063
2153
7211
2851
8762
3749
7206
8873
7388
912
5526
1486
1323
6216
328
6693
2658
6308
4182
5633
4402
720
1522
3554
5992
4339
8747
5338
8669
2169
187
1010
60
1181
487
4024
1525
6404
5958
1031
3137
4977
8856
4454
2625
2340
1633
5935
3795
1736
2741
8146
2224
5444
8931
7926
9503
1915
5616
7813
4896
5297
1316
9982
571
1736
9450
2859
8841
25
3479
8058
6941
9668
8049
2131
9490
9296
5114
4631
319
1460
221
1008
2538
8641
5829
7393
865
4822
3007
2351
5746
8939
6051
8217
3050
5413
1982
8369
156
4457
9487
4518
3291
8642
4795
2112
6264
3940
2863
1938
5715
1098
4778
4122
2780
5138
4868
1127
749
2656
6501
7642
2698
4081
4093
332
6305
1207
7573
6868
3659
2272
7862
1430
7328
2965
1328
7590
4326
6919
9426
3464
9647
266
3407
5747
7417
6316
3925
1990
3236
2420
7751
6912
5969
8266
6542
161
7030
9999
5196
270
1800
2600
2180
1789
1018
1105
1488
118
5497
7138
7985
1266
306
2158
886
1447
4122
9048
2274
7586
2000
4051
8958
8984
4514
1762
6956
3516
1509
5596
5433
6085
241
8354
179
2278
9741
8942
5838
3026
8629
4526
6944
6618
7598
143
2540
7915
2072
3996
6116
9205
3067
3834
5634
2751
4317
6923
3055
7131
3909
923
6644
4656
1674
7946
2056
8796
5701
8696
2071
9065
5780
2800
8871
6
2718
4996
5296
9144
9180
2850
4112
7350
349
992
6601
996
9043
8831
2254
5246
6281
1841
500
6393
4763
808
9404
9217
4516
8292
7374
7228
3279
3937
497
3900
7515
9367
8335
4726
4860
5553
9087
4508
5643
9386
1226
8279
2149
3591
6131
3026
7504
3321
1986
70
6909
164
746
5106
1394
296
3298
5929
6188
938
1012
1688
6188
3310
4146
9852
7266
5842
8025
6848
7569
4756
9426
7516
3071
1100
5957
7615
9868
504
1099
4528
7014
261
2594
4
3901
9153
3648
2593
8308
593
3769
1502
825
7058
4061
7013
6051
5708
7609
9757
5397
246
4422
4462
2740
5042
7166
5371
9723
411
4973
1441
2720
6370
1798
3907
7483
6708
1068
1301
2175
5185
9047
5163
5866
2712
4427
9830
6842
936
6977
598
3516
1941
2751
466
2534
1828
7650
9102
9600
2996
7464
845
7639
9254
5960
8786
2705
2218
5985
672
4597
786
6821
6467
870
4256
7668
1990
6767
5567
1134
3189
5907
2267
4260
9712
9156
1662
6701
8068
1618
7327
1266
79
5179
6232
1315
298
5256
9580
2135
4924
8348
7259
1229
8430
518
4135
6751
4484
4455
7430
3078
558
7198
3824
9339
3683
6985
4063
3302
6271
7488
2640
5152
2080
9192
2881
2089
6084
411
95
6566
1103
4943
2721
3336
7749
4608
5614
7956
4960
7275
2615
7201
6660
1607
6619
6163
7759
4669
8516
6131
8638
2333
52
143
8147
5032
1333
2844
7466
6861
2474
9635
4624
7397
6318
6667
3105
5295
424
8109
2837
8566
1001
4825
8483
1237
5299
4508
1854
2356
1060
8029
7601
866
3614
1634
4116
2318
6449
4425
512
7357
4538
9482
5434
7462
5453
6143
2392
9851
9407
109
5901
8699
7960
9730
5644
547
6388
1935
1483
639
3228
5999
3750
5686
3722
7268
6953
3879
9641
8017
4978
826
4278
320
7377
8395
4083
6381
7190
3433
808
1875
7530
8487
8182
4328
799
9113
9347
1019
521
2671
8635
2268
2420
1744
3711
764
924
9574
581
5557
2596
260
9860
6912
8832
2185
4423
8924
3821
790
7521
2929
5645
5777
1851
9022
1997
7160
5512
8706
147
2047
861
462
8160
6349
1555
6388
8661
9704
2734
4851
8787
2062
8555
7328
6540
2329
6949
2243
2298
82
9839
5044
4821
7150
7414
81
7557
8976
860
6957
9903
9395
7278
3901
9206
7456
7108
4481
2860
1602
2290
8929
3713
9461
7812
184
7314
5526
8688
1741
4610
3533
8231
1598
1407
7926
2631
6235
3956
2260
1544
1044
9397
3017
9041
65
8537
2610
5920
5931
4581
8575
287
4980
1225
9098
6954
174
6325
5509
2163
2509
9198
4011
9509
987
115
9397
7995
8668
2417
4303
8353
2317
8305
6548
5567
6132
54
4479
7128
9404
2187
8194
7731
9893
4389
1675
8239
7007
6049
1982
922
1041
949
6743
3424
7683
8490
7120
7786
7201
613
279
6719
4373
197
1293
7300
3438
9638
6377
5567
9645
9641
1239
9412
9186
5482
4076
273
9232
7324
6155
7829
6288
6737
7603
7134
6700
9672
5393
72
1346
5430
484
3951
2418
415
2830
1230
8546
5147
8444
5184
4708
6497
2758
1147
9129
3236
7242
4600
3178
3820
7969
8477
1361
9881
6526
6906
3602
6871
7247
1183
310
206
2035
3060
2202
8195
5470
4321
3885
893
8704
97
3192
2384
6534
2543
9100
1124
5528
165
1253
9277
3341
6721
1833
151
6860
9178
26
8895
7217
5708
7464
258
994
6167
22
70
5029
2847
9876
2109
299
1834
7010
2525
7851
8698
9227
3544
2880
5030
9173
5794
7985
8498
4674
4831
4310
7798
921
7383
8575
4785
8633
4591
4722
2800
2720
2650
6057
4110
5568
4298
4260
1028
5853
7740
5204
1264
2740
6870
1127
7427
4904
2777
5290
9708
6548
9354
9698
8487
6252
4043
564
579
8279
4186
1223
7129
3213
6430
9079
906
9708
3887
8439
1255
8252
6154
1351
7390
3627
3926
1691
225
785
7991
8443
5571
8281
8373
3436
4374
2059
1711
9461
7987
3322
9241
3626
3494
4966
3680
1649
2585
3498
9284
1337
727
521
4253
3320
8011
4505
2285
3874
3708
4172
2034
1074
4036
3157
4047
9353
8759
458
523
7513
1218
374
6405
7412
5349
1987
563
4532
3989
6776
2578
6578
6771
2285
1356
8579
7851
7687
4908
4864
2792
5728
5576
6609
2371
8627
6696
862
4052
8582
6216
2939
9984
7447
8777
5946
9081
1597
545
2756
6516
1835
606
7371
9649
3714
6851
1629
9895
2411
559
1441
2572
2193
407
8916
573
6300
8615
974
74
2402
7358
8228
539
2244
1434
2184
2954
1662
2689
7323
7056
665
1127
4814
7029
3817
8486
178
2619
4847
631
8268
1720
5326
98
6130
721
246
4079
1636
9578
5673
5349
7366
7408
2162
5907
9731
2643
1654
6126
736
1819
3886
2171
7886
5691
3856
6843
8968
6587
8091
1260
2359
2905
5722
2106
5123
2096
1464
3818
3330
1662
5458
4422
7552
3367
8764
2938
4545
5693
7766
8349
4238
4215
7345
7161
2392
5351
3933
9808
5942
2323
4933
3327
5854
9615
1759
1195
4271
3295
5116
2243
5480
8367
2133
7175
3011
7750
537
2487
2177
5355
7796
6919
570
5266
1046
4263
7553
4839
4697
6393
3315
9672
2326
5869
8773
5506
7893
489
683
3941
6055
8512
8805
3603
6619
740
1181
2616
5665
3729
4355
1223
2851
4995
1213
429
9165
860
2175
5916
7341
2912
9276
6736
4153
2668
726
7172
9120
416
7445
1914
535
5466
204
8694
381
8909
997
9347
3727
9522
4102
300
4589
5805
6383
9
8328
8021
7425
9461
1898
4044
3509
7113
3987
1190
9210
7554
988
2531
1905
6121
32
693
6166
9597
6493
1716
2898
4816
2292
7470
619
2525
2445
935
7799
9807
2094
4321
7880
9283
7892
7300
9973
6484
2331
883
6839
9763
9588
162
152
2018
185
2702
5533
2446
4748
1383
8827
9688
4799
6100
7172
4183
1930
2045
5918
1113
5419
6495
2176
5541
1975
255
296
493
6617
410
8582
4317
2615
6060
7010
5031
3562
1981
5033
2487
2074
6375
6694
5647
7142
1444
3198
4494
9102
3622
9931
1778
5719
3255
2366
6861
291
3324
8675
1341
8440
4882
4528
3612
7254
1982
8805
9901
6895
8232
6513
7899
7653
9048
387
2641
2144
7696
4966
7322
8857
5755
534
3436
7334
8060
7329
8214
588
8042
2510
9485
9087
5863
2651
212
2292
815
7837
2391
9372
372
6938
8739
9503
1827
6352
4404
2324
9317
3861
5640
5580
1361
4396
3218
1536
2523
2118
1976
5629
486
705
1936
9539
9659
3279
1325
1533
8278
669
6529
4346
3772
2866
9706
660
5499
5948
2930
1596
8930
9153
889
791
3431
5213
2043
995
3002
320
698
4252
2331
8135
1199
2175
6264
9094
8801
388
7391
7076
4596
2097
250
4266
5668
238
2624
7566
4001
6334
1134
2466
8092
2732
8843
7128
9089
3603
5072
7231
6040
8609
6377
3941
805
1835
2121
662
9129
9284
5068
6627
5431
2601
3604
5169
6137
3425
2420
1100
4424
4310
2510
547
7971
4011
3484
4078
7321
1416
7990
2204
5363
1393
7197
6004
8073
7520
5654
3672
6205
1954
2762
9333
8894
9996
6849
3019
2502
423
1408
5180
9265
8518
3325
5258
361
5022
7136
444
731
3418
2996
9715
2375
3083
494
939
8578
7921
7264
6164
4098
2683
285
9473
7576
5344
6683
7615
9085
277
6175
1643
1846
588
5824
3581
2504
9467
6881
2109
8806
5521
7779
2122
957
2995
4803
4100
8923
5898
5512
1298
8752
1828
7522
7298
3386
2172
1784
8347
9323
9814
1672
9360
7577
4606
3173
4857
1812
6065
929
1985
345
566
2008
6904
2395
993
8725
2343
2262
1236
6466
119
752
3059
9949
7326
9257
5402
49
8016
9585
6402
8447
3170
1830
4352
8814
9071
7574
7904
2030
6195
2414
1086
6274
3893
2615
7486
3694
4024
4480
6181
2644
499
5328
5059
8645
2811
850
9650
3057
9016
2592
3489
1586
2183
1000
2239
7107
3036
6485
3091
1294
9597
7569
1016
1439
8043
9423
6193
2274
708
5249
4372
3017
6485
3405
2591
1989
2980
5912
3693
7132
6094
6763
7834
68
8714
3569
3140
8865
1448
7117
275
2665
8551
2153
2273
3760
9425
791
4143
8799
991
796
9149
3002
6186
9496
9254
3959
1327
2152
1534
5048
4646
2392
3973
173
9345
7979
1617
9645
6889
978
4185
2919
919
1831
9884
9766
465
4869
6151
4260
9444
78
771
5529
8361
1044
8136
9661
84
9364
5809
3266
2425
4419
2521
8253
9396
3697
6401
8687
1527
1453
91
1666
3301
6703
4093
4141
7005
3383
3100
1425
9369
5839
9200
8918
4121
140
1164
5971
7452
4540
8847
226
6771
5187
1873
4546
158
2276
382
7214
5421
6569
9343
4111
1033
4479
7608
6317
8945
9294
6426
1420
5576
1847
5788
1763
9702
6277
9109
895
3137
2286
2668
9114
8439
1680
9266
3833
2721
9703
8911
2899
3742
1757
8304
8295
8190
2835
6235
4938
4070
6377
3635
3736
1608
8426
1585
3579
9217
825
9458
2507
1111
1644
3460
8504
7774
1056
4184
9256
3084
9574
1498
2628
4021
2621
9414
5087
345
6002
6539
9571
8051
6874
17
9638
5278
5860
99
8627
6374
5327
6836
1712
8553
3738
7100
4482
240
2347
486
1258
9811
2689
7352
6976
8907
6642
5658
5430
4578
3702
6477
7291
6146
9374
1409
4279
4838
6520
705
9320
10000
5966
8120
543
6908
7950
864
9586
3657
6464
4280
1413
1905
9166
9842
4022
6167
3175
8864
1388
1172
2214
8175
8858
7028
8168
2485
2883
5576
2741
3531
8350
9568
802
9027
42
3595
1922
18
5563
6494
2781
513
1361
8170
7380
2028
2772
8689
4515
3107
9570
208
8840
3448
4248
666
1125
2937
743
8748
8942
7340
2090
1380
831
288
673
7535
7086
8462
617
9572
4256
9152
5573
7848
6731
1141
4208
4481
4831
1306
7705
9447
6373
6572
2654
5974
7352
1297
4277
9879
9503
7821
604
2385
6162
4244
1906
1912
5896
7020
2163
3304
4017
1765
1354
4449
7644
4097
5762
6669
8463
6925
3594
3677
1399
3220
6951
8688
6764
1115
1676
465
890
357
8697
1887
9837
5481
9871
7595
9066
6213
4069
1518
5366
2175
1609
223
1566
4745
6849
7970
8863
3973
7871
9193
1526
3229
7526
6900
2220
7544
7790
742
2299
26
7623
1545
4012
195
2469
770
1098
9020
7709
4865
3476
278
2071
3389
969
6625
566
4514
2420
2536
4000
5492
915
4423
2920
9351
6746
7989
2004
2444
3949
539
5089
3667
3779
6834
8730
2544
1991
4286
9852
4647
5404
4813
1310
9199
6584
1912
9229
9257
7401
7714
3810
9109
930
495
1949
4373
2479
5930
9305
8811
2611
3593
3546
7385
3342
2680
7751
3816
3823
6082
2008
1753
3900
9532
7961
8876
5696
768
9894
5804
6710
6214
6432
9780
7779
7599
8823
3710
8968
923
272
9050
3318
2285
6366
5247
7076
8334
4226
1457
8639
5405
7671
4960
833
5969
1787
2380
1081
1989
540
4584
6191
9759
6594
8747
3164
8813
8021
403
3159
306
5558
3874
2125
3875
8900
6624
3995
2172
5682
1079
2273
4653
1250
8162
2709
30
9855
8413
2075
6829
8364
2206
797
3381
4622
8753
7051
4143
2181
6437
9415
4728
1408
5498
581
8081
2949
1537
7758
5883
9716
9792
7111
1444
4671
7607
6206
2636
4828
7171
3502
3470
2537
9340
126
8192
911
1277
3190
3293
8687
7854
1200
8146
4139
2106
2320
1548
5061
2362
2194
4467
2283
3443
8271
7563
8010
7431
5409
2488
2203
3122
1212
1493
1451
4536
9475
5844
4216
6537
6357
7362
4134
8585
7690
2300
1193
624
938
7854
9939
1066
242
6234
9411
9385
7421
6189
6089
1355
3515
2659
3074
1176
7611
5703
7179
4235
7720
5774
596
6251
2350
9908
8807
7676
7163
5005
7315
7770
9353
1969
9792
5792
7782
40
2720
937
1725
2962
182
989
6656
5706
1367
508
595
2299
1010
9992
9442
3494
1710
875
7996
8650
4967
2060
5308
7388
83
7941
5972
6856
7754
8746
2563
5288
6668
5693
432
5980
3541
3060
2841
3030
8313
4563
1852
7180
8982
188
1097
7826
4810
9604
8373
1004
4093
5496
2456
8356
5438
9802
231
1344
4468
14
9747
4689
5777
7211
7225
9210
3104
2179
7486
2103
6267
7224
1328
3168
5281
3857
1020
8137
9985
365
5120
8550
1349
5153
9109
5654
6624
752
8119
6722
1496
336
1898
7032
2933
555
3396
9075
7790
9783
7883
2653
7655
9409
2757
14
1610
7913
6008
7107
152
8122
2601
9791
1112
7795
406
2048
5246
2463
1114
3969
9616
4512
696
6122
3855
9528
7443
4457
202
5193
7025
3245
498
8007
8134
7166
6119
6096
3677
5195
8301
8279
4500
5691
5272
5300
605
6377
2977
2572
1724
8232
1585
752
753
4603
7094
6665
9942
109
7689
5614
1486
2991
2889
1409
3239
2700
7877
30
7345
8937
5781
505
9996
1378
1105
4670
2424
790
7091
4693
6245
1581
9378
6859
4089
2901
8505
1536
4201
1534
1284
606
3543
1550
1277
6744
4881
2685
6231
1991
2203
943
4010
3211
2054
6145
6168
789
2166
5219
7690
9470
9227
3019
3120
8519
1837
7519
7832
1388
7317
7340
1236
4850
114
7420
6655
9877
8125
4585
1446
1077
852
6077
2768
3541
1901
8974
3402
5367
9069
2904
475
753
9015
1240
5983
3773
2534
2737
2125
500
174
4122
9776
8143
4462
1349
6670
940
1823
2793
239
1507
3299
8040
1903
2906
7317
8542
8794
3528
7012
5928
8453
9427
2208
1865
2053
5782
7654
8916
1268
1888
9154
2639
50
9876
1083
2930
7977
507
326
4162
6836
5384
1426
3845
1331
3163
6044
4925
3716
2749
4517
8625
5753
9582
9198
1918
9106
5592
5018
6956
3503
69
4421
5049
5484
84
8053
5062
3890
1716
4535
4175
6382
9929
51
1053
9331
8726
675
658
9818
7335
275
4167
3811
4044
8633
3640
2423
6601
5383
5545
4379
8299
9934
1497
4893
6693
3621
5662
9496
2615
3611
778
3239
1954
7577
5004
7012
8924
3767
5204
4140
7767
2092
6276
2424
5439
186
675
975
1799
1383
4972
7805
3037
5143
7998
4601
1683
3441
1488
3770
6578
3268
1605
984
1687
3632
9879
5554
5647
1665
2185
3997
1352
7942
1980
8693
1303
4555
9124
5712
7591
294
544
4993
7780
3289
8552
7383
7687
7809
7079
232
4658
9187
5693
7939
8944
1432
7637
4499
3992
7269
2158
388
6048
441
3327
8080
4499
6224
6484
1265
2733
5091
3643
1047
7522
1400
3030
9699
5221
1662
3047
760
2175
9128
1768
7816
3129
7127
3553
3454
560
8970
8134
8000
9399
2378
6733
8879
2804
704
2714
1486
2810
2332
3431
2848
7702
9233
9293
9989
1625
7346
3319
65
421
3584
5488
4600
7063
8741
8976
7627
686
3421
1758
1790
6836
5653
866
2219
3789
6233
9170
9440
9583
1511
5148
8400
789
5865
3830
8673
420
4608
6834
8457
484
9602
2202
3200
3156
4472
266
2292
8445
3828
2663
2111
3380
2336
470
4825
3764
3134
9665
170
4403
6765
4576
8540
755
8631
8359
9857
3657
7842
8611
3546
1129
2483
1423
3269
1701
4394
9868
8321
9411
4421
6353
4059
7466
6375
834
726
2246
4458
2174
5172
978
6870
813
1409
2016
3125
3225
6862
5094
3314
9739
1308
920
5794
2357
5378
2583
5987
3529
9419
661
4923
3552
4707
1587
7417
3324
2312
3019
9810
4371
9627
8135
8009
3498
6277
8781
8731
1238
2222
2549
230
9093
7786
6096
2414
5610
7611
9099
4139
310
7652
2481
1612
9149
2052
4417
8694
9850
2043
4132
4289
8088
3458
5347
1006
5584
9715
5703
3089
4898
7690
8964
2436
6091
7383
5458
5192
7008
8970
8608
8377
1526
9625
4953
9026
7724
6072
1454
6372
102
3504
1314
2314
4852
276
1679
4095
567
9419
4467
398
5337
1466
5158
123
8993
4572
8250
9056
1012
7672
1880
2869
5624
306
5834
2722
5258
8720
3317
1259
9851
7583
2855
5502
3118
8439
1318
2912
8022
4862
5497
346
6147
966
7076
4715
1074
6660
7984
8901
73
3917
9280
1958
3300
261
2680
2051
190
2874
1272
1568
8173
5238
251
3083
5505
7220
801
2206
8067
2173
5185
3647
612
2823
5779
1218
1686
3782
9671
1704
5273
7118
9052
9097
8567
7358
6255
1857
7887
6155
647
7393
4693
5788
972
1487
7090
7876
82
2428
8602
2020
1429
4804
6182
117
1918
7572
726
7206
8767
4408
4622
372
9033
7907
1507
590
1586
772
7877
2635
182
8993
9580
4149
2283
3699
4347
877
3174
375
3602
665
861
9343
7233
674
4032
3596
4165
9968
3288
6038
8590
5995
472
2183
9990
3493
9679
8452
9384
71
3740
8507
9080
5306
1891
6491
3445
3146
4741
3015
355
7208
1616
1049
5070
7714
5774
6513
2993
3470
8930
5583
1809
8279
1445
2070
5188
726
3033
8341
5795
3729
4769
1011
7219
7076
1772
2128
3010
818
1798
251
9458
6341
3333
4734
7925
7491
8685
3720
7039
239
1180
8588
8606
5203
5147
642
1593
9784
5657
9379
5719
2562
4605
7926
4099
109
2638
9432
7539
2010
9249
2807
6522
2826
1619
1758
3725
7183
1129
8959
6678
1814
5976
4383
4704
2256
5421
8387
7001
5461
4763
4292
3635
1972
6938
6374
7605
652
3938
9952
9513
8524
4348
2634
6003
2555
823
6216
7325
417
2121
1671
65
3622
9044
7797
8285
318
5701
2132
9757
918
7360
6833
9244
9342
575
9826
4458
550
9387
1791
2814
1375
9473
5266
2899
3190
2321
5987
4978
8332
5796
414
6963
1159
3792
7443
4461
7780
4540
4411
1514
9381
901
1777
3644
8503
4978
4686
6400
1716
3144
6842
1016
797
9353
9174
2756
6286
5170
5507
924
7454
5875
6679
6619
5520
3425
196
2504
9478
8375
9633
1710
5202
7105
4925
3159
9739
3662
2001
4008
8897
6399
2490
9095
6238
6602
232
4430
7936
8221
1940
5274
4586
3967
8302
2650
7865
9884
6721
1383
6703
5999
6847
5857
4511
3662
333
5511
8078
796
4695
2881
2432
1843
7146
9
3592
6191
3432
88
8125
6300
9004
3359
7452
9565
6058
926
4955
5550
1466
6993
2726
8558
5274
2775
89
5296
8616
5348
2231
1197
8628
4691
2736
2612
5773
2589
739
3738
6696
2443
8612
5732
8674
1912
5754
8985
5362
6157
6383
2605
8851
2156
7266
5083
6013
4598
3732
9937
5878
4249
128
976
1535
7183
8581
1636
8830
3653
6476
8923
7061
283
2282
1581
1188
121
8412
1957
6272
6363
1806
1966
8137
3862
6494
9726
331
8476
3887
7015
2013
6248
6148
10000
