337 3
3023
4535
136
240
619
199
9028
6426
3259
670
9928
916
3902
830
2239
6139
9963
6269
2895
9127
8118
2350
1758
5375
2378
8532
1731
4100
4106
731
8256
9351
3831
582
7602
7138
1846
5852
2225
3434
6598
7021
3660
9384
6325
8790
4862
7105
2165
195
4355
4312
901
5772
6450
7965
6010
1184
7775
4747
302
251
2019
1122
9867
844
5914
8657
8776
3985
688
2455
6402
4103
5210
8187
2976
2833
2926
2355
2447
1964
3291
9178
1074
6030
7438
4429
6324
6105
9417
4568
5546
9112
27
4017
2037
4196
1115
9333
3229
7970
1442
1256
2031
8215
1112
3139
7367
7852
2723
9507
6803
9015
4929
6243
3737
2193
1881
1478
6910
716
5993
3743
7479
2576
4029
971
4189
55
2081
2437
9114
8103
1783
9963
3011
8962
739
8794
4033
8426
5933
2349
1399
8274
7324
9533
3307
8555
625
8177
470
1280
9674
3960
7531
9016
2226
44
7575
3917
1579
9980
298
4375
9929
6579
6279
6497
6293
8440
1301
535
42
8738
7044
5509
1364
9040
9696
803
2027
8711
8173
4606
5458
110
8158
7550
2036
9944
2558
4587
8619
2704
2738
3706
548
4233
3408
4285
1102
4101
226
5385
5162
7174
1951
2564
3537
9027
8310
4323
8127
2382
2000
810
6711
4117
73
8699
7324
8966
9674
5886
1632
8390
2351
9945
5820
1171
616
9099
3036
2070
6710
5575
8915
8514
6212
6298
3160
9727
3873
1425
7415
3616
9640
560
4100
1112
543
4382
6702
527
1333
475
3592
2491
7138
1100
8842
7995
4293
5496
1089
1849
3855
635
5370
1500
7324
9646
9623
2877
2135
1351
3127
1954
3416
596
3888
3259
6803
7270
9702
399
5649
4329
3064
260
5065
408
1927
7659
9939
4105
6031
7203
4082
9791
7817
4463
2955
3322
7908
1714
1574
7504
2185
2061
299
2673
5174
3163
8165
3137
599
7768
4316
8435
1451
2921
3416
6971
2135
3767
5988
8870
8051
636
5307
1954
3226
3618
2650
6884
8599
2684
9986
8510
725
8188
4664
4625
5415
461
2204
2982
7357
5878
4729
2621
8516
434
7736
7878
4680
2280
9991
1511
6348
3389
1997
4680
3315
300
3361
432
5108
2028
3424
4393
4099
5236
2760
359
9376
762
1989
4732
7153
8625
3396
4500
5793
1497
1825
8854
2285
1513
2430
9829
1248
968
4117
737
6251
8200
6680
9088
919
9196
6206
9343
6873
462
1011
8799
4650
1178
9908
475
9144
5022
6996
7756
1478
6311
3277
8082
1360
7662
2901
2166
5911
9327
8183
7065
6651
6125
8842
9572
7878
2372
6434
2769
7299
6243
480
7709
9961
7558
1074
1996
6172
3673
6847
6620
1067
6577
705
671
4766
9282
1173
178
3563
4209
3439
7526
1112
3533
6251
6390
5132
8481
469
5484
5609
72
9639
2634
8567
4486
4396
8005
5825
6598
8911
3106
2889
2734
986
5898
2869
44
7183
3302
5792
1804
1216
5679
7154
3944
9956
4591
190
1476
3994
7989
4016
1800
6067
9668
2093
815
5330
1375
3846
2637
6557
830
8106
1194
4780
2726
4196
1506
4451
9812
4256
5334
5572
9244
9803
4290
2878
5303
3398
1286
9889
4950
8416
9162
5814
3739
4995
1369
4830
4676
6254
5755
7792
5665
3476
5399
6540
7054
2017
2050
4963
3001
3443
6756
1589
107
536
1093
8116
197
5164
1045
3114
728
3922
2245
8509
4797
4560
9712
2108
7404
9985
7797
798
2316
1357
9236
682
1704
6051
6237
7052
7769
3442
1235
8139
8140
1755
1525
6166
4255
7028
6449
6897
9376
4861
9025
3953
1629
3675
903
2929
8747
1192
8496
5632
6042
1409
854
6471
3663
5234
5452
4753
4026
7171
968
7881
1848
6130
9582
9409
241
2299
8105
2716
6343
2012
7063
4884
806
5292
5982
1318
2057
8012
1641
6991
2642
4419
2674
5900
2377
2186
3435
8446
2235
383
4125
6205
3902
4490
7144
4863
9760
8184
9185
314
9541
8133
1806
7620
2207
5198
5779
2323
4853
2259
7205
6981
1229
5712
7559
9223
1454
7037
7343
8682
1695
1664
377
5053
4958
2410
3977
2483
9431
1951
6064
1514
8276
9665
1058
4181
9024
7542
8804
4782
9872
500
1981
7878
4227
8977
8165
6009
1432
8074
1152
3420
9489
5196
8131
7392
1543
9148
2201
1337
1949
941
3858
870
4314
7798
3270
5699
2225
6541
7835
3025
1250
7453
650
3833
7368
3496
4827
1324
2540
1091
6729
5261
6006
7994
7298
7213
8171
8708
6291
663
6087
855
1947
1194
6351
7405
6483
6242
1626
9243
9914
5174
56
8112
5776
877
1402
1390
443
4024
1936
8336
1054
1444
4950
9906
995
6766
7988
6014
8605
1575
2867
4698
8452
4618
7242
2574
1092
1753
2055
5531
5292
3137
7048
5625
3981
739
5919
9314
8354
1221
5414
2973
6234
6618
569
847
2136
9324
6600
734
6620
5359
7681
9366
4695
6001
9541
9375
908
55
9944
6413
8487
7082
9912
653
834
4262
3820
580
6164
8288
2280
5680
6723
2837
7660
1862
4078
1949
1012
8991
170
7943
8174
3528
9037
6758
9959
2030
3800
4670
3978
4673
9990
5436
499
7541
3199
9693
5787
3040
7452
2679
2187
817
2100
1265
7090
1296
7209
2729
687
3351
1444
9896
5301
6983
8568
9327
4905
7805
1052
8230
8919
4220
9027
414
5884
9847
4117
2686
3048
2908
64
9051
2768
1962
9826
1536
276
3093
5124
5243
2013
5601
6043
9192
1621
9595
6358
1638
7715
2117
774
8010
5602
9031
1855
8023
9008
4816
3455
8010
8436
6465
7818
1376
5825
4671
9716
4097
9180
4029
5686
2389
5546
9505
3627
5684
6417
4062
6975
8180
1416
2368
7254
4223
2644
1446
7943
9759
5271
7204
6199
8894
7034
2824
6032
1889
84
8186
3940
5097
1839
3714
2728
2562
1531
9748
7275
4924
6104
1443
9253
1694
7674
2405
6073
3425
9209
1109
8257
910
2533
2685
7986
2152
3
6698
1528
9375
3968
964
2556
8093
4071
117
7119
2414
7146
8525
9650
6048
2116
102
2471
8717
6136
5294
8996
642
534
495
2501
7789
7286
1680
4039
302
9050
8394
1570
2583
4532
3442
736
5752
7771
2986
164
5150
6491
1716
8538
3891
6432
6766
5703
1273
5088
6080
1842
1714
2405
5972
9121
4965
8480
8295
4705
4968
4718
8292
8750
6821
9583
9744
8776
8148
2612
1484
7442
5000
7836
1653
9609
2400
4340
5460
8465
5182
5270
3491
3850
947
6681
5680
3586
3563
1991
3085
5447
5185
9807
9599
567
3945
31
3204
3793
8291
7111
3789
3262
4452
9141
2647
885
8460
9972
1342
7307
47
4354
8240
3845
4526
237
3358
1815
200
5101
1350
9616
155
5954
1122
4324
8543
4779
1908
9087
2772
4798
1965
6207
7020
822
5457
2749
5299
9707
6871
1984
3733
4174
4719
8537
3275
6028
3872
1226
2520
305
4842
147
8196
5343
4503
526
8991
4122
2092
4778
9416
2517
2620
5296
4475
9169
59
6226
4615
8767
100
9284
5127
3490
2071
9757
2660
313
6627
6269
4717
1505
1762
5102
7794
703
4213
1183
4689
8052
7506
8877
6860
5951
3485
6584
7907
8454
8412
9170
1685
155
7452
9201
1377
3524
356
6158
1083
9903
9387
1835
6482
2291
9526
3186
4843
841
7559
9805
6061
723
5581
4507
9447
5796
2360
2096
1135
1587
3389
2847
4725
2949
7116
5997
8950
6894
4380
2575
531
2150
9987
4319
1292
5948
2000
9933
7113
5107
205
1404
7319
8749
201
7152
3393
8829
7114
8126
4533
6700
9848
8116
6589
6775
1176
7142
1509
5912
8162
3432
1452
485
1859
7147
887
9925
7796
1522
9781
633
2360
1436
5406
2903
2760
7412
2322
9604
9506
4172
3967
3321
4625
8186
7540
4564
1785
9900
332
9818
6645
2742
6173
8884
1267
6952
8029
3066
9211
9256
5428
626
8122
7918
6583
8127
2806
3771
7265
1517
304
6766
1860
7910
8243
6919
9717
9800
3927
1979
3900
4779
2279
7932
8898
1867
2839
6340
2030
4975
2226
1259
1280
1606
6124
6542
5368
1817
4633
4307
1126
2981
6936
5647
3361
9383
436
530
2663
6507
5419
5357
7242
6658
8437
6020
4000
7268
2973
7712
4937
1116
3099
6309
1967
636
602
36
7306
5535
6220
7742
6986
1247
1363
2056
8468
819
2925
4826
6097
4789
2440
742
6413
5480
469
9142
497
6228
4728
6679
5349
6654
9007
1063
3997
857
4152
2627
6198
7770
290
2390
9797
1349
3913
8737
1614
6697
1110
1789
1609
5292
2945
7585
1259
8198
177
4554
2047
437
5698
7586
2885
9206
3576
9008
6813
7660
6672
8987
9637
6703
489
1686
4685
8868
4979
7168
2082
2247
9610
4700
5436
9212
4306
6837
1587
1458
4108
4633
2477
4895
9076
9047
2665
5026
5180
1509
6204
8040
6422
814
6237
4680
5206
4183
8653
985
3318
7566
1881
3040
5020
3015
1216
3817
5672
8185
4821
3305
6964
6873
4729
7911
886
5647
9122
5590
3111
588
3661
6776
1733
8550
5637
6505
9281
9082
8874
4374
2223
1651
4046
8164
389
3019
2763
6922
1789
55
2814
9773
957
3889
4678
5576
5518
3474
2183
6537
4172
5086
9790
4720
1002
1370
5735
5616
4001
2410
4398
7311
1647
2643
8167
2572
5216
8880
2999
4124
2999
2374
9510
5527
4749
652
2843
58
4661
116
39
4905
8851
8966
5360
506
9283
7189
8220
7908
2639
8081
1681
5852
548
4206
2087
3682
978
9884
5020
2625
2479
3806
7104
2161
7924
7250
8855
4070
5604
3608
7432
5721
1320
4073
3026
6080
7872
5419
3034
8969
2148
2359
4587
9366
9016
9799
1917
5836
2838
437
6562
9112
9001
4516
3290
965
336
1655
8042
6400
1232
7305
7360
5408
500
141
5608
6697
4725
4214
6681
8552
4230
2161
1618
531
2731
8855
4785
4774
704
4537
1
4643
8642
644
5081
5685
2
1431
4847
851
4500
9479
6614
4554
7287
960
568
922
2333
3228
8386
571
1503
1227
5922
2573
7450
9542
4374
1460
936
6829
7889
5294
5840
9830
4982
5933
2442
2027
1120
69
3958
5431
7477
6206
7970
3736
13
5105
7082
5322
6699
8637
1335
6711
8050
2026
1755
1531
9864
1022
811
4313
4648
447
7867
1214
9287
6549
1336
4008
6117
4480
8226
9204
8787
7572
1878
793
689
4430
4364
3155
2895
8814
305
9828
8724
3207
9831
5997
4220
2752
5120
1874
2112
5566
4825
9914
9785
6533
7872
3061
3732
7821
7050
3571
7639
5554
6495
4047
9513
9104
8996
2591
4805
5804
3150
5206
5014
2038
3161
4554
8669
8398
7864
1222
9520
3890
9654
2543
7582
4580
6922
4463
8035
7138
1948
5578
9390
1219
1285
3296
8043
8170
4798
5469
1283
6766
4880
9830
6928
9458
9890
1379
8225
1106
1204
7481
7984
1973
8121
9986
9281
3547
5340
6904
9440
2789
1099
2710
8713
8091
4928
693
9715
5687
6724
6187
9444
3019
4191
3036
9113
9712
4402
1091
8926
9249
7575
5362
6026
6913
1593
3568
2505
8750
3665
5898
4061
2915
7216
9486
245
8326
5317
6278
8136
1793
5319
4057
7422
8346
8995
2047
3621
7597
506
2577
2305
9830
328
4700
2339
1882
7036
1646
8671
1373
4416
2081
7127
4494
5847
9159
7945
9306
4031
2442
1553
2700
8437
8188
4380
5158
887
6441
1620
6747
6549
695
6449
9546
2037
447
4728
3366
8717
8551
7450
6118
6562
9504
6801
6757
901
955
4027
2573
7397
3934
5623
2398
9525
3658
6032
1092
8976
3678
2740
3048
3708
1806
467
4788
14
5441
3931
101
6499
2877
9539
8027
1051
6271
358
3305
1885
8372
8968
3836
5423
8915
7876
2663
7628
7052
822
7950
3286
810
7431
3993
1525
6537
4495
1639
9731
2106
2566
7958
5846
6429
6659
2893
2519
8380
2480
9991
81
871
9795
1259
99
2369
8778
9638
4627
923
984
4457
5826
8
1841
4853
6846
5956
1394
2052
4165
756
7891
9528
2289
2513
4319
5144
4816
2471
784
8741
661
2187
1793
7173
7102
4406
7908
6188
2468
9330
2538
3507
2288
6856
9527
1447
403
930
8878
8732
9984
6820
7335
1774
2484
1465
6289
1664
3769
2012
6470
2029
1630
2026
5749
3597
4085
248
2253
2313
8696
593
9765
447
5873
999
389
5668
1945
5
1855
3017
3067
5318
204
3911
4863
1301
7360
3503
1660
5591
6438
1171
1061
8830
1759
3954
7921
5772
6203
265
3686
3480
7970
7558
704
2731
34
7192
7871
4283
7323
5940
8510
1920
3211
9522
1749
9833
3349
8639
7218
5208
9465
2496
9861
5305
949
6885
1927
3675
1557
8372
6179
3788
714
1279
118
4701
8707
4533
9122
5314
7768
5461
7858
7415
474
1677
3
8077
3862
1975
1153
6925
1735
2881
4531
7370
4407
9669
1406
7309
4754
8271
2216
6052
883
4980
2199
4676
2997
1224
4998
1676
3939
6467
4637
2182
753
5053
7613
1321
1232
876
7861
216
6837
8042
7174
7972
8069
4805
9816
6845
4109
6616
3439
778
6850
1724
418
5546
7965
6872
7637
2391
3138
3541
8825
1719
215
9341
2635
8058
2642
1340
9247
8618
7473
1475
4429
3266
7838
8957
3648
5872
875
4432
1553
5506
2487
8739
1290
5316
7779
4393
9240
748
924
2664
6845
2174
4138
308
5959
6576
9712
7350
2606
1844
2045
2755
9591
3674
8932
2949
4793
7568
8182
2228
2159
5451
3747
5705
2247
4349
1249
1723
7607
7068
3882
5037
9871
6520
6266
9799
1305
5608
8903
5997
5509
9199
8068
2001
7729
5592
9300
7306
5409
2994
1032
2122
9867
8390
9313
3708
7173
891
123
1165
6136
9348
2385
3263
7227
1142
3924
1905
758
8153
9414
5120
6448
2340
461
4348
2276
2443
6210
2236
3050
5568
2899
4011
408
5308
1656
3523
4694
5544
5261
4510
1057
2616
9537
6873
5752
6488
140
2328
3705
5945
4226
3961
8658
3576
1552
9301
2260
5333
2423
9355
8306
1059
8070
1100
7884
3163
1509
5620
9892
4027
4927
5153
5905
5113
520
7852
8732
9183
4289
1784
5130
9460
7348
5923
3530
2041
5545
1381
6780
5161
4491
2730
4395
5890
9299
7146
929
8709
8920
1865
8764
7180
7557
1507
5339
4869
3253
6824
5903
2677
1443
9829
5615
7905
3811
4103
5496
7516
9579
5657
528
8799
7223
594
7574
8835
5686
1976
6543
1904
6667
6585
7585
963
699
824
4088
3126
2203
9633
6217
8307
5790
1034
5810
7523
9672
4055
1612
2137
9904
6035
5503
1857
6451
8111
5019
1023
2034
435
1789
8686
8554
8268
3547
6455
2073
8139
9714
7098
4568
6287
5078
6996
8924
1577
4727
2233
9243
9968
1976
5927
2943
4205
7595
1446
1798
2897
358
8706
6728
8976
9335
2015
2169
2332
5826
7088
9570
1792
8139
3793
9629
3722
2632
3083
2606
9889
5917
5751
3392
8487
4838
1260
2525
2400
7231
6180
1145
3973
1964
3249
6615
1827
4674
3596
6132
6653
7281
1417
4661
3442
9827
663
6632
8568
7183
496
4949
472
6823
7766
5720
3188
430
103
8827
1698
436
7879
3398
7284
9130
6674
4892
1004
8902
1102
78
7739
5517
8645
7285
5289
6364
6664
4142
6087
7308
8285
2529
1143
2188
6701
1904
1809
8201
7835
487
5423
4364
5395
1250
1233
8657
5056
7694
4594
5944
6474
1908
7323
1822
2031
6491
2843
9410
7780
8982
2296
2503
7851
5505
5792
2358
2484
4826
9017
6812
9425
2497
8508
5175
787
8419
2860
1033
7889
3026
9525
7031
2096
3307
8535
6703
5490
8738
2162
6216
439
6234
9080
1483
8482
9737
560
4977
3780
2214
4700
8610
7727
14
3664
5687
3148
4115
9956
434
4253
3543
2211
7284
2912
6986
4198
2644
816
7885
2614
4107
5338
2005
8016
2176
4584
2960
431
4349
7989
1761
4617
7924
5185
8371
6917
6021
2011
1342
648
8541
1117
4829
7911
6363
7075
3916
4066
3051
9397
2439
9643
6001
1907
1718
3138
4491
2918
7553
934
3785
1250
7715
9749
8296
4892
9244
4833
9131
6707
6887
3821
7957
7801
1582
5188
2290
8709
8855
7583
8838
7735
5545
943
416
8316
765
2648
9255
8131
6064
908
487
6733
2580
5240
2482
2294
7246
59
3567
9773
5800
2520
6032
8745
3144
5921
3157
6205
4819
5592
4606
7458
518
5817
3173
4235
8323
6144
9277
7222
153
2501
8965
814
5416
5928
6929
2430
8869
257
715
2483
4151
8425
1033
3509
1790
7001
5414
9456
8617
1396
1406
837
9790
1342
1218
8074
122
1208
2111
9547
4419
5646
9320
5845
776
8049
57
6516
772
1927
2025
379
1804
1201
1506
6774
4437
1398
2817
4328
5312
2460
5034
1444
8723
678
6038
9742
154
1298
702
2344
5334
3583
7254
3970
1473
296
6742
7063
1496
9352
2841
7741
1348
4682
8619
8338
7115
922
7486
5423
3761
3177
2204
4555
4558
4762
244
2355
7905
7856
1032
7974
6777
8396
8537
7779
2403
5530
3835
2761
9749
5653
7517
2053
4692
4095
3816
353
6023
6867
1603
4375
1074
398
4380
3980
1943
5078
9284
1595
9411
954
4478
1147
7269
4416
1770
6890
2897
9064
4641
6362
6116
8972
7059
3364
4769
2657
4992
2860
7534
4899
2955
495
5391
2375
6707
9706
2934
4713
8669
5287
1735
3130
9923
7229
2738
4818
1154
6897
2662
4848
8914
6793
8591
755
4252
6634
6
9456
6491
8251
9895
2936
2155
5659
8637
4285
3546
1307
8694
6246
3981
9349
199
1079
9936
5641
6519
3321
9251
2129
3077
2054
5622
9810
9806
1297
5770
9383
2619
8797
9108
4037
3231
7734
5419
2179
996
1000
4005
718
6091
6619
4694
1846
3914
1193
6302
9221
3820
4192
394
8419
369
4018
5715
9051
2565
3136
2824
9576
5848
6391
8382
2851
604
3832
6262
6640
3678
9850
8109
3284
1102
5031
7585
6171
7484
4025
2786
393
24
5006
49
332
9025
8239
3827
7745
4318
7656
7757
9444
1190
400
773
9679
6951
1844
9328
4361
1679
1266
5100
8410
7113
2283
9496
6159
4830
9822
6839
10000
