644 72
6509
1178
9022
4674
9339
2533
1619
4018
209
9955
9465
3156
4723
156
7379
5696
6563
6632
5493
6437
6201
8917
4914
8665
5634
7145
2605
2993
5125
7416
2815
3322
3667
8527
4130
4679
9783
4121
6731
227
8188
813
1452
6679
650
6744
6111
1562
5512
1778
4929
7947
9085
7213
9939
1599
4040
3203
6782
409
6290
3715
8903
4236
2718
5923
1907
4832
204
2152
1020
2067
9765
3226
4488
4390
2661
5316
300
2754
6552
8565
9762
5308
7872
3593
5024
7997
5584
9910
3293
3101
2664
6805
4598
210
457
5649
5403
346
2100
4805
6033
5868
5846
9904
6931
4931
1311
5807
8984
2069
8422
5555
1849
7727
1431
7942
7652
6372
3972
4341
157
6265
1323
1943
1256
9847
2038
1488
4225
8892
3413
6435
5185
1270
2935
3995
8165
8346
4667
4332
5833
8382
4399
4517
5779
8574
2314
791
9943
257
5741
9547
8124
7552
264
2276
401
2289
7157
8726
9001
5066
1305
986
2067
3992
3134
1214
8597
1604
8948
3828
7459
6639
1653
8724
9928
8146
6761
2264
1425
2024
5789
79
4492
8781
9462
8830
8200
2760
9398
5855
3089
4868
2151
291
4910
7530
5845
4952
4127
1368
5120
2354
6820
9572
9128
182
3694
9199
1282
3134
9034
6296
6321
6462
4824
1461
8108
2222
9932
1498
9649
8401
9167
2281
1540
5768
3821
8693
8835
8394
9977
3996
601
8618
9810
5983
6893
2406
268
3123
547
3761
4344
2065
2371
9015
5704
8501
1842
8192
6574
345
8869
624
8170
7160
8751
9486
1846
7598
2702
7935
9624
7
2021
8151
4197
9698
7850
4876
8334
9295
3968
2392
3574
3343
102
2971
4739
5267
8289
7595
8218
1690
9141
9996
2057
4581
5037
5868
1138
4912
880
1472
2040
1319
2463
4370
7925
6139
7736
1342
360
5727
7410
6864
346
7449
2980
8890
562
4055
1516
9172
5126
173
2616
8250
1049
1018
3635
1693
6792
1846
6867
8403
2753
7840
6988
1340
3574
5752
5117
4292
2609
121
420
5660
2927
5014
67
5009
5594
4086
2049
1254
2202
4806
1515
1388
4682
5408
1466
1623
3008
1214
2525
4096
1078
873
7107
7189
5606
5053
1396
2184
4072
7113
7294
9623
9752
4450
495
3831
4985
1513
9624
2823
8991
9614
6420
5858
2458
843
4667
2677
1397
2556
2549
8192
9061
8652
8017
690
8650
8345
805
7745
3054
1025
1538
1944
1133
3009
1757
6598
3203
6651
3191
2448
9678
4699
745
5135
433
116
5824
9755
6506
2544
1700
3532
2532
9103
2426
8505
1978
8764
5942
9671
6126
7585
7585
6470
9262
5725
8650
8817
5742
9508
3684
6584
1387
7945
737
5904
5686
7415
2268
112
9227
100
340
9996
3881
4315
6727
4116
9506
7233
3939
927
8112
7736
7370
6633
2027
3707
9862
9202
823
9784
2955
1274
7588
6074
2712
1880
6320
9385
2253
597
622
226
4426
3428
8223
3308
6526
8893
5315
5219
5823
7688
7627
1061
3754
986
9197
3080
3088
7972
5987
8579
7602
5977
7449
826
1347
2751
8697
9602
6009
6998
9165
1231
9983
8417
7228
320
1116
2089
2603
3027
9922
3155
1546
2365
1577
3202
2414
1574
5449
6844
4268
9451
671
6976
6489
18
4154
6943
5733
8568
5748
3636
7964
1972
5868
1047
825
2700
7301
5312
268
3218
7399
3741
6063
7848
7660
4838
3495
9173
3072
6275
5254
2886
1662
5674
395
4775
5944
1617
5838
8186
4604
8245
4774
1850
9303
8912
2732
8542
2803
5289
790
2719
2248
122
4568
3406
6975
7041
8895
7461
3210
5458
1263
769
2052
6888
7794
6768
2659
8204
8447
8343
452
3678
1990
3578
4810
2804
2160
4578
7325
8337
5114
7947
9593
1715
2538
1864
2009
8842
2476
3042
5952
5088
6696
208
9771
6730
8126
5451
306
1338
6782
7564
7623
5145
4942
5944
8041
554
4876
9998
9785
4188
530
9684
9090
3907
942
2972
4461
1626
2743
8597
4216
7361
5918
9708
1958
254
2062
1881
493
5453
5089
1300
6891
2972
8072
5518
6419
3198
7669
5388
2787
2162
4503
8204
8763
6352
7305
3412
4188
7430
77
7348
3754
4918
9849
4703
9446
3814
3859
9369
2128
2659
8639
224
1016
2609
3229
2179
4025
8803
56
3796
3679
9466
9138
8149
6702
7441
9113
9558
1319
2346
3324
8596
5918
2958
429
3087
571
7174
3470
62
5247
4865
8197
6411
6442
9092
2434
3589
9480
8642
3642
2430
731
128
3945
9176
6595
4301
8703
6414
9671
1415
2148
3893
9360
7126
627
6914
1828
2453
2728
9425
7189
7183
1081
6095
1590
3636
4053
1779
6997
8259
2756
8193
2485
1595
3077
4253
7728
2800
5611
9743
6742
8207
1914
1925
3859
4566
8906
2404
9987
6892
5342
695
6419
3464
5635
736
4100
1519
2154
8267
6392
6401
8285
4915
112
3665
857
2425
6687
303
4220
1171
7546
2468
7098
8101
6500
6690
3040
8236
9970
83
7955
7664
3179
7359
8457
427
823
5902
2682
645
7548
8850
9372
7826
5055
8491
7959
4989
1189
2916
6114
4788
8013
9068
7877
9433
5492
8119
6308
4482
1445
9506
9088
191
4366
7426
7175
483
9537
5063
6222
2582
5943
122
654
141
5209
6111
7986
7609
3487
8245
4961
8842
6054
6932
774
3481
819
7737
3003
6444
5006
4992
4669
1452
1412
4788
3201
7619
2758
5168
3530
8294
9889
7944
1620
949
4918
8919
1951
966
9728
2631
9920
4040
8796
1168
2487
1115
9123
403
1215
817
8750
4260
5268
5166
8587
3775
6209
5477
2220
1972
6
9775
531
4307
8955
1791
4977
1661
5511
9055
593
5629
1177
2490
7050
3709
4351
8223
1580
5244
52
1229
4461
1852
8859
5599
1283
218
9662
2922
8873
9113
161
5097
7378
5469
5898
3907
925
2500
3431
9178
2366
9348
2706
5993
6374
9900
5110
5057
2205
7355
6884
8233
3140
8489
8059
326
9436
8687
2512
4690
1820
2582
4205
5642
4472
8132
6713
2694
9224
891
6178
9185
6924
6343
1209
6040
6008
6381
913
1363
6134
572
7340
4839
5002
1717
125
236
4104
2484
273
735
3207
3496
1461
572
6989
6028
6688
483
1076
8002
3330
2998
1744
671
8239
2758
7175
8737
7022
8490
5809
5761
6364
5459
6712
4202
5254
9525
3650
9185
6711
5181
6099
849
1423
5128
7403
8863
2133
9296
1374
760
7404
9562
1606
5126
5310
7028
7548
9379
4397
5563
6506
6995
4399
4197
1385
3729
2750
7407
4801
9568
9385
1840
7244
3230
992
5091
6552
5077
385
2551
4223
7808
7261
9420
6887
6769
7727
2831
1247
5834
349
5025
1859
4320
2910
2084
9648
8733
6561
1937
4348
8680
8580
5924
3668
9875
3415
2324
8107
4616
7039
8895
8474
1842
4699
5371
3560
8631
1818
9375
4378
752
5124
2626
5576
343
4386
7082
280
1706
804
4479
4684
304
6666
5104
550
6844
7641
936
8571
1691
1475
5602
3895
3450
6157
9052
433
2482
7701
2793
2255
1901
841
1896
1427
2584
2338
4076
9573
1325
7008
4180
8266
6962
1508
3979
5053
3613
4494
6646
1751
954
4103
5174
2239
8333
2715
2647
6383
1595
986
6149
1119
4935
7031
2444
7077
8361
4068
7651
1971
321
8570
3496
5916
2676
9231
4074
3550
9247
4970
5714
8110
1325
6352
1507
8944
4549
2862
1652
8644
7979
1074
6668
7482
5094
626
7188
1964
959
5137
6551
6669
2078
3536
960
5758
7441
2508
8317
1631
5166
6413
4949
9884
5993
5148
960
4187
806
9727
9342
7287
7907
1154
8506
6010
5506
3203
6824
6654
5172
9365
6448
2069
5098
2884
120
7043
5518
9514
7619
1339
3438
4630
1706
4908
8585
6734
1288
7368
2637
3842
7831
9687
8099
9910
1038
3354
1652
978
893
1778
1760
9888
2710
5796
237
6705
600
6325
9906
2205
8764
3929
1252
9014
9415
9378
9763
2848
2702
6036
3458
385
4252
4341
2305
9811
9513
5377
4134
341
1186
803
8521
9810
4868
9155
3472
2496
8101
5756
2341
6333
3755
9872
9857
4654
9285
9558
6160
9018
4051
784
7334
9177
4579
7056
5775
4354
1633
7157
1436
4028
1099
5557
923
1550
2142
2666
5899
7927
3335
320
531
3138
8762
3323
9445
8521
1368
4546
5912
9027
4933
4830
2391
202
2564
4759
4205
823
7561
222
1633
3238
1807
2405
7004
5791
3451
8835
968
2540
5862
600
6452
7654
9646
5950
4267
2223
7968
9037
5891
450
817
4429
7406
5329
8037
8922
320
9234
6093
5318
3451
5521
7801
1606
5236
4234
6344
6611
5545
523
253
7246
3579
5935
900
7574
9227
7542
2990
555
4470
6357
6865
6759
6272
3829
5843
9374
5583
8916
8484
9638
2437
1359
4110
721
1127
9609
3594
4162
7789
6236
7157
6504
8598
5060
7776
5526
1579
5369
8126
3935
3232
1898
694
5447
5239
2380
9667
8778
7429
7462
149
5121
319
350
9082
145
630
5666
2137
6106
2038
5909
530
4691
5223
368
1388
823
936
2300
8373
661
3556
9426
8561
8866
8440
2304
3742
2632
324
7957
3436
1861
123
2261
7134
5868
2255
4416
5838
6275
9457
5951
7644
9248
377
986
8077
3699
7558
8509
2041
1230
24
609
1937
9073
2364
9560
5609
2030
9180
5570
382
228
8286
1499
4938
9479
9426
1659
8254
481
9093
4642
3548
4920
5252
9831
49
833
1292
2638
2458
2794
8728
8143
3701
105
5854
7516
592
5369
5935
5435
2721
1513
3597
2644
3536
7106
5363
6983
4342
5459
7879
435
6604
9288
7009
9781
3032
890
7111
9676
7321
4279
1724
214
9185
6923
5637
4182
90
4937
1267
9238
817
3454
9971
9390
6220
1531
9261
2705
4281
5451
2337
3662
1247
5524
7077
8566
3091
8981
7867
4780
3811
2973
5340
4331
5118
4757
6324
4974
8814
7562
9065
9690
7495
8538
6437
2830
5122
7315
4578
461
9649
5619
6875
2058
6933
9640
92
3879
7043
9434
1533
518
3483
4527
7404
727
7926
6998
9354
2711
9251
2903
241
7760
8036
5697
4382
7003
157
139
5217
147
8952
3107
8252
765
4717
3239
487
2731
338
3025
2909
4098
140
9130
8952
3429
3725
1776
6810
2095
9971
4513
1688
972
3590
319
310
9521
4550
2992
4877
7152
388
1510
1114
6804
7910
760
7610
7628
887
5280
205
4602
6428
8097
5286
248
33
912
3134
5229
7318
4953
1795
6815
531
7005
1378
6468
4835
7225
465
6183
9088
9165
6935
127
8662
3947
6129
2100
763
9876
1225
4051
6
7284
7681
4494
2353
970
651
4389
6482
3438
457
7624
9398
9568
1563
271
858
7019
3153
7443
9868
2566
3359
9805
2431
8432
1160
699
6203
7999
4421
3576
143
6435
4444
6026
6528
9433
8512
962
7666
3725
773
5700
417
1040
2730
9061
248
6625
7321
4921
6185
5717
7630
2308
6934
4386
6556
4535
8663
1760
5066
7246
1120
2601
4323
2965
1918
5765
6514
6508
9914
7933
111
9897
7985
903
9098
4549
9472
5891
1617
3633
9481
3543
6575
1517
7013
7580
3197
206
1002
777
9089
8239
530
5663
334
4456
9283
8646
2340
9993
7287
5480
7341
7328
6186
7853
5532
4146
12
262
3425
4087
9832
5713
7672
1482
4239
2144
5176
2574
3007
8354
2003
9907
9279
3866
6996
665
778
5969
500
9492
2685
9682
4538
8895
3272
9800
3728
7143
6665
5253
4397
6111
7006
8345
3519
2602
7315
9515
8086
5818
6922
1478
9974
240
1578
2756
7561
2785
1021
9314
8917
3253
9556
5623
3575
994
7186
1105
8791
234
3063
9209
6625
2261
3230
4010
6305
8211
1665
9488
9019
9611
6387
1885
8755
1876
2190
3480
8494
268
4321
5006
9572
2462
9127
2281
4005
9341
2799
8112
2652
7523
623
8838
6469
4412
2131
7258
1630
3517
9852
9165
1041
1883
4741
7760
1985
7616
1951
2779
6051
9117
9149
5820
5097
9120
8700
3175
5173
2378
1910
846
7894
2219
8544
917
4558
7168
1497
6323
6392
3904
6684
4006
4254
9887
2245
6499
5659
2142
3948
227
2464
3596
905
8216
8773
3694
8892
182
9635
5104
3249
1314
6685
3241
7625
2290
4725
1687
7105
1420
6432
9394
285
2308
6431
3602
8859
1953
887
308
2873
8235
3172
6228
1919
633
5177
8527
859
8015
1446
775
2472
738
6318
5848
920
928
2308
152
599
1980
4414
4651
7617
5200
7911
9562
3171
9954
9435
3314
3965
2040
643
3323
1447
3493
5063
604
3546
4216
6166
3673
4928
4027
4730
1002
325
4872
1379
238
8851
1119
8125
8983
7894
6640
9472
2557
1761
2777
7121
822
3009
6953
8852
2218
5675
901
8777
4319
261
1928
8091
9101
7365
830
9452
6013
1043
9462
279
3411
124
6696
468
9100
1935
3423
6160
5642
2607
9156
418
8849
6335
2172
4974
1272
3246
6177
1781
8704
1039
1596
251
3387
8989
1723
3131
1125
530
3933
555
7688
5146
256
2233
9121
5575
703
8997
1184
613
7035
3683
6339
6349
8673
7693
7103
4202
1856
4663
195
281
4792
4419
6649
3170
2021
3537
8461
3378
4823
8024
3817
6040
2562
3800
572
725
8177
6031
1520
3143
6339
8095
1353
6001
8556
9956
117
8278
6927
358
2643
7407
390
6630
7263
5735
6259
3556
7548
3663
1500
9999
9101
151
6355
3430
1324
9844
6663
5755
1067
6195
677
5485
4890
8792
1223
5153
1746
9373
2352
5222
1767
7910
5630
8893
1863
1147
9888
1197
5320
4303
8935
4240
6333
3462
5294
1742
481
8695
9816
929
6972
8223
8408
36
9819
1526
7208
6472
1680
1077
8316
6899
697
7832
578
1952
875
9089
342
6821
3354
5998
7690
8304
4863
1643
552
3
7962
3594
8591
5816
170
4610
8805
3819
3656
4326
4344
305
3397
6677
5917
9219
9968
3758
2610
8059
8512
3408
2565
8674
7868
5521
5634
5717
9537
2828
6985
6306
2150
6930
5074
3413
2622
433
359
5727
1320
619
3297
7316
1400
855
3769
2832
4754
1115
7462
959
4478
2116
1360
7357
2483
2957
1762
8745
1747
6546
8665
9390
5016
8873
8652
2691
4547
2169
9073
8068
7906
8853
5863
1371
8452
7989
1402
9040
7642
347
6464
7613
2271
2918
100
8590
5466
3408
9609
8388
1154
2020
3348
7587
6992
2901
7073
4125
5482
3220
9101
2738
4849
1842
8372
607
8336
2146
3095
8733
3088
5207
1019
4772
9175
5975
4785
5979
2489
816
3833
7151
8435
2637
6302
7114
4857
5810
8155
9688
4928
4978
9345
9523
2054
1890
5520
7426
1391
1562
9574
687
1253
5523
5360
9633
5203
7318
8923
9953
6628
2433
1929
9040
5295
1476
3712
2067
5563
7698
2548
2856
1705
1937
9627
555
3009
139
2068
1905
7924
4162
2485
1560
3116
8907
9319
3658
9688
965
9708
4355
2839
528
5929
4032
1696
1311
6513
610
3469
6450
6499
314
129
3816
42
329
6901
1043
1143
3923
3084
2035
6517
2074
883
6278
5558
9815
220
9572
6314
5385
6247
3444
1756
3608
1390
6312
6556
9846
4807
6024
1852
3015
8304
7261
6080
6750
2027
6838
5937
9328
1989
6965
1746
1890
347
4633
2339
1507
2652
1010
4367
8831
3853
2837
8166
748
1919
3110
438
8171
3220
924
522
644
5354
3082
736
1781
4095
8598
2474
2704
3542
7663
2996
9205
231
5985
2462
4705
6621
1792
8705
8364
67
3673
8453
4409
9080
2496
1209
7400
2518
8968
4488
4394
8668
1782
6222
8041
8980
9648
2378
140
439
4238
4304
1152
6670
3952
5383
3056
24
3647
617
8307
6705
8697
7040
5044
4167
2193
1129
1700
2860
1278
6858
1424
2184
792
2905
3260
4435
4921
104
9225
3632
4789
3393
4462
7672
4403
2331
2
7316
2472
3376
7043
220
3967
8415
1847
7794
6850
6148
359
106
3999
808
3165
2571
1708
1429
294
5621
4365
176
755
7863
8811
9968
8215
3123
2048
5664
4958
8441
8327
6699
3600
4478
1617
5431
8278
6066
3573
6958
5019
4758
4878
2347
4252
3054
8582
3355
8823
2337
9533
8245
5324
3366
7198
2943
6614
1373
9378
570
546
4368
3725
6758
2132
7981
1559
8243
1004
1642
870
703
2439
3662
2207
314
3590
7878
6864
2227
1936
1791
1464
7263
1202
6932
1597
4925
1743
4359
4957
6779
9187
9858
2585
1702
1908
1110
9785
2601
8195
9913
6940
8212
31
2133
6532
6386
1582
2313
4465
5273
7850
8598
2804
252
3692
845
6762
3262
5281
4183
663
673
9269
691
1279
6132
1787
2712
63
9859
9521
5585
6909
7822
9268
4596
5532
596
1842
7125
3457
7230
1598
6482
6744
6893
9600
6706
2664
8987
2313
3122
3391
3178
2393
8146
7581
1099
1279
9687
2240
1431
3390
8862
69
1558
2264
2883
9138
285
7779
2396
5606
3755
1634
2104
7018
3104
1699
8848
6207
2349
4758
5328
8873
811
2718
2815
4483
5164
2248
162
3944
4335
2478
967
5405
5130
1793
3467
590
1154
478
939
4077
9725
469
6769
7911
4232
8743
5389
1221
2812
9649
9595
3387
5692
2082
790
6380
2277
8913
4145
1641
8418
7138
9683
1592
8990
1918
228
6443
8973
8059
4886
4491
1990
9559
3654
9781
7392
6508
8239
2935
1821
1902
2124
3761
7242
2119
1949
7359
3900
3375
753
4052
6360
281
5515
1473
2808
5646
4453
9324
5107
7377
1860
9402
1091
4416
1641
3529
829
9513
2036
4568
1740
1558
6522
129
8773
2141
1663
2903
5179
2857
2040
4263
3675
8032
8293
4816
9940
7281
9303
6876
992
4023
7748
8285
9547
5678
428
3373
90
5484
3503
5203
2443
8246
1035
5939
5370
1256
1859
3724
6005
6937
4702
381
4239
5247
571
1082
5718
4540
5347
2820
9191
2328
7751
4785
6325
4629
942
1308
9087
1941
2089
6386
9196
2238
1320
5183
3249
7309
2721
4690
7190
7546
2839
1058
1995
1052
1462
3899
1928
260
3325
4185
4037
888
9801
2237
2375
2141
459
8169
1794
4086
8271
2117
301
6171
4907
2399
8691
1352
8224
7603
1525
29
9667
1019
8192
545
1099
6583
9571
4103
3090
1313
994
4271
8384
3670
2333
4208
3660
2573
5024
6912
1839
2269
4986
7793
2264
966
6338
1471
599
8425
1019
3794
4097
5537
7965
3089
7875
6619
6095
1910
7429
6798
1123
5784
6244
3512
2811
4709
2633
3684
6712
8623
2554
1934
8925
4447
203
6515
5372
8958
339
5577
4127
1658
1393
3194
3758
8493
8442
1179
931
816
8242
364
5550
7468
9916
8648
4110
9875
9637
9506
9336
4452
9492
369
2537
6887
8477
6281
6104
2134
7254
1645
1286
8799
2517
3121
3609
6357
8770
4370
2725
4137
7600
1227
2707
8398
8661
7362
4040
8293
3277
291
967
79
7221
6525
7165
5458
1475
5280
1674
9767
3883
8907
3856
7213
2012
521
8392
2258
324
7222
3807
2012
2214
205
7681
8091
3826
394
8565
1965
5096
666
2513
8212
4101
3515
1657
2859
997
9076
2528
417
9321
1037
701
7845
5654
5616
1808
7744
2829
459
5723
7995
6204
369
7334
3094
2252
8183
5631
4186
1277
271
6007
4766
9518
6911
3022
5206
3480
9305
238
5858
8153
6938
4377
2932
2798
7467
398
8630
5327
3443
1999
9701
5566
9161
6889
5931
1802
7030
7927
4433
5411
9295
5253
5455
1109
917
5773
2670
7243
8151
3678
9357
8757
4140
6650
8130
2974
2915
9060
2230
9589
3518
2610
8156
9229
3506
7166
7857
8600
1228
6300
4534
197
1232
7951
3669
310
2199
876
8842
770
8344
85
160
3297
5400
5737
8678
351
7644
7232
6306
1175
9430
6749
3979
5238
1936
6291
1632
2557
9233
9105
3146
1275
8424
3572
9830
2337
4347
220
6895
9957
5925
6766
4544
2197
4873
1838
7705
2034
9587
5479
8412
9437
6852
7290
2908
1806
3531
3514
1519
140
3661
5617
5101
8923
5456
8247
3097
2377
645
3199
5130
2573
244
3858
4754
4140
9171
1601
3454
8711
5519
7199
2075
9215
1150
4621
8565
1789
5149
2625
4987
7780
9592
9858
2058
8061
5761
2639
1366
7696
5779
5661
9728
3794
3964
9861
1776
4363
6304
8125
6530
9535
2760
3092
9562
1907
1855
47
6924
9921
9726
8541
9300
1221
733
6768
3560
1015
549
3016
1271
1054
6888
7137
6458
6205
292
578
2568
3597
3977
9252
9887
7242
1942
4987
1871
7170
955
4093
9083
3867
740
6245
2167
1711
1549
1563
4271
1991
2635
1237
947
1769
2512
1903
8978
7027
217
175
6648
6361
6824
3746
9893
3032
7006
4779
4274
2918
9072
2023
1257
3176
4985
6320
8328
4279
9607
2086
8442
8128
1558
6470
7266
1885
6416
7922
8828
893
803
2887
8446
963
1933
2352
6980
4455
9674
4432
5246
856
2048
7261
2015
7561
9797
6651
2964
4980
7696
1982
974
2910
1225
9005
5838
7235
994
5136
4370
7075
7956
1308
9427
8442
2266
7794
2225
1993
4979
4273
294
9241
9895
737
7814
3087
5824
6250
8291
895
2769
7524
1890
8291
6091
9201
6538
205
1102
7173
7387
6720
7065
2572
2553
6388
8768
6480
1827
5244
1267
4694
5370
3528
9545
9836
7461
1516
9790
4198
8022
125
4239
5257
8036
9806
5624
252
5215
5913
1287
2404
6480
6679
5127
2177
3999
6182
1021
1271
7106
3974
2957
4452
8983
4025
4866
5623
4884
9257
668
2406
6318
9036
148
2649
9671
8687
899
949
3690
6028
1967
5653
904
148
9685
6746
4203
4697
6593
9771
8968
2591
2249
2372
4558
1001
9414
1147
1897
1823
9042
5622
7132
7774
1002
9149
9409
2519
774
7385
815
479
4310
2662
9502
3260
3297
1910
5105
2596
8922
503
6204
2910
1891
7345
8082
6809
8146
8672
9904
7670
3269
4186
4862
7518
1467
3415
2220
4584
4650
6779
1414
219
8120
2215
9000
1259
127
7195
4620
8804
3902
2270
5492
4153
7940
6626
5982
3766
1240
6909
8190
9892
5023
1276
3702
7700
1430
7799
5430
7276
5239
9185
1814
2754
5655
5719
1244
2325
4886
9427
9397
6027
4358
9260
3098
4653
2527
300
8954
743
7511
6553
1162
3460
9287
5664
8289
1542
9417
9390
2540
3161
1329
9194
1550
5556
577
2092
3204
6516
62
6560
352
8004
2807
408
408
2914
8334
1290
6429
401
993
1980
2817
3517
1587
3427
288
528
877
6203
5585
6683
6727
8054
9950
5414
6240
2234
1433
1294
1458
1088
1612
6725
399
1100
9457
7610
5818
5347
9341
8130
7122
6786
565
2612
8000
9004
1813
9929
3720
3760
5540
2453
4075
8788
9553
140
5687
5197
3139
6000
8186
1100
7097
5211
9038
1467
6340
6530
1515
1054
4596
5870
1023
9309
8644
2405
674
9664
4770
6036
19
1268
7444
6963
3800
2777
4398
3044
8893
4781
643
2908
2668
5814
8404
266
964
9795
3330
7631
5273
2597
3368
9354
7520
6041
9169
4729
2306
5513
7038
3405
1540
1623
9749
6875
9640
7005
7262
1221
7230
1233
334
6174
638
8986
4165
2486
1940
9113
2292
747
7482
6990
37
4279
64
8224
2147
1585
3372
9488
2468
7613
4213
7992
492
725
1404
1285
2423
5556
7294
6785
304
4588
5611
2731
1746
2431
6358
1667
4680
5887
1844
1315
3250
1187
7335
9075
1643
1325
8719
7357
9180
8026
3659
8933
74
4459
3923
2734
133
2427
7080
7348
7177
7119
4412
6474
7253
9980
5540
3390
8125
7697
7080
1019
3157
590
4937
9968
663
8000
9916
3252
4026
2268
6900
7750
2303
1427
865
6833
2145
4769
1510
818
3755
4605
9942
759
8290
6032
7736
4957
1556
5465
6278
1615
5878
2313
2639
9789
9042
2005
135
5844
2601
1755
8944
9727
7813
9622
3680
4656
7243
3773
7964
8776
2433
8063
2881
3441
8438
9751
3653
729
79
5888
7543
6979
9037
8913
4374
1106
8966
9442
5864
7695
9235
3395
669
3832
2358
4441
7128
7351
9123
8890
7986
7544
7956
7615
7225
731
2775
4084
8164
4284
8392
301
9527
5525
6229
6735
9297
8471
507
5518
1365
5903
9758
3413
5412
5486
9579
3161
9281
8894
4044
3359
7283
7133
2957
3557
274
1675
651
7478
303
8413
3544
214
9719
6793
8082
8679
726
116
1622
2852
1451
5932
1502
766
6201
4853
8232
3227
1519
1624
4238
1444
4021
9533
717
6358
2644
5389
1854
4929
8800
2357
3236
3482
7864
392
8429
3136
3380
9024
2623
1466
9774
6077
5012
963
227
3016
9430
6728
3007
2420
5143
1198
528
3183
5812
5596
2730
3818
3205
9694
2074
105
7525
3659
8075
1531
2607
6760
7199
9093
644
6026
5001
4702
621
5009
8848
8571
9407
391
8984
9289
1993
3402
8827
2975
6232
1020
5001
7272
264
8817
2710
3798
6053
6179
6714
5482
4691
5522
3520
6204
1766
8602
4641
8531
6347
3224
5875
1032
9513
8355
2466
3066
5995
8157
2336
5779
7852
4259
4476
8892
4561
2075
222
5854
9116
1114
6223
5883
3020
8120
6141
982
6129
5905
3983
7123
7235
5897
2052
1894
6220
2159
8082
4660
1564
1056
9702
4916
606
4344
9480
9123
1894
4089
1052
4079
2126
8711
2352
6437
1907
9810
256
9446
1755
9290
1628
7339
9834
5397
2284
9104
8355
5223
2706
571
2910
1483
8199
2920
7844
480
8887
6772
4032
6684
1332
9323
88
1091
1396
3683
4402
4102
6286
7882
1791
282
9487
7166
6663
6823
8405
9819
2626
1135
6526
137
7452
9846
327
1543
5268
3749
4880
6244
4247
8233
4127
5056
5889
547
2964
6991
5055
5534
515
3503
4498
9518
14
4662
6217
9063
1940
416
866
5364
8568
2762
6874
7573
9988
6223
938
2636
2954
9248
4547
903
6663
7794
301
8484
7208
4091
7156
9667
4455
5502
3259
3335
6215
715
6786
4795
1347
3722
4493
3546
2875
1741
6068
1591
3534
9903
795
7506
6386
5851
8445
5118
8622
4968
921
9242
4827
2786
5495
5849
9309
2282
3812
4417
9932
9048
7099
2188
2009
4541
2811
3195
2333
2145
4194
8144
8723
6451
3136
1659
7290
8958
8186
2324
8324
462
5996
6274
5360
3708
3600
8924
2147
5938
7014
5622
8023
1741
157
440
3471
4128
3009
1997
4841
4639
1914
1733
3002
8948
4144
7506
5563
1539
4756
2231
9309
140
8891
8733
3362
322
970
7524
795
3304
8840
7210
659
5421
7697
827
7740
2956
1865
6750
7139
1018
3095
2357
748
2456
9589
7631
1649
2162
642
8332
2046
1845
5325
2118
9466
1692
6904
4069
8948
7667
386
1319
6851
600
188
9063
982
5181
1276
9950
984
378
1401
6565
8796
8488
3127
2020
4831
4994
7069
7912
5639
4341
3376
2104
4845
2478
5608
6476
2754
3235
635
3027
7859
5095
6844
178
3532
9704
1026
441
9739
4651
5413
1931
2613
2239
6298
9779
9408
4267
1231
3750
7177
8372
9002
9001
6755
1879
6619
9212
8060
7255
8154
3752
3785
2320
3904
5760
941
1876
6015
7
9015
1362
9033
1524
7361
9183
7466
2940
5755
9812
7357
2414
5149
3896
6046
3294
7464
2987
4385
2240
2107
9599
3869
7855
8044
2994
5289
7356
7402
3499
734
2305
3267
871
6606
496
7896
180
8412
8184
4793
1528
5646
8729
4974
88
5178
4579
8080
8959
5915
9314
4599
413
4884
1566
9063
8962
7479
3069
2321
8355
7561
1162
4730
3608
3982
1198
5998
3605
4974
1300
753
442
5036
4076
1761
9809
7716
2622
257
256
1427
5206
6634
6297
9597
1295
4112
4901
4631
2029
3747
6675
3988
9521
4478
3891
5747
8066
380
1514
1934
6546
1179
9354
3201
5329
4785
7897
7331
1833
668
1235
9875
5718
1770
4767
9821
8087
1005
5556
7937
4385
4946
2378
2633
490
8603
5049
751
8262
1152
7946
2607
1757
1392
7718
2082
386
3013
1170
2816
4027
3119
785
1713
4907
493
8087
9724
7629
8106
8507
7323
8547
584
9655
5699
7356
9272
7067
1057
2740
9177
622
9250
7710
2794
6765
9592
6464
2340
4607
8085
8424
8137
6163
6137
3386
4688
499
5828
7488
7085
9692
1453
3949
2258
8089
1569
9746
6432
4468
224
9008
5653
9248
943
9818
91
6087
5145
7978
8355
3454
2164
592
7854
4688
6605
25
8697
4402
2540
929
158
2356
7730
9344
6784
4771
7159
226
1637
7374
8847
7299
2537
9976
1889
8139
8542
3638
6895
1429
5280
1119
6444
7331
2185
2047
9784
9192
6556
9704
6621
330
5622
8105
5054
683
9613
3246
1088
6006
8692
1502
7960
4404
417
937
1409
136
1180
1911
1730
8811
2560
1280
192
9021
9885
1227
3844
1802
934
9999
2716
2711
9549
1377
1068
6004
5890
740
513
1696
7475
5406
101
2606
2337
6718
9475
7915
9885
8997
5278
5904
3804
245
5034
3448
9193
6342
1220
2567
9725
8094
7828
8026
4089
3915
4913
8834
452
9229
1528
1024
1177
466
2076
743
8273
8352
113
984
7078
4112
195
6752
2314
7359
7714
4102
5485
3281
7557
8921
2218
8780
4072
5342
9174
1351
1703
3727
9537
4368
4291
650
772
8137
3895
3146
9597
8851
770
3500
2963
8247
2347
6420
2790
2886
95
8053
3625
4589
2763
7620
163
7764
5927
3897
3573
6623
8055
1790
4601
3797
9608
9114
8836
996
2602
700
2902
2151
8482
7018
3820
6285
3572
6526
5155
9074
6398
2540
79
113
2721
914
6708
8267
5750
4807
1076
2734
2087
4096
5740
1604
638
7887
195
6161
5684
5315
3421
2461
928
4976
2004
410
5504
1418
730
1852
1488
7743
6333
7006
7582
2077
7458
7192
8254
2122
8780
3817
7890
6564
8268
1093
8428
2027
5757
1876
422
1627
4370
4910
9857
3743
2121
5644
2984
2000
532
9134
2588
183
2708
9074
3464
5407
4946
5128
8802
3475
2623
4071
3820
5077
6135
2018
846
7822
9734
6453
7307
3595
4833
1076
3186
8806
382
2599
9591
7433
6974
8044
3746
3794
7311
1898
5228
1754
3105
2941
6817
7730
3562
7764
4208
9309
1277
8878
1944
2373
6886
1037
5566
668
6356
51
8430
5816
8017
256
3170
665
456
9395
2423
5440
8792
2189
4763
7464
8326
6886
5136
95
8626
4760
7650
2721
1501
4326
9829
8488
2521
9607
1456
1616
174
6315
8221
5070
5091
2131
303
141
14
1507
1200
8336
1878
3956
1636
9905
3927
3491
1714
425
2625
3288
3184
7036
9836
1292
492
845
784
4500
4445
5175
1690
4621
4780
1506
9455
7338
781
858
4376
8095
5013
1394
4607
9574
7979
235
7391
7443
8571
4271
6448
1641
9646
4996
3473
8098
580
4300
8077
2596
2735
6630
3230
3410
6507
233
9504
3352
4190
8839
1962
5909
8386
9879
2796
4249
6360
5109
5893
8171
6663
768
4292
5419
1842
371
6534
3334
3558
5580
2398
4665
1561
2292
6819
7573
5863
8236
2472
7719
3322
5598
2594
7091
9260
1985
8341
490
3619
7730
6301
4320
1012
1988
900
1347
554
719
66
6518
779
6057
9536
8780
6600
2263
5874
3980
5958
7141
612
814
2475
6440
8549
1293
2397
552
914
4701
2567
2328
4117
5458
7289
171
8798
8983
3593
1854
4814
9145
8714
36
3053
5846
561
9373
6276
5951
9492
8746
2251
5849
1915
458
6267
1855
5978
296
6268
583
281
8628
66
1422
750
1142
2114
717
1977
7855
5681
1923
8952
8174
887
2367
2125
3002
830
8787
2576
6726
9028
4394
8943
2240
1884
1328
2239
8868
698
1912
2575
141
1803
7446
72
6427
4466
6245
8227
2112
7266
9249
2676
4058
458
4915
8711
6325
9273
8710
2622
7692
359
5325
4064
5692
5698
4244
9601
265
1047
821
8473
6936
8379
6270
5222
2191
6604
9150
6366
7987
8332
7498
7245
5920
8031
1187
4766
5241
5502
6684
8748
4600
1741
3114
2053
4683
7699
6058
3302
6953
2997
2277
6790
1805
1302
4319
2347
9244
8767
7558
9153
8154
7333
2260
1314
6633
412
6186
2421
4971
3109
127
8599
6109
1979
597
890
2403
4806
9732
3708
2212
4483
6847
9554
1334
6249
2766
9951
3031
30
7955
8085
785
9653
8341
4187
3710
7722
510
6363
6228
5379
5670
3237
7226
4894
2381
1118
7536
868
1913
9063
555
5043
5162
7526
3133
8584
3701
8889
6413
2787
6895
3395
3370
4839
1467
3052
7603
623
2061
1723
750
6996
9160
6082
3124
3148
9732
5429
5316
3897
2936
9967
2840
1997
7924
5738
8596
601
1197
2372
6884
4439
2059
2351
3363
7660
4875
4687
5107
5858
2634
2371
4065
2335
126
8432
1919
2712
8453
1836
9240
7124
645
2142
7333
447
9725
7955
4616
5997
8541
4263
2112
1233
138
9895
7536
1521
5485
3756
5957
2418
1324
1971
2721
8232
2849
1179
2538
1812
2709
6035
1063
9654
9334
6428
9704
9866
6931
6682
1872
3685
5468
8013
8881
7196
8
765
920
6753
9434
39
1762
6430
63
7396
1528
7390
5289
5863
5144
5806
3969
3517
6328
5811
4216
1549
266
6444
7036
393
2068
9511
930
7718
4137
2428
4025
5676
4043
1675
2072
145
1538
741
6378
1488
6322
498
7388
847
3477
9540
4830
214
1603
6850
779
3054
6740
746
7602
1833
697
7952
332
4306
2241
344
6731
1310
9512
7712
7969
6860
8943
2571
626
1362
6721
9651
5538
2384
9746
3933
7955
1857
4479
8189
9905
9907
4250
1115
1785
5245
5982
8711
3820
2115
2192
9373
1674
1384
9901
1508
8138
2558
570
4155
8769
5629
609
6626
2582
135
6976
5983
8839
4618
805
4937
2745
7894
9800
9208
5579
847
5461
5651
2461
2308
4866
6783
769
5585
7101
9406
47
1971
6595
3802
4064
8874
9656
7373
6108
2294
9424
467
5813
8936
2987
3605
8613
690
7796
4459
7808
7593
4934
9567
2068
1169
1308
7624
4292
9575
8500
6376
5910
4948
2895
369
8136
4421
1023
294
4623
5999
4926
5474
38
3986
6158
8688
7089
2616
53
2379
7362
5938
1226
942
2140
1160
7208
3023
9819
6043
2506
9852
1623
1988
9987
3258
8204
2624
1196
2429
8616
5212
7023
2401
1039
7682
4768
552
3150
2054
3030
4557
4262
5076
9418
7193
1388
509
8425
4653
526
3654
6850
6955
5063
416
266
7946
8792
4279
9387
1568
554
1780
8364
429
8408
9440
1529
4788
2047
800
7824
7596
8594
8467
5617
7131
7742
1917
7166
4729
9658
9812
6459
6211
5029
8206
6299
455
20
7215
1358
5841
3826
9905
9007
7580
1804
174
1881
1144
7185
240
5702
1407
7749
2776
5247
4793
1109
6615
1337
1546
1584
652
8344
5835
7828
5684
2527
4593
373
2467
8372
4130
6565
1671
6415
9653
9250
1247
8878
3539
6712
6879
2576
1983
243
8940
932
5613
2318
9250
7960
1179
7980
9346
5010
3737
3451
5533
799
3002
5638
5339
8242
6715
590
8758
2692
8526
1599
9343
5
8346
7996
5107
3469
3093
191
3864
146
4718
6943
9585
6987
5776
3350
9505
2753
1989
1109
1085
370
6110
4431
2633
9804
806
2464
3486
114
1090
2541
3296
2072
6099
2086
8903
9103
7349
3483
8721
326
4165
7008
4210
4722
5269
563
6244
6127
6828
6460
2499
668
415
3735
1599
4624
3307
9673
536
7307
3082
8597
4501
2908
7031
9249
2895
9312
2376
9898
7890
8227
2937
3751
3132
3167
5664
2558
1709
708
9713
9906
577
4699
2968
3365
9279
6354
5281
4442
6945
1354
780
9117
325
8602
5534
4495
4068
4103
9114
9283
2785
3333
6947
2096
8709
3438
3514
7868
1253
8627
3500
5
1248
1174
1361
3201
8688
1371
253
2689
7628
2931
1008
9054
6874
9031
5696
3756
1758
8125
1810
4319
789
1683
1800
1714
5652
4056
8681
2329
6203
1980
7977
8358
26
3443
3732
5960
8815
9847
381
9543
9861
1170
6669
3424
6223
9570
5766
4943
425
664
3553
3285
5261
340
4501
1488
3796
3712
1575
2908
445
7711
5386
9187
310
2262
4297
5482
5678
2968
281
2111
8799
6029
5679
5611
245
4906
3687
2417
2409
8419
6920
4527
6586
7390
4511
8459
858
2976
3150
6635
2779
2726
9372
4226
3385
4737
581
7382
1271
2954
4261
3955
9190
8689
7559
6297
1256
2463
4331
2521
5172
2723
6091
1989
1124
3648
8221
9940
1381
7058
5967
3375
1800
4961
3268
1660
7360
6437
654
1168
3557
3044
792
5084
6432
6681
4084
4527
3074
8978
9499
8045
3000
9558
3027
2446
6741
4779
6185
4166
8850
1339
2071
8592
2079
4427
7341
1653
992
2042
370
6416
7532
266
5277
7488
5511
7709
5868
2182
1018
1152
7917
8231
3593
7836
5766
8273
7269
6410
8650
4118
5282
3078
2350
7816
6920
8343
8780
2526
5395
877
1656
2767
1398
1612
7277
9607
9297
1351
4071
3973
4675
5010
2477
1536
7008
2818
125
1911
8044
723
2791
3696
6107
9705
8238
4938
3896
3238
1707
5636
6802
5200
2516
5463
4862
1690
1580
6331
3015
7358
3163
4679
1308
7596
1295
8400
5652
5467
8001
1399
3140
5395
9947
1545
4640
524
7241
1155
3786
3909
9938
7734
9328
6382
5969
5341
1893
2304
4373
4531
9777
120
8161
206
742
4213
3883
2941
9821
328
1830
4846
3663
7420
1150
2761
8257
2249
1884
8792
4402
8935
8681
3080
6680
5965
1109
3307
9673
9049
8768
7528
2280
8672
7391
8236
481
8427
6682
1265
9398
3174
1835
1483
8396
6521
9890
8890
509
1762
3534
4707
3997
2390
8374
6854
449
4602
7579
8630
9646
6838
4806
622
6639
9452
6963
3103
589
352
3062
5923
4916
599
7078
2321
3151
6212
2760
692
1779
2295
4100
4124
623
2141
850
8982
4582
1412
8330
7880
9231
546
7753
34
262
3541
1824
3685
8809
8368
6086
8684
9264
7660
9929
5023
5247
6559
9873
908
7563
14
3274
630
2772
9841
7636
3073
906
6334
9624
3226
7348
1608
5978
6731
2269
2191
7471
4452
9913
9107
5744
529
446
5760
5011
1791
5208
7592
7207
5966
4008
8492
9590
9585
5969
2634
1657
7483
3608
7769
8269
2436
4419
9711
8602
8129
7541
3001
7176
5475
4646
8524
8957
8894
6063
6477
1318
425
7822
8660
3202
1504
4088
412
9359
7473
1710
4224
3827
1488
9227
3230
1620
3342
9603
1099
3379
857
2668
9273
292
9658
8024
2537
6806
423
7124
1556
96
1560
6619
136
459
5147
4189
1397
2205
3614
230
3804
3693
6345
4950
404
3107
2141
8031
7511
524
765
8306
6179
9483
7204
1028
6383
67
3749
4230
9095
8665
1425
1098
5125
1273
963
7522
1707
8300
2925
6029
4359
494
2523
321
6089
6706
5099
9102
1706
1648
7384
5752
6306
5187
2213
618
792
9211
8419
336
2883
419
6319
555
8810
4868
9478
5183
716
1123
4861
6816
2660
3164
9710
4473
15
4171
1310
8186
237
820
4989
10000
