617 82
13494
3211
5588
5298
8783
2987
154
1648
6490
8872
6185
7250
5270
5596
4810
6097
959
9004
1432
7062
671
3814
2439
6109
3854
5171
863
1752
9177
391
5846
8179
1384
3131
3614
459
2508
864
2943
3745
9461
1939
5988
1908
699
9702
7870
724
4395
5240
3363
6819
3791
555
3441
7866
8772
9616
2123
9751
4215
9540
4925
9594
982
1305
6343
2463
7737
3034
3450
6846
1408
4453
7914
2241
6795
2554
3505
1169
4622
1544
3125
3454
9638
4573
710
9926
4397
1555
8216
243
3558
1471
8568
3044
1755
5165
6908
6277
9458
3368
6131
8542
8817
1742
9687
4977
8802
8318
5711
2582
7797
1046
3989
877
4666
1926
4268
1481
8579
8404
7854
9754
7535
7859
9952
2724
4844
6306
3187
4755
2830
108
8274
2392
8133
6070
3772
9197
4899
6172
6844
7141
9396
2099
2908
2591
2740
7513
8670
463
186
4504
1731
2687
6646
3682
2318
3269
1765
6015
9507
341
419
9279
10000
3462
7886
8330
3560
1868
5145
1373
6564
233
7623
8927
1584
8276
9599
8480
6837
1832
6352
5596
6990
5805
3271
4472
40
3584
8471
5273
6646
6129
6668
4684
4262
8317
2101
4639
7185
9547
4237
9723
5659
8750
2
972
2637
1670
1152
818
7286
3759
757
5410
4459
988
9957
9068
2026
1307
230
6461
7362
7564
3425
8969
9614
6729
3062
8045
9228
2202
7046
3097
9453
3845
2316
1845
6196
7166
7953
8299
8601
383
9818
3544
2478
767
5601
4087
1075
5582
6106
4415
8097
2449
2711
2559
200
5503
9607
5755
724
6631
3082
1153
4398
2647
5842
2083
548
1507
7959
767
2201
5644
9264
2052
7540
1732
328
7758
9000
1522
7883
8137
40
3707
8422
1955
7476
7415
8830
1907
4687
276
6498
6862
4252
1022
8410
1915
1489
3792
3770
5851
7867
3921
320
5450
3649
1122
5083
7791
7029
5745
1141
6320
5301
4908
9096
1441
1254
6744
8853
333
581
7409
6088
9267
3895
3574
6108
5735
8500
3768
9863
16
2680
3861
5239
4120
1259
1295
6510
6269
5403
6367
775
1823
3496
6448
677
1375
1416
976
8820
1791
4321
2945
8052
2426
2750
1933
8816
7629
275
775
3649
7514
2087
5615
56
3666
1744
9732
3130
289
1018
7481
6116
4432
2400
6606
3751
9895
6208
159
8898
1203
1034
6925
8762
9244
1363
8180
7434
5848
1963
9270
7183
3135
1601
2537
1836
3859
3990
6262
870
3026
2545
206
4107
6391
7297
1548
1841
1215
1174
2018
278
3185
597
1740
3700
400
7588
8656
8360
1099
689
1594
1630
7753
9569
5017
3135
4160
3330
3075
299
5434
9782
3345
1657
1341
7155
4263
4815
2863
7463
5779
5180
2046
3804
7669
5758
9888
7636
8441
1777
2726
2795
2444
1092
2782
2698
9415
5827
8196
8785
3008
2159
4544
2590
8258
2227
5384
7394
1154
5478
142
1814
465
6839
729
664
1812
760
7775
7788
4118
4426
8056
8308
4401
4313
184
7765
8062
7281
9284
4118
1251
3534
5167
6435
3982
4773
3253
943
980
8511
4437
6569
14
6757
162
3168
4686
8115
9146
7160
1007
8538
289
9235
6870
7441
5232
1613
3089
3126
7671
9546
8117
9980
954
9611
2120
7571
7672
6122
9324
3237
4909
8605
8159
2984
2676
9756
6398
2930
5161
3227
400
1840
610
1266
2672
5738
6508
2216
4302
1074
5003
8968
3506
628
3340
7717
1948
1622
9995
1524
7948
1915
6798
3162
7368
9068
4762
5317
4936
4956
290
769
620
6909
8841
370
4216
7402
5907
4846
1304
3271
914
1029
732
316
7067
241
9777
1720
1270
6667
5438
5917
5887
3844
6083
2343
8135
9488
646
8585
2315
2928
5962
3517
7257
5141
9032
2505
3103
3141
9672
9477
3671
826
2700
8522
7424
6745
7887
6447
5007
3042
8267
4018
1271
1556
1485
1170
5909
59
1757
83
6798
5678
3930
3524
2300
1678
2532
1294
3847
8040
951
9414
1234
2670
1906
1068
247
1322
61
2641
3344
1362
8025
5168
2592
37
548
4931
8126
7861
3325
5893
2612
5061
4587
8752
7342
8067
2486
5890
4436
6081
957
9361
1255
4555
9788
2245
2977
7491
1588
5404
880
3256
8657
7427
2802
1388
5162
1267
7286
6349
6581
9858
1941
2717
8440
3106
8208
542
1780
8586
1711
2163
4243
1089
23
6459
9077
5455
5305
5014
958
6388
9144
630
1994
1789
5398
7778
7010
8848
4521
6491
6819
465
7516
355
4734
457
2124
2855
5659
786
1355
1253
4095
159
4578
335
392
1504
234
3074
6462
2739
3823
6310
2220
8365
2718
4207
6516
2889
6190
8466
2746
8081
903
3573
2509
6760
3246
9673
11
4067
4067
8389
2540
8685
590
1828
5002
5844
9608
2628
4066
924
302
2335
5875
7431
6586
1276
72
6871
2812
3377
9896
6002
5928
9745
8483
696
8187
407
4791
174
3857
4201
8636
8746
7900
3027
996
1328
283
230
2299
7373
3658
9962
146
6674
3197
2415
5577
9767
1834
2599
1683
6642
5251
4606
6405
4738
4956
923
8893
7204
8045
7686
9116
1736
8800
3535
9884
985
5197
3562
7368
7834
366
6897
4578
2890
6528
3890
2427
7102
399
2901
2174
5347
2078
6724
8763
2381
4024
6299
2506
8950
26
2376
7749
7316
5279
1108
4463
1424
7830
2078
2508
3550
6596
5591
1066
8579
8333
7561
5994
2664
4282
8559
2260
3813
165
7501
4015
5380
22
2533
2003
5553
8214
2933
9802
6161
723
5483
9246
483
2207
1890
9697
9553
5441
6651
3866
5349
1975
2594
3149
6790
7246
298
5187
2199
6577
3934
4887
2043
4512
8665
7812
2857
7094
6850
3751
9979
8213
8378
7272
9586
1197
8119
6880
4661
2458
958
3406
9452
3068
9282
5031
5314
7216
2533
378
4249
4450
5854
78
8938
5982
6358
1011
8581
4465
6159
2340
1494
4991
7959
7761
322
5446
9776
9037
426
1835
7549
1414
7309
6066
5217
3223
2329
3517
7185
1319
9406
1943
3161
2552
890
2615
7552
565
9556
8673
9547
9813
1695
3523
8844
9522
7224
3384
3176
1587
7717
7454
204
265
2751
5967
6360
9102
1246
7933
4331
2142
3458
522
1351
1246
3751
9522
7871
2261
1078
1370
7476
857
8124
4909
2100
6482
8400
2281
5764
4222
5658
5654
9158
221
8717
1081
1499
1722
8204
1939
1559
9338
663
3260
4283
3835
9926
3211
9391
9774
4792
1994
1536
2721
3811
2706
6306
7691
7663
9952
2282
893
8873
1408
1091
1130
1084
4737
6729
2704
8663
5646
142
4511
8859
2714
353
2258
73
5414
6164
1892
2511
6057
6148
3096
5583
1872
958
80
7937
1991
311
6000
1300
7678
4666
728
4841
1863
2033
4106
8045
7151
7804
1626
8819
3048
9087
1666
354
2027
1462
5295
7929
2379
272
3940
1286
2585
2007
7409
5080
5602
260
970
5138
3293
4996
6338
7911
7941
9172
2253
3856
419
4246
2529
5958
3442
4545
7002
6244
3110
2239
6248
436
3094
2289
418
9793
3658
2908
4082
1299
3002
6434
441
846
2306
9172
5932
95
3460
1029
9446
9100
4641
8389
4188
334
1917
7448
888
8711
1177
196
8902
244
5352
6826
7492
8231
9128
8041
9626
7269
6954
2142
8845
9906
168
2443
9841
1367
522
3325
2248
7797
3168
5598
5922
6646
4274
7523
215
9750
146
7953
6997
1555
2376
2398
566
7520
7192
999
5921
7240
9064
1823
1056
7587
4790
3096
745
8045
6242
1846
5964
4999
9048
458
2172
2527
6861
8391
8904
7908
9156
2875
7687
6630
6232
355
9312
9604
7450
4591
2733
1170
5949
2750
3454
7419
1007
7576
1977
2147
3809
739
1866
6776
9488
4005
2499
4725
4863
972
1315
4461
3210
6014
7717
3424
8472
2117
2136
4684
7485
3606
6653
8125
3072
2261
3917
9486
2292
1539
6459
4809
9727
1457
2734
226
8626
9250
4347
4626
1251
7319
3318
4
2542
3164
3421
67
2251
7463
8950
3986
3518
6517
7684
4579
3674
1587
9062
6599
104
2625
2231
2860
5511
3815
2844
3469
293
5658
1985
9320
2305
1254
2277
7864
7074
1042
7313
8273
1273
710
5636
5290
1461
3779
5419
7176
7073
8204
7006
8126
65
7687
5219
6716
1520
457
5213
8413
2484
9144
331
9476
2083
492
4298
7917
5363
1109
8729
2687
7022
7306
9578
1868
4156
2296
7339
4436
365
9007
1839
1690
1961
4498
939
2492
1424
4101
4358
2461
5650
4836
9425
8702
3488
53
6986
8300
8424
1276
2128
8129
9822
5527
2427
8020
6900
2657
6039
9525
1196
5431
1920
8708
2506
1107
5555
2651
3907
5822
8004
9572
1641
2608
1657
8010
9967
551
3921
939
4199
3140
7087
8529
7777
6485
3512
1829
860
5728
943
8537
1579
7274
8814
8851
873
954
2056
8122
9259
3999
908
9194
4768
3257
4542
7526
2744
8202
2947
6020
7561
3042
1066
5223
2304
8595
7487
9644
5194
527
418
3921
7487
1635
3880
50
7633
7753
9612
6179
21
8142
3799
1803
7972
6792
710
3075
1891
6520
648
4751
309
6539
3883
4191
2599
4160
6686
1596
3218
820
1360
1056
4788
1214
6159
2323
3048
6137
1449
1503
341
2294
6143
7193
2183
5202
5148
6830
5256
149
6813
2130
8408
107
472
4347
2230
26
4943
3315
9651
1292
6846
9969
8841
9834
4484
2883
7078
9958
8683
8949
6617
4394
1672
7886
9731
6928
3492
1134
3999
3802
8262
8649
276
2206
8124
951
1486
4166
3123
9748
4431
4138
2306
2555
1078
5857
3664
8265
3841
5042
7543
2478
6851
4152
92
7429
7106
9625
966
5738
9826
2257
555
1351
1266
6035
9249
4967
7789
1851
2536
1333
1664
2474
2760
3652
9009
481
4479
494
1623
907
2147
8994
6829
5171
2609
5921
6024
4634
5152
2268
516
8657
5224
2779
8125
5718
6904
937
5285
1191
1522
6774
2381
1394
3877
9973
7921
6029
1975
919
3929
1811
8968
4507
2880
5592
6403
8957
6835
804
7042
2522
1634
6210
828
4790
7293
4591
974
4637
5255
8654
1629
1321
1777
5210
3683
105
6416
2124
9937
6380
2901
2936
4065
730
7412
7448
2919
5920
5109
672
1692
2940
2053
3724
3610
1970
7671
7974
1992
2660
1228
3542
1435
8490
4742
7447
8086
8340
6404
1228
882
9210
5903
4205
6915
2959
609
4545
2341
4453
581
460
334
4602
9486
2839
2370
5462
9556
4867
82
62
49
5226
9964
5579
8621
2552
9818
5313
341
6926
8838
3826
8930
1995
6581
4956
1500
1817
824
8751
4387
3897
1027
5996
1132
8028
6352
9136
2938
6256
3250
8249
7400
8672
6033
5386
2158
2480
2262
4597
1232
7340
6560
7378
3203
6367
7250
4061
4128
4267
1555
5739
2881
5636
4184
250
5797
9361
9068
8944
1974
2337
4623
8796
3979
1681
8903
7260
8265
5639
3922
1642
8154
6194
5547
3565
4106
4889
5459
3320
8613
5256
8163
1661
6584
2306
3631
5135
5598
6974
2763
3569
510
6995
9683
3450
3796
4887
4865
8808
2305
4118
5653
2068
3494
5571
6032
1583
1186
6055
1162
7654
5618
5452
1308
8255
179
9757
2785
8592
4900
3839
1189
5485
2087
8857
1794
305
6936
4519
3422
5898
9340
1991
3433
7844
4659
4858
2517
1649
6448
334
8373
6624
9120
1120
7626
8281
3573
7517
7417
437
2442
4055
1303
8187
1644
235
3914
3156
1264
9641
1103
950
3062
5309
8357
9402
7895
9040
2709
3303
3294
4649
1754
9963
6405
1356
5250
8291
8070
2630
3947
662
1977
6257
7094
3428
3815
2663
9646
2146
724
9383
414
4646
2388
8279
6640
3521
9992
1462
1348
8810
7587
7900
1087
9280
2540
856
1053
5859
9139
293
1151
8367
7805
7442
1286
2283
5689
9646
2184
3115
7038
8475
9830
8689
7633
5382
9618
7155
8288
7247
9147
4224
9352
2673
5745
3592
1433
7147
3409
6818
4705
448
7395
8353
299
4678
9814
5789
226
5613
2609
1020
8004
5
2091
3040
8805
2020
8215
4659
3430
8171
2788
3863
5541
772
8513
9323
2009
586
6665
8026
9624
9488
4456
1769
3148
628
2876
1537
8374
2504
7119
985
1965
1605
1446
4217
5603
2813
6770
5034
9378
547
5989
5827
2802
8742
6237
7534
2031
4370
6669
7363
2912
3018
938
2700
582
3554
4941
8144
2476
3179
4266
7248
577
2030
2580
4231
1895
4357
9211
9155
634
9056
5671
9246
4708
4049
6413
1167
4280
4522
771
9265
3283
3098
8862
4343
7378
1783
3682
5246
4573
5243
7723
9747
3276
7341
2743
8882
8472
9701
1821
8069
2252
8442
260
4267
1763
3378
4419
8864
3141
5430
5060
895
6375
3765
1537
5594
1624
6480
8276
742
3632
9984
6283
4767
8339
1956
2389
4991
3055
5575
1534
7465
5356
6282
5214
9305
5870
8154
2461
2847
5253
6020
4358
3207
4756
5507
3988
8934
1955
4402
3869
6321
18
5142
3856
4294
1821
368
5183
407
3059
8989
4872
436
1617
8519
901
6555
4150
724
6158
3806
3327
6345
2229
3706
7921
5263
9766
5306
5846
7907
5408
4692
2085
5969
9475
6662
327
2662
7348
1236
61
2340
3476
4720
6020
1158
3018
9241
7894
8184
5188
1543
8918
9291
3735
9865
2296
1949
8603
2004
3020
6655
8281
6825
9586
8634
4524
373
2066
1759
2788
138
8099
2774
9637
5460
1326
279
4937
8845
2552
8544
2644
498
3062
5047
5442
1236
1232
8171
9819
3726
4811
8667
9374
4714
3669
1285
8274
4105
7496
646
7966
2503
9840
6647
2470
9673
9141
5849
7065
7873
8798
7326
6738
2522
8409
4928
7123
104
7777
4041
7855
871
7566
2033
7081
6907
3474
2997
2349
2878
389
3438
4258
272
3176
6768
1742
4551
6083
6844
5777
2618
5940
8211
2507
6870
8145
318
8346
2542
6373
7828
2271
4657
3706
3207
8530
7444
9538
5878
3496
181
590
1551
5603
9178
165
7927
6808
1924
4850
8898
8954
400
5745
5150
2874
201
3244
2670
6359
1175
6688
9782
512
1999
6201
8710
2349
1390
9326
4664
3576
320
1257
9239
6381
446
7026
5832
7671
1033
4212
4946
3210
9561
4140
252
4174
1056
3518
1798
8207
5829
7024
2129
4083
4458
1329
5127
3143
4837
9997
4365
9573
8830
562
9112
8004
3561
2434
936
1159
226
7958
7996
3902
1171
3985
7607
4038
5378
6560
347
4138
3941
902
3552
3430
997
5918
176
9781
426
105
914
825
4828
2755
3851
5090
7328
6468
146
4754
6319
5949
2177
647
1151
594
3281
745
6518
3274
3799
1435
151
6014
9179
5828
6931
101
8875
7103
3530
6199
2222
4555
368
923
8971
6527
8806
4424
2345
1050
6946
8595
1691
6275
2621
7919
7030
3227
2468
5110
7700
5061
8417
4206
588
904
8800
91
1839
8688
3310
3454
5416
340
2147
7643
5582
7173
554
3000
4573
5002
967
9615
803
5114
783
5128
7822
1706
5862
9593
5958
2534
8187
7025
6871
1701
3965
4351
5283
5147
5480
3979
4070
5641
1500
9859
7627
8918
1682
5823
6909
6681
8068
3275
4909
8526
6334
5560
6606
5352
9505
2028
5318
1821
5467
2941
5271
5321
8253
2949
2722
7532
8485
9572
8213
273
7172
4004
1882
1329
9559
6209
4823
8513
9155
9917
1176
5549
994
6714
8017
7393
5312
3800
9825
7916
1755
7357
7779
2278
3834
6500
8800
1162
4557
1726
2615
3643
2545
3645
7958
6536
5343
1643
1295
3575
5960
426
3431
2253
7509
8546
5905
1705
902
6836
7415
6257
2340
5364
69
2681
3054
3396
5464
95
2482
6100
5735
1336
5648
1835
1060
4346
8450
9299
2991
1767
1440
706
34
6212
2411
5176
8863
1759
7475
842
7800
2078
3532
6220
5328
1753
8427
5346
3023
2653
1011
2510
2480
231
4677
7705
9228
7126
2087
6045
3026
6405
9373
3796
7714
8205
7729
7654
3641
1669
1930
9901
4582
6589
2667
8875
4895
5370
8815
2894
9090
368
8216
6002
2501
6153
2470
6457
568
2157
4953
7384
2025
7628
1999
9456
495
513
2043
3957
4501
5143
5810
4810
1432
4201
8105
3678
2091
6230
8780
8840
9638
3507
420
251
9138
8985
3744
1077
8786
2046
2303
6805
8770
3459
7910
9048
3537
2451
9431
1755
9386
6536
2533
7978
9325
9127
6462
3436
9454
2154
9233
4818
3474
9370
4981
1391
7705
6495
6149
628
5948
4315
7649
6433
4021
9810
8628
1720
9296
3773
3283
5647
5457
7028
5690
5118
359
8784
5382
648
1495
4374
4018
3015
2240
1227
3035
2486
4443
1570
3684
9187
1424
9043
8291
848
518
2175
320
5459
5829
5739
6960
4395
9090
1215
745
9731
6706
2092
1824
9215
889
8184
4389
8926
406
8325
1221
762
5864
2220
6048
2434
7418
6754
4261
6032
7455
1175
1030
502
4025
3871
5904
6453
343
7752
573
5859
3366
9474
9951
2725
582
2290
7945
5824
8044
6936
2726
5902
6636
1569
2052
8307
1727
9475
438
3187
7705
8077
8973
3163
3135
6903
5519
7207
9556
1471
8217
6386
3702
7324
6003
8936
4439
9462
748
3061
2526
6546
3468
8990
3406
2335
3444
9106
517
3497
6136
2150
8892
970
4237
8595
9714
597
532
6201
2451
1268
3067
1976
1146
3537
1720
8060
8308
1408
2448
3299
5117
902
1449
8036
4805
648
8317
6625
4488
1086
8281
745
5085
8600
9852
6968
3147
3925
3926
5442
9502
2215
2980
3841
6435
277
5394
7238
4484
1136
8391
9747
8857
6964
7401
6275
380
6699
7701
1492
5467
6008
998
9903
9574
2058
5190
8997
1185
124
9708
1097
392
679
2160
2032
4192
7386
5279
2245
4480
2302
3036
3391
7909
1482
3076
5574
7191
6858
31
7652
9821
8002
4970
8537
9329
2033
5326
4240
1645
8407
144
6265
8496
1974
2217
1615
6350
27
4480
9611
6257
6446
3779
6827
9274
1656
9550
258
450
4318
93
9590
7808
1073
4663
2492
6067
5389
1682
32
7942
2246
1292
968
1927
2705
4931
3736
434
8285
3300
1729
9759
4697
7128
4900
16
1711
7858
6053
5649
159
1134
2339
4223
2436
41
6249
7956
3050
1380
4259
6322
5563
229
4926
2489
2894
3959
80
9571
2031
6892
691
1376
3305
6996
1294
5565
6320
5593
3905
3664
7816
2751
1481
4991
1864
7622
9506
9613
6591
655
6407
3102
4839
5059
2019
1199
4916
367
5650
1420
7117
7606
1044
9483
3638
231
3009
8653
9947
4135
3395
5651
8605
4711
1434
3338
1279
9414
6130
2105
9939
5912
5451
5723
9761
4910
5824
1052
6268
2623
8754
7541
891
9878
5971
605
7716
7268
2054
372
265
7593
2091
919
3433
1421
7165
8090
7932
1217
9677
4011
2142
2668
9208
3401
3225
7167
4077
8732
9563
1076
5484
6789
6678
870
6639
1547
1614
4236
6520
1886
6455
9395
667
9055
6624
4697
8653
900
9511
9856
7869
4828
4605
9378
1566
2010
687
3004
6975
135
7007
6242
8007
3620
9300
4303
87
2797
2062
1911
7804
9954
9191
5697
7783
5030
6559
995
4722
9027
5209
411
5355
3269
2143
9134
8670
1959
811
1857
6113
3139
1452
517
1799
5323
5085
2152
1340
4056
905
2943
616
4166
5125
4740
9026
4097
2269
1414
4741
2553
8489
4520
6478
7264
869
6908
5501
9259
8236
9713
13
9308
8108
9232
120
4783
9096
182
1294
8714
5112
154
4682
6949
2408
1966
8620
9660
670
7222
1386
1637
6016
6548
2509
1188
5838
608
352
2748
1862
5288
2422
4946
67
4063
9541
2190
5133
2419
8832
4904
4001
5478
4099
9089
695
7662
6009
9870
2738
1564
7885
2030
5959
177
6118
6932
3401
4490
9299
6866
2095
3854
8485
7285
13
9625
2703
1623
5734
1145
1466
7209
2014
9314
2447
3147
5612
2079
7567
2091
8391
2229
770
7847
754
7353
7961
1774
3324
1272
1725
8885
5313
1704
4743
5531
5747
5171
35
8938
7705
2434
6410
6664
5947
2878
2151
1104
4288
2026
1066
7376
8844
2703
7126
7739
3281
5511
7330
7738
7727
7256
3091
8908
9395
3393
8493
872
5720
1836
5272
1115
1055
8911
3329
6281
6008
5853
8944
1187
8117
2567
6737
5988
8726
56
106
8724
8979
1406
3208
8828
1083
1681
6641
7107
8192
7262
2898
5418
5209
6450
8227
5204
65
5931
3288
5526
6467
7033
6339
1044
8937
9794
1736
2940
5020
1531
7886
648
964
7290
4273
9968
8517
8427
8924
4781
2586
9913
818
6020
138
9430
3728
3851
515
2639
7048
311
5006
2617
3928
7330
5617
6345
4622
4163
4300
4540
7477
1723
6622
6434
601
825
1977
8778
9805
532
3906
1735
332
3219
8791
4124
5443
2537
8629
9203
9531
8534
6135
6214
9082
3358
5764
7596
1939
7568
9317
1135
3675
1932
7603
8667
1961
4758
6826
3134
9692
1325
3271
8614
2626
2299
4563
8526
2058
6809
3189
4048
5350
4536
2246
6070
8011
6980
191
5472
3336
7516
4118
2484
114
2387
6001
3780
579
9864
5251
7592
9541
8663
2247
2985
6871
2227
3211
798
3864
3339
658
4923
6052
1878
6382
5076
1944
1642
9509
158
9215
349
6166
2687
5447
9795
941
6413
7317
5162
7325
7363
9145
5175
9430
5548
6402
1188
1138
5453
6165
3343
7296
2299
2872
3335
5644
3528
949
6394
4769
5628
8609
8859
5276
7724
1633
931
7522
1169
8258
1653
8238
5064
6082
6323
9389
787
1483
1052
1573
9935
344
6395
9804
7679
8448
8132
547
9128
110
347
4057
1348
246
9522
9149
6508
9476
2642
2340
6444
883
9553
5538
3483
5710
402
2663
1447
9309
3963
8394
9097
2800
4902
1911
6347
5106
1943
1200
4219
587
979
1429
3342
2549
6325
2308
4300
9263
2899
734
7183
9606
5525
7419
1754
4989
8543
9593
1297
1232
221
5066
6903
1536
6870
3327
7380
4869
5190
5591
5787
9617
304
9680
5890
5338
6942
9932
2062
8419
9740
9543
8297
1291
8216
1666
7478
8665
1937
8190
7895
6598
4870
8473
254
5101
7607
2492
5349
6687
4742
1300
8224
9449
4229
3102
4295
889
5493
9546
4341
3853
8508
4340
6781
4208
2720
8421
1837
9262
146
9032
1524
7854
3876
9556
7929
7060
3548
4879
8614
909
1156
9322
561
8412
8728
7496
4887
8410
8083
9330
4143
1316
8436
6675
5123
1845
7821
1234
1716
5378
5559
371
4559
2669
7948
2670
3343
9819
5668
3640
6556
3107
6967
4711
2005
5378
7078
1865
7782
8505
7262
1521
3593
9871
3298
2361
6837
798
7041
7724
5874
1691
3400
4732
2096
5643
4247
8998
2852
3565
8832
1723
4054
250
3925
5935
8106
5296
919
5012
8592
7001
4800
1775
2217
6356
7994
8715
3694
1177
358
6150
7713
658
1725
1663
5790
5538
1913
3131
9159
90
2443
8049
8068
1768
233
3817
2880
895
254
3415
6716
1124
1679
5332
6950
928
4725
6260
6784
1727
9728
2661
5275
5280
8659
5632
5551
808
1006
6493
7900
7909
1505
272
5523
2957
6071
1535
6693
5453
9625
3349
5344
5031
5332
8084
6603
7049
1291
7023
2690
5358
8027
230
2305
4636
3450
3664
9552
9603
6334
8385
9354
2669
2144
7556
9898
2631
5306
7387
77
1083
1930
7064
3159
8096
2408
2747
157
1493
1092
60
3494
199
110
5243
3364
8350
2656
5994
9751
8704
6386
3231
5677
2271
9500
5028
5695
5475
3783
7553
976
7684
2909
2777
2632
5568
8771
2688
8475
1581
357
2107
3354
3017
52
8148
1479
9357
8428
7121
1897
115
4398
3339
1961
3455
5363
4853
5677
3099
1036
7804
6442
8463
8363
5742
23
678
9498
3627
5346
7945
2620
9697
1929
5800
3903
2803
1554
8372
5749
1990
4469
2771
7292
7844
2409
743
6069
2401
6393
2338
4106
4561
6464
9938
5223
4417
4325
2532
3353
6403
3680
8995
9778
2565
4368
4698
8634
5426
3133
2186
5202
8105
8028
4238
1203
3760
1395
9203
9075
7309
2652
1426
8190
3835
2907
3643
4957
1527
6607
5454
3846
6976
3790
1983
2085
4720
668
26
3198
4586
3168
902
202
3412
5864
71
1484
8756
701
2740
9145
2422
290
5523
3229
9521
7810
5485
7398
8538
7910
698
935
3660
3395
1944
4341
6139
5265
4558
5763
9503
3251
7934
1466
7362
2291
9989
9937
7322
1220
281
6638
4851
8927
9486
8382
7867
5085
6383
5208
2881
5823
6446
1031
2654
4855
7223
9704
1066
7439
2465
3710
3455
9618
8944
839
903
8179
2341
342
1834
4015
2354
7511
444
9210
2329
3725
241
6052
5039
6649
3496
1726
2279
9757
2511
7937
9473
1400
6954
6435
376
872
5901
1436
3966
3000
6492
9888
6235
167
2553
321
8975
5026
9318
7278
2
4082
5900
6673
4525
7285
3586
9731
237
9187
9669
9815
894
1018
5521
3582
6321
7533
3124
1461
817
9928
7021
7570
6642
1624
3798
7721
4529
805
4792
8590
3673
6255
6448
314
7401
3807
2326
3263
9287
6142
152
6774
7001
2980
9989
176
3548
5954
2057
3675
5093
4730
7948
9635
3759
7847
8834
9497
5653
2069
8930
8570
3145
5202
5849
7752
7829
7446
4867
1245
2557
1125
640
8035
3848
9012
6785
4062
6708
7615
9223
5642
1229
7820
5172
1046
9180
6710
2219
8043
7827
3341
819
4724
7913
626
5949
1634
4990
3322
3386
6389
8403
3859
7399
4696
804
9199
6605
6878
142
441
6262
5098
1445
7969
6094
9499
4193
2543
7458
3161
7071
4742
2761
52
1637
1447
951
4785
6904
1096
3272
9663
1045
511
1813
8026
3314
6460
1644
2987
9595
8814
5465
9952
1268
1252
2383
9237
9781
8888
6583
2059
2721
4756
1320
8580
3201
5796
5705
1901
9372
6026
4179
5826
9932
9235
5918
1170
9072
6550
7310
6074
6027
9091
3184
4457
2302
4876
6149
5531
1084
2973
570
9350
9128
9168
9035
5356
118
2727
9122
7854
1505
1730
4498
660
8670
4628
8574
4681
141
817
3270
5317
4567
4079
1949
5804
8404
3345
2063
1912
7415
6772
7224
1523
2245
6597
9944
6452
2365
6041
3526
2153
2964
9134
1356
5444
559
506
6526
3752
8077
680
699
3683
4507
5805
3880
8590
7797
9529
2476
8464
536
5942
9465
2476
5812
4026
4058
8964
4079
1513
3598
6187
2245
4754
620
771
303
9903
4401
3748
8797
3153
3978
2397
7595
5505
686
9288
3723
833
4004
5233
9145
885
8099
3512
6874
1267
1187
1012
9089
316
9137
1514
98
710
9659
2731
5059
2296
6418
9145
3242
8086
4517
6475
9743
870
7491
9012
2735
1323
7529
4349
3331
163
6287
3339
3024
8205
8818
4506
8155
9423
9530
7100
6115
1954
4573
5672
8914
3619
1916
7354
5659
8158
9703
9189
1027
1569
1773
1812
1932
4071
4378
3440
1176
9844
2309
9780
7933
315
1466
9615
6199
8432
7581
3786
429
738
2970
6027
116
4547
881
7667
3608
8884
2889
7602
6747
8191
7836
8089
4487
1570
5672
1153
6630
2444
2329
3590
283
3149
9624
1997
7838
7217
5683
9821
6489
442
8431
7425
6611
2206
2892
6776
5194
4137
7231
9800
833
8836
8926
1174
4120
2559
211
2691
6100
6935
6573
7404
4837
3378
8045
9402
7379
3810
1348
8094
8287
7282
8798
2818
6033
7409
2643
6021
1832
5098
3558
9364
2442
5288
9586
9044
7860
2432
2122
458
2921
1500
4208
1260
5195
2217
4695
2302
7765
3750
4444
1666
360
4772
7890
6179
4654
2947
7187
1378
8251
8543
9733
6428
2128
5783
5006
4314
7755
6652
7678
7232
7359
773
1228
5373
4444
2005
4570
4962
9927
6262
2720
5475
3324
4791
8262
9740
3966
826
1457
1762
6956
6846
5120
9385
4608
3300
8265
7009
221
749
5715
7465
6603
4134
8746
6297
7277
2385
5873
2669
6191
9786
1814
1863
8338
4817
9500
3993
2391
9505
1041
2435
2061
2447
2290
416
2587
4505
9261
1791
3927
3086
1039
452
7541
4648
2994
3529
8932
8598
1073
8971
3053
1976
4185
7819
9873
6864
1632
8750
9748
9420
52
8830
7165
622
5318
2728
168
5279
8545
7968
3615
3154
9962
990
8457
1828
5324
1203
2429
1480
5848
3965
2225
4176
2943
7730
179
6838
1719
6548
5550
4692
7080
6548
7473
7774
2543
2256
2854
715
1786
5016
4575
4980
9234
4893
90
4407
2207
8097
9629
4704
5672
3247
4058
7998
3552
3397
351
7949
30
3717
1769
8662
6478
3071
5971
2075
8279
9783
1369
2361
4244
7055
936
956
8169
9001
114
8622
2470
3158
7407
2007
9225
6202
4122
7684
6598
8494
6496
9005
3863
7609
9009
9409
1544
7756
1718
5593
5573
526
3368
3742
9064
7314
6317
9071
9287
1178
362
3340
2822
4448
8715
2726
3925
468
2152
515
7782
6865
3561
8879
960
9365
332
3173
5166
5660
1559
7699
8980
7318
7902
4835
4506
7490
8703
1848
3846
314
9595
465
5095
196
2579
9030
8693
245
9284
1927
5163
4234
7042
4809
1624
8384
5731
936
2587
8188
5646
3359
4550
2954
6480
2064
3955
2860
1094
5710
4607
6320
9033
2825
706
3277
279
1449
3951
2455
1871
9338
4684
6495
7450
6866
1073
2326
2124
5663
4168
6916
207
374
1546
4017
4777
3838
383
1640
2572
4376
3066
131
1294
2459
1726
6733
7465
2288
6093
3344
7671
2140
4642
1416
9665
2423
1553
2640
594
1235
920
826
9253
9377
6261
8117
923
5011
176
9450
2759
4401
2222
6473
8693
623
9814
2720
2034
3274
5781
4648
9661
654
1218
4176
818
9980
2344
1796
4682
752
680
3542
101
6598
957
6650
8920
9657
9313
1021
1826
701
6576
2799
466
7789
4511
800
5199
5140
6882
1893
9452
2704
183
7356
4120
5340
4874
6056
2092
2057
1932
3329
620
8336
9405
3742
3519
8296
6121
1259
3253
8262
1069
5882
5549
876
480
3472
7011
9750
295
6102
8349
4274
7959
8181
6087
2668
8661
7173
4691
3914
5518
5858
4752
9252
1339
5604
8108
3430
6818
2472
6596
2134
443
7989
4273
6023
1976
9581
2536
9031
2896
7613
4585
8855
554
1280
3783
8965
899
691
6807
9832
4630
1442
6983
1307
768
1174
5765
4011
2738
8848
9192
8499
8175
7940
9427
1344
9428
905
5683
512
291
2258
8853
858
1865
5928
4820
1294
290
3178
9691
7004
348
7801
2347
4830
434
5945
3734
8208
7572
4742
8925
3602
8183
48
7965
3113
1797
1104
5376
7319
2359
6897
3241
2207
8141
3272
2882
2320
9797
9461
5997
1840
8872
59
1953
2978
9052
8138
4482
636
127
9156
2517
3761
4182
5184
3769
640
6990
8478
6613
2642
9417
2173
6767
5744
748
161
2201
7541
8356
8153
3600
5496
8753
2455
1926
8980
6839
5294
9108
2365
9863
2963
1709
886
5863
6943
3178
1394
9738
4260
7707
9743
8815
6994
8143
6291
8944
2557
7555
8049
6407
1659
1774
7279
898
2163
7232
1656
8278
3213
8405
1972
3061
9978
4317
5255
1648
5477
3930
2055
2653
1563
7511
244
9405
1287
242
2356
1567
8300
7032
5006
361
2349
6723
4009
2396
995
6147
8196
1060
5953
2858
8954
1126
357
1465
4443
1466
1960
3456
1286
7944
5374
5429
1367
6013
8771
1163
7193
5348
3689
2030
2407
3661
202
7105
3428
8864
5410
1963
7559
4380
1361
9883
2023
6110
2726
2061
1628
3981
1357
3352
6966
1225
3619
6938
399
9435
1420
7638
7740
4896
8615
1731
5374
192
9637
2979
5254
2096
6505
4049
2596
1696
1073
8291
9110
9654
2055
1088
52
6594
8597
7670
654
7707
3333
5297
4698
263
9474
3324
2913
1650
5896
6919
3566
872
4385
6864
1188
3480
5548
5083
6227
9676
9456
2119
7357
8518
3488
6839
1323
971
688
4625
3132
7718
7253
9839
9980
6771
2484
7106
8083
4930
2996
629
2242
5355
1972
5438
6616
2285
5686
1055
4205
9254
7427
6802
3121
7349
4044
2622
2643
9226
2903
6599
7156
1175
1699
7681
7561
7024
2735
6497
7833
1941
2021
4740
5020
9267
2650
9546
3371
135
4706
2972
5115
7335
9694
230
6448
3147
3677
3354
5753
3264
6008
8427
1933
4175
8690
4776
3296
2296
9065
1473
5960
5009
9718
8910
58
6970
461
2489
8037
3776
3330
3442
374
2328
929
8933
2126
8033
8691
8965
758
8199
82
1877
5887
9640
9359
4863
6933
896
8569
6173
9951
3283
3001
3341
2173
2626
8766
4498
3642
5071
4158
94
2528
4143
653
4656
8630
6480
1087
2695
3360
648
707
112
3892
2845
7771
2223
2753
8807
6602
4424
2031
6563
3432
9844
2421
5307
8122
7201
6904
1003
1667
9396
5894
1428
1115
6078
6411
846
1981
6628
2092
1495
4482
1521
36
2482
9874
7215
3406
1808
2308
4223
8119
2530
4445
2478
1284
6647
1173
7449
9283
3676
505
65
3155
1566
5591
3275
9612
8613
2658
2332
2792
2064
9032
3124
388
4065
6251
742
4369
4419
1386
6021
8871
5695
2412
4145
1014
1487
3292
3493
5925
7546
5490
5192
5352
7916
1140
8780
7115
6845
9047
8511
2424
713
8536
9931
4702
994
4895
1490
6721
7128
9499
1669
3102
8450
51
5526
7759
3406
6405
3276
6722
2190
7788
115
831
862
320
9292
1490
6026
8951
3354
8021
1772
7138
52
1946
1790
1205
2513
6076
1928
1624
5476
9903
1071
8548
614
2199
3015
3460
1670
9721
2306
1499
6252
3537
6768
5007
1198
7288
3463
3109
3892
9448
1072
1063
2355
306
88
2457
3588
4705
9548
8240
383
6517
6192
2667
3948
619
1365
2903
473
3242
474
5369
8329
7481
3493
2569
2291
2742
1582
4140
465
2165
3182
2033
4338
7180
9121
8861
1627
6656
2217
3607
7322
4935
1561
111
1670
4897
1012
9731
5652
3765
8866
2781
1617
7802
2110
4164
8346
8069
6226
9302
8432
1705
4171
2794
5959
6417
2763
9740
264
4335
905
5780
5856
3597
4523
5989
6648
9744
4307
4435
5624
2509
7534
1761
1936
4175
3483
6444
3773
9933
4528
6021
4754
9197
6083
9878
8573
6612
12
1822
265
5748
5317
5540
771
158
3065
4522
6114
2703
8513
6827
2976
9913
8891
506
3945
7407
1686
2616
9911
6979
9805
3607
8646
1362
7992
2546
5993
4516
9457
2010
4652
8968
3893
5751
2725
8725
3063
99
7853
6918
691
2209
7221
7334
5993
1857
7318
8367
2295
1378
557
1538
2195
8771
925
4998
6650
2147
8963
1622
7567
9081
2518
4900
2108
9243
359
2616
4451
4522
4659
2832
3874
1382
328
3638
5961
526
5040
7997
6858
3516
906
7922
5253
8396
194
9728
1370
5520
9622
8643
5934
9216
740
2813
3115
5399
6481
7135
579
4227
8173
2018
9832
7227
140
1380
2091
8639
3409
5597
1187
7011
8613
6891
6594
5712
2833
3541
1908
7765
2568
2736
8504
475
565
9279
2623
4627
8060
1264
7150
295
576
6116
4600
8120
5248
9563
4509
1248
4796
539
2601
6399
5492
1184
4479
9652
6828
1729
5053
534
9331
277
4340
3857
7196
9231
4026
5592
1760
3207
2221
8451
7365
6834
188
695
112
9167
1219
9764
9354
3320
1624
2771
289
4466
2292
8257
5181
710
8033
975
8363
1329
394
2233
5735
7669
509
3514
1173
3145
1736
1821
1814
4240
4577
8144
1653
392
2585
5758
7782
6210
3045
7183
4209
7905
8536
2507
6972
8677
5110
5554
2283
3461
5969
3117
770
2428
5702
9108
4054
4943
3992
6471
6040
1238
5544
9148
6484
9888
6853
978
6853
2606
391
2770
4322
6359
4065
9729
9059
7711
2047
699
3404
5164
5488
4195
2969
9707
265
1343
3381
1684
5170
2047
9939
3565
4074
8943
2614
750
7388
755
3890
5975
3165
2637
8453
1133
2094
183
4377
2731
2288
9397
3731
9674
2964
5028
9072
5766
3598
1280
8001
1194
1040
1132
3954
7022
7125
8261
514
8060
4381
1648
9522
5379
660
1968
295
2752
6482
8776
9172
3192
4598
8418
9432
8382
8592
5350
3597
9706
1070
9938
4747
2220
8025
951
4604
5776
1449
1620
2051
6109
4201
6563
4926
2714
9854
8680
8765
9246
3444
7814
7469
2441
8188
28
838
2954
6621
4006
7145
3453
2319
4890
1853
2723
9369
6134
1717
6825
4244
4566
1550
2877
43
5813
1825
5474
4748
4474
4178
1271
1551
1485
9371
8362
1004
284
740
8743
9190
5541
5328
7303
188
1970
1717
2647
1731
5953
140
4469
6971
3664
4736
8324
2988
7118
782
8455
5322
2080
9306
2526
7258
1382
2761
2731
5262
3501
8856
4784
6319
848
2598
1613
1790
801
1957
1148
4127
4322
6323
4139
9831
6507
5321
1622
9231
2836
142
7580
5822
2485
8321
4863
9373
9270
1598
9101
1911
3311
9066
7625
7620
3756
3957
4048
8503
9264
4357
8305
2394
5325
8967
4095
1760
8944
120
5634
1797
2738
6030
3312
3699
3228
5087
4879
1823
3257
3152
4913
639
546
2181
4732
587
7206
4949
8926
9382
6263
4862
1703
1317
2158
8380
9902
3199
615
3939
7961
2654
1230
6176
3
3436
109
5928
5622
6424
9923
2471
2147
7108
888
1469
2789
600
9838
7196
5106
3279
1727
6347
2617
4208
956
2648
2720
3323
2182
5742
7129
7828
128
3325
3783
2725
7187
5798
6590
1812
2188
7919
1148
4008
2747
8832
3221
9865
3876
7334
4279
5019
2140
6909
8771
3324
2490
409
4840
2809
2568
8662
9174
8466
5888
3537
7433
759
2308
2114
6496
2805
3151
1166
7855
4
2790
1393
1142
8469
9
3605
3733
929
6714
515
2629
4982
3884
3605
323
8310
1719
5522
1048
6364
9607
8945
5512
998
4344
6452
8799
8280
7780
9960
2747
2498
9773
441
8114
4386
2510
9269
9120
3307
8448
6355
347
8915
3487
7493
7125
7975
8899
6073
4455
143
9791
9460
938
2873
3190
83
2345
7761
3983
4299
2959
391
2409
4192
4915
7945
4115
894
625
8719
4132
7780
7295
4441
5998
637
7737
1458
571
9762
2013
4603
2348
8309
2231
1789
4236
1207
9025
3130
8781
8553
4637
8562
3207
7791
7068
1826
6672
1126
6803
9702
8815
7837
5288
3238
3522
2151
3014
1624
8050
7431
8323
5840
7832
4791
7975
7419
4953
4951
8882
4153
9362
6577
580
8914
3989
3309
1014
9364
3907
391
9036
294
5804
969
892
7631
5571
4458
6646
3894
9845
2383
9966
596
4200
3224
2351
931
13
606
3938
7420
7559
3831
5364
6563
3780
2513
7945
3478
5246
2424
4306
3276
4960
6845
4355
2298
6296
7761
7915
8603
6551
2083
7207
6267
1288
3999
6847
9476
8939
9922
5435
5699
9846
6322
7454
889
3686
1333
7202
2211
6463
1509
6897
2923
7169
6530
5142
4275
7257
8340
646
5883
1494
924
2292
4304
6337
3583
6839
8933
1213
6044
1060
5820
100
602
9855
1719
7545
2625
1168
8724
9031
3534
2221
2252
6045
8018
9166
1243
1888
5783
5319
9075
82
5759
1153
6813
6758
3460
2243
9451
5640
4579
482
5260
6845
3769
6698
4200
8510
8943
4854
1295
771
1106
227
3015
4520
1760
4322
4948
6563
228
6953
8549
2157
4835
1701
1013
1842
1190
1338
7152
987
8062
4293
3853
8772
6233
6654
8397
2466
2526
6307
6090
2442
3972
4759
5704
6552
9610
7720
3311
9528
2357
3397
7883
5175
3334
1062
6485
5518
7643
2470
9660
871
424
590
9317
3685
4478
2284
1400
1852
1491
4496
8863
6676
4126
4195
5074
8826
343
7389
3845
908
8928
3632
2159
9320
8890
2813
7922
4654
1469
2347
3334
8872
820
1159
8958
2324
2769
689
6281
7364
7467
4841
487
6277
6876
8042
9089
7347
728
8869
6417
3766
4477
1173
5194
271
538
9746
5141
2462
4630
7746
3273
5122
7041
7000
731
1777
1447
97
3135
3487
5187
4742
2487
3164
6367
346
2744
6378
7871
1384
1541
5802
9620
5135
5072
8558
9773
1101
3077
5092
7930
5511
8840
8017
9332
8327
2186
360
3105
3272
2503
201
4610
811
3209
2187
1762
3516
4244
8443
9630
3376
6562
6595
2751
5758
5850
4669
2248
8104
1787
570
7184
3612
2607
6973
7634
9041
5986
4445
7471
4107
1959
4041
7091
6115
1652
7314
5537
5556
6057
2616
5261
2499
2231
3132
1106
7821
320
2886
7787
8423
3679
7095
1523
7326
1412
5195
3284
7787
2681
1631
6522
6564
2281
9798
9209
2933
3637
8207
9004
7304
9392
705
951
94
6131
5332
6937
1703
16
1279
8665
8948
6283
7503
3387
7522
8067
4149
7317
2425
5177
3101
5548
7434
1280
523
6174
2759
1165
878
2963
6901
8661
6599
2577
7778
9254
6701
1334
612
6263
647
4088
249
7777
3746
5761
7907
9647
9088
7692
8974
1496
5739
3150
1874
7213
1353
5659
3540
3063
1513
5351
850
840
4149
183
2553
6656
6441
7644
6121
5301
6636
7428
3177
399
6240
470
7781
1968
7995
9297
6485
7550
8304
4003
9579
8128
1856
2262
2434
6040
936
3590
1253
7820
3764
6267
6173
4039
5633
3577
9869
402
2092
8981
1202
9803
1748
8830
9281
6817
936
6713
9407
6069
4198
5034
1366
2517
3685
1979
3054
6398
142
6707
279
4048
6874
1963
6839
4992
2765
1864
3563
9106
9182
1502
839
1230
1675
9286
1843
7482
3472
5921
9696
3202
6994
7541
8129
8672
9518
8797
3754
1084
6475
8745
2928
7183
5934
3628
4730
2692
966
1311
7276
2155
5562
9149
6756
572
5892
9771
8799
8754
2187
8125
227
4687
9377
5070
3586
2558
7525
2567
6575
6640
5744
9824
9800
6382
1657
1781
3715
5437
8006
2974
3907
6272
5446
5766
8365
546
5086
7061
8015
4160
4689
5925
1387
1380
4201
13
2587
9941
2431
8369
6
3017
103
607
1561
6778
5783
3872
9639
6643
1825
5045
6429
732
1306
2130
8765
7283
2880
8476
8487
8731
6845
8852
1719
9258
1730
9774
8990
9789
1689
2675
4522
4230
1880
7837
5
7769
6602
4275
2034
7610
5007
7965
6175
2495
3874
8711
3034
971
3070
4647
3748
701
3842
8893
38
9416
9633
3362
3307
5341
2074
4420
2571
4940
5279
3269
8702
4725
5134
7063
7943
9230
2011
8254
1779
2783
7668
4611
2702
5219
8562
6751
8460
2577
829
6671
551
8070
1922
4805
592
8574
8616
9465
1996
2166
7438
7501
7872
47
1718
7701
5326
277
7468
210
3007
4324
8232
6921
8513
5983
6904
2039
4585
1128
2275
8031
2212
6555
8317
1440
9790
7432
7369
2305
6444
808
4609
8910
9516
6583
9426
4117
8597
1883
649
4211
6924
5814
2132
4130
424
1578
1344
16
5215
803
908
2978
8717
1325
407
6679
8853
1364
2650
5424
4949
8124
5980
1950
3992
1440
7875
1165
9677
5826
8235
1175
3428
219
6962
1655
4847
968
1480
4557
743
1376
480
1216
1917
5661
7195
1716
2389
6854
2560
5468
8530
3723
7084
8857
7259
469
4950
7865
1408
708
8778
864
780
3711
1335
4607
169
9942
4313
7315
7163
7534
3001
1079
2882
1783
2318
1057
9549
5292
8994
480
182
7866
9157
703
8106
8256
2319
2925
5850
3021
1004
2527
76
9493
9362
2259
5703
2169
9782
4961
530
996
7035
8891
188
3212
6826
2515
7842
3400
3804
966
3826
402
2544
817
2626
3651
2676
1986
7039
7135
1049
4251
2477
1212
4468
6345
1029
9210
4171
8538
5270
4983
6642
9605
3334
6880
6405
4453
4845
5574
3699
7122
3650
9069
5001
4131
8041
1479
1445
7616
2698
4248
1389
2964
1977
5077
8344
7229
1126
2209
6702
4101
8634
8688
6902
3402
1033
9309
1386
1307
9266
478
8111
539
9240
1186
4451
591
8873
5304
6133
6546
8061
1736
207
5082
933
4971
8167
3264
1241
199
8473
8255
5181
39
2218
1861
3977
4905
2271
2529
1580
1043
261
2509
7685
4730
694
1752
772
186
6974
729
3751
1038
323
8626
1771
1812
439
8675
7547
7331
751
3678
3359
8473
4190
3487
3780
3194
1436
6414
632
644
8870
1247
9766
26
8174
8653
3929
9929
3523
754
7901
1473
6436
9396
2511
9726
9918
5669
2661
108
3920
6360
6158
4919
9266
9244
9567
3293
5902
1800
6389
6920
1970
1896
5473
2525
1503
6702
9659
9832
5299
6903
5094
247
650
6505
8480
9866
6857
2326
9482
2921
1295
70
2161
9051
3859
8729
1378
2202
8387
8072
591
1777
3092
9296
6782
26
9939
3561
3815
1172
3904
9148
9131
6921
2478
2374
6129
9363
8062
7478
3528
9750
834
4656
8317
6511
937
9529
6771
7571
2429
7926
3343
331
6790
2445
9350
982
7375
5733
8911
9491
3669
1626
7493
3408
8836
9975
4745
1315
1362
3060
596
5222
2372
509
6110
7210
4490
7862
8687
8344
2797
4603
347
9199
4169
7276
814
669
2351
7499
6463
6301
2715
8171
2411
2273
5753
2820
914
8622
2849
6232
2932
792
5916
8569
918
9795
9533
9641
346
2409
604
4657
7373
3731
9068
6644
5265
2248
812
1981
9121
7384
2951
9539
2564
2904
2194
3264
6825
4621
2400
3842
6467
4093
3348
3080
9894
8884
6573
7706
1418
1715
1607
714
3021
786
9110
5865
6005
6763
6108
4556
5126
1727
1779
652
316
8105
1767
8680
5787
4155
5387
1378
9112
6816
6722
1605
4078
3364
5439
4592
9727
8861
7264
419
4257
8720
8475
1654
2788
4849
8995
2201
28
2586
391
6129
5541
267
2719
9749
2889
6332
3736
6783
5228
1303
9969
5013
1818
3624
1451
6996
6137
6033
2613
256
8114
1861
4071
417
7349
7792
9343
9678
7737
4716
3769
7511
9035
1375
7941
5991
4344
3466
396
7692
1157
9488
9954
1954
7058
494
8192
1308
9669
8834
1159
4492
1689
3278
9360
5492
5106
3697
9957
2292
2227
3318
2387
3270
3571
2354
7728
9183
6432
2141
3813
3141
9692
3949
9892
9922
6573
4602
1323
8083
4086
6924
2755
7937
3212
302
6062
7142
8989
4091
5517
1426
312
6151
509
1572
5611
2660
9782
9937
1033
7677
1748
1858
72
9624
3167
1421
2738
9781
3709
7566
4075
3381
7423
4242
8214
6242
6922
2558
7318
7321
877
9008
9929
1417
656
1982
9124
695
3681
2178
2859
4129
1928
9501
3523
3800
6100
2273
7994
4132
7532
6933
1830
869
9828
4842
584
8667
5709
3097
8686
2382
7237
7510
786
6060
1907
9286
6235
8919
9179
2083
9454
4292
4163
1415
4949
1655
8593
7134
380
8967
5996
7524
3233
7175
2040
4479
8757
8358
9980
5337
2609
7864
4261
5483
6489
6814
1595
4139
6581
7676
662
2962
1193
5225
3759
7118
4004
716
3485
5680
8004
2621
567
3134
612
7967
8008
8443
7819
361
2786
7256
7817
3001
726
6492
5177
857
5316
5184
715
5195
7169
7613
1288
7197
4277
3049
1259
6398
8258
3661
7335
2176
3734
1725
8280
8504
4614
5334
1866
8461
6499
993
7785
6621
53
5708
6119
4108
2451
5229
3940
2062
5135
7674
1310
4742
3072
5342
4799
6467
560
4610
7674
5151
9010
5419
9761
4696
7854
7063
1651
2413
3451
6678
9672
2668
8594
6082
8651
2278
643
1244
2477
1214
5642
5328
2900
3897
4047
4296
3624
1048
4393
897
8393
1625
3695
8799
9503
2040
3894
6086
5232
1769
5296
307
4325
5737
6286
8347
2177
1523
4090
9893
55
6240
9943
3306
7764
1141
1075
2667
8720
8148
6690
2676
1693
2124
585
609
2224
3920
3542
8172
731
3760
1947
335
99
4484
4297
2075
7228
9500
9715
1999
4093
7552
5636
411
3207
5515
7344
1843
7518
892
1790
3411
905
1438
9030
2052
804
6073
2248
9633
1871
2647
1573
2148
9035
976
7376
7388
1637
5368
3760
852
8455
6212
6021
467
7664
3735
1535
8439
9432
4764
5912
7111
1132
5860
3872
201
97
2120
5632
2857
3500
8665
1666
8055
2388
2403
443
4948
8839
7023
7966
6662
8989
8402
9040
8901
8573
2317
8888
3228
4794
363
9915
1095
1369
2123
6510
2881
9707
5273
8427
5251
2240
3547
9679
4532
630
2777
8591
5967
2329
3863
5092
8277
5225
9892
1744
8917
32
8219
2896
3917
1450
8941
4828
5996
679
6762
6598
3783
4623
2157
8301
5825
8606
534
9618
3277
7918
6763
6022
496
9503
1259
4455
2531
4207
4338
1360
1506
3445
5428
5315
2372
928
5805
6323
5755
8194
2277
4817
1825
7349
694
2033
8605
4884
1599
9281
4623
3151
4140
7112
3603
6758
8848
8100
4892
1131
516
5282
6499
278
1140
1688
5684
3973
9683
4713
9330
1405
9912
106
7322
9600
7749
2105
928
7255
1925
1958
1358
4447
4282
875
9195
1621
9475
1858
3287
8705
2321
17
4267
5892
2350
8584
2341
541
6121
7717
7284
5111
9643
722
3046
6780
4245
1817
3442
1965
6491
7494
7672
843
9975
971
3431
9985
3014
883
2570
554
3237
2245
2969
7422
3726
3590
4998
4279
6848
7696
7960
5234
5715
2122
3169
6271
4522
8461
106
8096
6246
8461
2974
3355
8064
1227
6840
9510
2551
4761
1760
9524
161
3284
2365
3128
6971
2561
1528
6340
4889
4417
249
7767
8345
4612
1555
1905
6978
146
5426
4795
5351
3988
8077
4980
8810
4585
2204
1751
8201
691
2332
3199
6820
9096
1704
4105
9759
7899
3971
6035
9446
2288
6354
6002
6487
1226
4527
3967
6191
687
7215
2336
523
6990
716
5165
2061
9685
1142
2803
3285
5839
4396
2854
7583
284
4603
8750
4029
4737
5765
181
3779
359
4548
9893
597
8788
7042
4717
3564
3006
3834
8300
3397
3111
1089
9809
5554
8751
293
2650
2628
3920
3284
8977
3649
3151
9696
6586
462
7527
5569
2050
7332
7854
889
8397
2634
5144
6513
8399
5620
198
6956
3094
8166
7317
791
1256
9377
9707
663
3051
2557
6912
8494
1270
9630
4820
8927
4441
177
6214
6207
3068
6370
5866
1981
4368
3292
6402
4519
7411
9530
2765
1562
8260
2229
63
3874
9368
8738
5119
2747
9657
5371
5052
6448
3122
2492
875
7553
7505
9622
4535
4667
463
2279
5668
502
724
9239
5219
2329
8898
2053
318
3183
2636
1728
2834
5789
2154
3965
6666
3112
2655
7635
7892
499
2666
6027
8781
4139
3799
2919
4482
393
4091
4329
403
5208
455
1406
6988
8145
1980
2308
8173
7893
5132
4301
3664
1681
9609
505
1724
4405
598
1886
482
930
4487
2969
7877
5034
8651
8462
1837
6995
4083
4146
7860
4339
7675
9468
6414
4328
6704
2824
5223
7839
5785
1855
3317
9153
6470
8927
6786
7052
400
2165
3364
7714
2381
7350
7675
2658
1274
3376
643
7774
1489
8473
8761
3269
3800
9066
935
5698
5093
2956
8832
5719
1933
6741
1877
1674
5631
2150
5746
7553
7982
4012
1930
4987
6600
6613
5091
9983
2662
3530
5965
7430
6576
1938
176
6863
3082
110
71
1240
8386
7179
2707
4774
2043
8339
2156
705
4730
982
9909
190
8687
8942
8770
9347
3840
7793
8921
6051
4933
9054
9423
3121
4352
5996
7642
1586
5369
8484
543
4103
4270
615
728
1557
9120
2002
3521
6340
7856
5819
5217
2558
9634
7205
5791
3256
5548
3042
5363
4922
5800
522
8127
8935
7987
2750
274
8925
8871
7101
3918
9890
9653
7979
6946
8696
4529
4586
3597
6657
8312
7705
2258
8326
9065
3319
398
2697
6852
5165
8026
6734
7519
1071
7452
3121
919
2187
130
6435
3571
6552
8965
8371
3416
9103
1758
1068
2471
1683
3797
2842
8617
7274
1789
1705
2529
539
6549
3992
2096
6554
5156
7698
703
1516
2088
3623
1982
1118
1137
4990
3346
9991
6533
9008
5366
8940
8500
689
2743
388
3794
6832
7740
5811
6443
1931
3936
856
6457
1447
4841
1956
9645
9040
1569
2465
9457
5313
282
7006
7400
6003
2139
1012
2969
5427
51
326
5144
3531
9681
6533
4286
9197
3865
4190
9024
2601
7262
5000
598
6303
7861
4004
1787
8065
9162
2207
764
2754
8610
6901
7659
1437
6728
4714
8408
946
8473
5689
4309
5463
1511
1919
9759
200
4392
1169
1450
9570
2083
2436
6001
1191
380
447
2050
2621
9830
8828
3774
9146
3442
5738
2534
6565
6719
7697
8476
3048
844
2575
3252
1842
6529
2620
2955
7037
5936
5096
5808
4763
807
4133
2423
8444
840
4159
7248
6635
1049
9145
1743
2908
8767
3574
5583
9969
7320
8060
8120
1672
1067
1943
9404
6868
3098
6206
4881
6590
8795
4969
1593
6186
1439
5325
1706
80
6896
3127
7132
1810
365
3190
3423
6628
9492
5582
2237
778
3806
9878
2253
5394
551
3285
4834
2517
707
692
5858
7144
5249
2138
5704
4092
6523
1688
8420
5053
2652
4933
8856
3164
8155
787
9647
2581
5267
9292
9806
4198
9813
8726
633
773
1627
7800
3490
9610
622
3891
8936
9442
9560
311
1390
341
2493
3169
8158
3708
4195
5040
5926
9024
7627
9442
6743
9975
6668
7352
1298
3213
6281
8917
219
242
5841
745
9492
1216
7997
9586
957
8388
6905
3844
363
4575
8619
1211
304
1619
1296
9564
309
8263
353
3685
2063
6649
9010
295
8837
4121
2512
3499
54
4217
6719
5268
1597
4777
8056
295
2550
8581
4447
3916
7920
2510
8707
3234
5267
5757
5705
5911
322
3064
2445
9556
1220
1195
4062
5480
1949
3763
640
7027
9145
4516
4235
9629
5974
7219
6090
7280
9839
1548
1325
2359
7819
2114
7689
922
4475
17
8388
435
7218
8924
6669
6296
6378
840
2807
3679
2040
5057
2870
5551
8581
7120
4818
1681
666
7075
5752
3298
2733
2980
364
6121
168
5726
567
1932
7620
3524
3997
6315
1359
1879
4801
183
7961
9740
2678
8018
8981
1466
9766
1098
4947
464
6872
5458
6652
657
3530
2612
4936
1024
6372
1741
5250
3462
706
5424
5415
1267
9163
9082
3281
8521
9743
699
7417
4503
322
3978
693
9767
9195
9962
3086
2683
8020
9051
1256
355
5978
8221
8406
2464
5073
3644
7981
3225
8774
6530
5127
6223
2497
7682
8161
1506
9996
8830
4452
3145
8841
2161
9096
4512
152
8875
1631
541
6802
5670
7508
3574
5247
6330
597
2067
9704
1372
7926
8991
1031
7411
9518
7240
767
7886
8580
1281
1361
7061
5327
6132
6075
1051
6924
6335
8938
4371
5767
495
9272
1942
7545
6560
6322
2941
1047
3240
9950
6823
7581
807
6579
672
2373
1152
8250
3350
1763
7127
5243
6617
1798
8098
3554
5961
2613
6411
7446
8953
644
4228
5165
1318
3676
6103
9785
7266
2023
1841
6418
9780
3026
980
109
5954
1268
3427
5670
2850
9577
3345
1401
7459
2171
602
2022
8377
9243
1992
405
3861
7967
2053
669
2368
88
9542
6286
15
6816
5133
9990
2377
1573
3417
1914
1627
4800
1992
207
280
4057
308
4140
1048
251
2136
5910
6614
9001
5348
8143
9075
3227
3980
9482
1546
8377
287
2071
639
5268
2832
2466
1873
1350
9805
6826
9277
7062
1701
1018
9126
9119
1704
8887
7587
863
8115
9919
4106
7014
7588
1052
8837
7413
4179
689
426
302
6770
8987
88
2719
1585
2101
643
3420
2379
800
277
8699
1573
8181
3518
6080
6235
1137
8776
8152
6415
4144
2171
283
7601
5124
3366
5298
2044
3655
171
6742
6258
3415
814
1060
2203
4654
3417
1783
2215
2628
9217
8617
3082
9282
2713
902
4205
6456
9525
3462
6311
8956
1716
8749
352
9183
1615
5448
5604
1426
2595
8743
3803
5633
5714
4914
7953
4043
8341
1256
5405
1167
9416
9510
6341
5594
5552
6955
3705
4300
1774
222
6768
114
7064
1459
8591
4886
6806
9156
5345
736
1865
1992
3295
5981
243
8219
736
1696
4852
5123
1349
8109
8466
2329
6679
7607
8763
5011
3368
5899
6202
118
918
3653
6596
2106
1136
9487
8131
7034
8681
3063
1739
2351
3641
4872
302
7645
4912
9960
5806
5778
8291
6270
2691
9053
3594
2256
1426
486
5140
845
6694
5862
4351
9294
2108
4553
122
308
3520
5188
4425
6336
2153
2026
7060
1077
6057
1944
4534
397
9176
5786
9488
3007
1627
2681
745
8462
3276
672
7039
4327
6932
5657
4051
3204
4987
7303
9935
3035
5170
3514
3847
460
4338
8924
1843
675
879
7069
7819
2080
2523
2354
1510
4039
1839
4
7015
1592
866
5797
4868
4367
1040
4263
6701
3537
1737
9032
2090
653
8487
166
7913
6267
5705
63
4066
868
705
1053
7144
2238
1298
4568
4238
7917
1394
6070
2684
6230
1403
7966
7740
6291
175
7462
1438
4892
9513
4761
4831
4515
5904
2616
8985
9330
3254
2635
5878
3398
3619
193
7349
78
3301
1682
861
3260
8802
6951
2197
6175
1682
3925
5311
6551
5935
2060
3269
1084
9529
2450
3533
6037
5831
2771
9117
1670
6341
1236
9976
3898
5792
6278
198
1259
9749
3122
5118
7049
9605
9743
2456
1674
9148
591
550
1668
2480
359
2425
2379
3649
7464
5823
2234
5413
2918
7295
1765
2204
6811
6835
5304
8311
7649
8859
6184
387
1897
4054
6333
5315
9802
7293
9430
833
6759
5267
994
1647
3977
8829
1024
4387
4277
2638
5720
531
9775
2196
7303
3203
8767
8539
622
9296
3670
1715
6175
6673
2246
8029
995
1714
1801
7465
882
1657
8630
757
9482
2306
7262
1037
5715
5551
7539
992
6410
1337
2146
1130
715
4050
2860
2184
1220
2835
1970
5790
7303
4119
9225
2414
2044
555
379
7895
1164
6129
2573
9922
2146
6534
1117
65
4362
9892
2066
5681
2582
6715
4328
2162
2595
7344
5020
8181
4060
52
1196
3326
9322
6127
3589
4192
2261
9563
2258
3199
4619
2170
1308
3441
2371
6202
7467
3856
8563
1457
6262
7573
2583
1523
1644
6459
1040
8037
1344
247
6175
2512
1021
732
1198
8452
739
886
5558
6259
6888
4920
4806
7294
6020
838
839
3628
3733
4516
7423
7710
9756
5320
3121
9359
5968
3176
2306
3436
1513
5416
4665
8811
7674
8579
1118
4730
7951
2275
5911
8607
4744
1532
4500
1366
1474
1123
6597
2628
3888
9376
970
1229
5762
6412
8209
846
9139
2867
5687
1497
3674
1261
4993
751
7342
7130
6481
3720
2668
5269
2894
1602
2854
1198
2926
2138
2608
439
1521
1287
164
1632
1210
1422
430
6123
217
2588
5081
8544
3103
2533
7849
5907
5455
4404
8303
3576
3900
6537
9746
9031
1682
684
6507
3484
1289
2482
7295
4415
326
897
5820
6943
3836
3872
1786
7507
1590
7154
3209
1851
6750
6443
5938
783
9942
1812
4322
4805
6442
9411
3146
8800
1985
1087
9248
410
1715
4857
2520
7523
555
9781
7900
3422
2050
5461
8027
5220
367
1382
6731
6895
2507
3777
12
3401
6886
2050
7431
1865
6384
3694
7007
7594
170
8488
8413
927
1074
7903
7147
7543
9821
6705
1707
7818
2738
2010
9227
1704
183
849
1581
7470
2706
205
9549
9050
8609
4635
6208
2732
2458
5859
2868
4511
1614
8360
2361
5385
5453
1553
5737
38
6861
230
807
9336
3710
640
2866
7181
1980
2632
8544
1537
1658
986
3135
6327
4738
6115
7494
2313
5373
4731
4150
1954
5585
6621
7711
9354
4620
6395
1964
6646
7719
9364
5316
1346
3046
1883
3831
3473
2294
4250
5600
1219
122
2030
2299
4381
495
6245
9154
7972
2290
7021
4442
2877
1419
3452
7634
7040
327
893
2439
9551
4035
140
3610
9677
2516
5864
1650
4661
3259
5786
2816
1099
840
8834
439
8433
3939
1814
75
8468
6820
1792
1974
776
1284
7774
8031
634
3542
3108
7356
8718
280
4570
5089
6023
3102
6117
493
3662
2609
526
224
2687
7475
2015
1131
4250
8722
51
170
9494
7316
3232
6856
2460
2947
9
4122
8202
1678
6217
5372
2951
6526
3397
177
2835
9472
7476
1935
6703
5379
7734
2703
8890
1194
2842
7058
8146
5800
748
375
9197
3056
3407
9365
5284
7008
6552
9386
3026
8605
4046
4257
4367
5675
1635
323
3960
1039
951
4958
2265
2201
6464
9566
7840
6858
9407
3839
9744
7258
8609
2649
7125
8061
6742
7187
5441
1366
5298
30
2554
7401
4483
1952
7333
7932
7506
5233
4644
903
9910
421
5963
2071
6219
4974
9068
8536
448
1738
1979
5247
8135
9977
2517
7271
7249
2648
4142
7818
2881
9878
1164
5895
1592
8278
586
7396
6257
1167
8122
6907
4541
2120
133
8523
763
5819
9030
3984
4300
129
5567
1987
9798
3599
4307
3137
2357
7189
8675
2695
201
4417
2925
2833
6266
455
5116
2701
6351
2645
9024
578
8450
195
1481
6216
2603
5546
6644
8472
7177
1321
64
8061
5573
1314
5592
1796
9083
7948
4105
3457
4131
6754
3306
6178
7279
351
750
848
512
2446
6148
7133
7597
7726
1732
7115
212
3093
2224
8185
3178
2265
2809
6882
6173
9178
6395
5835
9563
3940
1576
4865
278
2720
232
8636
5761
2768
5101
1667
4674
7137
748
2058
294
2429
1446
4310
1863
1189
5780
4055
3229
7321
7213
1933
1046
8738
3671
2584
1053
1588
5543
4516
2991
6410
8559
3834
726
6089
1851
5056
4566
4309
1006
1765
5506
6668
675
8197
743
6351
7011
7936
8904
9955
1704
2296
1144
3628
4067
7532
5931
9194
1003
1131
883
1232
7304
7381
778
7165
2471
9278
9126
2577
6503
9112
9022
7444
9368
1999
5363
7823
9782
6424
1364
9340
788
5411
6154
7446
8392
6440
4455
2458
738
736
8538
6094
5177
1333
701
9190
4500
2660
6027
8817
4806
8938
4513
4694
4194
7308
4675
6935
2120
2567
5190
991
5046
494
4501
342
9913
3224
3710
7262
3604
9425
4809
8158
7820
2494
3807
8298
8793
6366
4446
3690
9355
8064
3536
4704
3432
3015
6372
4980
7279
5864
1783
6128
2837
655
6113
6257
531
2078
1431
1355
7298
7181
1756
3907
5035
5822
9589
2498
1217
9919
2295
8884
6043
4228
3
3932
373
1903
2411
9807
9906
7793
431
2315
5834
1832
9654
1859
138
9819
7708
2663
9002
8529
2940
2554
1847
1019
9892
4442
3720
145
1756
4344
7695
9918
181
9003
9916
5767
723
3049
1578
6280
11
54
9020
1741
2524
372
4491
6304
512
5458
4740
3589
6190
2628
9152
9771
6155
6949
7084
2236
979
3805
4063
8536
5456
5658
1973
289
3504
9075
3569
5705
2813
1722
2392
281
3627
8807
4570
2310
173
9712
3846
845
5306
2625
5830
4677
3227
7485
4348
1448
4090
2026
4592
999
7861
9806
7006
1222
8924
1565
1311
2427
718
7104
320
831
3369
4138
5520
597
6608
7272
8965
3319
5591
357
9400
323
5550
8153
4622
8638
2243
9260
125
1908
6258
2000
1548
9918
3889
9701
5463
2018
728
3388
2190
8959
5361
5428
9415
7608
5913
159
4992
5160
5554
1898
7069
7745
9919
8465
330
7490
9805
5077
3966
5077
7390
7434
8212
7792
9572
6447
2548
3739
4960
9644
7931
9237
7483
9992
8020
1763
8247
6741
3960
582
3503
4343
8505
2717
3777
9808
1676
1761
8167
4544
3578
773
5886
8706
4624
9096
3116
3029
1553
8827
655
7873
3551
7367
9116
644
7263
7940
4412
1084
7386
6638
950
8578
4774
9178
1395
6505
468
3571
9169
3749
6120
8478
8730
3059
1722
9207
3172
4463
1154
4972
7408
6425
8366
9119
2847
9516
3
2989
337
9134
2862
5971
912
981
3870
5804
3220
4759
768
7868
1679
2571
148
9651
2493
7904
9286
5276
7122
4021
4193
1843
9930
9351
6710
3094
8299
1465
8792
215
8773
4240
6824
4063
7907
4486
6245
3255
996
5410
2711
9672
3305
6382
2209
2203
4401
2530
6578
8347
1088
1531
437
29
3584
7049
1756
9023
1063
5144
3107
9373
5881
1630
7955
6460
9658
7519
3749
3110
2646
6706
2508
2362
7624
2637
4715
7733
9558
869
9999
6765
5458
6786
9350
396
559
5618
7225
8407
5469
5754
9356
2194
182
6705
1015
9838
8159
2297
7928
8931
2917
4302
8624
6623
9718
3227
5303
2580
7131
4258
5434
4474
1061
1658
1791
9199
927
267
146
6642
111
3991
875
4101
5316
9501
6843
5408
9667
2058
7252
3490
4441
8494
1123
1501
6167
7656
3006
9539
9702
6967
376
8252
8528
3518
6610
200
9879
6380
5332
3659
4032
8812
2398
2490
4510
7466
4053
2745
883
3833
7123
6014
4968
4220
7860
8876
2292
5390
9320
612
9440
6854
97
469
4454
3524
8523
3617
4961
1212
3669
7755
6064
5727
9413
6742
4406
9924
1809
7024
5542
7378
2633
4942
7371
6587
9990
692
2150
2452
7135
1495
9167
4708
7651
805
1414
1093
4705
6114
4368
6666
9354
2822
1016
8504
508
7157
5709
6368
5350
718
3346
1768
275
7930
6873
9817
1985
7261
8534
358
1800
5390
1290
8728
460
2829
6245
3901
9262
3572
5886
340
4366
55
2432
4699
2264
3248
5298
932
460
1902
2740
1576
1764
9084
6585
8301
8863
8958
5740
7177
64
3652
3341
8986
2671
1881
4522
8943
3223
1085
2419
3418
6761
1779
2593
7366
7129
2041
6881
2397
9000
7011
6431
7926
214
4487
9206
3837
6185
8993
9565
6472
6663
5151
732
2963
5563
4433
557
5941
7315
2965
9227
2782
5136
4853
5285
3343
8301
5953
9284
6944
7845
9783
3100
4669
5667
3912
5321
2863
5589
6173
1778
1124
2201
9673
1232
5546
2668
7021
167
1174
896
7208
2218
7195
8640
4502
5792
3261
4849
7672
9216
5397
9946
9555
166
4979
621
1875
3397
3698
2023
2138
5653
3982
6976
1751
2198
6263
3593
1778
5137
1944
1313
9320
9656
54
2493
1546
2606
6008
8302
807
8509
5990
8803
1258
9315
7521
6213
3811
1494
356
2688
1362
3197
9974
980
6839
9934
9283
1255
3675
1520
8281
7312
195
2157
9408
9698
4110
4018
8730
7113
8188
8581
1592
6751
7132
8202
4750
8797
7138
2787
438
9155
3913
7921
3994
3896
664
9269
6182
3590
510
1343
9533
4563
3773
5461
6231
2097
1443
8760
5128
6666
1852
1501
2486
8382
7775
5986
144
6128
1249
8341
4478
772
9930
9309
3021
4043
1581
8451
3178
135
2917
8134
3310
8436
2142
5953
3380
3786
102
9830
4397
6508
8587
1694
3589
4359
9382
564
2678
1185
9230
1570
416
1909
5148
3873
3996
7726
3747
845
9424
5447
4361
4156
1007
8459
2141
4079
5589
464
2238
6198
2286
8645
3332
3173
7231
4188
8219
5806
642
2815
3373
1011
838
4068
899
8573
3180
9885
3946
2172
7654
2920
6670
5941
9519
6621
8762
3701
525
2846
70
1104
38
9244
3010
3364
7613
6862
616
5375
586
7852
5194
3085
7437
5472
3057
7396
5092
2386
9237
508
3542
968
1739
463
2285
3543
34
1035
7734
490
6946
9287
2684
1402
9287
2051
1874
5741
1271
3379
1790
4529
2653
1038
371
5950
1382
7538
2511
5086
4833
4576
2928
6843
8769
1729
5485
5070
2146
7414
1400
731
3515
3163
6279
2380
1983
8605
3503
9204
473
5427
8383
5243
8458
8763
3386
5878
5708
3227
2004
943
6224
2690
769
5578
3613
2481
7373
1210
501
3764
8650
4219
6024
476
7903
7425
8432
281
4451
6174
5820
1395
1691
377
6235
5275
5923
6176
8697
4665
1163
8142
7054
1049
6660
2751
3903
4199
6171
1663
2481
4424
2948
2146
3553
9415
5659
7653
6884
2222
251
7182
502
1603
7892
3421
1592
1942
9304
1075
315
786
1368
1790
2948
5442
3131
5549
5628
4334
2186
4767
4683
556
704
1782
8017
6899
3144
3875
7573
6392
2140
5008
3311
8931
357
8616
9353
8020
6722
5354
7188
9266
3963
3929
1509
5069
4593
642
377
136
5686
4076
155
3975
198
943
4158
4121
6040
9359
2708
936
463
1271
3104
6700
4550
6070
788
9584
1547
9866
475
9281
5140
758
4028
8724
95
6306
7045
3766
6260
2843
5630
6083
2648
5225
5086
1006
9992
8770
8189
8059
2975
2611
7102
6970
1420
1117
3623
6127
7319
478
1408
4273
1057
8176
1010
4789
1623
8599
2882
2711
8991
187
2585
6167
2855
9064
1212
3455
9961
6469
6363
7849
7600
7269
9828
8834
181
3253
325
9496
6687
4668
5108
8128
7191
6240
2174
5058
4746
6889
7979
2136
2749
5981
1714
5869
4085
4678
8545
4397
3643
3743
4321
8280
1372
8503
1402
1823
9363
8902
9812
1128
9707
4924
1234
1762
4509
230
3692
3684
731
1088
2488
4240
4665
5966
7397
7479
8715
360
8688
7208
5284
8809
2843
9679
1500
2883
309
8035
7459
1415
1921
5874
3844
9813
574
2066
5007
1300
9243
7172
5491
9954
4927
7190
8422
8341
3224
113
6529
9421
552
5055
2919
9576
4686
4730
5363
3054
2335
4475
5050
1076
4004
5410
1202
5681
8454
7430
4467
8587
5131
4380
9576
7255
6647
657
3198
997
4771
774
1952
6774
6939
1552
7313
2586
9058
3999
3921
2207
6100
7951
8206
7858
9857
2058
1293
4953
1325
2218
9695
2627
704
7584
8180
7307
6300
286
9197
463
4062
4343
9583
5115
5186
1814
3019
5136
1615
3173
9365
8548
1347
1236
1260
8662
9730
7737
8269
3361
2943
589
5755
8122
8993
5882
3903
6033
901
8752
3171
8487
2335
2532
3127
4921
8231
751
1144
390
10000
293
4703
1889
2364
5848
5097
1790
320
2243
3687
4420
5426
1617
8739
2228
3947
6258
6751
1605
3064
9171
4608
3744
4514
3229
9232
5509
1842
5422
8291
1205
5533
1285
1409
2590
1795
7564
8860
765
3075
495
986
7721
3725
4171
8524
1799
9794
814
8607
3803
5469
1691
2309
6313
269
5617
3652
6743
152
977
2082
2899
7049
8899
70
1552
5122
8137
9953
512
5887
9768
9301
633
2858
8622
3246
2318
1678
1243
1523
4654
864
5201
7809
5961
5720
5059
7845
9031
4596
4714
1169
2183
1536
2063
5914
7463
654
8059
2332
5644
7571
2453
8584
6605
3440
3018
4833
1731
3963
2652
9433
5030
5891
1793
9192
4915
3435
6508
9615
6093
2205
9257
754
5467
729
6535
9867
611
9540
9320
5449
7706
7216
6062
20
2393
1686
734
703
4907
5754
9738
3670
6347
8963
3358
5569
4037
7965
7271
4171
2193
5610
7672
6004
6085
2812
3185
3675
3538
5754
5415
5308
5169
2067
3228
1141
2536
1112
59
7597
6412
4313
9551
8510
565
9622
4993
1545
9409
7544
5303
9662
7675
4743
4527
1404
1536
5185
3537
314
391
1637
5809
6172
6200
6880
4466
6886
7648
9127
1842
4981
2208
1648
7027
1805
5723
7475
531
1042
5750
2387
8153
578
7895
3430
3130
2464
4544
1695
3176
9109
333
9597
1470
7800
361
7329
7119
9595
6123
2145
7375
6112
7953
8980
4985
4349
402
7731
8077
3478
2998
1925
1248
4352
9815
7268
1051
2953
3698
5409
3862
6786
8604
2109
2103
2032
9676
8305
9175
1784
2433
3244
2215
8035
8996
3980
3072
1573
969
5662
1700
9293
5259
9274
9612
3053
5413
2983
9072
4898
5578
8607
6948
7483
985
12
1681
674
327
9443
979
2317
1594
2799
7894
6055
2084
773
1580
9081
2627
2142
6979
7187
798
2292
1676
628
2744
132
5002
9646
5394
5546
3376
2740
3809
4212
7382
4850
961
4063
761
226
1934
4020
208
3736
9190
8225
3159
1587
8362
3639
8224
5178
341
2527
2701
3961
408
5579
7096
1271
818
1409
7500
5978
9481
1212
7887
1179
6089
1938
6342
7479
5090
5715
930
3959
917
6124
8341
3979
7235
6692
8487
6780
6013
740
8597
9049
4788
7310
3405
4874
9214
3355
6032
785
952
3112
6144
66
974
4817
3422
2393
480
9522
3328
2336
3094
6238
4485
3020
3323
3433
5082
3763
5158
9671
2094
9290
6634
3380
5186
4871
3813
7761
5271
2628
1721
9317
5544
2945
6753
3666
2827
3455
835
9914
2178
8268
2946
9549
5127
8410
2309
6068
1299
7219
992
5746
2107
1024
3417
7446
2434
1175
8601
215
2168
7145
1361
7592
2037
9503
9780
3138
496
1028
7726
4196
990
2176
7394
3491
7866
6193
4892
2395
9165
8202
7485
4606
8844
4171
9748
462
2176
9194
3430
5525
3261
1848
7225
8538
6491
455
574
2627
4730
1179
4972
8038
6482
2745
283
4713
944
881
5082
5813
2205
7084
4471
3874
5925
7115
9719
1749
1881
3650
3379
9416
5739
4425
9979
2819
2328
3069
6587
2452
6179
3552
5236
1642
2403
7977
9627
1842
7732
7806
5728
2551
5451
5263
1481
7620
2091
4589
9031
3458
3284
291
451
5123
9144
4436
3598
9468
3419
105
2192
438
8908
3497
1726
9110
1241
8602
5892
7193
1182
3525
1932
6144
9903
6865
3269
3602
5675
1496
8399
3338
2389
7599
5286
9569
2610
8851
8133
4813
663
5351
8696
5333
1043
5471
8196
6309
6985
6374
3713
9529
2135
8181
4871
4016
5300
8100
455
9852
2892
148
7379
9207
2875
3366
3744
8889
8684
9279
5887
9082
932
6380
7096
7862
6892
4107
1708
5770
4064
9603
7415
5123
9317
4851
1796
5367
8414
7907
6120
7026
7840
7494
543
1713
3749
3649
8617
8435
9502
264
8003
1505
9838
9025
2553
2439
2050
1440
5405
1793
6709
2089
2722
8406
8274
1254
7742
3288
6457
6248
271
8822
8681
2363
4071
9871
8931
2764
6856
8
9556
9937
1699
7973
1723
2908
7158
986
8301
8620
7441
7042
5117
4191
5051
8551
7970
9753
1052
936
3674
2404
2609
9857
2517
3753
3625
9995
2134
8812
2344
156
1221
4890
3681
8914
7969
5911
5457
9111
7010
9731
2047
7014
991
8994
5044
3948
4195
7348
3382
8775
281
5623
7001
1198
7748
836
2004
3996
285
921
8655
3581
4759
827
7788
3117
394
6939
633
3340
4668
7970
6767
5567
9242
8900
6443
3906
3386
1212
6932
8393
7999
4468
1471
1424
6186
6364
8731
9388
1807
9242
6292
2495
17
8099
111
2206
5088
8686
3855
3242
2881
2233
9689
1098
1807
1807
3746
8010
7099
3161
7214
1445
4517
2997
9274
7268
1999
1553
7694
6510
2157
9421
9923
29
1967
7220
2818
7872
9638
2103
2161
6541
8378
7767
9446
367
6604
6641
7319
1235
3716
6887
284
5189
4559
9059
2291
7442
1710
6736
565
5776
4470
9185
3904
6828
3462
585
5856
166
4841
9169
575
172
238
9985
7984
2966
3044
1637
2749
6066
2269
6252
5512
6944
3290
1522
7632
5405
9726
9648
6800
5957
8912
3462
2291
4451
9711
3527
777
6447
8528
5648
9995
3056
8197
8945
3322
1319
9282
2240
7026
1438
9674
2525
5576
2396
142
7520
3802
2769
5570
2665
7454
5896
1619
2030
535
3679
1040
487
8624
5196
4495
2801
6536
561
6042
2110
1262
6215
2205
5970
2357
2736
2433
6086
3700
1768
8814
734
9001
5894
1125
8339
8602
30
2999
4630
6544
7269
133
3314
2038
2201
8049
8441
479
34
3746
4350
916
2976
2971
5847
6823
4562
9411
253
6420
1938
6211
7579
5590
353
628
1092
2394
101
2193
319
9627
4427
322
1262
6977
8845
462
5875
1799
9747
8102
2410
4708
8057
5942
5911
3724
730
112
219
817
1561
7978
3784
5627
2640
8961
5524
5997
4509
1551
8124
1548
3579
1765
8231
1647
9344
4512
7730
7398
2709
3791
3210
2840
5213
9750
6757
3292
7037
3639
8584
48
7652
4024
578
859
9525
599
2576
8181
659
454
1913
1004
9598
8030
2755
5861
748
7242
9360
5576
8389
3377
2776
4357
6561
8995
1710
9920
7433
2503
2588
2286
57
5761
208
7200
5930
667
1659
5498
4322
7021
5526
851
6571
9515
3545
7211
8469
8903
7144
9859
2697
6248
76
6085
4288
9783
649
7694
3379
512
9646
4544
4224
5045
1480
7490
1524
1112
1294
7813
2393
5340
6586
875
7803
7264
3952
6602
5221
1247
6781
5168
6296
2442
1479
8159
8941
2483
1710
4864
5552
420
9044
4382
2900
3525
3160
1497
9665
7298
4643
2768
3543
3770
9273
555
5812
1911
9203
5483
9316
4766
6698
8883
763
1589
6942
4025
5607
7913
6820
9374
2783
6273
1949
9905
9962
6061
8864
5920
2919
8647
5040
9615
4805
3876
494
9065
2332
1977
4696
4144
1899
6979
6345
7019
9660
9493
7646
4913
3264
6679
6162
6094
6944
8297
7993
2528
6588
9013
2172
9913
8603
7996
459
7087
1571
4254
947
6973
18
1100
472
5128
9714
5851
4492
812
2994
492
1122
889
8193
9837
946
6826
2531
3543
388
6978
2318
242
3220
1265
2185
535
754
8291
3776
9472
7883
4545
9036
8039
3977
9816
2333
848
9873
8430
5522
5104
5075
9804
2273
2703
3406
296
7082
6947
2521
8528
3998
3584
399
2989
6647
6579
8712
8584
9715
2836
1279
8973
5996
8375
4534
7370
9401
5704
539
2198
2918
6197
1847
51
4687
2100
9562
2163
9054
5800
7946
2996
9600
9905
5892
9496
1417
8790
6232
4929
515
1918
2142
4376
1200
3872
1636
5795
6158
122
38
8611
2838
6233
5659
8867
8508
8059
928
5009
587
8040
2095
2275
1630
7748
7376
2122
6848
7719
8151
9305
2902
4734
3557
1804
2459
5881
6656
873
6207
5310
5706
6617
2152
1086
6432
1268
1347
401
8343
1113
6867
1196
2278
8807
6494
5454
1842
7431
798
3506
8415
7000
905
1859
5812
4765
2971
8109
3899
8938
7690
1212
5901
2096
1417
3457
7669
2816
1945
9399
2600
6918
5698
5154
8740
5576
2363
100
6254
616
345
6940
1142
9381
9680
4313
5747
5398
6213
2146
4019
9629
9873
3744
7241
7855
3167
6693
1339
2385
6344
6818
6586
5790
2400
3210
6368
1642
4072
1972
9651
6569
718
8401
5096
5592
1682
1850
6755
8302
6578
1938
605
8662
9328
8619
2898
8098
1918
3733
5760
7688
3418
8697
5908
3559
8740
2722
4689
1085
5460
8385
3804
9869
1894
8915
3674
855
4972
4024
2194
2238
3208
9317
4655
6770
988
9227
1538
5019
3108
2637
9417
5924
406
7043
9970
4687
5701
4464
7873
9587
7023
2627
9806
6496
8595
9101
452
8174
3201
8066
4744
8429
1693
8464
3511
6291
7092
5989
2852
6680
6916
2110
5438
8665
7377
2604
9193
8856
716
8796
7496
610
3798
3961
8710
7655
929
7461
877
3861
91
5469
2572
9492
8545
8685
216
1815
3767
8066
317
6365
9975
449
4361
9731
4468
7627
5025
7150
434
3964
2540
5401
6418
1443
888
3181
9287
2087
5043
305
2196
2000
3171
7737
546
4403
9693
9537
8915
589
1202
1523
2599
1073
1359
4548
7417
5861
9941
3109
718
570
1099
4043
1112
7338
2210
8135
4972
1720
5974
442
4434
9395
3993
2406
2642
2397
4266
7901
1565
8486
2739
6531
9854
2516
9019
3561
2024
9794
7432
1674
3882
4334
9733
4404
6945
2648
7860
8975
1271
7457
3044
2222
1789
5359
9046
2432
7282
93
8140
6960
814
1595
4242
2692
6013
5671
1795
3287
5223
5119
2020
241
4219
6097
1348
3188
3046
7112
5753
1851
5159
2748
1330
730
4842
1869
6126
8148
7837
1746
5688
1780
1358
9558
521
1006
6275
2075
7088
8026
8481
7328
6485
371
2473
1816
3492
9356
9675
7500
7593
9845
1115
1691
7781
5010
1478
2402
8525
9576
2424
2255
8693
3505
7959
745
174
3868
581
2859
1401
917
1627
5117
157
3318
8604
9808
6651
704
8863
1025
3343
197
1778
5214
8462
4004
710
3642
3320
9202
79
6113
8047
6589
974
2269
7295
1664
8090
7039
1414
2882
93
8688
7863
1735
6255
6269
418
8343
6532
1932
9521
5377
4530
7654
7899
3376
8854
9305
5851
8140
7350
8460
7578
3265
6365
4449
5292
645
1642
5982
8448
5387
6610
9742
8219
732
6581
2518
91
8396
8675
3204
899
6482
5968
173
6971
3161
586
6312
8011
2731
8938
6790
2992
9080
154
164
3072
6760
6062
6176
8463
5975
2270
5953
862
2348
8893
2227
4550
5829
1351
1028
515
4306
9140
1822
6723
1172
3417
3090
7184
7949
9821
955
165
5653
3966
2737
563
1175
9857
6465
4826
5497
8237
6498
3693
5551
7
1424
8374
8920
8982
8627
5191
9335
778
9533
2843
243
2161
2331
4545
3988
364
5924
1322
5153
2255
4229
8720
931
9044
9106
8313
9826
1268
9289
8397
6235
7668
4022
5253
8195
6057
2427
2774
6217
2363
7062
8428
7576
5522
9935
9530
5210
1213
7315
7151
7527
9546
3729
2282
8287
7797
7651
1572
3667
3722
6506
4919
1694
4356
1813
9052
8552
5427
8655
2135
9296
4585
1581
1212
5385
6745
6066
5359
136
3928
4807
4688
8799
8723
6302
1486
9668
5035
4595
4663
2279
2493
3537
9762
9977
9010
3422
8273
9906
10000
