576 77
11807
3759
45
5731
1899
7398
4636
9171
1280
174
6031
2165
8495
6300
7389
1907
885
5718
6148
1944
6204
6561
2028
5847
8490
8003
8535
878
2846
1509
7976
1482
9504
5499
6269
3859
6506
4800
3957
5939
3935
9301
2475
4404
3480
3164
3553
4373
9691
2402
2092
5538
1169
1561
2529
4803
1238
2414
2411
2003
388
1356
5994
5986
2157
3508
4736
9329
6455
6423
9452
9394
9226
86
6940
4232
7981
3989
4146
800
4865
9681
7787
6350
2324
631
6309
3217
3250
2700
6617
7889
3643
668
5164
8378
7118
6693
6924
6962
3766
993
1423
5098
4826
4935
1463
3724
138
5947
4134
14
894
588
4021
192
5953
3113
1183
5836
2952
4539
1653
5218
9694
2560
7108
7515
472
4981
8471
8032
7281
1878
2433
4214
2679
1745
5014
9701
7041
8088
6262
905
8233
1948
8519
9329
8988
9166
5513
238
269
811
4952
2654
9041
2017
8462
617
7045
2091
6416
5792
3727
4323
6644
9031
696
2203
3486
2664
4305
9634
6589
729
6073
1608
8693
9707
5186
1882
969
2363
1101
9247
873
8073
9007
2496
1938
2209
398
7236
5783
4414
2186
6507
3236
845
8295
3490
6939
6808
3727
1682
12
2336
2347
8439
8886
2020
4484
9000
5301
5456
8381
301
7940
273
7565
5502
9091
7941
8360
6179
2998
5582
2391
8488
2993
377
859
2107
5125
6594
9458
9973
915
5883
2016
2335
4840
646
8113
2896
8506
1121
8245
2694
4367
8327
5045
3772
959
8002
1965
2946
8650
1900
8132
4963
6190
119
810
2811
7489
7410
8002
3180
8054
4356
7719
1451
7519
1944
3483
8886
2187
1032
5568
4460
830
6698
4129
6390
2953
941
3752
2585
5781
7951
2143
3568
7465
927
3773
8620
7639
1090
983
1857
7962
1870
1891
4966
2049
8724
4831
8629
5732
5227
2258
1892
3872
7359
8148
2610
2734
909
3291
3934
1603
298
5692
1049
3713
6487
4113
810
3348
6981
5148
1196
4957
2607
177
8611
488
3006
7041
1190
1833
1043
6195
6781
8023
5968
7259
9097
9567
6594
592
1323
5784
3661
1751
8794
3432
3319
3223
2742
375
9817
2359
1032
2195
5290
5252
3610
9055
6033
4587
1341
3736
4183
8465
7467
9212
2928
5033
4384
2205
3336
7171
5639
3857
3034
1826
1125
7372
778
8472
7742
7585
4610
2365
4137
614
8060
2997
2215
3660
5492
7063
7430
754
415
2714
3317
297
9563
1865
4420
6538
8255
8807
3260
2113
1565
3599
1479
5123
3813
433
2919
9063
56
1739
2393
4463
832
796
463
2676
8287
4713
7977
9989
8343
7507
1957
3830
1941
6038
2553
701
6830
7253
4354
5475
2680
4344
6228
9586
7444
2244
1943
8590
1302
7703
7854
4066
9122
4772
5418
3106
538
4604
1676
1846
2164
6727
2035
6525
7054
948
4011
8913
7373
2999
2877
5791
2428
6454
853
8677
5050
1953
1210
1343
8239
2598
4450
4763
4039
2547
2400
4412
7581
4454
1859
2813
1677
9176
3224
7553
6632
7882
6958
3167
3792
801
1047
7372
9899
205
1011
1919
79
2934
905
9432
8914
8358
3518
735
9527
3247
7755
219
1198
4335
8209
7153
6748
6213
1751
249
1625
4947
1433
1534
67
8625
9337
8689
5101
2701
6998
1086
8816
6241
5001
7418
8882
4797
6567
3944
2361
9205
1615
1083
9627
6673
1635
2443
71
6880
3808
9350
3904
902
9354
8163
3008
8701
2011
2378
25
7221
3749
6792
3136
7193
5730
4030
150
2381
4216
9662
4917
9783
2376
14
5845
4545
6633
6807
2709
9
7668
7576
2847
6861
2807
9450
7787
1994
1592
6298
347
3872
6375
195
7753
9847
9115
2160
1177
2870
7256
6471
6872
318
2219
1424
3754
7851
629
7204
260
411
7100
9048
1520
1818
4052
3399
9644
978
9921
6940
3722
5114
9095
5769
7445
9761
6671
9924
9636
4205
1118
3502
1792
4886
8820
2180
4764
7141
2931
2850
2213
1628
4132
2049
9437
4363
4460
3030
6652
6859
1567
489
7020
6822
6301
5763
5354
1229
6467
4067
2410
3913
1409
5959
2258
9061
6408
7785
1205
8085
3016
1800
2598
3178
7344
88
857
3731
5573
7438
2482
4049
9363
8356
3562
4459
9791
1270
7455
4522
2067
3797
2841
4644
76
4062
266
7155
7472
1727
1860
5941
2238
5417
3804
4373
813
8070
961
5984
8044
9028
873
6761
8218
5050
3118
5847
6004
1163
2554
6938
3588
5249
6244
6930
4774
9639
9592
2218
8290
6133
5782
3855
6592
83
3821
4971
7933
5062
9676
596
8227
7988
3926
2412
3011
307
204
6687
6021
7626
6763
1748
2171
5955
4388
895
2263
3999
2367
4331
633
2817
7419
2853
7774
3786
7940
8993
4826
8123
3374
3868
1589
579
3809
2688
7938
6322
3023
7803
5565
3387
82
5433
1686
8671
2726
1781
2243
5594
3561
1253
2827
3290
8725
789
1061
6761
7049
6434
1404
176
2117
2750
3769
846
5525
2480
2688
8390
8989
5137
529
7254
9820
7031
2558
7552
6985
8245
761
2354
8208
7776
1455
5991
2578
6166
1905
852
398
4321
8605
9372
3477
6545
2279
4438
9671
949
740
2560
4734
6987
1448
5811
6110
6027
1764
9209
8285
237
9564
3821
2471
190
1363
755
9364
2603
8690
2919
1780
123
5621
5256
8709
6912
2041
9254
9680
8755
1068
3518
574
4004
734
8956
4691
6169
9011
1655
2488
3890
9511
4549
7052
7997
6710
2643
7625
550
6148
8662
3345
1105
967
9834
2753
6158
5382
6504
9050
9766
1963
8404
7103
253
3734
2661
6894
4415
5028
2593
7439
4923
1629
5170
1012
4963
1624
878
3412
9396
1948
6030
2842
2212
3121
6508
5297
6183
9269
6241
2409
4882
9975
8522
7536
6627
4908
7916
1356
4754
4338
9422
1900
1410
8829
6860
9015
3591
2314
6082
6462
9826
105
4580
853
5417
9880
1140
5241
6767
5311
3531
1686
975
7147
2106
8130
1899
8886
4548
5075
9911
5246
935
6617
9313
1421
6871
3020
5123
4954
4098
2963
410
3101
4414
5265
4197
4533
992
7937
7283
5291
9518
1645
3657
2080
4317
3297
4436
2175
2934
7883
5820
1557
1154
1547
9709
2656
7472
3356
2301
5037
4935
3847
369
2527
3416
5087
8002
4160
1310
2421
4987
2866
5890
5410
36
4394
2776
2195
8781
6985
3994
2442
8210
861
2729
3102
6032
9364
7008
3181
6606
3550
5530
3731
8512
1854
5544
6636
5016
9630
446
2477
7785
9100
411
6172
5963
9208
6499
7667
771
6339
1959
1485
488
1773
3537
2433
9601
1310
9898
2958
8253
797
9747
6448
8765
251
5302
4590
7695
1773
4741
1099
4877
2462
5863
9959
6022
953
1433
4534
2428
4494
1607
6106
8625
1168
87
6087
4087
8436
8342
7039
8962
4284
1143
7810
7413
6002
506
3693
4461
9038
1931
2206
4407
3300
3866
5627
9065
6796
3218
4070
2592
9288
1027
230
6264
9710
1346
883
1047
4260
2323
7081
6424
6365
4676
4550
4153
7559
9518
7054
2478
4302
9450
4461
8581
2132
3821
3162
7153
453
7187
9528
5227
1494
4382
618
6851
9083
5974
90
8865
768
6193
4810
5362
9355
523
8148
2743
2486
4007
2319
3175
2531
1653
5739
251
1352
8444
4323
6611
3903
68
5080
4943
6529
8088
4097
4269
9235
4029
665
6570
9060
3789
3077
941
4892
263
6529
7590
1285
8959
8262
3952
1418
9833
369
4628
3527
6519
1995
2503
144
1054
2411
5944
7214
2928
5856
2201
3899
8029
1541
1078
4872
556
4801
5358
2870
2403
9603
8218
6335
9900
3721
3714
738
2203
6364
2038
5864
1853
1898
5866
3202
732
4123
313
5482
1940
1152
4772
5071
9125
870
8895
9647
9719
2971
6783
8679
5141
5434
3744
183
2904
5903
99
232
1143
6482
5164
210
9856
2581
7531
891
4911
7565
6964
8969
4236
841
3137
8532
6455
487
8880
5640
2281
1701
2120
7026
6369
5124
3934
7256
123
6548
6722
6196
4257
2695
7338
3058
5422
2664
3243
9283
5272
1006
984
1655
5004
8612
1659
1088
554
4207
543
6341
3621
9645
5309
878
5379
5169
907
9385
4252
5760
6990
3182
544
7898
1481
3832
7820
6365
4073
5472
4247
224
7055
3223
4447
981
6205
5042
8891
7827
5748
1584
1363
3815
729
8697
1154
6806
1903
278
8532
2005
4755
9534
3171
2491
5636
8307
1330
3495
6006
4816
135
1920
2209
9703
8845
7305
6907
2010
8621
8062
1476
5846
3684
6828
7028
5496
9608
490
6515
2110
2279
8289
5370
1849
523
7802
5727
2425
6312
3939
7587
9223
933
4772
8601
57
7788
9769
9868
9107
1067
3608
7069
9303
3123
1362
1590
7314
3580
361
2222
5107
9830
3212
8457
7758
2387
9897
7270
2304
904
5939
7804
8862
9857
3909
6268
7896
8647
8920
7164
1705
7245
5142
9746
1245
1712
168
536
1213
5605
8067
6092
726
7120
6505
6841
1435
1006
8530
6428
3171
2086
7809
9912
4922
8757
6440
7604
1464
7633
5373
670
4494
2331
4260
9086
2837
7556
9885
1490
9751
5144
648
8607
6773
7871
2434
7618
7026
4495
5435
8957
423
1853
7927
5901
9622
6412
5926
120
889
3210
9815
2701
7661
3963
7304
2548
947
4834
8926
3577
4801
3058
2655
4309
3985
3581
8101
3854
757
4482
6033
8495
1336
8278
3037
6502
3435
1294
9612
9215
9232
8211
1289
7075
9648
1176
7066
4421
1552
5510
4068
1893
969
2667
7852
3919
2216
4594
4496
5647
1583
5703
7721
1035
6123
2740
2714
1180
625
4335
2251
9872
4192
483
1675
9111
8217
5463
5551
5168
801
7620
451
275
9413
4217
3688
2220
4254
9032
4387
3539
7781
5348
7114
7691
4103
4404
9366
6434
2010
5096
2285
2199
5350
5659
5686
5630
3861
2480
8453
9317
6722
6983
515
9588
9549
4884
6830
7406
1997
1090
8900
2336
350
3069
7278
7460
4774
8508
5467
9203
5607
2837
1839
4186
2457
3738
8100
2191
3626
2046
6209
4804
4746
2726
6771
8375
4582
8771
5923
4497
7517
5514
4761
8349
1323
4386
490
1692
9505
836
4621
7928
1514
6506
549
8943
9903
6972
2058
7560
50
9206
5705
9161
7712
7292
5620
4977
5979
4144
3296
9164
290
7592
1527
3858
4808
2803
5484
1331
9837
7720
7734
5320
8092
9218
4499
9168
6722
3688
3536
7535
2228
7635
280
2270
3100
9195
766
6472
3462
1729
3261
9429
8908
5924
3297
2648
2115
3228
5731
3497
1954
4329
1308
58
1959
3778
695
5447
9353
2759
8577
6649
275
3466
2486
7431
3032
9200
5982
3143
6075
3651
6579
5673
2127
2422
3587
7239
1110
259
2864
2134
3918
850
1916
2327
3521
9923
890
6247
6111
6369
8818
8175
7040
9765
4092
1999
9802
9681
6168
2309
8353
7255
5991
8923
1646
9544
4923
8889
3446
2657
6022
3545
6723
781
4491
1045
4211
1550
8813
9627
1014
11
8733
1355
4685
3755
8844
6750
7577
789
6291
7257
328
8521
5157
9797
9978
288
960
3122
6269
6114
796
4677
3242
3695
6800
3872
3716
5017
6351
8764
1662
9729
8392
2468
3636
2358
1411
4807
5170
5991
1386
12
6878
5888
5250
4032
8101
6502
5420
1436
3280
8777
6463
7600
3754
6947
6675
9965
8283
8078
2899
1955
4118
2105
7934
994
5341
2185
8443
8889
4328
9294
2086
6869
81
1957
8360
8015
8871
5042
7621
6830
6439
2958
7042
1207
415
3965
4785
4456
4117
8182
4306
8148
8030
9804
5857
684
2270
8483
8566
2360
8674
782
7388
7325
1336
9024
1324
2193
7021
8845
9715
8274
5965
7898
239
7808
8317
5961
2922
2272
2275
2469
101
3111
8744
6032
5202
4025
5156
1720
1329
941
943
5559
3588
5149
297
6311
1900
426
2984
1389
9451
9005
5865
6999
2977
9298
1662
221
7421
3254
3779
2245
1799
502
720
4543
2897
6711
1281
9294
3792
8239
5102
330
2584
2843
4881
7205
5354
8931
775
9468
1881
8234
3936
6124
4156
2696
7592
7343
2973
7041
8968
2978
125
6332
8590
2401
3178
4231
6191
1
3933
4680
5934
9584
6338
1649
2320
7550
7872
6276
2876
416
421
6673
704
8061
9128
2903
9591
173
7109
2004
8144
8125
5022
7259
4389
2747
5875
8051
921
7860
8947
4110
1157
5588
705
7075
7048
4589
387
8917
8114
4885
1318
6536
6013
7000
9694
9941
6846
8698
186
5258
6460
7010
116
6768
9268
971
885
2838
8595
2758
771
2727
5899
9452
551
5069
1109
5260
1988
5662
5488
6831
888
6008
7966
2352
9636
653
7658
5148
2634
9884
6267
8650
3781
1756
7309
6835
6473
3061
5060
2571
2268
3555
9925
64
4633
8616
987
8956
4801
439
8639
758
9337
7544
2924
2162
3657
2539
496
2308
6006
3232
2000
4522
8074
3185
1709
2350
965
6394
7193
9338
8275
5795
4880
2392
1772
9432
8011
940
6345
5063
5849
1719
3116
6802
1040
9698
6733
975
8474
4561
9162
1390
3589
265
4267
5425
1368
1136
5525
4777
5656
9261
2846
8240
2577
1947
3627
7974
6237
1699
1645
935
8337
3603
862
6475
723
9625
4761
8169
2105
1310
6556
1949
1985
5683
5614
5204
1527
6297
9676
3358
2135
8235
6489
4801
2239
2021
7453
670
749
1411
6652
7344
3666
5317
7459
2462
4173
6304
90
9736
1024
5268
5477
2939
1930
271
6289
1603
7605
5307
244
1553
6578
9084
8921
1745
4964
4747
570
3746
3183
8890
2057
8695
2338
9080
4441
4930
7377
1022
9812
5355
559
2458
6047
4954
3661
454
7973
4356
2420
656
2421
279
2717
1560
6314
458
6490
2803
8664
1102
669
2641
2241
1748
6732
3183
7888
15
6286
1996
1939
886
2388
9449
1217
1794
1202
5115
3270
7252
672
3676
1464
3661
2548
2344
9583
2975
5493
6651
4722
6440
4127
6394
3560
5622
6631
3702
5001
889
1700
7136
4760
6247
6656
6122
5070
3233
5131
9003
6766
261
4467
7949
8227
2854
4617
5044
561
919
2525
5590
7330
3898
2733
9746
1588
2845
6460
2787
286
8401
4387
5747
1952
4767
4320
8431
694
8839
8756
2093
5021
180
3315
8663
6397
4986
201
2962
5833
8272
14
6700
3434
7416
2220
7518
2821
5538
816
3133
3850
425
1661
9599
1938
9370
4810
4584
602
5860
6408
4054
2757
4453
4133
6021
9732
5924
7132
3563
2897
6896
3325
374
7286
8608
1048
5929
4026
5410
8939
7982
8628
9113
9104
4617
9594
860
3896
4393
6312
4103
1736
419
4966
113
2951
9068
346
268
4261
1240
6765
6540
2464
315
8732
1652
4232
3656
7362
7584
9176
3885
3153
7050
3313
6427
4535
9636
3055
8216
3236
1055
1120
7480
7564
9315
1498
4629
3194
9655
5939
80
3367
6542
6550
8008
455
1167
7812
3541
5264
6775
2813
707
6029
1091
7445
4813
4537
6739
106
4192
6853
1234
4729
156
8444
2095
617
75
3291
3394
3066
1099
615
4123
399
1009
732
3276
6083
8116
1086
2814
5780
8857
1454
9596
148
2020
4883
5571
8572
3771
2711
5129
6519
301
9186
848
5791
4383
4020
3359
7570
9475
2871
6097
7945
190
674
5600
7132
1315
7399
3420
1409
4818
9227
4127
8333
8926
1777
1887
5556
7243
4720
7498
3175
2222
3349
3086
2674
6016
6063
4632
9634
78
6476
9925
3286
9732
8696
7265
4540
9528
1515
8665
2146
91
9212
3282
5458
1629
6170
9324
6629
7149
6856
9068
703
4391
6474
1440
4328
2276
1232
8264
467
4709
1456
5422
2403
6066
7102
3367
1206
3308
8907
973
6138
5018
1340
8865
3245
395
5458
6641
3706
7637
1460
9306
6131
9444
5020
3661
2924
3778
3112
2339
2303
4862
2585
7525
8681
9995
5503
508
5523
8433
9788
659
642
7720
9439
9709
7206
2417
3492
2186
1641
5105
5411
9180
9217
5239
7428
2621
3571
1682
4708
915
8399
3426
5553
6287
2908
7336
6339
1258
6907
3783
6353
386
322
2395
9106
7858
1106
1814
3337
4956
7163
7555
6713
1159
6272
8269
4117
3544
3256
457
8035
6785
5799
5753
797
1355
518
9985
7651
2456
8566
8991
8954
3470
7252
1022
7065
6857
6975
2400
7274
3538
4407
772
6204
3686
7396
4719
9194
6776
6368
2358
3469
4245
9808
8590
2442
5787
4352
7615
308
2442
9197
9561
8215
50
5376
1655
2876
1752
3393
9389
6795
9934
4916
1087
2025
9470
5418
3232
3213
7780
1942
5709
2515
9092
6754
3907
6588
2231
1886
5977
8019
2764
1291
8980
152
8151
1579
5660
6164
3563
9966
448
9848
7439
9343
8141
6210
4427
5252
3850
1477
9907
6417
2149
5686
3095
1224
5076
8554
5691
8011
1368
81
9236
3890
9374
3823
916
4621
9417
2153
338
1792
178
6356
5529
4041
414
2564
1503
1775
6308
5735
3328
3637
1097
7386
9528
7126
2393
4577
1820
9486
3395
3104
3644
1529
2558
3671
6609
7904
5382
8900
573
4997
106
7165
3268
4479
5876
8788
4092
3653
4505
4188
4398
6562
812
2088
397
1092
5850
8405
5860
3248
2210
7583
4809
4241
2808
1654
8612
9470
4853
7292
7026
5020
3157
631
4843
3529
6864
7115
8144
8871
2032
4254
3529
3849
1806
2626
6450
3549
2365
236
937
872
1278
8553
1989
4139
268
3412
2662
298
8615
1051
3958
33
243
1560
2320
4234
7966
8146
7287
5377
2174
9798
1783
3268
8959
3609
5463
5944
5788
1190
2534
8576
4607
9412
8713
8831
5834
1038
6852
480
1819
5026
1603
4761
8148
2913
4595
5986
5378
8078
2183
4908
9616
9432
2577
9997
6637
3538
2892
747
6893
2659
6781
9983
2284
860
7246
4184
6270
4132
2688
278
1873
3075
4464
6658
8876
3455
6739
6640
311
7644
6702
5758
1496
2687
1681
3851
3579
979
3989
1456
620
4192
3868
6123
4938
4727
4118
2619
800
452
1265
4596
5021
8477
246
2496
1359
4578
5122
7636
7286
1472
1742
1710
6357
3841
8282
4822
773
100
9978
9825
7132
82
7400
9903
982
142
9071
2052
5575
2500
3270
212
8054
3519
926
7307
3167
5183
5054
6113
6900
4256
4177
7576
7960
854
5624
7539
813
5134
8054
4161
2458
1074
571
4400
4904
4600
3342
6951
3676
9228
5567
9610
8309
1615
9981
4380
9853
621
3143
8322
296
7995
9615
1951
8703
906
7603
8510
5781
3145
2444
8268
3383
7127
7228
4570
4501
8426
9676
7279
5109
6037
6316
8850
6435
1778
4093
3561
8369
5460
2175
685
3633
5812
5167
1695
6204
3153
3232
4413
2125
6800
585
9737
9796
1884
799
5536
8119
9249
9553
9553
6812
3075
2620
6933
6390
3088
4215
188
5362
7951
8997
4267
205
900
9448
7453
6718
437
1115
3803
4078
4358
4179
7182
9570
6502
7078
4303
4646
3061
3189
3017
2648
1410
113
3028
2679
4694
33
623
8879
1090
3867
7538
28
2049
1512
5365
1719
346
3272
8171
3653
4149
3664
244
1980
287
5264
8043
9050
1450
2303
9003
6177
1325
6139
2654
351
4104
2739
547
2185
1562
9401
843
1959
8119
5743
889
4083
8624
8544
8121
4466
99
5452
6820
8758
61
4149
5806
6839
6075
7352
1566
2352
612
2099
1498
534
1663
6730
2841
2713
791
7803
1938
3693
798
1433
2215
9142
1287
893
4424
2389
6204
219
5832
269
6330
2116
6813
4073
1422
7528
5792
1356
5220
4517
5422
2135
7781
6199
2466
2058
8363
1927
1510
2413
2906
2147
1319
862
5274
2167
9735
4894
2054
7384
2756
9340
8811
3726
9397
120
7582
3526
549
4764
3077
7799
2158
5664
1231
8548
9884
1507
1366
9748
1067
4143
4564
8476
6731
3963
6738
2098
4107
1708
75
5095
1326
1247
3676
7600
4828
4893
7471
4778
8500
1083
1325
8705
1322
1121
854
9914
2102
2041
582
8827
6111
982
5959
1455
6946
6267
3813
4476
7770
1397
1054
7478
8008
7146
9076
3006
9016
4382
6844
9454
5032
8513
6324
1881
2698
7346
1090
7939
6100
6041
8768
4611
2959
7281
8408
6389
2541
820
8317
9272
63
5838
316
8455
4112
3407
9609
4337
9747
5122
7050
4460
2088
4944
8118
1564
9005
3723
9210
1763
3699
8343
5129
7669
3633
8995
529
4550
6826
4832
4049
3280
3264
1924
4315
9624
915
569
1857
2805
2215
4195
6742
3732
5400
6905
1493
5403
3780
8478
2551
9268
6690
7948
5327
921
2028
9859
2071
1482
9660
5204
4022
3946
1523
8154
9569
2378
9013
8862
557
5805
4551
1992
5700
1653
664
8908
4927
2342
9028
9322
4052
7067
3413
3551
6999
5175
6684
4157
4551
8698
6399
3003
2172
5539
871
5277
2667
8558
1729
2677
3484
7554
1229
2216
3772
6870
8426
4100
8872
270
8626
5573
5011
7752
3236
5244
6998
3590
6308
2248
6147
9213
8953
1752
2706
5741
3037
5647
1324
9796
8944
6104
6569
156
6898
9116
874
9530
1956
5323
230
1135
1095
9858
1265
3705
1018
1109
3098
4447
1487
5034
6807
7544
4723
3609
7991
9062
8864
6637
3325
933
8792
154
7723
8069
847
7486
814
225
2790
5111
2360
300
9601
7057
2544
4992
8175
2329
583
8380
214
3966
4845
1418
4903
5955
5134
3423
6598
1692
3754
5549
435
7246
1307
869
9771
8196
6409
4875
1778
161
594
7189
7475
3655
7586
1468
4378
842
8423
6673
7887
6569
6935
8357
4472
7568
4931
808
9131
2042
1591
1489
9589
5011
899
6018
7772
2662
4366
1544
2500
6863
9483
4637
2692
6682
4549
8969
3089
7219
4800
200
1779
914
4288
6322
6671
2449
2921
9379
9523
518
3117
2570
1931
8017
2055
566
827
2845
1462
3625
7855
5771
7260
7836
635
3713
3368
9296
6030
1722
7116
7721
2105
89
6482
7546
232
470
5565
4119
2710
2205
210
4112
5226
9461
1252
2214
2322
6785
7308
2186
3471
7132
4141
4333
3032
106
5101
8519
5944
1546
1982
345
8185
4316
8688
2996
5975
6726
1302
5138
8273
8264
4818
171
2728
7764
2478
8254
3048
296
9872
8096
4296
8122
9557
2322
2842
5590
8112
1447
9366
810
6936
1544
6750
3304
616
2377
4679
471
553
423
8727
3163
4483
6306
5954
8277
3403
3857
1202
5276
1665
9896
5240
77
6622
4060
6607
6612
6362
1624
5557
3329
2551
8197
4699
2837
5871
6898
6446
658
4659
321
2931
1920
2350
4048
2973
7747
5387
6555
4093
1397
3559
8692
3298
6798
432
745
3802
6756
2172
1331
8630
7078
2027
1245
8045
2010
8122
6500
6870
3163
2470
295
8217
97
1626
9194
114
8145
59
8996
1966
7176
2024
6031
958
3478
8065
4872
5783
9094
9642
9884
9895
6964
8841
5046
5736
464
8343
9866
8098
8031
991
931
2726
2098
3884
6278
4729
76
4446
1712
9708
3378
6361
7730
1734
7771
4748
2350
1308
8300
9522
1506
7215
7586
7385
778
8598
3917
8635
4413
5008
2228
4739
695
3070
4576
5234
3043
5194
6604
3077
4827
1316
5142
3176
8338
162
1492
5989
8677
6546
4066
9868
8516
5008
468
6802
3039
4860
3100
3932
4592
9031
2421
1915
7647
4972
3025
2913
9793
3674
7718
4173
6349
9256
9856
201
8380
1802
6153
8215
7235
2302
4926
8806
5378
7658
1304
7152
3246
4631
7587
6470
5295
5386
4965
9935
2198
4325
9017
6993
1741
5063
7574
695
6638
2337
980
5237
5411
3239
4662
9831
3762
1263
7191
2821
9120
8865
8241
6005
704
956
7497
9613
5680
2022
379
2665
941
8899
3606
7609
3904
6338
2783
3763
6706
6779
2528
8916
2959
2080
5150
162
1880
1813
487
1233
9975
588
825
1851
2602
5990
729
1263
3644
3443
584
8717
1763
3870
2221
497
28
7207
4122
4769
4389
6203
7348
7468
524
2487
7147
1578
7565
8686
4983
6194
9678
3046
5533
2399
2953
4823
6790
5979
8586
5175
5484
7623
5964
1821
8068
4228
7073
8401
6530
497
8172
8876
7777
4427
1872
5824
7111
9070
1912
6784
9690
2687
8703
248
4061
98
1948
1660
4671
7329
3110
1002
6386
3659
7200
9978
2136
199
9025
9968
7405
771
6131
3232
520
7219
2272
8298
3959
7902
8374
8417
3103
8531
1790
2754
9507
8321
1077
875
7734
5
2383
8500
1520
4788
4246
2968
7020
5412
8612
1922
8307
805
4224
9587
66
571
7436
8848
8007
4264
8284
536
856
7139
4121
8325
9131
2418
5240
1485
1591
1538
3722
3502
8816
951
5468
7302
7565
6931
1765
831
490
558
3531
127
1448
9282
5635
2967
2024
6323
8097
1970
830
1995
7909
6806
5415
6956
1693
9913
3463
2286
2530
2864
360
5777
2644
9657
7456
184
1452
4287
6608
9205
250
5511
246
6508
5585
1643
185
1460
6622
1718
4221
7708
6871
3533
9478
2951
5578
1690
2818
8207
9128
7235
7939
4872
7143
1351
924
7904
6608
3669
1769
2368
2935
9974
3644
1007
7502
6886
6354
3509
551
6185
8298
660
5164
401
4891
636
8859
819
731
2560
864
8282
7496
5824
5454
1112
5514
1184
7671
3086
778
4890
2492
7925
8313
6073
341
23
6853
2752
3405
3653
8109
1129
6745
7559
4925
6695
6916
7646
6059
9735
3828
404
7436
7141
9184
9545
6547
1187
3819
3201
7074
8058
3244
3944
2529
1657
87
2352
6637
4217
4880
9811
4782
9456
6009
653
1481
2551
4720
7159
8204
8656
5607
2851
7562
9311
2295
7419
5422
7437
2965
5703
6550
2378
6338
1722
2350
6719
3169
4481
3122
3853
8734
517
9990
3287
7151
1882
1682
555
5123
47
9878
2141
7000
4834
7371
2036
6635
7389
4084
3995
4523
3299
4795
334
8040
2358
7144
1346
280
2519
7887
2351
2137
7981
5947
1395
4806
4468
4053
2268
569
3347
7105
312
3068
9353
6051
4237
1935
2274
554
1582
6646
6963
1562
863
2500
9885
9590
3987
855
3595
2200
6856
1851
106
949
5388
7880
2658
9575
6764
1386
4265
6454
3358
378
432
4190
8515
1986
9539
7869
9925
6223
1449
766
6584
1754
1918
2911
4866
296
1392
4262
8197
9758
3915
1071
6938
6775
8959
624
1268
3023
4651
569
2594
1467
5886
7600
2218
3994
1287
7905
9878
1644
7015
8781
4863
1896
7306
879
5332
3805
5090
9200
4710
91
9361
5696
3316
5105
6898
4807
2227
8810
3760
2642
2169
3141
9022
7959
3618
283
4267
318
7894
2805
5993
3377
9516
2436
5710
6105
6803
7025
7655
6305
5657
502
2746
7521
1861
749
3795
8358
827
8904
8253
880
771
2645
2464
7699
8491
2769
5394
8081
494
2804
7920
316
807
2473
2495
6216
9059
9866
311
4561
2274
5465
6075
5316
1041
3089
7992
7207
4707
4111
3903
7860
8213
9789
8806
2357
3537
1250
3463
235
4266
1774
4415
8463
984
4520
2139
4915
1947
5445
840
5410
2253
7338
460
105
3860
7477
6090
9741
5190
7593
2185
1173
7142
2057
9955
8222
200
7880
7439
841
6926
3055
2592
1900
8743
5150
4819
6449
2620
6676
6985
6163
2497
8069
7189
4516
4449
769
5714
5745
5580
7628
919
6197
3036
3969
3313
214
8081
2696
8164
2801
3490
7018
3352
4411
9229
1584
9823
5614
4885
6916
8573
2119
1889
256
2188
1721
1478
5793
8279
1935
1160
7617
862
2673
4210
8779
5603
187
9816
8093
3885
6797
7342
4476
3092
8408
9569
3401
8317
3279
7088
6553
3689
7211
236
1618
498
9912
7511
2407
692
7482
5371
3315
1884
2598
1807
8477
3511
2448
672
1581
258
9584
6399
3274
4761
1526
6104
5297
7167
3625
407
9183
5916
7829
2087
2226
8388
6118
9645
3679
9181
2957
1925
1123
2319
4044
2569
1029
3042
5469
1719
3029
7580
2937
5236
7231
9569
5568
6097
9853
2352
5850
4385
2667
5387
7291
5677
1741
2944
680
578
4176
2700
1390
5458
7038
8554
5627
3308
1430
8460
1885
3887
5716
8021
3000
204
4430
2512
9260
7084
6474
7258
5225
8631
3605
3259
3079
6750
6006
6955
1721
4138
9971
6760
7208
9820
2170
970
2039
6431
7883
2284
9557
1145
6985
9455
5404
6015
6164
4083
5494
1993
744
2673
3099
5584
7334
8951
5134
6442
4919
2320
674
5920
5868
5129
4530
837
2752
768
2990
9943
93
830
2209
1149
4824
6104
4618
211
755
1326
2383
4025
2311
4031
8600
6051
7928
136
4795
3399
9032
1111
5047
2650
5414
2599
7171
793
136
4849
7030
9152
4798
1431
4324
5241
9580
2357
5659
5936
6970
9549
6678
4539
1466
4171
4168
8137
3724
3812
328
5480
1248
2804
7364
3888
890
2223
5873
1180
794
1988
3252
493
3645
2447
6248
9504
6715
15
6854
9163
605
5075
4819
2400
8095
573
24
5548
6274
2465
5225
1466
9593
5989
8991
6494
6080
9136
2776
7181
6317
1136
1299
7707
3611
495
789
6474
6816
5516
9842
3169
6197
5261
5704
163
5493
5359
760
349
1390
6845
1606
2119
7210
4954
9073
8455
6270
2905
2479
8718
7885
350
1357
127
9350
5983
4919
7904
5584
7175
4040
2361
4251
1244
9633
9595
3786
821
7688
6384
859
4252
4056
180
2361
337
2831
7829
2716
7950
6510
2168
91
5099
2453
9926
9781
342
8064
9228
3843
6245
2180
1209
9542
9664
6596
6149
8215
8366
3724
4147
3500
246
1319
4839
5666
2946
3270
2739
944
1418
3321
7593
7124
3784
1395
4865
5325
3262
1049
3393
7536
3090
5830
7020
5579
940
746
5553
4671
2331
5099
1439
8574
1412
6303
1738
5626
995
2231
5202
6922
7009
5535
2560
5519
3919
2774
5546
5144
8221
7164
1500
2194
1009
8813
5461
1845
6523
5934
8926
8637
1700
3056
6129
2372
8124
9905
5733
3098
7340
1044
6242
6412
1154
8225
8329
9702
425
2783
2636
4367
9722
1087
2162
1235
2415
3790
6737
9327
8884
2933
4894
7948
4568
7681
4446
4395
3483
8890
896
4058
9478
938
3540
1149
2366
7868
2603
1978
5629
5398
2398
2393
7761
7199
4909
8724
2654
3968
2181
509
1518
2214
5774
3854
4729
9604
8219
8411
2675
2479
7750
2367
2312
9866
9317
4374
1887
631
2305
1484
6499
2376
9461
122
1654
2332
4019
2786
3422
5867
3196
9383
8946
5644
3093
4430
5089
7238
3813
9686
6381
6827
1559
8712
5388
4616
4153
2529
4750
5143
3571
764
4645
4314
2987
8897
8977
9190
7454
2198
4878
1021
6779
3141
6710
7548
361
5637
8727
7835
8723
6697
774
5011
5747
7191
5656
8058
8700
9093
7010
5897
4517
6427
1847
9590
504
7092
30
8464
2390
3619
765
5334
2759
6015
8614
6415
4771
8552
595
6429
508
2187
4112
7041
1246
1494
7476
5307
1968
748
2980
5376
6946
1257
9000
2657
2374
1817
9969
2243
7986
533
7763
9728
8274
2672
5011
428
2732
3843
5822
1362
5094
7637
4616
9852
2674
3196
4315
324
7510
3976
764
4697
1872
7632
9930
8515
4553
1687
1141
2312
9848
7074
9954
2903
4347
7581
8991
9169
2634
8361
1408
4292
2942
6026
2592
7308
3863
3459
5344
379
2767
2936
2256
200
2294
280
3108
2710
301
1287
7985
7381
33
9731
534
5169
6544
8415
2954
203
9318
246
4527
7419
8405
3545
8311
2967
7862
4097
8846
521
2484
1581
2075
2388
2129
9053
8882
4097
4007
1175
427
323
9817
7345
5640
4612
1555
4349
7566
4207
1305
8292
4228
6253
7611
3415
1358
1787
9696
9278
507
1876
4241
4310
1396
3162
40
1683
5004
4844
7361
4469
9422
3708
9685
9410
3276
2631
3376
6064
1746
2603
4633
1938
6970
6852
577
7594
4054
3946
2549
5523
3425
6116
1211
2551
2419
9648
6668
1026
9399
4898
415
1966
9709
7032
9342
5006
6097
8407
1598
207
5442
8216
6257
1923
3847
8584
4629
1246
798
8258
9881
4475
2570
5458
4935
3705
8366
3131
8047
2290
1867
5813
527
8731
1526
9483
7704
1102
9687
9960
1411
4933
2389
5268
7876
7927
8897
4127
2683
9335
8720
8756
6069
8424
5849
5432
8723
9442
718
1829
3248
3038
6853
8627
6180
8563
8897
4413
7376
7018
5979
325
5308
9895
7345
5969
2109
923
2497
9473
3259
7262
3210
876
4706
9251
281
4877
9777
1869
4748
887
9500
1481
8968
8751
394
4000
2400
9341
5707
7194
2609
4147
4144
718
6091
1162
3560
834
5201
5626
2176
1935
1740
2512
1366
1191
292
3176
2605
131
1218
2377
6011
5423
4703
3846
85
4612
2577
7003
3729
1190
3559
8316
4370
7297
9906
4151
8808
8873
4967
2431
6382
7293
1748
187
8075
6366
479
5792
7312
4872
2978
5300
1204
549
719
3178
3938
7645
2056
1537
1693
3687
5745
8567
2507
2732
6618
2399
882
9668
4395
3047
126
479
9989
8418
3304
4778
80
3200
6833
2707
74
1114
2718
2137
8321
8265
4532
142
6191
1246
9062
4483
726
1179
5145
9920
5084
300
3735
7437
725
5646
493
4612
5947
7586
7508
3257
7445
4719
2467
3461
4639
9915
1876
8877
685
9464
1750
2356
4125
2417
7280
5731
4703
212
9997
9435
2414
4706
4358
4285
5841
6
5693
2606
5661
6060
7592
2045
6623
210
52
2282
4297
4250
4747
6283
1165
444
1070
6039
6028
9973
8712
7470
8518
1333
9318
1647
9513
3867
2367
4669
4562
8157
1238
7817
6194
3611
6910
976
778
83
3788
9235
7697
3601
1084
7755
7753
9891
806
7210
5856
8529
7702
2092
417
2459
9252
138
2775
2961
418
3694
816
3734
2711
632
2866
6936
796
5003
480
5293
3471
1412
4511
1609
2622
1812
3080
2565
2102
2330
294
6863
574
7111
6058
345
484
9987
5152
9626
6560
528
8709
2622
2349
7414
4789
2425
3801
1432
6468
5635
8967
4647
8203
7140
4780
2094
2717
2066
1699
424
8114
3450
104
5157
5735
2297
2061
5010
615
2894
9111
517
1450
5079
8636
492
9332
7868
6924
8220
8594
5920
2973
6271
492
2162
4957
4594
5818
1483
9175
5429
8047
9218
2752
1216
4385
3398
331
6059
8634
4260
1784
3066
7956
846
6707
1999
2121
9040
4850
5678
6880
7035
6549
6827
6889
2164
2533
423
9997
5508
4170
1076
8147
966
6958
926
7117
338
8301
1657
5229
6615
1332
996
6252
1272
9006
1739
869
7587
9775
3706
5992
413
5294
1120
8397
5736
5042
5817
9221
9380
1926
7072
1960
3482
3141
6746
8153
2058
5219
7367
1917
5309
2663
3951
1771
2722
3572
9317
489
378
4813
5620
8001
798
8697
5462
2573
6691
293
2124
7623
6117
3281
7386
9587
2951
5408
4550
4646
3574
6993
245
9532
2619
9898
7755
4587
399
1276
7542
7974
8446
7826
1559
2382
6244
787
4898
2468
5772
4254
8583
6748
4815
1905
6435
6620
2485
4314
4273
5633
5978
6832
563
1636
9458
1904
9527
7710
54
8590
727
281
6985
358
2312
4962
5351
3955
7683
7690
7884
7632
1253
2777
7880
1537
8428
2444
4893
7926
2030
4786
8144
3543
2853
5583
7489
8470
7035
7731
5220
6519
7452
9221
882
3173
8260
2793
4500
6190
1865
6100
4860
353
6846
3772
8264
1514
8019
1937
9910
2462
758
5951
9490
6002
387
2513
4245
1363
8696
9709
8267
2727
6739
3797
7487
9009
7663
3748
1677
2782
8705
6588
8229
3264
7192
727
6699
6768
9658
2058
1431
8891
8517
7616
8276
4210
2409
9062
2482
4332
4224
7812
3818
9420
4640
2337
2778
1528
3905
4166
2651
4620
960
9065
6444
1953
6474
3751
2759
2300
8236
2498
3052
4628
4012
2909
5011
2709
7961
5653
6356
2044
2274
852
867
4395
5947
1425
5193
1901
2724
6730
969
8192
7365
4467
4889
3993
1232
5889
9327
8711
2913
3971
5292
6304
2777
2365
4579
1635
3758
3735
9712
3912
5564
577
3425
8287
4187
8669
99
4986
7742
7060
9021
2815
6446
1989
3112
5109
1420
2058
1538
6667
1587
978
8362
9767
993
8397
4109
2255
3552
8544
3328
3036
7459
7845
8811
7325
8860
2700
4263
2087
4933
2654
6975
642
4410
145
3116
5772
8287
1824
6135
2431
3654
6282
6640
1782
4431
3585
6811
7606
9830
8045
4907
4494
3678
920
7656
572
3733
5940
9670
6494
2630
5652
8314
3893
4494
7413
1072
5668
9258
2153
400
632
7249
6433
8667
2157
9512
7921
9201
1854
1049
2289
9083
9815
5064
8240
8372
7161
4074
3539
9708
706
7049
8362
2592
3149
5909
1588
74
933
4117
4655
9405
434
3716
6241
5438
3323
5010
3268
8346
1997
7173
1288
179
9742
4809
7352
8211
1818
8360
2730
220
912
2288
7735
7149
1826
2131
3198
149
4155
2235
3876
4290
2128
6958
4303
4882
753
9292
8901
1853
2338
2426
4377
3923
4235
6758
5975
2206
7636
2097
712
8453
5279
9274
5366
9866
6170
2610
4850
8250
2664
869
709
6744
3311
8558
242
1852
2545
4135
8732
3411
1069
7011
6380
1258
2467
1579
9236
1468
5008
1236
4002
1339
1188
9579
252
4701
2496
8297
1883
3786
4714
7925
8983
4532
9940
7127
6410
2603
2600
908
6845
7251
3687
7099
8677
1768
7299
3356
4135
2121
7160
1525
7374
5510
2473
7131
6035
8925
5483
6113
659
7570
3299
2601
1637
434
5274
16
5
5844
7447
3337
6437
5383
5755
5894
5378
256
3569
2995
7848
9131
2916
9152
3863
1757
9417
979
996
7588
9877
7250
4095
7338
5103
280
4549
8838
3702
7784
8194
9982
3887
5792
6406
1427
1201
9808
7147
5688
5334
9290
6659
773
6700
101
3057
568
7046
5292
3589
1815
6018
1634
599
522
8789
8695
5472
3613
9680
784
1926
4816
9646
2236
9232
4017
6785
9517
8434
8431
3096
8916
2553
7577
5763
803
39
3827
1309
9356
6909
514
7085
5166
9608
1481
6702
7934
9566
3003
7730
9814
5945
2610
4423
7281
5859
2333
2098
4437
6421
4073
6578
8140
6630
4438
4665
1952
915
8642
2901
4812
5927
8669
9084
8011
4342
1504
5937
441
6630
266
738
2700
486
4258
7139
2364
814
7159
2329
9957
7607
2365
4712
8348
4627
1272
9090
2979
1110
751
8963
1186
5785
1805
857
9071
9049
1572
7270
9310
3872
7503
1659
480
5105
1406
397
9571
7091
1532
9972
5729
1221
9990
2886
8810
5221
4068
4788
2055
3249
1122
3088
360
6268
8764
6844
5987
6233
1298
3460
9988
3142
9062
9044
1221
2083
8808
1545
3341
4029
4566
5880
145
5811
554
8465
3914
6198
3831
3112
1614
2038
4882
8088
9335
1800
1693
4314
5138
2190
1051
950
275
3695
8134
7041
8962
259
9200
1618
3236
1140
8682
6507
333
5418
7360
2498
7642
2752
3173
2714
4536
7680
4084
8748
7464
6980
7762
607
4401
1474
1537
928
3096
2191
1221
4336
950
3964
3955
863
6700
5341
9613
5609
2160
5108
7873
781
1856
3013
9721
3374
3495
6931
4950
779
7517
8280
5739
4189
392
9663
9746
8268
2020
4405
2606
6274
6994
1318
9671
8747
8002
2660
8109
2537
226
3734
6486
7268
3541
8692
7176
4940
4373
9274
3392
4636
3558
6814
2178
5301
1232
8884
238
4291
208
9046
2647
7208
4579
4231
4339
3945
2059
2065
6526
5009
8932
8410
7287
6182
4799
9966
9788
7328
7321
749
7779
9986
8595
6633
4177
839
1009
4001
3861
5069
3175
9463
2246
8146
988
104
5648
4355
8912
4396
2234
8041
4823
7274
1289
2670
86
593
5116
1580
5693
5653
5116
184
9696
8136
4909
9473
5317
6427
1798
3120
4321
883
2855
4634
3946
2896
5449
4320
8187
665
8681
2250
2537
2249
907
1094
1746
2801
4030
6044
9879
2073
2100
566
1813
4656
8094
998
1249
5834
3223
7412
2166
1472
9234
7820
8211
4821
8049
4635
2926
6529
9858
1085
8863
3524
9307
7796
1710
5160
2417
4662
6238
9119
7888
151
5020
6933
5233
8047
7403
2921
1470
3364
347
5740
2218
4444
1744
3590
1922
839
232
6753
3069
3592
5909
5070
9994
5567
2559
6414
531
1447
7103
4158
266
5469
4506
2054
9432
550
2816
2171
6805
1141
7623
3896
7661
4081
2308
8996
9703
9394
620
1803
8930
8884
6232
6355
4460
3648
9229
9948
8118
1536
4604
2822
2248
1204
584
2807
8813
9571
3559
6332
6417
4593
9578
8030
253
6376
5341
3561
6485
1502
4198
1259
5832
1673
1123
3401
1127
497
6243
6551
6524
7372
8547
54
5479
6788
8684
6622
4807
3468
7205
9169
4429
9550
7972
2104
9707
9333
547
3597
4290
2056
8954
4872
5484
9505
1670
489
2581
9318
4308
1656
4877
6994
8535
6298
9593
864
3825
39
2160
8971
7298
5477
1890
5524
4158
3021
7332
1024
4663
3675
9304
5161
5233
7033
8431
2754
6641
5688
5569
1464
5422
8104
5619
8508
143
3017
2855
3000
1678
9772
6162
2869
3355
3836
9541
1248
1843
2321
9463
2357
2103
4919
1875
9668
8500
6775
7471
161
9066
9797
9297
3042
7764
608
4500
5620
2156
2701
3228
271
266
2701
5410
4792
1925
8322
2287
195
9854
659
2972
2599
1550
1181
340
5345
9340
536
7005
5004
6245
5696
2664
6602
9101
6821
5050
396
5916
1626
5598
672
2735
4826
4582
2725
8293
6799
1964
9528
7664
4390
6344
1087
5950
8400
1670
1180
3454
9399
3689
1687
8686
8999
439
3913
6793
3505
6878
2206
3211
1564
4548
9710
4581
2309
3369
4727
952
920
2861
89
4338
6214
3074
7224
4222
2474
6997
905
8903
1849
5783
1917
8397
1868
8143
8723
4375
7596
2901
3254
7329
8077
8824
1045
1952
5962
7540
1685
5427
7833
670
3000
4063
4534
7207
8776
4026
5861
5443
6405
4392
1017
9326
8530
1652
1965
9930
2933
2210
667
3817
4104
295
3277
1331
319
586
1231
6171
4557
3214
1237
774
4773
3376
6864
1626
6343
1754
9273
7529
9842
5455
7437
903
1663
5172
737
6882
8725
3015
8938
6402
5389
1167
9244
2969
684
8576
3738
6122
8191
4547
328
5486
9428
2231
5360
4232
3355
8069
9978
5171
8766
5508
6284
413
4287
2706
3420
2540
9195
2920
3266
739
574
3917
138
502
7917
4660
8216
3093
1973
3928
855
4044
7435
4641
7878
1764
6078
2367
7973
1042
1005
8616
7379
3829
7736
6739
745
4610
9422
7646
212
1932
1488
603
87
3152
5302
2701
9568
7799
889
9064
4060
2617
5716
5270
5857
5981
844
7256
2572
917
8072
140
708
7668
643
8497
4467
7722
8170
5266
7153
1155
7262
5438
2536
9837
8109
3385
102
7032
5521
4694
4975
1538
407
1133
3672
242
7878
2371
5822
5795
7927
7152
8139
3464
5540
7940
5659
3438
1712
1742
9931
8429
2623
5189
9188
8105
2523
811
4007
8130
3753
8767
9656
9125
4096
7134
3103
2927
9175
3322
6319
835
512
5250
8943
4359
3961
6530
5358
3013
4479
916
3499
6018
7899
9835
2770
730
3948
8670
8406
4504
7363
3495
2415
6802
6878
527
5043
2960
5097
9986
3686
3658
9457
3449
9798
4036
1334
1703
3921
1863
5645
692
2985
5034
3483
856
7036
1884
9766
5769
4000
113
2666
7066
4123
3981
4240
3690
6087
869
1601
5446
5804
3282
3131
5882
2025
1200
5923
7927
7198
2334
3597
7920
5391
1601
5366
1235
3994
960
6573
6037
2728
3933
8810
1930
1140
1471
9181
1352
6408
9436
7478
7051
1578
5652
3594
9039
1584
6156
3290
109
4828
6465
7647
3505
5124
3450
5137
9925
9446
8752
4653
1287
105
9309
8834
3750
3619
7011
8380
6128
4650
7515
8820
890
937
9174
2118
1760
9080
4228
7363
192
4710
5988
4614
6240
3999
563
1689
7381
2977
215
6269
5688
1820
1835
4788
5217
2733
795
501
5752
5800
7275
82
9024
7600
3650
1956
775
8050
9580
4900
6088
1294
1268
5002
36
1239
7292
9511
2797
6908
5530
134
5761
968
3185
5376
2230
5153
4421
656
7549
7782
1427
1319
540
3542
8577
46
694
1145
1391
5494
7213
1763
7895
8533
1161
5175
4709
1454
6869
2872
3508
6941
3148
8051
8342
6608
4956
9631
1939
5939
2256
7633
5997
5416
7741
1764
377
2543
2956
1186
4917
1569
1717
2615
2855
4139
6530
7078
1024
439
9027
766
8187
8303
139
2679
2832
4559
9532
2117
8802
1595
4673
5325
316
2561
4425
9057
7935
7578
2409
2874
8726
1148
6492
3080
5594
4444
2646
90
6697
2217
205
5979
4999
3344
3087
7404
5496
3667
6364
648
152
5915
5775
2706
1501
1306
5896
466
6001
6970
7966
1076
1926
2322
2691
1704
2484
9577
8373
7533
1026
2610
7313
3218
9074
4872
7287
6649
5719
1205
1828
1520
830
2575
600
3503
2742
3036
3427
9303
4549
7284
1950
9776
1414
8777
1916
2530
8535
586
5981
1831
5565
8565
8755
5451
2464
4912
6561
2247
6195
41
3805
9284
9837
2763
2072
9906
7777
1965
5327
2660
481
3237
9043
8653
8452
9798
5560
623
6739
506
1806
8351
9000
4331
1676
1137
6922
1936
3681
672
168
347
8911
6754
3098
1354
6523
7688
3651
674
342
4190
7630
2590
9042
6502
3788
1974
8226
7602
1490
8817
5597
1569
6738
9758
7492
5293
2828
6401
8241
1332
9719
7893
2497
8825
9005
5201
1586
2793
7959
6279
4255
271
1222
5727
1335
2290
4250
255
8783
5050
6876
1448
9455
1661
8559
289
818
6720
8555
5209
2187
4454
6416
6809
4186
7592
4576
2077
5542
8574
4369
4260
6053
8307
1711
541
1492
1328
5502
2426
9308
6634
1146
1842
5074
5153
6491
1440
544
4187
1104
1714
3649
4260
6198
8531
4041
7235
2057
7267
4553
3020
4331
2928
1754
2252
3712
6907
6376
158
2696
6337
1672
1515
2244
1595
7560
8740
4169
4321
4291
1310
2704
4018
2049
5790
19
90
4684
4662
2324
2503
4375
1533
2605
6195
7824
4326
8770
2855
6263
8907
8121
964
5430
9879
7807
7049
8845
3758
3009
110
5654
1669
4216
1139
224
9783
7677
4119
6417
3334
4245
442
1411
1385
4499
8037
517
7765
2590
1160
3785
632
782
2592
7161
2933
4102
8231
8745
8950
2209
8351
2497
2633
1722
4078
600
8856
1215
3312
3810
7737
2551
1246
6126
24
4158
8028
2067
4070
3340
3812
3928
7511
4063
7569
4950
8441
2625
7146
4959
466
2570
5884
4183
5361
9941
5814
3490
266
7053
5966
5697
7852
9967
1530
5160
2303
745
5813
7912
8528
3347
9251
2329
1882
9120
3370
89
4129
9033
2252
2015
3568
7146
682
520
2034
8811
247
7087
1445
1090
444
4122
210
7846
1595
4748
2186
6735
9397
3284
213
1868
2366
1447
6264
7660
305
8137
7044
5908
3988
7851
6453
7831
786
1110
328
2437
6025
3647
1698
838
6236
5393
6841
2
6484
3475
1042
676
9617
6629
934
618
30
1628
2282
7464
5987
3389
2488
5529
6474
9996
1958
7064
1536
1529
1709
9087
5475
1605
501
1586
135
9027
6325
1650
4927
578
5946
1664
4614
7888
4579
7183
2797
3865
8971
1330
3624
8878
9557
4337
5814
8334
4801
595
2168
559
4194
9484
5674
6220
9209
4697
9003
1573
8267
3223
7636
4884
7549
6576
892
5743
2235
7132
8733
5979
2766
3661
7554
6373
2835
8468
4559
6163
2631
4723
9219
2311
1296
5753
1853
636
3817
6554
827
5553
5002
6555
9005
336
9441
1125
3318
3142
9841
200
6824
3671
7518
3875
1121
1911
3466
8217
4479
3605
2213
6288
2056
275
2023
2475
2284
5881
6020
5143
3665
2222
948
3173
8173
1532
7090
1578
8529
3476
6060
288
2505
5002
8946
231
7095
7502
8084
813
6555
5905
480
5443
8416
8801
7464
1161
7862
9808
1098
3465
1169
7107
487
8768
5203
7125
3366
1975
4291
2696
584
3751
8725
8676
179
3242
12
1124
9878
5939
8222
8952
6245
1182
3331
1618
4202
7483
6994
918
4500
7836
4296
1703
85
8722
7665
1948
1316
9673
3970
1666
4127
8344
6582
7463
1753
5022
13
558
7531
7443
3362
8228
1253
1985
7436
550
9849
1278
64
2835
4610
642
5131
3481
8937
5347
4049
4897
5858
863
5466
1048
6721
1515
4690
308
8844
5468
5599
6787
3514
3335
3369
4334
3599
7937
9725
2332
267
371
2853
8769
6162
9292
3060
2469
7261
7885
4827
8279
6556
6759
7810
3005
5598
406
2579
5748
1270
7789
2570
9533
4089
4086
7792
2990
7077
2432
3731
3494
7883
1221
4175
2580
4059
2791
3068
848
4595
2502
9685
6755
376
4646
2861
142
72
3557
4528
7438
1785
5737
5095
7255
1009
1562
923
5038
4595
1120
6881
3776
3371
4449
3767
7722
610
5171
8502
6121
440
5062
9229
4580
8930
2356
9788
9333
4954
4731
8498
8625
9490
9142
169
5443
9820
89
3508
6435
9229
1252
8373
4419
5675
1428
7816
2760
7238
3765
7247
6235
852
5588
4340
6654
6762
5503
8879
8949
6077
6324
4430
8730
6421
5614
2097
2796
4321
921
2740
8261
5935
627
1297
930
284
3874
4490
9683
1065
1988
5549
638
5676
1033
6821
233
2001
4069
496
6103
3063
5955
8718
8476
3727
8839
9071
2280
4871
9477
7794
3949
7073
4823
3285
2025
951
4250
1171
1767
1089
1033
5254
3049
249
5280
4923
4930
1240
7526
5068
6644
3794
9878
4203
4759
5495
282
1056
7301
7320
5335
1529
4818
2409
5496
3090
684
9689
6424
8928
2942
8189
5405
5511
388
3699
4668
4409
3767
185
1418
4148
7922
9938
9569
5709
4070
447
4723
1913
1061
1305
6066
4314
1774
9119
7612
2302
3099
2292
8421
6337
7786
643
154
6593
1083
3412
6935
1959
1067
1947
130
6595
494
1425
7902
7273
5250
9190
5779
2803
5505
7491
5105
4674
9141
6251
3915
7050
5253
8353
3493
130
7701
2436
1936
3314
7824
563
6747
707
92
1515
301
4099
4715
9209
7446
6618
7792
9731
9319
485
5779
4799
1114
5880
2535
261
465
4585
3575
187
6290
9023
9210
5604
4128
1616
3745
7350
1229
1296
5403
6814
172
6714
4147
5265
460
3448
776
250
52
4552
1297
5941
4153
4885
9281
2249
9396
7762
8760
6668
8389
6471
9484
6177
4478
4742
4542
4232
8905
5287
7737
7643
7473
7325
1087
2594
605
3915
8408
8040
3235
4663
213
4650
6736
3391
5236
6247
617
6734
240
452
1061
4090
2518
3767
8514
7061
825
5455
753
6224
4656
1209
7067
6121
2102
750
1233
8918
4
3329
1903
1605
2181
156
2780
4018
9671
9872
122
17
8950
6931
9742
8237
195
924
2309
7484
8528
3525
1921
4099
1610
2128
6069
1653
2493
9255
8156
4746
5539
5457
698
6234
5591
1007
8659
6895
6973
9204
1681
670
1794
811
2321
1720
5046
9309
780
6046
8498
4736
1715
885
6400
4125
4906
8072
3537
9706
3051
726
1803
6700
9280
6708
2043
1243
4909
309
3888
6673
5138
1168
7183
2296
857
9331
3657
3517
1092
86
8615
6407
4666
9476
7477
3860
77
6826
773
3673
8352
4345
3480
1209
7850
2310
5696
8695
8996
56
2280
7644
8122
232
5025
2610
1568
9541
6036
22
2016
5307
1024
1349
6704
7510
117
2637
8633
496
2953
4805
2359
7829
7603
7780
5453
5160
8388
6687
8077
5617
3603
9357
4334
475
1203
9534
3131
38
1775
5470
7340
7477
5550
1695
684
1840
247
6400
8165
3434
8620
9481
5831
7094
9089
2613
8916
7444
8988
7863
3475
5687
5489
6460
789
4578
3101
6339
8388
7731
8353
5616
6927
5198
1813
2304
9162
3006
6146
8500
6811
9415
3996
7869
3692
7269
7977
9315
1137
6944
2337
7594
8969
5413
2394
8242
2280
818
2370
4560
7106
1500
5602
6387
3950
8200
8170
7356
8847
3526
8449
1399
1552
8454
7869
1161
6085
5463
3896
6132
35
1510
7545
7807
6974
4686
1132
1398
9679
7543
1104
7812
8748
1152
8476
1117
9366
7985
6185
993
8914
5134
8441
6026
7150
9993
6698
1573
9026
5236
9886
8721
2368
123
4160
1450
5124
1553
1929
7266
1635
8695
8429
6911
6940
1236
7046
5017
201
7183
1690
9443
9933
3249
6994
9656
1672
2478
6744
2345
985
6598
285
4611
2673
6299
1531
6970
5221
4336
9072
4588
111
1051
9441
4756
2234
5517
6503
3468
4036
8492
2018
4425
2167
5272
2866
9734
974
1015
4706
504
130
8774
1139
1507
4329
1915
4978
9363
3227
2277
259
6749
8674
9750
738
6975
7646
8680
4395
3728
8992
2972
476
8685
2811
7815
4408
2819
6983
2481
1553
3045
1553
2968
7026
1750
2966
8919
5792
1884
328
3832
5547
4540
7611
1703
7661
8515
7582
154
8916
462
2029
8986
1870
5991
1513
3943
614
3935
7702
4883
2519
4573
1746
6837
8698
2327
8586
384
2296
8816
3581
6674
7346
3394
8818
7715
4279
7051
6148
5822
7851
8507
2363
3259
2510
1135
1029
5938
2838
1688
8915
9058
3283
4128
6895
1720
6501
394
673
3924
3256
5462
5262
455
3183
6149
4733
8658
1699
6814
4375
777
1340
1807
8048
9820
9149
2700
393
2527
7552
384
4187
3146
6552
5599
5643
6469
5899
2220
7558
2747
7235
916
7342
2983
1238
7521
1107
8235
5939
7527
223
9332
172
1718
7683
3824
1097
7526
6219
4423
813
678
8690
6418
1007
2841
5267
854
4713
4242
875
1191
6003
2530
7662
5106
984
5160
4238
2985
8344
8233
1347
9482
7493
9767
3180
7731
879
710
8633
8784
4866
8925
2610
8207
6833
9024
1031
3861
4174
308
2810
2600
64
3151
4813
3061
3605
3066
3731
7807
698
702
4033
6731
8798
9351
6997
2359
2515
3907
6398
9222
6008
7824
2210
682
183
2815
1306
6456
9578
6140
6092
6977
6961
473
3257
595
1576
3703
6975
2139
6293
497
5320
4743
7471
4046
4898
5836
3236
7029
5204
4091
8426
3014
4299
1611
1480
6668
5212
6056
4098
4865
9527
1626
4672
9391
9915
5144
8027
3116
197
9312
9918
6967
8118
1922
2014
6536
5964
4646
68
8247
3199
2668
1421
7539
8994
6064
9885
1298
503
2055
1565
9786
9700
9453
5445
1350
1396
589
1199
287
7410
7192
5100
4953
7792
3127
3285
2440
4288
873
6011
2285
9932
8974
9420
789
4196
234
3290
8443
7395
2008
5395
3310
6508
3424
5795
1590
5714
5560
8934
8842
5931
9246
1340
5854
3872
2427
4494
9258
8336
1140
7269
9362
7405
713
1962
7857
6647
3154
8332
6392
7497
3740
1357
789
3160
4876
2679
3606
571
5134
2478
7044
9158
7301
5169
9325
5583
3111
2267
9126
8822
431
9847
6251
9023
7574
3714
2945
3630
1153
3144
8933
2114
8763
5874
3915
6174
2442
7322
6387
602
8076
7143
3329
2736
3253
6326
3281
9075
4915
7292
7121
9773
4858
187
5218
7882
2926
1690
3194
215
8929
7364
874
5011
5037
2191
85
2613
5888
2447
1006
2896
5129
1653
5247
6684
9067
8817
2192
7427
6791
899
7427
4055
9541
4534
2318
9538
2122
5264
4854
4780
4006
1072
814
1347
2507
9731
5806
2854
2278
6756
8502
413
9018
4322
515
3269
5068
2619
6020
648
6906
2312
1639
9554
3491
9571
4633
8178
2493
7221
1582
4543
6745
9674
8376
448
7565
1979
519
7817
1511
445
9230
4099
3386
1347
1496
837
4414
1978
1280
5674
9878
4809
5990
225
3026
3482
262
449
2291
4407
9975
1738
7575
722
5909
9627
3052
304
17
8968
1850
5219
1805
6302
6625
1284
721
3807
332
4345
7221
6371
9539
7847
9652
575
5586
1488
2807
7161
1748
9848
203
4676
8050
7099
614
2064
3792
1196
5791
3849
4388
1515
337
9058
806
569
9834
4379
1648
1439
5170
3529
1701
474
904
8420
3153
9248
7945
1581
3077
626
913
9449
7028
9361
9657
3400
3822
9026
1206
3315
7522
5745
8254
8571
2751
5229
647
2536
5546
3717
9186
401
3099
1330
2672
2118
6069
6688
4088
5613
9409
4479
7091
986
8965
5096
3987
8968
866
520
1509
5999
775
5823
4478
735
200
1940
9621
2629
987
3136
4351
6107
7975
5231
815
3343
275
2473
669
9143
5857
1494
6660
6473
1148
632
8348
2731
4626
1997
4879
1081
3741
3927
4483
8376
2872
4205
615
8497
822
7627
9537
7753
1492
1053
3070
4313
6250
6770
8147
7931
9513
6881
6658
7461
3700
5505
2975
9412
4020
424
1373
9347
8844
8211
6477
4009
2468
8939
9372
2818
737
6621
7403
6611
3558
8323
1813
6085
8365
5715
3532
193
1155
3731
4292
520
2338
1805
7424
4067
1653
650
5691
3831
1341
2798
5215
1550
1607
2645
4562
1582
954
8287
3339
8115
5002
8921
6830
1968
8293
6950
2096
6603
777
4727
4175
2766
5615
6545
3976
5272
4872
1588
5465
6412
4852
1610
3718
4608
421
9717
1212
1324
2822
5061
9288
7392
1398
2613
2544
1349
3304
6852
1838
6469
350
436
2797
153
2147
6527
1470
7471
4712
5560
4677
6748
7535
3480
1555
6484
4431
4130
2808
6362
525
2587
979
6499
2004
8753
3554
2452
740
6065
5607
1556
5535
3782
6822
890
8918
4527
4238
7566
1420
7248
246
7807
8676
2569
1027
4644
2196
7751
6420
9851
1078
775
4113
4419
825
1816
6332
2989
9067
1205
6214
5031
1203
5567
4785
317
2976
2060
398
6623
7228
6450
964
5868
390
3478
3754
3481
3198
7562
2054
2728
1564
5507
9230
7065
5550
9692
4758
5042
1287
4862
261
5279
4209
8955
5396
7734
4203
7672
1860
5402
8047
2554
5799
7758
2102
2312
1319
9848
3368
5665
1594
2008
7429
6933
9606
42
3081
1561
7354
5710
1534
9419
903
2086
7856
2224
6477
2338
844
7585
8793
1590
1773
8365
5589
6376
7122
6677
153
1992
3382
9285
9858
2486
4185
8408
6772
355
6776
2789
45
5401
8478
4939
6790
4932
1897
8775
8784
50
1210
5054
9623
7037
9987
3510
8586
2404
537
152
3889
5094
7602
2466
775
2266
5709
320
1579
230
4732
8328
3403
600
4680
8518
4829
224
8068
4361
7716
1160
6448
4835
6565
6052
9011
1029
441
2601
5797
7818
8240
6789
6839
8202
2919
8295
415
1796
374
528
5970
5484
5401
2808
7240
8751
1246
8534
4551
5387
548
8211
533
4893
5625
7107
1620
5263
1452
8740
4710
9022
4415
6113
9415
777
562
7002
7844
2403
526
4569
4254
2213
1421
2365
1620
7441
4999
124
5983
5081
4727
5347
277
223
8301
2838
1511
2255
3792
4198
6393
3552
1883
1793
1806
7893
4325
9192
7604
1504
427
2598
7035
3299
5957
158
3352
660
8831
7718
8976
7320
2340
4497
3616
6265
9881
1103
5418
6582
5334
7373
5556
8231
9430
2252
5237
6840
4997
7918
4903
7202
5024
1792
977
6935
9203
4857
6329
450
2040
9905
6595
1102
2881
5371
3027
1016
3910
5630
5466
6234
3062
2732
9744
8618
5805
72
141
2791
5247
7837
7779
804
1994
3489
7492
906
7700
1203
4509
5886
3890
498
1121
2249
4957
6516
9348
7390
3255
897
8526
7086
8605
8061
6568
6242
1845
4769
7880
3277
677
1390
4340
652
2800
1485
3379
883
924
16
7453
6484
2962
7478
4048
9998
2874
7029
719
860
745
7256
7919
9073
993
6153
7533
4138
3876
2783
4552
946
8769
8800
1054
8294
2698
976
8481
2124
2995
7133
2020
6028
8862
8512
3322
3173
2815
6551
9174
7343
2998
4746
6179
5542
9434
8649
3151
9604
6488
247
5478
6332
1644
9124
4461
2307
5199
9617
790
5010
9910
1697
6199
9803
3922
8199
6102
1250
2840
8033
8518
7021
5951
8633
5058
2198
5006
7731
592
3146
818
226
2423
9556
8831
9207
3929
1714
4839
9222
3050
3331
7831
1696
5282
9067
2561
5301
8765
531
1181
7737
6450
1579
5504
7286
2758
7101
3432
8894
4330
6774
6271
2711
843
1391
7262
4730
9955
5334
7180
8537
1687
4942
7570
7368
5687
6581
4693
5510
6900
5199
3476
9707
5207
5910
4113
9826
3929
6190
605
8179
1667
3999
502
9090
3700
9435
5750
3629
2045
5192
1570
6001
2341
1109
4573
7791
8371
6604
5721
9739
2548
4558
7238
4062
5389
9173
5256
4007
733
7763
7063
2171
2743
7068
7726
8741
7642
1932
6042
5442
9128
2051
88
6980
2635
7161
4464
5353
5416
6608
3137
2002
4200
5797
152
1467
425
2029
671
44
3486
8003
5213
3533
3294
6966
7650
6910
8532
2250
6231
4724
1902
940
9662
8239
6640
4601
1973
7461
3447
1092
7159
9838
2328
5694
1782
1427
9348
1111
3121
9549
7251
2679
7642
5473
1886
6180
6532
4067
5919
3343
111
2107
2197
5628
4415
1766
2111
1762
4769
358
2978
529
1793
3882
9383
8911
6330
170
1250
1789
1919
6589
3538
8215
4335
1743
5452
3169
6129
7609
6862
8818
7828
8767
6379
8616
5030
948
7083
4861
2398
837
1824
9660
2073
9999
5970
2466
3699
3822
5301
3702
9112
9400
310
7853
4397
9409
2694
3424
1984
6331
9340
1866
5219
1956
4705
8381
5974
1629
2211
5229
1809
6235
636
900
1289
974
207
5731
7378
760
1790
2458
6060
3140
4745
1017
9863
8845
6208
2877
665
1487
546
3569
7
3945
1973
7666
7211
1052
1193
6559
1833
9965
5662
1995
9285
1001
6660
1491
3788
9911
3842
5168
6858
5433
5999
8431
7410
971
8659
1729
9762
8497
5186
124
9023
5841
4105
714
2492
6155
8647
423
4231
454
8746
1130
1397
6723
3580
2123
6758
9036
9122
7681
2150
2528
9680
6990
2830
20
5542
4447
5126
2468
588
85
7561
6534
4328
4981
6593
3565
8404
750
2646
2210
6272
7993
3992
1715
3965
9592
9229
3681
9183
4582
843
5904
7845
417
379
3535
5187
5940
6396
2676
9889
4359
7267
989
1467
2182
5313
4077
747
3824
5359
8575
1278
8244
2747
3716
4498
9278
7076
5468
2883
4723
2865
8434
4532
322
7895
9602
1520
8149
4235
853
8845
7268
9956
1955
7178
5540
5475
8176
705
9342
822
2381
8581
7340
543
156
1074
6149
8054
1034
7444
165
1934
5451
7465
6197
6151
4092
8537
8986
329
7365
728
9960
2082
1017
8716
1482
2162
7746
6992
8296
9368
831
1352
8416
5110
8162
4338
3060
4556
5857
4623
7234
2792
920
6346
7123
562
7243
8593
7867
1860
7799
5258
1462
4746
2014
3401
704
4245
7130
7533
622
8731
3376
1133
1637
4139
3489
3085
2455
1914
5960
71
992
2909
9563
7330
7301
1187
6017
4113
179
5329
1908
4135
3165
1979
7626
6921
5402
1619
7600
6708
317
4053
5546
1233
8672
1878
9885
3625
4661
1806
7912
6743
5242
1840
6436
1312
8818
5489
4509
355
8343
5492
9138
9979
1572
1399
3840
2261
981
5203
7354
3641
2027
5120
8944
6093
1631
3598
6964
3184
7892
8845
4357
424
2520
4633
113
4584
3350
5571
6302
8175
7983
2602
7566
7391
3837
6322
7193
3536
7112
1411
1519
8375
9989
6356
2955
5747
2421
62
2328
3737
9948
2285
2957
5263
9632
4596
5042
6474
3221
944
6584
1259
6228
3467
3260
2951
3940
4706
2000
9401
4967
8738
9389
2934
9083
2358
7511
7535
8922
4120
4979
3706
6516
8789
214
5476
9352
1589
5359
7229
3110
2999
5558
6128
8943
5917
920
6926
980
9152
1420
6869
1692
5645
2709
8557
3787
6835
8617
4393
2218
5818
845
5200
2873
1364
5940
878
430
3734
7658
785
2818
8821
2268
2135
3495
6040
469
8796
7471
4134
9155
5789
404
4383
4629
2933
9225
6431
5591
4856
3196
7288
5551
5072
7710
4250
2197
8586
1413
174
9935
1351
1732
9083
776
4230
8755
949
3229
21
9985
9832
9453
1606
6784
3754
754
5732
7343
6903
2765
290
8709
3390
1645
9391
3775
5268
5421
4079
1288
1077
9877
4056
2657
153
6747
197
9563
4313
215
2985
5743
2
4343
9835
1420
8057
853
306
740
9707
6080
2131
4349
8303
3079
2380
10000
2410
4295
1198
3309
4871
9333
478
5219
7520
8097
7887
9497
9763
6606
342
4324
4108
225
8820
7468
2612
4388
1993
4370
9883
3725
175
1682
8934
9024
1304
2138
3839
6345
5561
9470
9300
2613
9710
9695
6834
1584
748
6404
3012
7273
140
424
3484
2986
5271
5757
6530
4984
2576
8304
8170
8260
4288
2069
5981
2814
1582
1063
4066
9643
6673
496
2073
8190
6229
5953
8392
1747
592
6865
5270
4015
7936
6625
9640
117
3198
4149
7179
5961
3055
4967
7186
1730
7168
7314
6695
1950
7849
5533
3301
2803
1344
5857
7458
8699
4791
4509
7132
6435
6533
670
6004
5561
5735
5096
428
1361
4976
2010
5718
4800
3645
202
6953
5024
7108
720
1054
9155
9484
6662
868
7758
4748
2048
3503
9232
3836
5468
8163
2337
3281
7407
4001
331
9232
5892
9408
830
5812
9146
8800
8678
1011
1144
9372
2339
5237
2627
2829
3017
6785
680
6261
6977
6595
3246
3756
1813
8255
4056
5704
8395
5617
9867
777
8148
8861
1424
2009
7655
978
7924
9629
1696
1034
1108
9278
5654
5517
8285
9577
116
2033
8943
850
9012
487
6186
5553
9862
4918
618
6913
9624
6682
9583
4401
1286
1510
4750
8307
1508
1349
8391
2435
4888
8811
234
3382
3022
7504
8269
4346
8431
9490
682
8943
191
96
5284
4488
2021
7145
6149
821
4351
2450
2350
8437
6189
7755
2989
8546
8142
627
4859
6943
8978
8649
9311
274
3045
825
3598
9511
99
4333
1961
1192
2923
6396
1984
2708
5569
236
5701
3870
4216
8965
2705
3000
8991
5675
9439
4847
1087
8117
5907
9430
3325
8546
1482
4245
4868
704
9558
7403
2486
3723
9492
1189
156
4251
6471
621
3004
415
7744
4375
1401
629
1154
3704
9989
7038
1458
9505
5481
5951
3323
4432
5276
4008
2246
8696
6477
7961
4642
9677
7119
6802
2336
7164
2626
301
4898
1363
991
8646
336
6352
5872
6388
2471
5477
9174
7299
2583
1157
8711
3567
3159
7510
3575
8696
2221
1669
8111
720
7139
3478
9687
3629
7447
1989
2670
7843
454
5684
356
2345
2184
7400
9199
1840
4636
3214
3465
9420
7648
9677
1476
4297
4677
5247
3897
1016
5439
1378
8846
5469
3016
5274
2808
1774
4125
5944
7642
1945
9533
8767
1619
8144
6055
820
5202
4358
5427
1128
6712
7284
425
5750
3316
8773
4168
5254
1607
8590
7227
3446
8309
8761
8037
1493
1561
6966
4031
3949
5441
6039
29
7880
2229
1889
8132
1787
9310
9678
5830
8926
9690
6754
8753
8530
1550
459
3899
8925
6236
9960
3560
2603
6667
5512
3938
650
7949
2438
9472
5566
5573
9155
8579
3020
9327
3112
9714
121
1962
6368
2800
2866
7336
2910
8352
752
1280
5656
7635
388
7007
1176
1065
988
2932
707
1191
8458
2612
5113
9582
528
9796
7623
3315
6267
1451
6091
1693
3044
6916
8594
326
4707
9815
7281
60
3618
9214
9023
5116
8618
70
4742
429
6443
8366
2164
9008
5477
1410
3891
6906
446
8705
8905
1111
6900
2367
8787
5609
7954
1233
587
1136
2753
3156
610
9841
4676
9837
5288
346
7022
8507
4078
2984
385
3069
3297
863
7764
7135
8595
817
4335
678
4997
340
6284
4469
1141
9826
8591
820
2182
3926
8046
1379
2856
8769
1644
5419
4779
3305
1094
2323
118
5187
4411
7692
7590
6208
6867
6738
6556
8573
8617
7406
1788
8116
8509
2614
9548
594
4398
8303
3276
6132
938
9903
428
279
6885
7068
5123
5471
7352
8458
244
5846
283
6191
6885
3227
3655
4101
8790
5312
4357
6652
9709
7519
6988
1347
6848
7578
6697
3441
2129
2220
46
3835
1716
5690
2929
3675
5077
2592
5039
773
2759
8889
1643
307
331
4373
7255
2800
5529
5766
4494
1196
7547
5900
7860
1087
629
8969
1448
1014
7073
9866
2245
2452
6031
8675
1420
206
3466
8092
2720
64
9005
6129
4007
619
8206
8073
2288
572
3456
2548
7672
5426
4161
9349
3818
3002
9401
1905
9255
1874
2032
8244
8198
1954
189
5259
1408
2171
1945
7956
7221
6816
2950
6205
8593
5490
8084
4251
5459
379
3999
629
8876
3212
4007
2688
8582
6895
3649
350
890
9126
1002
5267
6825
1003
7463
2120
4880
2864
5006
8613
3620
8442
6072
3933
5731
6591
378
8808
3437
8285
6739
98
3268
5562
7138
9480
8598
5027
5844
6151
4535
3007
6340
352
838
2423
2042
8290
168
7183
2733
757
792
3755
9064
8191
393
6138
6626
1910
9446
1107
1534
1693
3413
204
909
7552
2395
1057
9372
3507
7482
3246
470
1650
6737
5964
5627
2388
8542
2274
813
6586
5866
4028
6305
5738
3251
2426
139
2461
7730
1533
6398
212
3754
2004
1040
7941
3999
8340
2366
4506
7194
1172
8650
8816
985
5543
3601
6450
381
4130
9469
4268
2524
223
4152
3987
8560
8766
886
8100
795
3002
4086
1102
6139
8076
8848
5949
8460
9918
6648
824
5775
369
8969
7474
2130
298
567
2101
1769
9285
2812
711
9947
4704
5415
7172
743
68
608
5204
2173
2056
3809
7696
2587
8846
183
8380
1847
5767
8778
4785
5501
8788
644
4755
6979
5236
3105
3320
7898
2055
5029
4322
8335
9527
9354
7412
7165
9033
2173
1653
1946
461
3989
150
4233
8049
2030
2482
1258
7261
6242
1067
4997
3868
4669
2052
7832
3352
8715
4736
8602
8363
7604
5010
1678
3674
9971
1948
1531
8899
8520
4064
2927
4148
9500
2034
5141
5499
1438
5298
4814
992
1267
6708
1348
4655
3158
8440
6307
9040
2408
567
3888
6380
3149
8660
7758
3059
4954
374
488
6220
5416
553
7245
1502
4429
3746
5729
8790
1052
9844
4422
2193
7006
6623
5229
736
1064
8316
6753
6386
116
5681
5640
356
4346
5418
4316
523
1210
167
9793
8093
4229
5213
6998
9546
2081
3565
4875
8823
6354
7872
4723
1314
6880
852
3007
9486
6169
992
73
3640
6986
1771
8675
3379
9473
1408
1181
8600
2093
3926
5370
458
9160
6401
9128
7757
4975
7655
5042
7050
5654
9872
2435
2972
9705
6258
2934
1584
6325
8343
5427
8746
2907
1178
4159
8026
6875
4252
3674
3985
5702
3838
555
1504
7238
8445
7778
5309
4844
1770
4394
996
96
601
7012
8710
1804
8646
7898
6553
4980
9917
3001
6574
1458
8600
8959
8477
497
309
905
3070
3821
2740
3323
1027
8330
4411
9177
7
4343
6786
206
3202
10000
