939 30
10287
5413
5431
4260
1228
7735
503
284
1608
6574
7392
2148
1500
9371
2703
4506
2819
174
5761
9245
4853
8205
633
4712
7040
2552
4218
918
6608
5062
1883
3067
1243
5780
2266
9366
3990
5114
3382
387
5021
7730
6524
1041
7897
3408
356
9647
6650
4758
3543
5185
6439
3420
1964
1457
1751
5486
4824
8384
1074
4589
150
3011
8608
2737
4001
230
3223
1831
4523
2812
9486
4451
5581
8195
8178
1916
8354
5681
8610
1042
8610
4885
973
518
9930
2274
1683
1747
2542
1111
5076
1258
3981
5047
345
9526
9107
2394
6029
2653
5702
3840
8818
709
6361
3635
2159
8107
3126
4916
6561
9162
1513
6580
1942
3823
6575
5390
6934
8587
401
2028
1841
6989
1994
454
8686
407
5749
5082
160
8046
296
8114
5573
1502
358
9371
2012
893
5476
4196
9867
4743
2501
3249
1361
1650
2787
3571
807
3218
2830
2220
5248
3865
587
9936
4597
5142
6256
6734
8487
7588
6703
7582
6573
7323
465
3856
7791
1068
1221
1493
8336
2734
5984
1558
4662
371
2765
3473
5348
4941
6713
4752
1527
1384
7765
436
548
5570
2649
2240
6234
1031
9391
2552
7375
5216
2030
4765
1905
1299
6728
9316
1569
3575
8831
152
2394
7587
1251
6294
6865
5783
3098
1904
2032
915
9310
8325
2219
6261
5585
1237
6512
2765
3376
7873
9512
485
1801
1750
7416
1659
9964
1301
2379
8732
9308
8599
227
7243
770
1589
7640
1559
9965
7935
469
4000
1552
1741
5081
5574
6472
7044
4785
1825
6987
5047
6014
6696
1749
8148
4203
5159
3914
1153
7842
7927
5375
1205
656
3459
2688
6223
1456
1875
4981
790
1194
6823
9664
7190
5051
128
5351
9432
1636
4649
6332
117
4182
3963
5245
3747
2803
1154
2112
8176
1008
203
4687
1499
2353
2230
8915
945
3599
4596
9982
2101
5388
208
1066
4006
2312
331
9194
151
6
2317
9124
1960
1758
3429
2585
3080
573
1939
6928
1737
6429
97
9060
2222
817
2488
1906
1050
5328
5845
6494
6536
7644
2387
4787
7124
5785
377
7426
7406
716
3318
5328
7811
6281
8964
6526
7129
1049
8918
8517
6806
7393
405
7239
4269
3902
5040
4667
190
9401
8298
2972
1392
9383
3467
4869
1545
5890
4428
8112
1373
9710
780
3748
4975
5730
6521
1221
3328
1829
9196
7575
1180
5926
7712
7661
1577
5639
2571
6274
9323
7315
2891
2035
1475
9910
6494
1432
5103
9024
1491
7301
5923
5283
5238
972
9122
5119
2019
7756
8326
3924
6226
878
5496
1085
5153
164
3472
4120
701
9116
530
2068
8820
8760
805
3645
6386
5141
3994
3080
539
9675
6900
852
1868
9663
454
5434
694
9669
7985
2405
3631
8512
5982
9607
5833
2573
9557
5321
4164
597
3201
5399
1832
2386
4324
2900
5470
2736
4484
7459
7099
9612
6600
7721
488
259
7544
9160
8807
4665
4619
1287
2442
8342
1701
5255
2171
8582
7587
339
3392
4201
7849
5013
406
3553
1717
6807
7951
8738
5669
7530
4956
1180
6537
6777
1088
9284
7318
4755
2583
141
2522
3115
8330
1544
1785
3300
4849
7105
64
5389
5165
2246
6761
8416
7869
3652
1886
2381
8202
8215
9478
2929
4450
2615
7437
6797
5533
6564
1247
4948
5859
2129
9674
9379
8843
2607
963
2218
5570
5693
3176
1805
6435
6542
6117
789
1980
9943
7418
7291
5240
5074
3439
9269
8649
1841
6477
1675
5860
6944
1927
8435
6910
4647
8797
8392
4464
6564
2324
7517
4296
9885
620
3277
8794
3263
2164
1583
2584
9378
113
6027
2723
8241
677
892
7175
8184
49
4896
3218
4111
6491
8181
8855
5878
3536
3588
7556
4524
3498
5146
7544
3850
1484
8616
1241
841
1219
7278
5020
1368
6520
965
7244
5478
1619
9180
673
6190
997
3359
1691
5061
5966
3123
4779
5402
2282
6286
5119
8142
3241
851
7325
4219
5130
4512
182
6546
5193
2030
1178
1196
1340
2365
8979
2331
7822
3186
2521
1807
9673
786
4476
1807
5916
936
7088
5259
2637
156
1563
4088
7614
6353
2203
1784
1840
16
1135
5425
4361
7032
8447
7658
6785
4549
3803
422
2612
4529
941
3439
1818
1551
471
2437
267
3561
3679
4414
362
1229
1468
3405
1035
6578
3472
1503
3879
9295
2552
8607
6303
2210
5234
9890
1516
778
2236
3622
8741
8032
4121
889
687
6852
4919
8350
8545
8910
6239
1529
1493
8944
1289
2149
7998
6246
4509
3554
2722
6104
7529
7763
4192
6227
6505
5017
5119
5614
3908
2940
5201
4492
4037
3653
5983
1299
6002
4254
4810
6399
7479
1134
2983
9567
9361
9689
8586
525
8655
2279
769
382
3801
7874
4039
3721
2717
4327
7448
2558
4148
1632
408
1739
6456
8155
1094
1859
1010
2642
7018
1414
5603
1273
6534
1718
9715
3173
5721
4377
5805
3421
7929
6125
981
1705
4684
9125
2587
6036
6518
3645
7399
3505
4553
806
5402
511
6918
2325
7408
2079
7661
3611
8136
5864
7530
7436
2733
4121
2390
5969
6879
7943
559
5214
4384
8097
564
4547
6915
5289
5086
9851
8275
3967
6184
9764
5923
8241
2509
5430
7300
8914
359
1379
8094
5749
570
8342
8968
773
2708
9444
1053
8207
1468
7413
8434
6431
6189
1896
9232
4158
5124
8978
3266
679
6686
2649
1327
1315
4430
5205
2962
8331
6035
1849
2284
6996
6709
1182
6377
8507
8092
8739
4060
9035
9917
2077
2198
2170
4425
6287
1323
4409
9528
3948
6269
144
276
6710
4241
9403
2931
9095
5782
536
1208
884
3008
7069
1739
7820
325
2181
5558
8235
4362
6645
9906
9211
4916
1320
8210
4335
1535
1972
5934
5568
8587
2173
6768
1754
17
8040
4710
4132
83
4575
7999
8618
1883
361
2378
2472
2524
8268
2189
9343
9736
9715
6362
8409
465
4905
3312
4158
1995
2468
1196
6998
8929
8830
6043
8034
568
749
1212
5238
6537
4505
8590
8389
6024
961
2851
9
3151
8247
3431
6684
692
8321
1718
4383
132
5551
1099
9848
4802
5686
5854
6517
5115
3783
3582
7301
530
5219
331
2448
1514
3229
766
5039
3566
7117
5540
4887
8730
9680
4797
9143
4292
4996
3800
9733
4316
3667
5771
9762
4132
1101
2425
7527
7903
1247
7697
2810
6626
3299
882
2627
3263
1429
2379
7676
6437
6774
7571
3919
5956
3435
7399
1578
1388
9203
3471
9410
9115
2973
4359
5463
9660
2359
2644
5780
9927
3218
2295
3788
8305
9300
9189
8817
4674
5861
2405
1381
2055
4801
2520
7330
8931
8165
5178
5881
2795
4567
2515
721
9738
7736
6730
8313
2080
8324
1930
7681
1226
532
8593
6494
8808
1691
8027
3647
8808
1064
7128
7207
7161
5765
3180
2170
3633
1360
4912
1618
1411
1641
9170
1624
1567
8295
5579
116
3115
964
4919
9223
2012
1806
8928
7629
2397
346
6621
2107
7836
7653
5660
6002
1220
2863
1558
6143
6213
5529
8976
918
2867
3440
883
2428
9097
2772
1967
4178
8276
5769
3752
1517
8844
8968
2943
925
4362
5887
3412
4301
6867
6787
2713
9059
7492
7282
6110
3772
4695
9255
7044
3589
2106
4371
2617
5800
2520
5367
7024
5307
1327
1327
5966
8035
1213
4490
1409
6089
8248
4805
6054
984
2888
7407
3067
1935
3020
8842
7273
231
4512
1664
7157
9234
6807
5775
4720
9525
8380
8057
1942
2575
4301
4219
6606
5654
3258
6924
6870
1560
1390
6051
1417
9738
288
58
5393
6162
3109
7055
6406
5816
8504
5200
2952
3427
1198
4212
2288
6507
6151
8896
6283
2736
8541
9655
4400
8083
6519
2598
2995
50
4914
2739
7294
8790
868
304
7371
7537
4088
3892
2374
3174
1385
8377
8134
7718
7770
2113
2397
7536
9954
3720
2434
2337
8122
5306
60
4147
4415
1155
1818
238
2671
4911
1748
8724
5536
9784
572
7830
3308
2724
4968
74
3572
1959
9238
7920
32
9898
279
2989
8547
7205
2857
6666
909
5772
745
556
7772
8311
4381
2308
7835
5066
6533
2480
901
5149
3873
312
9147
1083
1482
2168
9064
8322
8401
1348
2523
3851
1438
3896
2567
1806
8372
4213
5792
9813
2832
6378
4819
4797
8382
2415
9070
9869
4317
880
2688
7426
7276
2523
1002
4490
4608
9171
2029
4851
7825
5764
803
1013
2302
874
8355
528
9867
504
2680
5885
9146
8559
1195
2952
1587
3745
8832
7380
813
2632
4025
9888
2554
9678
2065
4335
7307
9736
9574
541
8075
8722
6987
1529
1275
6897
8592
2448
1062
7037
5276
6607
1726
6404
4414
131
9066
9930
7834
884
4357
503
8211
9123
5377
6790
8254
7230
6227
9346
5149
6637
9783
3749
386
6294
451
1114
6134
4425
1280
6809
8
9821
4595
1572
9397
4234
4250
1627
579
596
3561
674
4893
7793
1480
4843
7568
1185
7232
8602
5145
457
9181
3110
7930
9308
3900
1208
1244
4923
2671
8791
5392
9236
2692
842
8469
2000
8933
5473
9831
8127
3486
1683
9419
1868
9431
6325
7975
9436
2635
458
5062
2634
9802
7809
3742
5324
7675
6571
8827
1894
219
6222
2669
1020
1235
4405
8600
717
9448
9601
2136
7545
113
9949
9013
9576
7866
2459
6758
1084
3966
1287
570
7110
9072
346
1269
4964
8747
7886
8425
2129
1742
1075
6871
3801
8066
6515
4164
5452
7723
884
5072
7085
6937
1481
8305
3508
6547
5971
9462
456
4733
4281
4749
2841
8953
7495
9450
4072
6068
6489
4225
8496
3420
1299
1287
7604
4065
9307
1412
111
4052
7698
1705
1907
1132
7412
1038
4039
2542
2795
9888
6042
2130
519
5316
3157
9772
3702
3776
2657
570
8835
587
6110
8734
9108
2999
6616
1033
37
6768
856
6030
4386
4424
6867
1857
6753
9422
9327
5750
5895
5628
6022
2567
671
1868
871
1922
5977
5236
4889
4107
966
9274
1698
3999
2685
2874
7485
2753
1082
1293
8215
9613
9564
8344
3746
9190
875
2008
3601
7196
4208
5297
5507
4433
1583
6938
7639
1397
1773
1368
164
3275
2343
8395
9763
6660
1722
7274
3783
3927
2703
3460
4967
827
5051
5135
8493
716
9031
4760
4406
5209
8174
5770
3771
9804
8636
4932
8425
7019
2808
2444
6509
1122
9250
8999
2590
8695
171
3585
6016
9533
1983
3614
2734
1296
2464
7491
6745
7711
7298
1046
9829
8187
4202
474
7018
5496
8913
2136
8742
444
2303
815
1645
7147
3086
2302
6836
447
2431
2982
8850
2700
9424
2274
3684
2710
1100
835
3836
661
7934
1638
8503
8418
5738
8332
3906
9253
797
538
1881
1694
3922
8801
5752
61
8670
3107
8642
7860
7166
7665
6642
8545
2346
1834
7764
5122
7284
5440
3731
6505
7256
9190
5138
9965
9430
9289
7260
791
3321
1233
9977
2560
3889
5270
7642
3324
4879
4679
5756
4174
7305
855
682
4156
5960
4861
997
8654
8844
1539
8386
4160
4994
3755
4991
8017
3430
9844
4067
9050
634
2728
2942
4255
1635
2884
1351
8550
8475
9395
941
995
6224
1270
9188
314
3359
8562
2717
6257
6816
394
1152
8996
7707
8328
1097
596
4629
9227
3772
2175
9243
931
9531
7004
9803
7032
9550
2094
6866
7039
272
10000
1561
9711
64
7012
9990
4784
41
9249
6503
2582
9547
5596
9833
9484
8100
5794
4182
3219
7219
4771
3534
3630
7986
2155
3589
2421
2893
9534
1524
2036
1428
8457
5225
4175
2623
3455
890
19
1687
3483
1944
1411
3542
7758
3697
6734
5654
62
3687
8629
473
7887
254
8784
3680
1127
8640
6490
7910
124
99
6220
1576
6471
2329
1982
8629
834
7276
928
3099
1472
3151
6742
41
2967
3980
6995
3967
4391
7305
520
8238
4553
8503
6226
1478
934
4864
5992
9112
2343
4300
1592
3957
9744
9491
4241
6776
1257
1658
8815
6853
1969
9933
6695
110
3452
7715
9062
2080
3663
4108
4983
7670
7016
5262
8730
7847
4191
8144
3178
6882
9407
6487
3738
653
1279
2061
4786
7157
1577
9963
9622
541
5917
9775
7650
1744
7891
9822
1898
6821
65
8496
1895
89
3971
2634
8175
4270
3577
8630
4086
9592
5456
6901
9473
5998
2445
9664
4007
5087
2333
3235
1171
2305
498
7195
9774
8160
1414
4807
3583
1088
1380
9780
2158
9279
565
7844
6617
1071
1842
2441
249
4244
6610
9847
1959
3164
7441
2358
554
7282
6044
2109
6986
6358
9558
2682
7023
8441
8367
594
7893
35
8223
7068
2169
414
1160
465
5222
6356
2860
4438
5284
301
8203
5806
1767
5872
6063
2770
4101
146
4443
2340
9698
224
1472
8231
1615
4133
2307
4696
4953
5949
4043
5440
7642
5604
4862
2432
856
8775
575
3745
4
1390
2019
2086
4106
8388
5412
1201
8108
4254
5715
331
6582
9212
2987
7332
4023
6473
6011
6978
7825
3368
5122
1479
4256
2177
8933
9090
2262
3055
9000
5459
4545
3592
9060
3879
7123
1051
3715
7749
1531
5398
4494
2076
7851
4702
3676
2217
8513
861
8703
5193
8680
7378
3338
4976
9774
567
8144
9844
59
7234
507
6181
64
1627
6774
1494
5310
9222
3739
190
2645
8005
7396
8688
62
5859
5947
8326
369
6862
8823
2210
5391
4665
6167
8281
4688
4726
953
7513
2275
7129
7539
4010
8745
5433
7357
363
6098
9859
9375
8862
5219
3430
7483
9162
8241
7919
2275
891
5905
9261
4026
3256
2180
4173
5625
8658
8807
4471
5032
4508
2636
4635
898
256
5496
9115
1159
5507
1557
4943
4584
4543
1279
1017
7037
9322
989
6668
6264
8356
2455
1478
8419
8676
674
917
7618
3166
1906
2082
7269
8360
2921
9427
5930
495
7314
8174
8807
2594
8400
2529
8924
2281
6644
450
7551
1168
9854
1200
6054
664
5615
2159
8086
6698
8201
8756
2590
4841
3080
1236
999
4478
8906
4489
1866
4569
6686
6100
9081
9650
5214
1215
2021
5859
916
7693
4207
763
8250
1157
913
9262
7531
8580
2799
7906
5668
1029
2115
8215
2444
830
8779
7870
2710
1649
5244
9997
4361
7783
2740
9816
6292
7385
6335
7799
1963
9049
9694
7582
9769
9492
178
1566
3081
474
4308
5240
4157
9925
7831
6559
2846
1164
5137
4186
8335
7749
8200
6861
405
2273
5292
1356
5032
1787
2684
2121
8670
6046
7623
7923
2640
9700
3253
6498
3696
7273
3580
9522
4921
3700
1445
9120
9216
9465
8295
1433
8242
175
170
2919
7614
3846
398
4890
2245
1897
4725
8823
949
9903
819
5972
9738
1355
7905
4480
4596
9801
5265
6694
8324
5631
3029
2171
9211
5413
5684
7210
1243
7924
4486
8493
5335
5411
6464
6154
614
2321
3413
2164
6974
475
4088
6564
8577
4576
7495
1905
3729
8578
8761
5054
4899
7833
5486
2431
4279
94
6718
2526
792
2236
1779
1579
8415
5098
1111
1534
8525
7154
832
2380
1466
5603
8687
8590
6840
7264
9928
6671
8364
1053
4382
8018
2588
4673
1784
9180
6894
4284
4495
7984
8806
436
2750
7208
5482
9673
2882
1477
709
9330
6370
1205
7412
8998
2320
1595
6857
6159
4230
939
8497
4368
9958
4123
1211
4890
3259
9374
550
8452
6859
6538
5254
3152
1994
9146
8961
1123
7827
2610
4837
5095
7775
4644
6053
2356
1910
242
64
5781
2266
4552
3442
7062
1468
7024
7991
2236
1309
1472
2532
7229
9809
1792
1340
4327
5875
7133
6764
71
2919
8382
7687
1240
99
6375
5185
6012
9123
1547
6367
1199
3199
2675
5245
133
5171
5496
4792
3776
170
3730
89
9412
9618
9708
7376
8448
1886
5173
3360
7891
2640
7363
8975
2339
2288
2640
8099
9988
3779
412
2016
9087
7323
5388
2505
1508
2712
669
3653
7120
9673
9318
5318
6254
715
8598
1079
7783
7590
3245
8714
6295
2392
6008
7531
1803
2294
124
1874
6769
447
1329
670
5600
2231
5333
4842
511
6016
4322
8488
5954
2478
3962
5810
5939
5041
4661
2048
677
8909
2828
9341
7751
4028
3125
5116
826
1963
2542
1850
7470
2907
9439
6157
1270
3882
2827
139
4455
5159
2295
614
4510
4086
3837
4651
811
8219
6451
48
4315
6306
6906
4486
3357
6910
5409
2609
6678
8736
6819
2682
5667
1391
9470
4182
6113
1064
7986
7301
3757
494
6605
8760
7564
2824
9382
4244
2910
9560
7639
2254
5368
1368
4430
2714
6673
1320
1908
3820
4409
1829
1377
6228
1862
9819
4039
7857
4514
9874
4133
9020
9586
7764
3330
3527
3205
5384
9771
2487
1203
8646
9784
7716
9346
2990
5858
850
5418
9523
1259
1672
5145
4350
8911
6427
722
2378
8115
2170
3110
7529
8858
3485
1744
220
4728
5691
2832
2995
5684
3833
8821
453
1265
2888
7837
3953
3147
6739
4242
229
1043
9262
7793
6711
5318
2712
9373
8655
4551
7812
143
1318
2955
8204
9728
4803
7116
666
8391
8015
3770
5463
8586
233
6646
4400
4680
6052
4228
6489
252
4135
4610
4324
100
447
765
1071
6335
2976
5792
1816
8873
1364
4255
3410
2726
429
223
5744
5134
102
2182
1110
251
1390
7310
5225
5317
7734
8532
7229
1956
5616
7014
2001
2066
8874
1390
222
9826
1649
7695
4156
5868
3383
9323
3129
8564
5234
7845
1154
1631
2811
574
5535
497
4838
7000
4039
2974
1988
6994
2642
4787
8268
134
9314
8059
9192
7599
5436
7755
4666
176
1151
1008
3162
5166
5176
5813
1033
2712
1765
1462
8700
7338
1754
8462
5179
103
8629
1421
7400
6519
4673
6637
7662
5444
6215
1933
5907
5768
240
2194
8472
3805
7587
250
2085
1353
5621
6156
8864
6093
8795
2581
6986
6835
6574
9153
698
6132
6953
505
915
5516
758
6798
5824
591
9009
1916
1890
1012
4720
2145
4253
4267
4593
1799
7135
663
8796
2024
1736
960
4688
7956
8662
7698
5059
2799
9957
4182
1611
3382
4021
3894
4888
4253
1226
2815
9698
1249
77
5478
4451
6302
4119
9604
3474
8234
5358
4608
8351
8953
6353
8819
5475
8336
8608
7292
3300
6560
9669
1237
9845
8225
2094
302
4842
7680
4325
8947
2160
6483
3473
8989
3271
4758
4923
2975
174
4382
6639
6204
7900
466
6921
7353
7358
6077
9012
8958
3940
1756
1297
9403
6301
9282
2286
9359
1128
9920
2023
6462
2153
4717
6209
3928
4334
5593
2733
5426
8044
1146
9220
7204
377
4253
3039
3834
6706
8550
7655
3065
2350
9405
7224
3133
268
6878
8405
9951
8046
7976
7675
7960
5605
9125
2484
360
3525
2757
1774
357
5074
2743
8650
861
6973
2161
4584
656
9003
9201
2390
3195
457
7447
7340
2008
1208
9118
3266
9700
6444
4075
9381
8393
5849
660
9333
909
3282
2657
9310
757
1135
3932
6073
1935
9904
8502
2349
8097
9904
4788
2195
4426
8446
7991
5220
3487
7692
7418
6344
2201
2669
1843
6160
5068
859
9121
3852
5877
7066
8629
7994
3030
1797
20
995
5623
2409
1745
6345
6021
6939
7084
585
3342
7525
5600
892
7387
1227
3738
1649
8085
4091
4600
9013
5942
3254
9316
4271
9832
3833
935
7991
3169
1740
5154
229
6921
5988
1764
1325
2182
577
9470
6677
5261
9928
6238
9129
5877
9670
6119
8793
1183
1866
9827
918
1324
290
2133
6120
1607
9093
6771
3151
2286
288
8496
3417
4032
8693
9180
201
9450
7631
337
709
1474
1674
8326
5622
9015
9341
375
2978
6833
2648
4699
5778
1117
9399
9005
3292
483
6614
3019
9303
9381
9700
5285
1328
2191
1305
486
6158
3049
615
6925
4698
307
9811
4449
807
1972
2905
5639
5012
1872
9642
555
2236
5871
9885
4675
6982
5534
1188
729
3196
3037
8581
8541
9272
9840
6690
4632
536
3326
3923
8718
4549
3290
4112
4120
1573
2280
439
7113
234
9113
7077
3957
2625
8490
8460
7199
3984
9041
8634
5115
1857
2493
1237
122
8153
4157
440
1967
6656
8510
3822
6809
707
3454
3672
3780
1258
2587
4953
7783
5117
5631
4677
99
1253
9763
9243
2409
2217
2022
5790
6610
464
3810
1089
6907
4
6590
9178
827
9818
9183
9515
69
4745
8100
8607
2329
2413
3426
5802
3945
8960
7241
1485
1107
1647
67
995
2219
8613
9764
3285
7048
8945
3697
8962
4611
8634
7321
3305
5418
9008
5521
2084
686
8302
4969
1763
64
6808
4919
2515
5208
8370
2965
6508
4326
1019
433
9882
1849
6755
6288
7243
7957
8143
6751
3084
6732
8975
5270
4257
2403
2428
3875
7252
4151
321
8835
836
1447
5424
5075
4792
1724
3843
1623
8072
8501
8559
8714
3947
4303
4768
1591
341
5026
9178
1624
6331
2842
6027
8095
1720
5374
258
4659
911
6506
6402
3209
7955
1692
5695
7019
8678
6956
7651
2473
2758
6541
2673
3410
1404
5893
1903
7168
749
3639
8563
387
1744
7533
390
2188
1941
4850
9132
1699
832
4336
6682
7574
95
6351
7033
3468
3154
7679
5955
4575
942
9342
5453
8145
5109
1772
1949
8784
429
8874
317
7464
1481
6997
8263
977
3891
1045
9364
2882
4956
303
1368
8444
4202
8967
2538
553
4611
8448
2221
4663
8492
903
3736
6128
2559
6583
9825
2644
2363
4438
4913
9632
5103
2445
376
8331
3096
5571
8780
9511
3102
4852
7322
11
9300
7241
4524
3994
8549
2659
2748
9268
7826
5980
8044
8458
1423
9333
513
7516
3323
2033
9271
1552
2343
8401
1360
2383
3343
9732
3364
8003
2493
7264
415
1795
7142
8573
48
1867
3402
8725
9432
8129
4096
5192
8113
4112
5716
4051
1831
7080
5577
4753
9527
3010
7577
5459
3142
2772
4971
7291
6608
1605
524
1838
7647
8227
508
1757
4326
130
6721
1131
9765
5252
4536
4384
5659
1662
7918
837
7194
4813
2415
2624
1032
3375
9819
4763
3251
2341
1047
643
8453
4213
939
8952
8846
767
1495
8050
81
2628
8988
442
1308
3380
1872
3564
6087
4798
6859
7577
2848
2929
3681
9835
5590
2669
9962
5238
2046
8203
1195
1882
9762
7604
415
9524
3913
2383
9401
5630
6487
29
9800
9474
4457
1228
4327
6905
4013
5092
1535
991
7875
9615
4713
8560
9747
3267
1836
1882
9956
8970
3295
8317
1671
7619
274
7786
3874
2011
5604
4081
3638
886
1688
2643
7968
9013
9442
3799
8800
6474
5591
2821
1422
4556
7405
4081
8203
9902
3910
3006
8534
9228
9018
3130
3475
3509
2004
8516
4293
7326
2508
8207
1904
4403
6297
2152
662
1218
3015
2276
7965
7993
2835
882
3764
6180
6375
2430
406
5185
6533
231
3873
5064
8292
1961
9211
9649
3445
2567
9097
267
2482
4207
9812
3840
5440
748
1435
2770
9106
56
6537
3814
3427
3535
2480
4413
2801
8275
7786
6854
7456
7429
5961
1302
2069
7378
9366
7235
5371
1338
2279
5984
2744
7980
627
8640
8341
17
7539
1156
8326
4554
462
460
5992
5216
744
684
1645
3207
9922
2230
4603
5607
9321
1506
2327
8877
3643
879
432
4010
8963
6656
472
2348
1309
2303
3329
3798
9062
1541
6781
111
3200
5105
2736
8144
4567
9631
600
1282
6673
2052
7777
5260
1306
3502
4832
5646
5433
4783
4214
5837
6042
435
2169
9828
6320
1746
1677
7535
6157
594
1602
8001
6364
1743
8802
7846
5552
153
3914
7951
6051
1120
4184
5721
3167
8327
3608
8275
5631
8269
1417
5385
1539
1447
7061
1570
8282
709
9293
4451
108
4777
6474
890
6313
5020
6738
3161
5375
2660
6857
1122
815
7646
2908
6870
7925
1281
938
7042
6058
8540
4145
1766
9075
3612
3697
3950
1794
816
3965
1082
6736
8232
572
9438
5854
1936
969
3476
8542
761
2957
2869
7409
2194
5970
9133
9728
6408
8426
4688
7746
2392
1909
4640
6807
8529
6118
266
673
4342
3651
4511
7457
9367
4101
169
9778
1847
564
1485
685
5102
9535
4957
9784
4924
7265
1776
28
9246
401
2586
3710
7271
8862
9739
4019
4826
9389
751
5184
385
950
5127
2051
8092
3814
4834
3791
4756
4760
3195
9214
2297
2165
551
7284
9406
5332
3553
1404
8546
4985
7330
3413
7444
3796
576
2831
2637
9600
4268
338
5930
3105
6636
367
3054
1961
2108
1115
3023
201
2393
5425
4938
7452
8039
9528
6034
6115
350
974
7322
4085
4150
5536
596
5680
6745
5427
2537
9394
433
2067
312
4763
518
5086
8873
9054
9305
5889
8596
2645
1708
7922
2642
5784
7205
4289
5856
5730
308
4216
2856
2341
3498
2442
6765
8118
8379
6827
7662
4142
4732
8282
7993
5212
7101
1720
4434
7681
1720
4231
4072
8018
8784
903
3768
8575
4764
9617
2269
9404
4876
2208
2876
6475
9991
4006
2813
6593
8925
409
6059
5772
5107
3343
4075
3913
4487
8617
7362
7635
6053
1476
4405
9654
104
1402
9881
2732
9890
1714
1029
2536
1578
6095
9372
5936
2405
1021
1783
6761
9612
9626
1105
4467
9195
3594
492
9439
4093
5248
4016
791
5928
2173
2431
2762
9935
9284
6811
1719
3151
6002
3010
2400
5723
9853
5838
3965
9215
6265
3541
8917
7742
755
1087
1437
6031
9060
9826
529
646
2861
9495
7285
4665
1794
7813
9962
5852
10
9128
7257
7579
5408
9735
6444
8691
3058
4504
4825
8585
8961
5840
8000
3929
2913
4090
1680
7108
1747
1480
573
6654
6596
395
9978
2510
553
3624
1273
8744
1876
5665
4853
7598
1017
9551
9520
2409
883
809
3804
2842
7550
8784
9116
9334
6340
4170
8452
2552
2879
1040
359
699
6127
4822
3816
6640
646
5297
4128
40
6010
5702
5513
95
8661
1454
5591
6588
3039
2752
4449
1246
9686
3128
6487
5662
3050
6885
6033
3244
7364
5387
8086
7440
2260
4081
2008
8392
5187
7852
7832
4488
3608
5548
4028
3356
7851
6799
1559
2541
363
3247
6859
2747
2239
6454
7270
694
8951
6532
9728
3166
2086
344
1060
1022
3101
6514
486
8798
9272
4193
9096
7376
6992
249
1745
884
2849
9291
3437
9364
9292
7766
6628
457
3002
4225
497
7230
4486
3377
5864
4289
5916
3030
9530
2726
5121
6432
7272
8583
4446
7875
2038
66
3024
825
9976
4823
8835
520
171
1167
3562
4990
375
4419
2804
9790
2607
2434
1228
1956
1796
7219
5874
6742
5614
8849
4855
6887
3110
9872
4237
6510
2657
1708
9693
2560
2111
2535
5734
4434
9823
6433
9747
2338
1273
7132
5103
6088
1918
197
5288
8306
8664
7782
6495
1604
1607
3466
4440
2428
5303
7245
1383
1127
9881
1993
5052
9479
1512
2781
7157
2860
3388
8658
5544
8731
7987
2495
3627
3941
2445
1543
9432
1669
3101
3204
8761
2858
1678
9497
6078
6346
2176
2212
6783
2345
8990
2216
9994
8809
854
1253
8693
2750
3738
1885
3189
1823
2971
4100
5795
9293
1788
9749
5436
2792
8299
406
103
3631
4639
3169
333
6195
4785
4919
4372
8666
961
8693
8238
7578
1074
6099
5149
7877
1154
9001
3282
6307
6940
5231
5471
7675
3246
1398
6202
9454
2938
3235
7174
4934
2236
5728
7840
9974
3501
6260
6242
8181
8652
8281
1868
3254
6896
6866
2251
8193
7790
667
2020
1781
4396
7808
8504
5268
1995
1919
230
9872
9494
2466
5834
1838
5328
7258
2062
2711
9723
5765
6463
9631
9559
3916
272
3105
5774
5558
6000
7714
5974
861
136
3175
866
1735
7189
3375
7856
1755
3326
6534
1457
5805
1162
5594
2179
5625
2064
8174
7575
9894
8324
4113
5821
1843
8435
4837
1715
5579
551
1101
5438
4105
2259
3094
7371
8319
3037
120
814
4659
9654
663
3351
5117
1923
1510
1228
4772
2506
6101
3268
7560
8796
7842
2512
3324
4172
426
5282
2790
2042
8137
7792
8230
3081
1174
4249
3026
6778
7045
9973
459
3445
9459
718
7495
1625
1077
20
9186
2587
498
5741
6317
2360
2152
1054
1225
3664
583
4235
9983
8589
8193
9288
4378
4602
5792
7334
6550
5587
8043
132
6768
4534
9910
126
1427
227
2609
9043
1135
5398
4109
7722
1699
1655
7970
8572
6196
394
1992
1182
8579
9228
4055
9113
4240
9946
8527
718
978
5857
6598
2442
4504
2818
6689
6401
2331
1375
6775
653
4493
4097
5648
2962
7881
6828
6867
8531
6664
6206
1135
1463
755
7742
2570
8330
5578
2304
7993
577
5331
5960
6846
988
664
6558
1496
921
2552
3456
7657
9091
5386
9148
8096
3472
1489
8946
5538
7340
2663
7483
4934
1439
4557
7126
3997
9881
1175
468
1540
287
1082
5189
5273
1729
26
6849
4771
7799
4129
1310
8927
4293
1544
4901
407
581
554
1056
267
6044
9246
7266
1815
4027
486
1298
8188
9641
9886
3296
2492
5306
1107
7582
3488
5270
679
2087
2926
7696
8795
8994
6614
8076
184
251
3040
2818
8325
5423
5221
331
4771
366
8940
4871
8740
8923
2874
5364
3877
5243
8437
3822
7974
862
8219
5149
4021
1797
9403
5063
6914
4244
7393
1364
8423
9687
7949
3560
6688
758
2450
533
911
9963
500
1700
8148
7874
8147
2210
8627
3597
2936
577
1178
261
8547
1251
1997
2806
852
9848
4075
9549
7531
787
7333
6060
3066
6148
9984
7756
834
7151
5415
4825
1136
9443
2762
9717
9214
2744
7394
1244
1055
5807
9910
6404
1437
1929
7098
304
2661
253
31
1075
1178
7613
2358
2289
7824
3242
9485
794
9899
2560
8280
1032
9750
5111
799
7992
6403
8644
9511
8374
6593
9066
4756
187
8979
6352
7889
9548
7249
6570
1462
6977
7605
9458
6725
1364
3154
5762
624
6231
1522
6547
1109
8552
3979
1208
168
2694
5161
7288
2094
6301
2086
2636
5997
667
79
9388
3482
1391
240
1813
1976
1852
5671
2402
6968
4634
8730
119
1295
4111
5472
3535
3290
6360
2968
6796
7414
266
6056
2402
1100
6410
4342
5357
6373
7170
2595
3312
9067
2288
8767
7262
2111
9517
4887
1641
166
3516
193
2046
3554
9222
1102
8123
7517
89
1831
897
7066
4661
2009
3412
4735
153
6135
1558
7257
4416
2911
9516
2080
465
1455
745
9331
3002
4350
7010
9480
7791
7456
4
854
2803
2887
6782
7031
9915
7185
4619
5052
750
1062
8857
5575
108
8980
2126
5242
4634
6355
6789
1567
6333
2910
1117
3560
9025
3808
1277
3079
1776
6399
1773
7403
9779
8717
628
1149
1603
9911
7328
6997
7096
9141
4679
1213
3394
5892
3440
5560
3737
2317
6865
4354
6549
9236
8256
6119
1809
2601
3563
7980
6448
7171
3390
511
2583
537
3713
6972
2052
1336
1119
2685
2529
4523
1466
9791
1017
8625
8432
8662
2386
834
7818
575
8895
802
7535
5259
973
5185
8685
1738
1789
5894
6389
2712
1806
8184
9198
7671
9932
7053
2936
8833
9570
7847
2740
5519
2998
3197
5529
6399
2160
4300
663
6443
6753
8425
877
8923
1937
3903
573
2463
1676
191
8856
705
2782
6608
4887
4202
2274
6920
9687
7374
1657
393
5604
3162
8775
6071
9712
3079
6619
2991
8290
420
3571
9947
8472
1982
9984
3450
565
1567
7288
6424
7135
878
60
1411
4285
3594
1708
4003
2068
6118
2504
3038
2863
3553
2323
3505
1455
4410
8537
4009
992
2575
5630
9187
1524
6236
669
3643
169
3779
5400
9689
1360
6552
1876
9492
7245
3426
932
5638
4567
5326
6746
1774
1963
2546
7692
4967
7788
8557
7139
636
6475
756
4810
1464
7798
413
8765
9417
4
1605
1152
6584
2691
5207
8445
6688
3788
1817
1007
2363
9927
7722
996
478
4993
2068
51
8657
1232
7849
865
212
7081
6124
3057
3601
5020
2936
9963
8063
8098
6394
4220
5212
5015
4020
9196
2902
8581
5732
7530
1753
1916
1895
8322
5385
5916
4594
7408
9812
5335
1542
136
728
7030
3149
680
8391
236
858
1936
4754
5411
7275
2644
9647
7066
7093
9
1449
928
4383
9991
4586
5329
1660
999
7844
4398
1436
7834
4108
196
5824
3528
2529
3479
4083
8057
127
8751
1987
1571
9786
2017
3922
7295
2698
7545
5460
3217
2469
307
8590
2419
8674
8745
7760
7762
1562
3686
8926
9471
7019
4176
9336
9891
3844
5461
18
1160
1845
9657
7235
2207
5806
2633
4851
1878
1444
8940
4314
3130
1221
836
4188
7206
5034
6239
5098
9317
896
5494
3938
4351
1696
1126
9355
1760
2491
2180
2592
6034
5314
7541
5501
1924
7819
2144
3594
8460
8935
4764
4075
3272
9143
8513
323
2337
8955
5677
5509
61
7026
7882
2191
6282
1088
6985
8381
8122
4176
9189
5694
4318
3805
780
9847
6963
1475
2844
9758
881
2484
2319
3794
855
6203
9500
4982
342
8927
1476
520
1899
1782
9080
9947
2962
6880
7652
313
7178
9720
7737
347
483
4857
1539
4736
8305
2020
8903
3494
9640
2618
7165
4981
5072
5785
4608
1166
403
3240
5254
1351
4893
9349
1961
1248
9392
1197
5583
8744
9108
5065
3718
2594
4601
3685
242
9851
8912
2578
1894
1032
9770
4127
5886
545
4326
9156
9285
5191
712
627
6241
7856
1082
1794
6805
8979
640
8732
4256
4191
7780
5745
2140
9020
9575
8069
5573
6275
9905
1396
8037
6383
1904
538
3325
1382
711
4407
9153
9444
588
1322
866
5110
4488
778
1296
1039
8436
1847
5410
4105
1803
7940
941
9521
8373
8991
1
7549
9911
9076
954
4101
5039
1351
3644
1492
1063
7515
8943
1330
4948
2589
2115
9591
2816
3079
2232
1406
745
2708
1806
5626
7948
187
2707
70
9566
3409
7024
1377
1243
8571
8913
7581
2707
5864
3736
5628
8668
2341
3558
9861
8776
9374
3994
229
5753
6123
6582
7364
2198
6685
2759
7294
488
8907
4659
1657
4552
8078
3926
9628
8197
3488
346
8001
2334
1048
1514
4412
7734
9571
5311
9061
9889
6413
4300
2889
6670
6929
1484
6746
7488
3413
3078
106
2917
4579
8666
6875
332
191
719
6625
8750
9786
2805
7083
354
911
4212
3689
2742
6068
1149
6268
1701
4420
6324
2064
3683
4867
5955
695
1375
5740
8599
1991
6881
6629
3997
569
9501
1215
6739
3623
5626
5778
4007
2625
5388
8196
1793
3465
1860
2758
2669
2131
7697
79
4379
3002
8595
2724
886
8135
1458
3539
6175
5037
4303
1304
7332
6426
6428
1347
9574
6041
2470
7664
1843
5738
2300
1616
5245
678
6941
8450
6102
3373
9720
9871
9335
4055
2421
110
2874
6830
6458
9896
9221
8263
8026
7212
9991
8676
4904
9526
5074
6223
7673
3995
7787
2545
9846
1389
2106
6428
4581
9838
7856
8970
6919
7954
7552
4328
8161
1758
2091
2325
2399
4924
1109
378
106
6367
5170
2097
7729
6189
115
6209
3306
1211
1774
777
4084
1999
5412
7037
7829
5968
6211
2263
9568
5517
9183
8794
9729
3045
7182
6243
5376
9182
7300
9789
7349
4849
1766
7542
1593
3277
890
2199
6191
2573
2856
417
2203
1137
1987
7460
6182
1009
9621
6088
2481
2488
2636
4883
8553
8943
5897
5219
5373
3024
8746
6296
4709
2150
5025
881
3257
5941
790
5621
4068
287
7490
3051
3161
761
2441
5113
1118
1484
8416
7645
1598
4767
2877
6957
9747
9538
631
4731
9679
7247
7424
9398
4656
117
3125
9588
9548
3593
8057
1003
6656
5091
9538
5282
2576
1566
118
4339
567
4563
332
6385
5694
5283
363
6302
4872
38
1187
802
2884
9679
9099
5517
3343
186
3360
6153
5654
4387
893
6391
5656
1134
7503
9790
602
218
4912
6408
1670
1479
512
603
8079
176
3811
3899
7471
3540
7537
3
6238
1355
2266
771
8905
4445
3193
6378
6834
7977
4060
171
3688
452
4532
9798
5756
4889
505
3989
8023
2406
8741
9139
8720
4321
4020
2129
302
2724
1527
2213
5526
7580
268
2678
392
96
7493
2139
3943
9989
573
4247
881
1904
1177
1841
1094
8012
3313
4975
2431
8816
9442
1376
9361
9625
1757
3064
9810
5392
2414
622
2133
5156
3649
1210
4372
3937
3005
3096
7903
314
5
6391
2759
2235
5396
3003
6329
5231
6302
1422
9687
5592
4448
7247
104
1201
4338
8470
4414
9996
1331
8969
7510
1330
2268
3270
1090
3411
6650
2216
763
2056
1892
4067
645
6074
9788
3674
5710
9222
6226
2314
5496
7209
2997
5521
9418
5668
7343
4276
1756
4576
9580
4298
4235
5912
4247
9925
7249
2787
4453
8544
6350
8112
616
4434
5727
7639
1594
321
9086
335
2571
3563
3080
6027
6205
9987
7540
1141
135
8869
3159
9529
5868
4205
2192
6387
8730
1931
7055
9751
8148
6140
2375
9053
527
8815
4994
6268
5464
1664
6372
4253
8611
774
6578
9523
5357
507
1367
1714
341
6507
7456
8665
783
9592
4094
37
5883
6978
107
1572
8573
7905
6625
2488
2526
986
828
1947
684
792
1376
4329
4172
8189
2107
7530
6380
256
9571
5742
9376
2196
8871
9853
2317
4674
1019
1824
4134
6916
6283
7882
1214
1755
6949
4761
3010
3366
7592
1490
3952
280
6916
5423
4576
797
7770
5001
9844
189
1946
7555
4146
9582
1902
4377
3104
1447
6877
2032
1229
3288
6375
1720
4490
9980
6795
950
7693
6352
4390
9594
9368
7075
2463
9425
8934
9460
9820
2008
957
7336
1124
2984
8114
1997
4736
3112
5949
3513
2879
5862
4879
7332
3158
2954
8696
1585
7976
404
7784
6216
1250
1602
145
3135
9267
8666
1849
7496
2021
978
5104
6507
7039
6598
2999
6943
4769
2051
8297
3958
1365
8309
2111
1682
5858
9337
6005
9952
6840
148
2750
1685
7416
4158
5200
971
2462
9748
1715
5152
4590
4986
2305
1354
747
1703
4314
4376
3087
7837
6707
7475
9216
7576
5447
4199
2914
971
1526
3474
863
2533
8615
3946
6871
2844
2556
1931
7258
769
6244
6840
4191
9463
4462
3312
615
5871
5824
1181
8285
1170
3437
9303
7199
3368
1200
8609
1982
5850
2244
6622
7591
4823
9658
2819
1759
72
7648
5142
6164
3041
345
9426
6705
6664
6410
7123
601
2646
2324
5644
7113
8935
9860
2459
3388
2421
9470
6627
7168
7082
2551
4414
4634
6842
3947
7817
1734
3370
547
3045
50
7668
5486
1178
9993
7789
4860
8076
3030
1546
6865
5739
6594
2071
7516
8808
8690
6387
3085
1365
4557
4602
1479
7940
732
8860
5048
8145
2896
5387
4265
8627
8154
3432
9683
58
68
5332
8402
2007
4761
1884
1815
1903
9146
4936
9824
5221
2371
9474
4194
5633
6684
4523
5469
544
1928
2644
311
7174
5035
6655
5395
945
4245
6148
3684
3718
5989
2436
1325
6357
3784
3415
9512
5970
7457
8710
372
4653
8241
1865
438
9165
2535
2550
8366
9941
9862
6998
879
730
2682
7299
8993
4081
458
3133
4792
1209
4966
130
4268
816
5390
162
4371
6702
5137
7986
4630
6130
3994
9717
486
3093
313
1210
5891
6093
9005
1163
6151
511
4055
5324
9228
6481
1763
4910
5801
6807
3424
1797
802
8389
3231
2121
3540
2553
5014
4186
998
3695
1869
3451
9556
6540
197
4741
3938
572
9429
5889
3786
1731
9354
3858
4912
3312
5959
9035
6060
6185
2536
7645
6376
917
1031
6318
7956
8908
1892
9378
1461
4704
7995
9462
8360
4495
8821
5910
7515
4435
1269
3420
5233
2707
2460
8383
7793
6881
3678
3505
3178
9180
1627
4059
1082
2497
873
221
2341
8078
7028
2455
6470
5350
7509
8411
1402
9937
6499
897
7324
5873
3029
272
5727
1450
2003
9499
8728
1741
1151
3350
5788
850
300
7016
711
1590
9380
8333
4152
9303
8127
8491
8351
6844
2203
6930
1444
4477
1057
5477
421
2562
7745
3403
8765
3959
7532
5691
5982
5761
4677
2338
779
420
9077
7613
1872
8915
7064
8359
160
8751
4875
9384
8542
3708
1177
3154
2272
2186
8481
8832
9559
3788
2348
4036
3335
9338
6104
5034
5229
2879
8916
2971
1598
1277
4927
9299
9642
1260
8979
5040
5397
9519
3409
9385
6947
3774
9125
3958
1460
1295
5024
4208
3839
3849
1071
4896
512
9146
8464
6253
9544
7587
5831
3726
2713
6500
2335
3409
8203
3200
8540
9089
3152
4397
9081
3396
7054
949
806
4949
7606
6968
2335
5501
2533
3121
982
4683
1333
7403
9041
4897
3883
4914
5749
110
8557
8862
3938
9164
9151
912
1992
7189
3271
338
3691
1439
8050
4159
3820
3240
7567
4057
2336
1723
2319
2524
7509
6360
6155
6760
9774
2694
3371
3207
1829
3603
1174
9769
7118
9841
4249
5590
5653
3055
1092
1225
1022
3125
8233
1166
9652
4678
9224
4347
634
4246
7283
9055
3382
6100
826
5095
3523
2668
5010
4120
4532
1658
7049
8615
8472
2135
4374
1738
6964
3613
2977
630
1306
5949
3309
4752
8797
6614
1482
3783
3758
6791
7856
4726
2461
7107
4988
8915
5127
1255
3209
2618
976
8758
7509
6193
1047
7859
3336
7171
671
50
1842
1823
8462
2524
1919
6537
2878
2369
9802
8005
1274
6496
2934
390
3142
5792
9303
9953
1405
7250
2548
8685
4526
2593
6612
225
1579
8415
1294
7486
4352
2295
6097
3941
6678
5057
6288
5924
9117
2300
9604
9580
906
4559
528
4682
2186
2832
2691
1338
99
4561
3953
3905
7963
5123
2206
5361
1543
3090
6874
9885
1183
6247
7941
6871
5540
9166
7103
8390
2035
4437
8395
769
9593
2827
523
2310
1950
4879
7866
5896
927
2221
4052
4883
8611
7042
398
8708
1633
3526
2281
3818
7173
2071
596
9138
2138
7294
8637
9959
4520
6609
9178
2468
9017
8266
1271
5767
2092
2849
8560
3378
61
1616
1348
7063
6624
2251
3846
6005
8993
2015
5423
7582
3925
8671
2780
1722
17
2534
3626
4434
9525
2616
3209
3558
9016
197
4706
3617
635
867
6768
3229
1180
9251
1753
8139
518
7217
706
8219
1686
4907
6084
7249
5881
3686
2528
7003
6405
7569
1154
4461
5600
526
1070
4321
9705
5826
5696
4973
1199
2854
5507
6293
3354
2279
288
175
1646
6078
155
476
815
1967
5924
4970
4781
731
604
9819
507
2965
7713
465
4131
6084
3301
1965
9351
1947
3752
2258
9179
407
1584
5871
400
1918
442
7490
8660
8
5161
9303
5641
8081
9541
3440
3494
3212
7093
9170
6280
4410
2726
8950
2097
361
2530
628
969
3241
264
5676
9386
2159
2830
9430
8114
5559
9286
474
1338
3388
9713
9213
4635
4956
6171
5901
7722
4983
7570
986
3065
9945
4734
6960
1019
2106
4111
4142
6788
9506
6789
1506
5645
5475
5333
4126
445
4655
6823
5596
6766
7631
6061
6119
8254
7719
4166
8906
467
1396
1402
3655
7717
9965
6915
9325
9075
4335
7188
6029
9958
2896
2293
2102
5673
9225
8972
1283
4386
4076
7703
4339
387
118
243
95
635
1080
341
2315
5866
9307
685
4197
3538
8280
5385
9714
8977
1565
4694
8447
8372
3449
7617
4837
4486
2720
9118
1915
9553
8278
1213
1497
7717
6975
6559
3678
3429
4875
2329
9307
2584
7072
2363
4856
3048
5524
8137
9576
6272
4286
2292
6012
6375
3558
1010
392
5467
598
7698
3965
5836
4074
4051
705
9865
5821
327
6328
6440
6820
6229
831
3185
9022
6109
9276
2451
7453
7803
6436
7637
4491
7727
3032
290
735
5362
5524
9299
9647
4896
9540
6813
1689
316
3379
8010
3018
3425
8907
1451
4222
14
1157
7534
8223
9854
790
5461
469
1659
5602
7048
2907
1473
5215
7366
7612
3732
4772
5027
1977
4687
439
5275
940
3224
8717
4459
6428
3221
7497
2230
2273
3539
624
8328
2008
5319
9666
3948
567
2681
8455
1314
1766
7795
725
2354
1940
1059
8750
4530
7379
9303
921
464
1232
1687
4754
3290
9887
5343
2345
8991
1283
9590
7355
1098
6448
778
3092
7290
8859
7428
4157
5611
4801
1979
1893
8167
3825
2452
8618
9757
5437
2001
8349
3604
8152
3733
74
5240
8729
1972
5098
2869
6684
66
5547
2501
820
7237
7956
5787
1577
2627
7948
2412
6187
7574
5210
7989
1257
9366
8846
1014
6183
7061
3598
2364
1341
2029
3808
54
2558
6317
2624
8039
6260
7041
9944
969
6965
2250
2540
1720
73
7946
5612
2556
2659
1912
5156
3159
4582
1721
1685
5916
3911
2552
655
869
1096
4943
8394
6898
1421
9840
5955
4066
2916
7224
3069
8824
1633
8872
7589
9348
819
9395
9009
6949
8634
6119
9314
9765
2028
5787
5464
3200
4418
2039
4256
7985
7301
4426
6817
1182
2395
2264
286
5262
4677
4734
9055
2927
1374
6705
770
3851
2641
393
2250
4858
8322
4048
3256
7576
1414
8003
1820
8911
9475
2873
2238
735
3252
5364
8140
7739
8529
2634
6035
5153
4685
8333
4280
4031
8708
851
1154
2389
5013
7297
3816
2856
9139
8872
6719
1109
5681
2214
172
4685
2352
6196
431
9182
9073
50
9204
5936
7139
2720
2254
948
1204
1421
3967
7429
7658
2961
3032
4104
4237
5570
4442
5875
7243
9255
3598
5800
1178
6908
6016
4997
7824
1407
8827
6014
6
9890
2926
7979
8751
848
454
1840
4853
7573
3884
1243
8218
2948
4860
9056
4496
8087
3698
6152
5820
7653
7488
1830
8321
2447
8154
7152
3872
8931
8812
1429
1943
9223
7
1666
8153
838
6307
6236
4133
9470
342
7491
4650
1748
9257
4814
624
2360
1705
9817
1263
4780
8908
3065
5405
2134
409
6818
8273
7449
9766
4841
365
4267
9986
396
1637
297
2415
8991
9902
2735
204
9961
9953
1320
8532
7105
8752
8842
6363
2004
4235
5138
5304
5353
8612
5613
8210
6964
6482
9435
9699
9348
5874
8646
4651
399
5942
623
3839
1410
8134
4865
1931
804
333
1884
1927
1930
3950
7092
1646
7276
8604
1488
1055
3754
6479
998
1995
3395
3751
1148
3551
27
4188
3389
164
7974
7596
1471
7035
9549
2692
762
6241
7772
4558
7448
8376
681
8117
1315
7608
1961
2504
382
231
4250
2660
2747
8287
3040
1304
4344
1484
8410
6150
1403
2174
5015
9105
3522
5391
376
4261
9974
7159
8680
9073
5806
8210
2259
5506
5887
9314
7993
2809
9395
1063
3099
3167
5493
1383
134
9103
7331
5059
5238
481
3002
7932
6252
1707
5714
4751
2846
9706
9450
4788
4178
4589
249
1452
4781
3782
2586
7907
2895
656
4357
1479
1948
4659
5741
1658
1743
5843
1145
2764
471
2733
5904
2471
9246
8147
3540
5124
7890
7186
782
2539
514
3321
5094
589
7282
202
5071
5076
9796
7629
2128
803
2719
619
169
5564
3294
4491
6145
7254
519
9104
5235
6900
9921
7140
7988
680
124
1039
2972
8844
9535
3455
3972
9500
3544
4377
1641
3057
9121
2339
588
3584
1019
2419
2864
1801
7521
3984
8180
9167
1006
8146
762
109
1501
1667
6596
814
618
2432
2424
970
384
4678
480
8995
3800
3803
3532
2925
2425
9374
1408
5766
3377
2074
7022
5149
5516
4761
6888
5012
9538
9061
1364
4301
48
682
9636
789
7949
5940
4655
3968
575
8181
2006
9577
7498
1093
1090
3534
3038
4819
7281
2991
9360
5664
8774
9224
1206
3233
2932
3758
4636
5112
4385
7749
2749
7407
9459
3857
8849
201
8118
1729
451
1125
5254
8677
532
1219
2067
1523
3709
3499
6396
589
6690
2680
3365
2659
8587
77
8001
4064
9574
211
752
982
4091
8269
8384
7431
2031
4504
5908
396
3186
4941
6892
7891
5254
4268
1625
5134
6197
1742
727
2529
2307
2205
1740
4636
7249
7475
2039
3224
4068
8920
9859
1664
1398
6727
5281
324
954
3253
2997
7715
2025
4264
142
1270
1517
8213
5093
4861
622
4610
8808
763
7893
8440
8428
5940
9618
8049
6017
3756
7057
7093
4677
4177
7590
2215
46
3807
9998
3212
7292
6450
1338
761
6489
7032
102
3383
1383
2801
8234
3139
1896
5880
6051
6236
890
6842
6480
1450
4693
5104
3923
4001
1119
7277
1181
136
6364
6080
9988
9025
3047
8206
33
9311
3966
7556
8236
2461
641
8837
9288
5397
5041
925
1366
7268
6762
1984
3162
6074
3850
5347
2034
4033
2502
4734
760
2927
7881
2270
9265
4927
2982
9601
5384
1816
3338
7679
7892
8778
6590
628
7934
2657
7080
3108
4871
1096
2788
1023
3350
9047
7529
552
2440
3934
1253
6393
7744
8996
3093
4432
9851
5804
3400
6097
257
629
1924
9167
7493
2490
3128
7441
1151
7698
2343
9331
2345
2401
359
6930
9095
8998
3559
949
5407
2803
2737
9883
9147
2722
463
1551
7457
8894
3538
935
7591
2365
5301
5184
1912
4405
4321
3558
3227
4798
1717
7895
7723
980
3796
3218
4220
530
8032
5402
5945
388
4196
1669
7582
5519
5006
9541
5300
1027
7277
669
388
673
5600
4119
8004
447
3351
6574
9571
6972
1581
5088
2446
1754
9302
2241
3675
9750
8060
761
9986
6028
277
473
200
4769
2759
1238
7522
2446
3137
5161
2782
4113
4916
5757
6306
6132
3567
154
133
5972
4867
3068
1647
9230
4950
4137
8010
4261
4544
808
2675
4178
269
9382
810
9360
8019
6416
240
219
7046
4819
8972
1042
193
6813
6573
4859
2961
2987
8756
5055
2
6452
2434
8565
4522
6823
5074
407
9412
5191
6670
7182
868
3737
4993
1384
6109
4534
1555
2064
2337
3363
5989
8556
5576
6458
3303
5148
4168
5362
3819
3447
1967
9546
5602
7272
905
7054
1080
3271
7317
4311
16
2500
3410
7718
9457
9969
6138
1984
7722
8053
1456
5060
935
2484
4524
5263
1916
7873
2757
2583
2065
4641
4002
824
3925
7982
4396
2135
9548
6668
7764
7203
5507
4420
9404
522
8214
2974
8240
9320
5269
3376
2550
249
2036
4632
1524
3492
9812
4556
7880
505
3068
868
4840
156
6629
8448
9933
2680
5118
5918
7456
2594
7913
641
6704
2952
3636
4235
8044
4022
8883
5580
2876
9819
4823
1068
6556
1103
3604
781
4389
6585
6473
332
5299
8167
2153
8774
9859
4320
9739
5078
2413
6142
2927
1218
8866
8061
8167
1854
496
6032
7993
95
7100
2436
3189
9367
8918
9452
3592
1074
9014
531
283
8267
8925
1346
8154
4186
1158
7054
3718
9706
9682
3196
985
5798
1321
507
9846
9904
508
9454
1244
7473
7292
2845
8329
307
7872
2350
4822
8494
8655
3658
2573
7586
288
8646
1500
559
989
368
4669
4098
1801
3269
6212
201
6912
9967
2307
1194
5075
9789
968
7852
163
9100
7037
6170
2000
542
6022
2275
9325
9531
4248
3761
514
414
2749
593
8384
5356
1330
1286
7866
5567
4707
1549
3114
9424
3729
5568
6685
527
8712
2021
9834
9801
4467
3505
908
6168
7904
6775
9971
7790
4577
5475
3455
2223
7202
4871
7017
890
6980
3041
5227
695
9026
7609
2053
7941
6177
3311
8850
6557
7998
359
2298
6858
5845
4833
9695
3825
7626
408
8653
6918
2894
2910
5048
3808
3842
1862
734
6390
6022
5399
9495
1716
933
6799
489
2359
1784
1738
6106
6931
1568
1130
959
9964
3696
1410
11
7807
8801
7770
6368
4882
8605
2222
1193
9066
873
4094
8023
114
5695
7604
2836
1385
1415
1595
889
8362
2756
1374
6780
3159
321
7717
2153
7651
7204
8763
6244
1037
9783
3045
3224
4021
9475
3832
4347
1589
1239
3039
2010
8103
537
3165
2909
3857
7904
2361
2062
1117
4127
7010
1926
3678
955
5856
1330
3467
4559
8387
4854
8901
7082
5537
2264
1687
6104
4136
7987
1899
6044
6995
468
6943
688
7098
6691
215
9812
2872
7461
2931
4824
2172
7447
1091
34
9170
8582
2566
7848
7752
7805
6474
7486
6905
5645
1312
1922
6558
3851
7442
1131
6612
1338
9297
7414
7620
1124
4001
7473
8200
3475
1122
2783
9127
3680
7694
4394
3633
1403
2353
9221
4122
2548
230
8700
9456
8458
1342
3196
2202
7467
2595
8801
3193
1672
5605
6515
7219
9706
2916
8730
6829
1132
793
9833
1638
8576
2706
84
7580
7464
1839
3662
5207
8622
9107
409
2324
2139
4591
9021
1969
2618
1428
562
392
6990
2388
9395
7118
9718
1595
5114
9599
3341
5885
7868
2212
4520
6753
1315
9988
6309
9521
8991
5747
5528
3431
3222
8056
3832
3363
1327
5495
6881
2175
7144
4221
3627
6711
284
7280
1175
4363
4602
2469
414
884
1617
2089
1510
8442
9803
6663
4890
1029
8619
922
2087
8761
783
6023
2550
8802
406
2861
6087
2761
5721
1338
3620
8946
1782
1930
6175
6944
2683
991
2836
825
5878
4012
3981
2252
3713
9590
4799
1482
8795
5712
5378
9283
9367
6247
4717
5358
6620
6707
9860
2511
5453
2463
882
15
6551
5742
9544
7521
237
6890
201
9583
9339
6696
1213
649
429
2046
2271
370
5834
8304
738
1643
2751
1103
5866
8034
394
116
3314
5974
9182
4496
9500
4151
4557
414
7132
8439
5654
5956
2277
515
2459
3121
5217
7498
1019
728
3712
3901
7180
8384
4533
6654
1170
5323
9998
2373
520
440
886
9094
1729
3923
2668
6131
2424
9152
8578
4502
3773
4626
6238
1354
6830
5009
1792
825
8531
7447
167
8186
2046
4379
2439
7581
4072
1519
1928
4469
8621
3766
2504
276
1605
2353
9285
6807
8550
5602
4544
1911
5883
8927
1133
2082
4108
48
4997
1119
7991
840
7326
6055
6308
8980
105
6326
116
4663
7707
9252
9151
2152
6357
6561
4825
3749
1829
4813
9693
3206
6720
3799
8019
2770
654
7050
8783
198
5444
5793
2583
2961
2753
1945
373
8086
6964
2779
1652
7608
9727
9434
6634
4692
7186
206
5563
2722
8482
2094
5445
8617
5048
8519
4372
5188
1429
95
939
6153
9239
6425
8532
8215
2480
8076
253
9098
1766
2698
3008
2797
7790
1038
6721
3682
755
402
2737
708
9300
3907
8232
9984
501
290
3877
330
1961
6664
3500
4581
6277
4284
4683
599
589
9974
7552
920
466
7064
7726
6089
6339
636
9601
2924
8327
7737
4482
9796
1746
8817
8840
4197
600
5797
7448
4702
8162
7214
4980
6415
7477
4807
161
4759
5160
9243
1179
3957
1099
1021
8562
7400
2751
5342
3824
7720
4947
5256
2614
4422
690
3171
2594
2412
5601
4176
6922
9929
5052
8281
1201
8562
2017
5886
7777
459
616
2503
1171
4586
7194
9408
9197
62
3518
3875
776
9346
2219
168
8170
4149
113
2156
3184
8995
5072
3198
3349
2755
3356
9712
3581
2194
100
6810
9552
4291
3262
5217
396
7922
6069
8459
3582
4234
2535
4444
7437
6106
1709
6612
6925
6421
9699
5979
9893
2572
1314
3095
5290
7809
5674
1897
4664
7223
1245
6565
6724
6257
5099
7860
6262
3345
536
6870
3827
3485
8342
6860
856
6751
4303
1182
2816
5506
5475
3680
9310
7749
5948
8260
6695
9308
6481
3011
1533
6765
2173
3828
4220
5953
7
2514
7302
6209
5493
262
4020
8212
9646
8716
915
4296
1909
9109
7287
6325
6407
9323
9149
3393
3321
14
9027
9357
5954
5596
4105
968
8922
1438
1708
855
6509
3513
7648
3370
3034
5658
229
9459
9799
916
3095
3259
9166
842
8230
8914
3337
5805
4430
7112
4335
2138
195
2411
7855
8918
3422
5956
8554
6402
8072
798
529
4030
8735
419
4573
8065
4974
7860
4028
4911
5706
4130
28
999
4462
5666
7279
3812
8533
9719
8152
9810
4564
8051
4405
6610
7831
9351
9156
944
352
3499
9875
549
4830
1687
2547
8362
1693
1935
7732
989
2659
1664
3951
5595
5072
1329
1120
7334
9378
9058
7721
7900
8472
3734
1415
89
1275
7513
4307
8693
5864
6265
8048
1808
1328
3005
4890
2648
6866
5324
949
8930
696
3828
9700
1394
69
4064
5158
6440
1539
1712
1484
8210
1946
9279
3156
1316
3295
8305
6907
199
5606
4287
2137
911
928
1705
8852
1189
9597
4019
1129
5642
1098
2850
6011
5505
8680
6094
4330
6215
8603
237
7208
9467
6995
9619
247
2800
735
8325
2584
5712
7029
7876
4930
5981
1923
1095
4411
8411
2030
1897
7592
7525
4566
9699
935
8549
2107
3052
3745
581
807
1454
5381
7327
2074
9282
716
8654
6039
145
3521
5170
9563
9698
1091
1215
2677
5981
5338
1199
1700
2428
9834
2582
812
4080
5255
7018
2478
7401
7623
1247
2935
921
285
7141
4858
8970
5525
5239
2772
606
157
7149
6323
302
2691
8593
2681
9908
9189
604
3652
6962
1988
1067
3439
9966
1835
7098
9428
2249
3120
3228
8127
7404
9990
5656
4996
683
1981
7763
6280
2515
6724
5444
5171
2595
3679
3403
3197
7922
1780
4601
9382
4735
68
372
587
1768
6271
4668
3512
3062
2034
7617
9593
6700
8057
2078
3063
2601
331
6446
3029
5717
2943
8016
7651
4600
935
7010
9383
1041
7189
861
6832
1809
5788
1841
1526
3700
5179
2534
30
3187
2511
7755
6138
3344
4606
2543
7140
2491
2696
347
2324
3260
5094
9754
7289
9460
457
1325
6460
1789
6042
3984
400
423
7207
3957
5590
3179
8968
432
734
2800
3926
1357
9404
608
8012
4583
3466
7711
8605
6312
769
6931
7713
2473
1297
2673
5647
6041
9720
6951
9994
2729
1991
1350
9791
216
2183
1890
9067
2259
1061
5487
2000
1154
1097
501
7674
3718
3024
1798
4990
7256
6096
18
6359
7686
1630
388
75
9690
5582
6522
3425
5554
1664
7067
1942
7428
1837
1960
5167
8844
8426
4426
9863
420
4054
3769
1252
1339
8777
5114
664
6644
6106
78
7617
1062
1166
8343
1958
5819
5003
1999
38
7841
4227
4113
8411
2946
2387
8080
3511
6235
2225
679
5284
4036
8413
2658
2959
4058
1841
375
7375
1249
1431
7874
1861
5207
4760
4628
8622
6818
7302
9147
1792
9138
8170
6913
9647
200
4498
5378
3073
9115
8306
4898
8971
6369
9907
3684
5268
2650
3613
6478
3214
2863
8303
5668
2192
5178
2014
749
3091
5621
4630
4169
1671
1448
3963
2244
2446
5931
9966
3254
9379
1861
3433
8385
5210
3392
4341
1039
1671
2055
875
846
1978
7647
3018
7230
6563
7435
685
2275
7506
2945
4737
3071
917
941
1293
4769
3779
9131
5120
7079
8980
8544
4651
2028
9522
1623
8645
1477
3926
9672
3451
2617
6573
1245
238
2296
7356
5363
509
948
4176
8346
2675
5061
7328
713
6297
4271
783
3160
1893
6488
3918
7396
7156
7370
8242
2597
4288
4958
7576
4294
6555
2218
7312
3678
1927
7639
1807
4807
3205
2575
7289
9161
4624
8087
4193
790
4325
120
9713
6398
3341
4328
8324
3578
3654
5539
3406
2218
1101
181
9188
2707
146
7965
1913
9979
5647
3235
9879
5776
4174
845
1200
3272
4067
7127
8592
8125
4415
2339
6986
533
4293
3238
3524
1945
7774
2784
1693
1408
4513
7346
6352
2033
3398
1584
5504
5725
83
7801
5321
2440
798
2861
2146
7404
82
366
8628
2128
3114
3302
904
565
708
3538
165
1515
7887
476
4424
1634
7254
8154
7684
5677
1935
6101
5085
2572
2935
4316
2912
1429
6911
7024
6532
6060
4584
4731
662
3609
652
506
2703
4804
8612
5343
9916
3765
3286
631
7560
7672
7655
279
58
7383
7833
7951
7831
5486
8557
4501
8449
6301
5559
2379
2637
1527
5083
4173
7613
308
948
1035
2728
2105
9626
1975
2706
1568
8010
9329
1702
375
2406
2898
4139
8884
7911
5927
26
9979
5838
6047
8756
2012
9007
5861
8919
460
9156
3091
7888
9655
8195
8155
8734
1872
5441
8259
9489
258
2545
3295
391
1143
5503
6690
8847
3309
9908
6706
892
9342
4800
911
6151
5977
3200
3991
2939
9002
2744
5679
922
8774
1972
6422
5879
6817
8876
520
5005
3801
6596
7143
6277
9157
6537
8303
9658
6248
6310
3789
4292
2943
9999
9790
5035
2537
1598
1175
7966
2134
1855
6572
2703
3423
6611
3811
6729
2963
7286
1059
9491
1385
6316
2307
9417
2433
7933
8655
4776
7453
3286
1327
8729
8993
7120
9349
2537
200
5815
4177
3610
8151
2567
4675
1949
7349
8416
649
5726
9645
3625
9206
9735
9129
7072
876
7274
6777
7714
1870
1726
838
8989
8591
4584
2419
9151
521
4047
7165
2209
4875
2422
360
2082
7627
3928
165
4617
2386
7486
6741
9211
1967
787
4548
6214
7289
4717
1299
6733
9106
3525
13
5252
7203
7940
8053
204
2980
7038
8559
6353
3035
6062
3678
2141
4570
4936
2241
4422
6822
1260
4678
2659
1678
8719
381
2009
1105
8493
5658
3149
7488
4215
1045
1421
3909
3988
7445
8937
5133
1711
6436
271
8013
1891
8036
1144
619
9527
7048
9019
2408
5420
9959
953
2820
627
8002
7474
9771
2754
8351
1778
2883
1626
8633
4997
573
2564
988
5126
4125
9293
9783
9673
7047
3618
9440
3733
5156
6041
3277
3280
4422
6794
4099
1143
5202
7397
1240
2069
4788
9061
127
3677
2660
1847
9937
5462
4179
3675
7915
5856
5838
2032
1745
7777
2495
7888
4440
1206
767
1081
9319
8530
6024
1329
2987
3109
6310
2641
855
4477
6608
3611
579
2092
156
1991
6276
7041
6829
1968
4179
6572
3187
8733
695
8723
1837
456
137
4931
7076
2273
9428
837
1022
6846
1998
2332
3426
2059
4534
9826
2501
13
9842
6511
5743
5727
1432
2115
214
3967
2869
2787
9528
927
3636
1394
2141
15
2469
9107
9672
1029
8614
2722
4524
4100
5346
2652
7041
6843
4127
5224
2097
6516
8596
315
5765
9448
7819
5047
6679
1897
2090
10000
