861 45
14815
8744
436
5762
5820
74
4931
113
2567
5794
5891
2514
8497
1934
2776
1066
3230
6107
531
4402
5392
9542
4179
1343
8760
3562
8994
2773
2891
966
1539
2203
1896
6350
7480
7503
9728
1129
8038
1562
9086
307
5708
5648
998
2917
6407
9584
9008
3996
9316
5913
6079
8576
7752
2426
5399
5109
7231
2086
7006
7308
7455
2199
6529
1621
3333
1226
108
8684
483
1664
693
9156
2656
5934
5351
785
9957
5149
7700
324
9538
7319
6157
8392
3407
4202
5962
1345
2012
4408
1408
9316
4012
1170
7716
2980
916
5299
697
1424
5043
4754
4293
2585
1415
288
4522
354
4819
63
6771
886
3062
1219
8782
1536
3820
660
2199
743
576
6212
4870
4396
7827
7458
4148
2537
8272
1024
8544
1931
3232
1714
951
5592
9019
3036
4792
2681
2833
8710
614
9634
6873
4855
4891
2327
4873
6817
4493
6524
5284
1376
1179
6615
9784
7664
1450
9910
1323
9876
1240
84
829
4454
1426
1324
386
4847
2984
1012
2868
2671
3317
8027
3071
2873
1498
8975
6714
3179
8450
2825
846
1187
7433
1808
1206
2178
6643
5636
8354
9675
2454
1365
6823
7613
3405
7676
2790
2093
2001
4835
2530
87
5895
1212
6117
7330
634
6992
2700
9576
6602
8531
4333
1573
9572
6942
7689
9650
1970
2235
2760
8414
3637
4085
7234
5147
8739
1757
1388
257
2525
7532
5397
8411
3525
1846
5585
2152
8698
1961
3220
1326
5647
682
8991
338
8548
6281
9090
9751
3839
5912
298
1490
9550
2152
1287
9272
1736
1598
928
7760
8547
2550
6551
2299
3845
5211
8938
1445
8811
3354
4634
4778
1976
9359
6597
5457
1393
2456
8476
3179
2820
380
7372
6180
8261
4017
9715
462
8105
2738
6806
9367
4606
1701
2572
5725
5888
9628
3226
1185
1228
7948
2039
7300
3378
2794
7873
2311
2919
8166
415
7186
9178
7509
7209
2695
1154
7548
7509
8512
3245
4402
4009
5544
4081
8569
8782
3685
8384
4339
6151
4757
8459
2586
2034
2813
5629
8440
363
923
6777
1705
978
8985
2869
6677
3687
3121
4628
6858
109
413
5015
5030
5407
8636
8133
630
9236
6673
9754
7801
5001
5717
6320
2477
7193
7972
374
5725
9501
3194
1635
4201
4973
5110
8015
8185
273
1425
6686
2717
2750
8009
9907
2277
6226
2864
5701
8195
6727
8969
9817
450
4952
6733
9472
2893
9881
3215
1719
530
304
1194
2237
2380
3179
3119
2898
7078
3850
1741
3111
3199
3875
5867
4105
250
9576
8148
4567
1638
5553
1405
850
3647
3534
642
7588
237
7380
2774
694
7953
8445
1635
9402
269
3408
6063
1027
2084
5359
8376
2999
1974
3426
9583
6255
2268
920
7993
293
1406
1509
4783
2061
9021
3393
4927
6419
5448
2296
1901
789
2300
4710
8637
6200
261
6679
3546
4542
1151
9156
1983
5991
16
85
1304
3632
3632
8079
1601
7284
9071
6367
9218
6820
3596
2300
1707
2262
5064
2152
1345
8600
1570
6714
957
7307
7578
5511
669
805
4203
6421
6154
2274
2191
6801
8675
8738
3328
9521
54
4956
6272
3397
3086
5423
4670
5907
3277
1958
3984
4262
5642
4235
8505
8250
2000
5179
3041
6694
1850
8581
4849
1748
9118
875
667
9728
3123
5468
2323
3302
4605
6041
4716
4609
5788
7862
7695
6690
3805
5663
1646
1915
352
912
2292
4406
5337
2820
4775
7456
8706
3557
8682
6559
3747
5838
7683
6522
4341
181
2502
5367
2852
9342
7239
747
512
1055
105
541
4868
2366
1379
2667
7591
2597
5812
9215
3653
2072
9266
2059
466
3883
505
157
323
7282
6599
6345
8572
7869
8793
4012
8095
1446
3979
9591
3178
8853
4079
5708
2683
550
8289
1751
9435
6364
9448
767
2568
7030
3067
6267
797
1870
6047
6965
1000
8636
848
9856
2022
1505
8746
5418
5510
5017
670
6595
9021
2028
2714
7261
3638
3064
4133
9727
7282
35
1743
2275
2345
3392
1096
6287
977
3995
8542
9292
869
1111
3932
923
5749
2705
7422
2593
7680
3259
3118
7010
1535
8288
8325
6450
3234
7775
2446
2064
787
4542
1514
365
2358
4641
8338
5355
9484
6425
7676
3505
4135
1993
7711
448
3538
2772
6335
4721
9065
7164
5486
2059
2479
2262
5204
4114
9907
5858
5124
9564
632
1563
203
1251
4916
7567
2608
2682
1348
7787
4056
4916
5171
6351
6878
2537
7435
5470
3446
7813
7059
9325
4774
8942
157
5513
1331
684
3969
1801
2425
5171
5756
4179
5056
7975
6971
9508
4558
4510
2627
2575
8564
2897
2994
8091
6198
5566
8801
3194
1462
5763
5406
4585
8048
1882
1140
9294
9431
2769
375
3403
6380
7159
1649
6869
1476
2518
114
8345
3199
4758
7634
3273
3000
4705
4027
8903
6030
6644
4494
799
4011
2055
6314
9398
7970
1082
7488
9023
5911
1037
4252
6244
147
4242
2064
2097
1316
928
6112
803
7613
7142
1
3762
5618
2715
9333
1020
2330
1620
2395
68
6700
3590
5572
2463
38
2714
579
9810
3633
6807
2600
4742
5249
9402
9013
964
3938
2661
5838
1388
6945
1348
562
7618
2179
4422
1852
2754
1126
5081
4175
6949
1586
4089
1906
4090
5347
9982
55
929
199
3749
2594
8334
2215
1592
1058
9793
2389
8473
7576
7913
1471
3039
4998
2577
6600
9678
226
2961
1275
3113
6998
7079
5473
5161
8687
2365
5057
9296
3814
1347
9666
658
3284
2531
995
8507
9495
774
639
822
2542
5975
6007
4907
8953
3307
7543
8979
9445
3806
9998
3305
7345
3027
3318
3533
3919
3158
5928
1333
3541
4196
9773
8680
3890
6156
551
4864
4934
4088
8459
703
8304
11
9255
5613
4626
9698
2886
6886
1901
8005
1816
9220
4428
7054
4825
1052
5787
3943
7552
5512
9184
7829
238
2374
5511
5811
6498
1362
6247
1311
5482
8054
5361
5003
1695
2561
8006
270
1426
4137
5691
1577
9618
3156
4014
2818
1677
4684
1580
9977
2353
9982
4475
6466
2765
7598
3885
6941
6227
1903
564
3716
1617
4103
6091
3715
4934
4654
5043
477
2237
1060
9727
1095
9121
1677
7363
3673
3712
986
1527
1529
8355
8868
4175
2319
2737
6387
453
2769
1019
184
6041
6736
3224
9029
278
4987
6173
9531
6538
993
9782
337
1387
3673
3345
7324
5051
2665
1044
4398
2204
6009
3647
6090
1300
3467
1989
364
7473
7067
3931
348
147
8263
3109
1534
5113
966
7156
3569
3257
1125
8796
9772
7164
8031
9206
6899
7623
7003
1941
7245
1416
306
1916
3249
9894
3212
9869
6277
8432
6916
1908
9098
7557
353
533
2035
9663
1586
7986
7414
2516
2639
2175
7814
3716
2376
5390
413
7704
3588
9419
4206
5021
7393
2448
1738
7785
4548
3875
3221
400
8236
1968
5283
5026
6462
9499
2240
5930
5617
7129
2151
2660
1465
7558
2505
6819
9286
7240
2147
647
3488
173
2315
107
6312
1832
6161
3827
6339
3490
3710
6149
6438
3958
3080
4802
794
7696
1745
2264
4082
4825
8664
7523
459
1796
7007
7946
822
9109
7881
5601
7461
5652
6493
7346
1122
7782
2621
5135
8202
2939
1554
7561
1297
558
9876
2926
663
9264
791
2716
9609
7971
3807
7497
2175
5430
9598
4917
656
2006
3837
2730
428
982
4010
5873
7492
2552
8726
9845
2855
4604
9504
6689
375
4518
9024
6458
8602
3086
9213
449
2605
5236
410
3994
8854
977
3679
1254
3001
1479
6036
5993
2536
3274
25
8407
572
2288
8052
7118
3775
5611
1607
4700
9012
2478
913
7957
1306
1733
1961
6033
9557
9183
5566
3924
1374
172
5004
4063
2617
8672
6468
4839
7035
556
9287
602
9885
4908
8447
9904
3065
9537
8090
1224
1386
5616
1905
6531
7934
6989
6345
7441
9200
4147
5105
3512
5837
8435
9977
8913
4812
327
5863
2509
7925
8371
4424
5521
2733
2224
3726
2176
2527
9173
6002
6712
6698
7944
7097
9550
6271
2619
319
55
4639
8355
3598
1714
2505
399
4590
483
966
3256
6452
501
607
5941
5956
8099
1437
3350
9211
638
888
6527
281
76
5747
4601
321
937
6568
6074
4195
8370
6762
101
7114
4042
5808
8209
7192
8100
3008
2630
6438
9634
4646
1708
1221
7915
5452
5762
1721
4077
6570
54
982
9344
4353
8028
2446
4579
5997
4019
7874
2578
1472
7752
7697
1496
2629
9399
9546
1254
3411
3690
1055
686
4827
3326
976
7486
3717
1474
1287
6773
6628
193
3278
9946
4408
3499
7545
6447
1428
5098
4670
1987
1807
8029
8890
1637
4019
9015
236
6849
725
1744
3216
996
4571
7666
2801
5671
1249
6394
2203
4029
8869
8303
1934
4722
2824
1888
8428
8006
8364
4407
4724
543
4762
4963
8505
3044
717
8550
2972
894
1280
5993
1160
8923
2522
2518
4925
7036
6376
3730
267
2175
4204
3247
2364
1153
881
2428
2172
8980
7528
727
8825
7896
7232
6473
7560
7028
7632
3186
2108
9576
7483
4645
8038
3847
5957
8714
7931
2488
735
9526
14
8563
1534
7582
2336
4125
9345
6126
9064
8410
3810
350
114
4509
5597
2254
8578
6983
6596
2847
1589
3717
9519
2566
6797
6178
4610
9710
4759
1403
981
8185
1951
1568
1156
307
4737
401
587
647
9182
8068
9027
485
1328
2079
5079
362
2814
9033
1899
1145
482
4314
885
1925
6358
4580
7911
9235
6231
3975
8139
4181
851
591
5826
2409
4811
6917
4762
2665
3051
3515
4687
325
1378
8652
8682
4451
8560
3088
6470
6435
5735
1475
3921
7725
4377
8745
6685
1942
8290
6097
5481
4818
4695
6057
6934
6849
8448
5246
5333
8274
2698
4101
9231
5510
472
9674
5482
1005
1781
86
8455
756
6652
5479
5981
561
7251
4914
1452
4462
9233
1067
2361
2999
1261
9413
8327
4745
1129
4371
6309
2575
7180
7433
2493
3662
4997
765
5104
3817
1007
4751
166
9837
2127
4011
7729
1104
8403
4827
2427
5407
2475
1299
5912
1696
6004
3129
3545
1961
692
2387
5010
4567
3230
9379
6770
8852
927
6661
482
566
9679
7302
844
9675
7234
3868
375
8381
8938
1245
1220
1543
9321
6610
2103
2240
6940
703
293
6341
8386
5854
2067
546
4618
2358
1284
1602
9362
5028
2334
708
6564
8982
3892
4429
3868
4784
3973
1489
2519
718
9137
9912
7893
6989
7456
6034
2528
6654
3205
9413
2286
2147
1423
5175
6610
7053
2187
1650
983
5411
214
7590
8107
350
7936
3000
6285
1133
3588
5123
492
8057
7175
5711
2497
7066
9034
7309
9965
3760
1075
6391
8352
9876
4800
7650
447
2400
2558
7948
2658
4761
8697
1861
5020
1934
236
7976
2148
1931
3128
4046
6760
1857
3260
8883
1499
3349
1680
8663
6243
1353
688
2764
4897
1227
9997
1062
6109
1129
9642
1426
8076
4673
3956
2533
9518
813
511
3920
5951
8072
1518
1382
137
1743
9483
5819
3912
2517
1848
7229
6032
4261
1931
2177
885
1329
2591
8572
5073
2521
3136
3939
3279
1379
4425
392
2549
5091
2643
1851
2832
3382
992
323
2004
2830
4860
4892
1106
5889
1003
1268
1034
1097
9915
3019
2104
7184
4239
640
7559
3056
6910
2083
7728
1285
4605
8412
1040
6658
7440
4766
4760
6334
5390
4132
6946
6789
869
5395
9569
9426
9454
1875
4454
8738
6677
130
2228
3198
2670
1620
8048
1299
4517
8907
7706
5439
5078
3040
6179
136
935
9348
9877
37
8038
7195
1048
3547
384
1365
3672
9262
9757
211
9937
609
1186
2034
5577
3952
5103
404
4232
4073
916
3907
4614
9528
4204
151
5128
6701
2267
1491
7624
9483
3868
3967
6374
4059
5974
527
4615
638
3311
3036
8162
2869
9338
4767
533
5904
3123
4248
5305
9226
3521
8563
3269
3882
890
2922
9317
8551
1322
6312
3618
9828
2828
1737
2011
5831
9897
5347
9774
8975
4827
9942
1307
993
1189
8047
6129
7384
8864
472
1961
2862
6674
8037
2550
6239
2885
1830
6145
6144
6626
899
303
6404
942
7863
260
6333
3049
1978
7819
7090
9561
3352
1997
8716
9260
5281
6514
9664
6710
4761
6397
7644
8882
2238
9218
1739
2951
4010
1753
3726
6394
6034
774
889
7543
824
4922
2355
4314
8555
3603
2447
3312
1290
2650
2501
227
7383
8194
8652
8179
2868
4018
8959
1107
7524
7916
168
9928
5608
6545
6569
5769
1707
476
7897
2512
6410
4063
1710
3971
4131
8801
4388
5195
9082
6128
3661
4937
8955
5557
2135
1514
613
4494
8751
2949
1174
8411
8716
5964
9424
9663
8201
9591
7127
4449
6682
6274
6003
6194
7707
9230
2504
5737
2423
7630
5944
5087
6238
6690
1046
2584
8074
2089
4944
8999
9987
9229
741
7293
3684
992
31
3456
5940
6859
3482
1141
8376
5331
6586
6855
204
4227
9455
9092
6234
823
5631
5394
5297
5717
6689
3904
9066
7533
109
1912
6656
8929
1936
4565
9842
8254
5898
7307
2601
3504
2881
8596
7047
3965
2441
325
4560
5559
8916
5898
9086
3817
261
1651
6927
3647
8128
3735
2354
8782
8725
4646
1009
7962
7976
2588
5537
9831
2792
9332
313
5148
2177
2736
8639
2534
8983
9622
2682
8456
2330
8312
2707
6203
9258
2728
1006
94
4059
6944
5349
85
704
1821
6320
9170
3001
3309
2056
55
9317
858
3937
1576
1909
6316
3738
9179
8923
3731
1973
3369
4830
9134
7942
2586
5931
701
8437
7782
9630
2460
1811
1767
1563
2322
2415
5085
5896
9327
5328
2102
9671
5772
7652
5034
4596
8262
337
876
575
5908
6390
4913
758
7993
3036
9179
5367
7444
5615
7416
9201
8154
3966
1932
7940
1008
1852
2405
6465
8358
5921
2455
886
2873
8366
6397
1971
1564
3834
9624
7849
910
5385
1868
3675
2401
881
9973
3781
2505
5490
3868
1878
3192
3150
9232
8249
9770
3740
4757
9258
7710
1809
9852
5594
758
9540
4532
2219
2627
1503
3491
4722
9466
4960
5471
6355
7755
4538
2272
218
5234
9272
8940
4925
2921
2576
1157
2031
937
5448
5457
2509
2574
5611
7396
6491
1230
130
4174
9975
7444
3557
3862
769
8276
6617
8358
8023
9042
8943
1162
3793
949
1956
1357
3112
6747
1158
216
6133
8349
8135
4755
1964
3261
4583
446
1873
3126
8412
5279
1852
7127
2083
9900
5634
3838
5641
5621
7119
9131
6439
3330
9216
8179
4038
4014
4898
7488
9689
4992
8523
2867
1217
9824
8759
2437
8921
8729
102
8487
5388
4732
915
7908
8282
6840
7321
3093
8344
6518
1298
3248
4013
7719
4032
8010
2559
5022
7953
4790
8070
7379
4476
8568
5136
2003
4302
652
5165
8694
670
3622
8616
817
9446
3904
1815
469
3903
11
2061
9999
4667
1739
6057
2108
8619
1972
2826
1131
9166
1713
1904
7051
4866
8261
4121
2325
8161
811
2792
1160
7604
8050
1147
1513
8936
6058
1464
9883
9052
1774
2388
9178
3310
2833
4368
2062
8950
336
1167
1548
1872
903
8674
9759
6161
6259
7896
1514
7411
938
3156
1962
3295
1081
2587
7254
7333
1489
3410
4720
6505
7061
8707
6861
7000
7113
2620
1981
1068
399
4934
2405
8628
131
3263
1799
2132
1140
5503
1695
2811
4176
5019
5777
2967
9711
801
9873
1795
8615
8479
699
8364
6055
1424
18
249
7519
1894
5757
2142
5433
2503
1237
3962
9520
2437
14
7682
4694
5950
7449
4339
8789
4544
5060
4675
722
1910
8133
5936
2027
2135
5788
6797
440
9207
8080
5733
4872
3443
4413
8351
7448
6040
800
6096
7074
3129
86
5011
206
325
284
8422
5394
2542
50
9310
4113
1357
487
873
3148
17
5089
6807
5112
4509
9106
9159
2351
395
3989
5293
7189
3202
5247
2461
5922
6916
2715
4685
2469
2449
347
3463
9730
4461
5355
3356
6909
4549
2323
353
6812
2406
425
8991
9227
809
9146
8866
3783
520
8307
343
6903
5438
1191
2471
4310
14
1908
4572
5010
2696
1297
4322
8182
3156
5068
3369
3814
6209
5949
3928
1909
1454
758
4017
3446
2611
2884
6228
9819
8995
2792
2000
340
5220
6644
1989
74
6048
4989
901
7328
6931
4370
7834
1196
6126
4889
4265
2093
6557
606
6538
7987
2256
4534
3678
4404
9912
4697
8015
8996
8403
7890
8834
7224
6044
2074
564
4465
6046
5350
2739
5955
7577
7084
1754
5401
1038
5535
8264
2221
2365
5228
7869
9706
9014
9037
4308
7471
9260
8654
1266
4968
5967
116
9478
1541
2428
9350
5255
2791
5682
1405
1978
3396
2547
7295
5823
1479
7438
6561
5947
3406
8665
7382
1292
4082
6101
2100
599
2283
8230
2988
1180
6512
3553
6537
3697
7724
7153
2795
1275
1013
2502
7642
583
8126
6311
3612
4520
3532
9511
2540
729
6361
8746
2620
4925
3254
2535
2103
7317
4450
2657
2861
462
4757
5964
4761
5793
2765
9549
900
4114
2975
4226
1857
1645
2887
8832
3279
483
5249
8852
9650
6094
3299
6924
664
3334
7
1974
6262
7584
1084
2161
3127
9978
1481
1583
1240
3957
4099
4443
1848
7416
2110
8745
2397
5558
1924
3861
3233
3860
5438
7222
3553
1121
2406
6832
9864
4770
8424
1010
4048
4593
5268
4626
5569
861
2526
7260
1912
8159
663
451
5219
6805
6972
7530
915
8314
2691
6174
102
5718
793
8265
4285
487
3372
2066
9324
9466
1526
9821
6536
4369
9881
8955
8899
2408
7143
6190
2611
2255
5662
7212
8581
9887
1231
520
6849
5970
9670
1569
4681
9105
364
260
6897
6175
7385
14
4017
9634
9168
1515
9818
8537
2717
5076
3225
8654
9705
1742
3133
7409
5505
2622
5372
5184
6448
9532
8472
2950
551
6873
1924
6283
2787
8898
2513
4054
1607
7381
4140
8405
6315
2143
3294
1550
4131
6709
6647
86
1409
4691
7641
378
8108
8371
1487
8733
1001
8254
9079
6507
4530
7164
4776
8731
2878
36
41
1773
7469
833
4053
3657
5823
8570
5208
7934
7683
8595
3128
6410
9634
451
8080
7992
2883
7168
2515
7489
9454
7786
3567
3964
2300
4081
9285
8848
2281
5884
7230
8104
9606
6360
2278
9720
135
3359
8818
573
8437
8204
4625
1012
3048
9079
2468
5438
749
9983
5444
7622
424
2160
9085
1004
6058
1988
2251
9305
7757
4346
6841
1888
9685
2678
7032
7369
2345
6484
693
7951
7429
5090
4490
4793
3741
5274
1081
740
8596
1574
6953
45
5951
1759
1622
7853
1209
4569
3580
932
1184
5208
4949
4800
2582
2294
3459
9362
7899
7029
3479
323
2726
4304
237
6804
1680
6670
8558
1987
2048
2196
3415
9363
2126
7134
4950
8623
7424
1002
6693
9303
2330
129
6469
6874
7441
7031
9162
2143
4599
4249
7602
4605
8368
1916
1843
3610
8133
7249
4557
2867
8235
4183
5369
3858
1226
9008
1679
4732
5875
4255
5352
6441
549
6473
1332
5451
2139
8678
375
6901
8133
2040
4031
2248
4367
2258
6210
5459
3307
1162
4812
9902
5787
9836
278
2092
2348
4451
6672
3196
942
5552
4070
819
3080
711
5546
6232
3294
2811
3030
5743
6541
1706
5346
5830
5001
6216
4401
1816
7002
5499
72
5206
2070
5244
2537
780
2475
3469
6395
3863
4040
2673
8760
2894
2283
1194
5660
4986
6259
8799
2749
5523
5749
1956
6375
2469
6051
2932
7178
1360
8608
931
2694
8204
3190
3051
8997
1385
947
710
5097
9414
2550
3362
9498
9569
2870
1972
8775
3080
7888
4264
2082
2309
1271
610
8020
7644
3740
2577
2227
6455
8161
1064
47
2205
6752
8629
7908
6288
7750
8228
7574
8126
9832
211
1581
4196
7440
8974
8063
1949
3774
622
509
326
6510
8426
4497
9668
6852
6340
1398
6976
8055
4146
8344
2299
3571
1138
4448
5380
2461
9953
4694
8346
6270
3012
6179
4878
944
2767
7244
1391
1012
311
8908
6838
9982
8037
566
2449
1850
6438
6237
952
8567
5832
8812
1933
4256
6294
6255
2236
4247
9986
7875
4017
8226
6405
5210
633
691
8563
584
1269
2669
8498
6142
4498
5326
9484
4300
2730
4992
3346
7979
6689
9563
3652
5988
5682
9862
2540
2362
6885
1218
1541
1840
1916
798
4994
6465
5227
4637
1742
5660
7047
6078
2432
9712
3471
8537
211
4314
4558
2979
4092
2025
645
8796
8076
3254
7132
8470
2110
4263
4097
2780
3533
6337
4418
3351
7172
2954
3344
326
9564
3358
4254
4543
2094
6810
7608
725
2309
2536
3104
2309
1199
7939
8498
6370
8679
1767
3758
4137
1024
7614
2331
8990
3989
5474
3962
5690
5121
6325
9945
3191
9457
5110
4020
2873
6783
1556
2735
891
9741
4206
3609
7158
3744
508
3430
3041
5213
470
3105
9660
3563
2235
6493
5019
8339
8383
8590
183
9282
6209
2614
1016
727
8426
303
4613
8525
529
8370
7620
2171
2342
4146
1495
6296
3152
6785
6390
9306
9909
5550
2096
5032
3169
3470
8399
9423
4737
9171
4113
3884
8109
4744
9472
2852
3065
2664
4809
372
6178
3242
7383
5613
8805
1150
2502
4449
1750
1880
4645
9990
2880
7067
8950
1759
4092
2131
1777
4721
287
9412
85
8652
2749
2348
1051
7185
5921
3491
7245
7461
6171
825
1771
6250
3234
2831
4389
353
9109
4018
5625
6467
1021
6463
284
1096
3904
2262
2923
6355
1330
5848
8385
9863
5020
1718
7193
9723
611
5245
1675
9359
7872
8282
7495
4907
5819
6819
1809
1648
4962
2184
7800
9822
9284
2613
3843
4185
137
5633
7488
6618
238
616
798
2052
9502
66
7866
9394
5122
5981
4889
483
7279
9221
855
2579
2820
2518
6448
9768
445
7346
9226
8539
7629
9992
7163
7661
2783
3225
715
9680
1635
8684
8911
783
2174
6582
9218
7009
2456
9353
6882
749
5611
6467
8801
6611
3811
2164
8727
4398
4679
4152
3081
2983
2099
8666
8227
1946
1526
5237
5731
4350
1747
7850
9215
2637
1477
9673
6986
5251
1691
9082
1912
5560
5487
4828
635
2809
6147
1886
2274
9022
5418
9237
428
3689
7575
1539
2045
8490
7448
2786
5252
2376
7351
8748
5241
7989
2776
1428
2027
9741
9687
4486
217
2407
9220
8324
783
3331
491
2352
7753
8139
111
1209
4683
1362
8423
1584
9605
2528
1326
7268
5409
4618
3000
7608
4783
2705
8366
8688
3082
740
2142
7720
3532
4273
8812
1895
6023
502
820
2589
1795
1746
5900
6837
4383
293
7852
131
626
2028
863
994
1921
9341
2092
3493
6077
6442
1940
1971
1248
7625
9773
1002
5093
9636
4905
2464
1015
1292
1656
6167
5302
1925
1323
397
5947
469
5144
8584
9100
7038
693
2730
2866
4979
3038
5535
4392
9880
2415
1016
9975
5467
9372
7679
4111
9057
8888
1696
2780
7311
3595
542
2380
7956
7381
5382
2621
9286
4599
8409
2220
7572
5141
8749
4201
1847
3090
8462
969
7487
105
7539
7832
8454
1038
8400
1298
3062
5257
2178
8982
7573
7780
6010
8639
1199
1996
3438
8301
485
6593
4966
4215
2961
2696
3480
7006
2134
7282
5364
3022
9226
548
6943
4039
8180
5423
6648
6104
1495
3730
8477
1347
1265
3135
7399
3954
8515
4498
6488
1998
3511
2045
5392
5285
8034
8775
6097
7479
6496
1193
3871
324
8848
5152
3845
7405
3641
953
4268
9479
9695
953
8845
2252
3925
7425
666
1410
7782
2195
4609
7850
6920
5188
7947
1602
1404
8489
4989
1407
9170
9244
9976
4798
1129
544
7608
1858
1246
428
3174
1109
6789
502
6277
1958
6784
3429
1838
1122
671
5507
8154
6812
6670
3563
3724
3606
2711
1112
9467
7996
4563
3633
5264
3693
1870
284
5749
6449
9276
3370
874
2187
161
7350
221
313
191
2770
2536
3648
4348
5601
2865
3258
1660
2495
1121
3237
2617
8376
6350
504
7256
9875
1395
7464
5128
9328
3297
5342
3417
903
2184
9875
6520
1692
3812
5054
4664
7613
7218
6576
5293
2280
1996
6681
4371
6147
9663
8408
7282
3411
6142
8376
941
1259
92
2539
8751
5088
8964
5060
4002
229
5807
70
9767
7888
7689
3502
5361
671
3171
6234
2718
2277
2485
632
2982
3699
8940
8534
2177
9043
8565
5111
9480
2685
6974
9614
4373
1908
7913
11
4296
8038
2223
8471
5889
4461
651
3631
9320
5205
3280
4919
2390
309
6016
7608
7549
406
1377
9003
1041
5020
2551
4861
8613
1302
9428
8121
6362
8296
52
2486
1146
2620
8567
8448
6370
2392
1770
8536
6512
546
7735
9198
5569
1436
5190
4165
5537
7600
2233
9469
3100
8026
724
6896
7013
3099
5973
8993
8401
2448
8978
6070
2632
2816
983
7644
3715
6827
2746
8133
6021
6576
7851
8842
66
1466
1828
7508
9050
8862
2362
5558
6904
1668
3213
2839
5235
4611
5194
9137
6902
9494
7495
6058
4884
8012
9509
2434
6983
9837
1080
2988
2632
6484
2247
3422
4721
375
5257
4432
7599
6616
2688
9929
3727
9248
1068
9437
5706
2920
1273
9726
362
1488
394
1805
8029
901
4246
6229
727
422
2431
1554
1947
1243
7907
184
3864
9537
197
2382
5336
6595
5259
5680
4165
5466
7320
8552
3790
1181
1226
5140
4478
7416
3384
7786
5774
7492
8133
113
525
44
8908
6343
3564
665
1876
8939
5615
2778
8877
5627
3820
2313
9430
180
1543
245
1450
4403
6730
4806
2136
6792
7028
423
9685
6360
2000
1570
6938
2208
2979
6030
127
8808
7897
2343
4040
7169
9118
861
9976
1851
9254
6127
4619
9535
8505
7674
2155
1857
1937
6334
2213
2064
4052
1647
3434
5004
5229
5766
2028
6602
8479
3694
3865
1701
8297
7182
2640
9393
4541
1472
5858
8327
2476
2641
1377
8584
420
470
7346
2609
3171
7797
1441
4315
7082
2561
3517
3552
1386
486
368
4417
5672
2516
8169
8422
2755
9395
5991
6102
5842
6463
6398
211
1736
5303
7554
6435
6453
4873
1383
1763
2657
63
3696
6697
4203
8157
9739
6957
3807
6688
3461
7219
6997
8905
9243
253
6673
977
2471
2051
2470
140
2389
9489
2689
870
9364
8171
2315
7459
610
1252
8968
7315
2921
40
4527
9295
6647
8055
7701
1398
6701
3603
3151
3429
2506
5306
7322
2
1587
7972
7667
8213
6609
4318
5630
6646
5852
7607
6453
5558
5052
892
843
5984
5893
2208
5423
9295
5244
6508
8450
2196
2786
5374
5856
6355
888
5102
4915
7851
151
562
2929
6081
8281
9689
8263
7714
3368
7299
3863
5133
6716
8384
4437
9637
2221
2563
8048
5638
5744
5391
3311
2733
10
8601
7855
7637
5474
7990
8776
6450
7806
9087
9076
1601
5846
5704
163
7999
9389
6833
7802
1840
6824
8251
5008
8563
7111
3679
9054
1030
2048
7371
6951
8911
6738
5327
5682
8633
2093
2965
5632
8274
5320
4954
6888
1268
6958
3120
1084
1972
1457
6237
9786
1030
284
8434
3519
183
5838
2392
1648
1280
5565
2997
1439
8239
9695
4627
1364
3156
259
8617
2385
9108
8003
4903
3700
1267
8488
9518
2652
9121
9952
2573
647
2215
6748
3698
43
1411
2037
1514
7294
2949
8626
5175
3488
6007
5672
6018
6249
1947
4234
4180
7813
8046
2289
8876
636
7476
991
360
6665
3301
845
8873
3951
4601
6789
2220
9298
7996
9416
8122
8482
1232
5541
9164
7216
3578
7063
6048
1646
7149
9196
8482
5332
7495
9154
24
1551
2700
7005
8997
9560
621
181
4141
7051
8794
5723
6239
8932
6234
1743
8031
1487
3784
4308
870
1384
100
6325
4472
8185
3359
5071
5467
8533
7641
696
6827
9617
6676
1044
8367
2420
6030
9600
7180
1085
619
8085
4173
5710
5732
3922
261
847
2420
7666
8560
9393
8031
7043
8080
4753
2103
5470
9730
2883
4746
9088
9909
3497
3302
8545
9292
967
2256
6337
9998
2690
4540
9327
8499
6566
9408
918
3633
2123
5886
4806
2849
2051
3134
4578
6864
1262
1838
8747
9927
4018
2854
9327
2455
2884
6170
6924
4950
3860
5342
7700
574
2290
3005
9646
2343
311
7961
532
171
1899
2620
1371
2241
4808
1726
8181
2322
8650
7947
1414
8125
2219
7615
4778
3628
4020
5799
5576
6404
6103
4637
3824
3925
1332
7097
5692
6718
1458
5400
632
639
547
2459
2217
4828
3283
8960
4405
7453
8874
9977
257
1512
2404
4162
6110
8557
8644
9639
7585
9834
5637
38
446
1032
5055
4826
3328
6694
5335
1810
213
2831
1171
462
1414
9350
4975
9476
5403
3993
4919
7167
217
1340
1373
9237
9585
6640
2281
2064
5246
8248
5047
1990
8901
7149
4186
6663
4868
756
2971
7823
2809
4983
6191
5854
2251
6904
4787
2283
8924
2414
792
8451
3745
564
1622
7361
7066
6013
5953
9911
70
8065
8791
2539
7822
7968
3247
2
7370
2509
2805
1850
5845
2364
9052
2018
1699
3704
2263
8645
19
7458
8762
6925
6977
7907
4761
6366
481
782
7234
5881
2787
8061
1498
3220
6972
6217
7782
878
6048
5148
5147
1144
1284
6216
8692
4803
4240
8322
1590
1426
4870
4304
4882
2615
9735
3799
9807
7395
7361
2089
7486
7903
572
2130
2443
4409
654
592
4357
3309
861
6987
4954
7975
9454
6516
5075
8684
2511
7211
9893
1277
4194
5167
8997
2474
2114
9969
416
4902
5298
4278
8038
3594
2583
992
5538
9791
4297
6826
7799
5476
985
4224
7350
6213
746
4744
7483
6128
6660
9180
636
9391
2599
999
3680
3149
9605
1555
418
8356
3015
433
2299
9210
8898
4312
4869
831
630
1087
6722
6960
4807
8178
9337
1986
1155
3881
5160
8235
7754
922
2995
270
9235
1487
823
8214
5200
6054
2754
8834
3773
3435
1941
3459
7103
5811
6395
5074
3515
1051
766
9800
1637
2519
5324
3025
9503
2882
6672
8563
8841
8724
2484
1733
1611
5058
578
5406
1113
3316
6064
5189
1959
1076
1362
4747
8472
7098
3485
607
4112
8661
7831
2963
5532
3278
9892
9311
211
4969
8841
4831
2183
6749
321
2139
70
1636
8590
2157
7714
1074
2572
4061
6500
6475
7046
2876
3493
4900
4149
8830
6416
1826
2365
2345
2523
7129
3965
9665
5005
6567
3985
4457
9260
7050
1308
5925
2260
2651
9822
2828
5641
9419
203
3691
212
7664
8204
7344
1868
8300
3801
1686
2783
9966
1552
769
4039
338
6938
6220
3972
1138
3740
9016
2468
8506
8711
2544
2481
9977
4731
8706
6460
3557
1522
103
453
2472
3365
4573
6987
4262
2499
1667
5640
1228
1890
5224
7307
7058
1783
6126
2795
5350
8002
9780
4483
641
4905
289
4047
5279
7567
8006
946
3818
971
4336
2941
4699
1026
7918
9747
4875
471
103
241
2505
2609
7918
2184
6556
7178
5373
7229
7370
4924
2182
8896
5337
2441
764
4160
8963
831
5873
4625
5648
400
4565
3462
9647
1764
421
9203
1812
4292
577
4679
4951
2255
6930
6036
7694
907
496
3092
9635
6449
1351
5752
9594
214
7826
7327
4641
821
4381
3938
6850
9065
5687
8930
1356
1652
2060
1916
4635
9002
1042
8170
166
4871
8328
2676
7217
931
1340
7333
552
5543
2108
2603
8296
5587
6933
3650
193
2090
2531
7309
5875
859
6967
8032
9839
5021
4207
903
8023
5990
8937
1705
9545
5522
6810
5138
2516
9850
2769
4201
4504
668
3436
2396
5917
5031
1327
6069
5001
2979
1780
2374
8000
7089
2687
580
9373
9992
690
97
4538
6813
3304
166
453
3061
2302
136
2281
4902
4014
6310
136
9605
8483
1112
2053
2427
326
5881
4416
90
2223
7696
9150
3696
3206
9225
2974
8473
2271
8177
3572
7674
971
5741
3468
7367
3359
1897
4146
737
3795
810
362
5624
89
128
6946
6297
1029
8924
2531
3814
9175
2105
7604
4033
6664
9442
5161
631
3871
5802
5161
2176
4838
3445
1724
1048
997
37
9802
6644
2434
1510
5775
5790
3553
8328
7664
2566
6609
9397
466
33
6585
8122
3999
3327
37
6781
6423
4896
2871
4552
1698
5807
2821
3897
8801
1558
5924
9978
1591
9318
8040
3991
9527
5424
2809
8280
9160
1805
785
7098
7023
3951
3624
9186
9618
9741
2561
5151
8751
6246
814
7987
696
4218
4444
6074
7012
6320
246
7000
4210
2859
2024
4961
2448
870
4245
4534
4270
1988
5058
9126
795
3500
3631
9009
5334
549
7833
1293
2874
5157
3408
8881
7551
470
1479
726
5706
6540
5763
9427
7475
483
9117
8432
2402
2263
8417
5326
8187
5733
9771
3708
9120
3166
4102
2226
7142
434
1706
2020
1025
5892
6053
6459
4485
6738
4541
2500
7438
7216
1203
3733
3555
1103
4588
6778
8752
7997
8335
3635
8455
3061
5807
6377
5299
2928
4996
5453
8918
4249
6109
9739
4169
3739
6608
1926
7133
8129
4789
6106
6264
1605
2224
3907
8038
2746
4257
5204
4069
252
8411
3362
7741
8639
1837
8258
1378
2085
432
1754
6896
8722
6280
2453
2013
7774
8800
7409
720
8863
6695
9088
7743
3989
1409
4857
7801
844
18
6222
5193
6706
9982
387
6595
4536
8134
3312
3665
2665
1460
3408
2426
5224
8003
2708
5764
9803
4344
9777
5593
8862
5274
1822
6169
9671
1036
3468
5904
8236
1546
6231
7699
1587
9612
5336
686
7465
7221
1099
4442
483
8823
9147
9217
8062
7608
2468
5364
8185
9119
5115
9980
1628
6090
7520
4576
7744
7547
3080
2231
2401
7356
6173
3134
149
9729
4225
5275
8779
7700
1244
256
5145
4659
9678
8858
654
265
9943
9496
2302
400
5961
1698
9133
779
4987
7499
30
7076
1773
7316
5462
979
5348
78
3141
7988
3343
3503
7240
1480
8970
866
4515
6333
2163
8059
3827
3399
7232
8342
5328
7925
1298
6455
6926
1526
8630
5444
3202
9920
5788
4044
6947
2023
3128
317
7864
8970
9903
3635
9012
1019
2333
292
4717
2607
212
5887
8575
6035
6506
8058
397
1120
9331
5070
9024
3825
153
3185
1128
6072
8871
7661
3790
3405
4480
9906
9877
8655
3095
6289
4905
2084
4988
1295
5662
1936
2182
6525
2241
4982
5529
1829
5496
8049
236
722
5790
952
6865
1467
4234
9685
5689
1290
7567
5824
9969
8104
3000
8247
1325
2731
3131
989
7891
5372
1051
9704
112
2042
634
4828
2136
6053
1336
4759
649
4474
4997
2258
4432
2540
3967
7372
5658
3180
4494
6055
7462
1204
371
7582
6687
1054
1019
122
3125
5521
2844
5456
2494
1333
3146
1769
2525
8623
9658
5936
884
2505
7348
7640
8589
151
5563
9909
4640
1166
8197
8654
3190
1471
5093
8955
6015
7234
4359
6890
2843
712
1260
1199
9799
9471
4867
9782
193
6173
3221
5955
6005
7825
9899
3070
2375
4024
2517
2235
7714
6498
9705
7014
6217
2673
2352
1588
2595
2367
2524
300
2029
6951
306
3101
1711
5586
2766
619
7005
9604
1341
8886
286
6851
2635
2302
2720
5382
3822
1748
878
4487
1923
2314
5673
7312
7298
1635
637
5433
5062
4381
5736
3444
7780
4259
1604
6699
1218
4882
4888
3021
6063
2961
8927
5595
7427
9636
3859
4185
7783
8
3172
1091
5167
9042
1816
3864
7163
2175
4622
2237
1685
6469
142
8141
4206
7462
7594
473
6474
3712
1369
2037
8751
3344
4631
716
6308
975
5621
1898
969
8270
6260
155
9919
9465
9444
7838
9147
449
2716
1999
3990
9978
1496
3254
2193
6898
1481
1402
2190
8797
6811
9291
3494
7653
1029
8464
427
1712
7907
1484
8207
9186
2080
5113
8540
7458
8950
712
9766
6161
6773
762
972
3335
6113
9735
1551
9214
4284
9096
4963
2372
7169
2336
942
2141
963
7443
3871
8843
8977
9117
874
630
6259
4516
5268
1910
1853
9940
1029
3173
3389
5222
3511
6577
8671
4507
6936
7985
6235
6580
7730
2748
5704
4054
2763
5520
4785
6905
2600
7145
7160
2469
3083
9115
3633
4804
40
2258
1450
7239
1502
5045
5613
4424
2651
1986
3913
1524
5734
948
9544
938
3605
1546
4039
7766
3356
3428
1003
1223
9982
7470
6383
6247
1025
9133
2729
2002
4672
9544
2163
5831
8010
6731
2942
2537
9611
3456
2185
5185
6355
8301
7344
7143
3105
5403
9395
8298
1969
1198
7340
1596
4025
8455
640
8365
8093
1052
2347
23
90
4293
8480
2144
2866
5647
9620
6084
9191
9894
6661
6918
998
1637
7514
809
8625
9796
3529
1974
7815
2798
6263
9871
2910
2041
2289
2706
9762
7698
3911
7899
2923
1404
488
9639
7711
3371
8045
2234
1892
3514
3350
4123
5652
2245
1615
4382
2730
747
4858
1095
3892
180
3926
3011
3930
722
989
2954
9766
1583
1887
7014
1673
792
3873
4980
9672
3938
5359
2222
5622
5378
1093
5706
6267
8341
3190
955
9865
4829
805
2226
6992
3933
5699
341
7313
8593
4763
3233
99
6627
8896
9404
2252
8446
1620
9105
9668
2782
687
3456
4635
8794
4328
9305
3643
7834
4998
446
4640
1919
2687
5140
9397
7103
8928
9065
2397
9235
7231
4699
3780
1965
2300
3927
2447
5370
2317
8917
9643
5031
4072
2937
6121
3147
7563
1297
8548
31
3481
8951
6312
7974
1888
9406
9945
6898
1883
5977
1459
5072
6549
1714
7615
2607
5919
7330
7451
1412
145
5590
2563
2741
303
2785
1912
6663
3665
2328
5531
3935
7062
6626
6014
1200
2623
5034
5731
220
4813
8523
3124
1837
2003
2910
9434
1546
16
1475
2627
9729
4885
6270
6890
4896
5089
7474
1246
9818
5572
3484
5703
1004
3380
1513
7812
1410
4707
6305
2112
5373
2712
970
4477
280
183
2890
2560
411
6839
6112
5219
1256
854
6838
7638
4643
1649
2128
8004
9164
1817
5647
5663
4095
3759
2302
4885
6198
5258
6234
3762
8643
1494
1005
1721
2757
1567
3285
9639
6055
5082
7813
2638
7480
3499
7445
3609
352
4123
5931
7941
7330
8239
5674
3036
5761
7032
1745
585
6465
2518
6574
8083
2187
3523
3134
166
9403
8411
3410
6040
9490
9893
6564
8644
1488
1097
4210
6338
1794
1393
7010
9749
1959
1800
6391
6473
9949
7423
6005
2904
6428
4802
7815
3501
3388
8675
5280
6358
898
4093
5137
6456
3132
5632
9179
2696
8622
1995
4758
1144
2901
3267
7553
3997
6773
6770
7658
8411
8597
2195
3601
7241
846
3253
4712
4999
1023
7743
2190
418
1238
9298
780
5541
4616
1406
353
8897
296
136
5449
2669
61
4293
4867
8661
8800
8542
9777
9546
9511
1240
5408
3635
7793
4614
5231
5816
3565
3502
3731
5409
489
3072
4159
34
2978
7243
2669
3224
8473
2298
1379
9988
9361
8236
9674
3592
2851
9815
79
1598
5719
249
7419
4003
3118
5694
4367
215
1943
5178
3185
3503
3736
7295
3357
2168
2475
2384
1061
9064
3954
852
1915
9786
8280
9781
6753
1578
5344
6117
4639
80
4415
7544
6276
5963
1515
8903
3088
718
193
1210
7892
2574
2139
3912
2431
5200
3234
815
2819
7205
9795
8242
9627
8717
1230
8358
1536
7285
2182
1343
5496
5993
9719
1717
2681
3478
8224
2244
8335
3639
8631
9255
5842
4077
167
3233
4175
3410
605
4680
3119
3081
7886
9742
1352
9986
2314
9848
4574
17
873
6688
8961
9661
5444
2286
752
685
9026
1027
1312
6311
5147
3416
145
5169
5605
5635
2883
4867
6866
6396
9489
9531
669
1751
2668
2293
2565
9347
6006
9253
3942
1710
7315
1368
6802
7979
9726
1891
7490
1687
4732
7094
1148
2546
737
7647
1246
7092
1590
370
8457
3769
4577
4033
1131
2448
5122
3657
2708
1163
6621
6344
5519
8800
4342
721
1464
2271
2897
4984
1548
5198
7273
5370
6679
884
3730
2421
1496
881
7594
5566
8749
7649
6152
8713
8331
1133
7292
4826
7631
6060
9562
52
4749
416
5327
8350
6794
6794
2507
6318
5861
6426
6354
6017
8709
5712
2064
8868
5773
4173
8637
536
803
1507
9868
3095
9112
2705
966
336
6385
4013
327
3780
4089
7381
8764
7612
6024
3450
2090
4125
2218
7538
894
5997
3900
2466
6561
7178
9571
8675
9492
2975
1847
1856
964
4115
3627
9369
2197
8513
3245
1447
2301
1099
6542
7816
176
3948
3138
2303
1362
1278
4664
771
4083
2233
5845
1326
398
6010
6166
1692
906
7778
1565
6131
2570
584
8104
6158
3011
5939
1121
9536
1220
7458
3951
974
1062
5531
755
922
9626
2526
3318
9491
9548
5440
5063
8926
4639
371
7674
8892
7892
6392
3804
8214
166
4250
6553
9236
4171
224
5379
7603
706
5714
3176
3410
1655
4319
1188
2269
5775
1084
8845
4363
5186
5650
1767
5580
2698
965
3992
3245
1433
4053
3810
6733
4354
5970
6294
9303
3470
7237
8313
5252
6735
6128
7150
7275
9221
3297
911
5109
4882
985
2454
1651
394
94
7571
9115
349
7613
5562
3319
1253
1493
4817
4002
853
6774
5194
8187
1912
9396
6381
239
7639
8074
9355
7553
8701
6473
1622
833
6082
4726
6964
5984
6073
8090
3778
8279
6776
7535
1668
516
1340
3231
1458
1550
6033
6806
7193
5019
9235
7382
8501
7831
2396
6628
6581
2061
2071
8877
3653
8344
1919
3916
1910
6525
3566
4445
1385
1033
5224
2600
6610
1833
1654
4811
2529
121
7559
1905
6781
4528
9444
2899
4986
1450
2343
8739
6166
6981
2809
3799
7030
2991
9003
7573
3966
800
1246
7758
8321
85
9589
4844
762
7103
8131
2799
2049
2439
2039
9795
1753
9805
2517
8675
5846
4794
8405
471
8759
3027
363
8321
4234
6578
117
9354
4821
1937
8992
2121
6673
9063
8883
5415
7811
8988
6497
4788
2669
9384
143
67
4927
8479
2699
5695
8016
6950
2153
9120
8317
4811
2919
3309
6384
2885
2110
321
3944
7598
7119
945
5461
3572
1712
1163
9222
219
5691
6627
9503
2109
3189
2491
720
6540
208
8737
8125
7280
284
29
9346
8716
2931
2361
7052
9381
8006
8948
5175
2101
8509
371
6160
8437
93
5286
9774
1892
3387
7956
1820
5454
4848
4240
4099
5578
3997
6364
4201
8832
6315
9777
9659
5017
6058
8394
3978
8277
7653
8343
1840
1541
953
5858
1644
4929
105
1149
318
5167
1526
9438
4121
708
3914
1599
7811
4486
7287
2634
9497
8340
9943
1284
4854
4056
4992
9816
123
2704
3257
3496
6108
373
7574
2827
4482
772
1240
9529
9491
9570
5256
9994
4005
5614
4297
6554
7912
3281
6506
2631
5895
44
7690
7649
2133
3481
8398
8827
1551
3307
437
5096
3454
8651
9165
8786
4170
1199
2580
3073
1999
1927
3992
2335
9826
5418
2264
202
3770
6523
5114
755
7740
9111
1197
3841
947
4829
911
5885
5081
8882
1637
179
9904
3729
8026
3971
7132
6835
1090
4606
336
7428
1416
7432
8571
6293
4731
8284
830
9895
9778
8606
6300
2681
9994
532
2356
6940
6965
5236
6164
2972
9950
5954
9260
4092
3487
7935
9485
8575
8859
8826
5832
1329
8889
42
9685
6388
8202
9474
6787
9148
1432
9869
9777
7116
5957
9214
6904
1489
8670
9387
2707
1100
8056
4267
4167
5526
8087
198
8746
8240
4794
600
2068
1722
4800
8714
1246
7538
1537
1558
3704
104
6983
6485
532
2456
8854
2603
9506
5748
5169
7395
6786
4179
6524
4375
7817
6651
3098
9597
4888
6862
3987
9442
1469
7825
1807
1958
2087
3560
7013
2497
5899
2476
7603
8658
621
6258
5274
7005
2856
9820
4339
1050
4635
8928
1040
173
1181
7211
4065
5993
4814
7457
8353
9504
2532
625
248
371
6909
249
960
2125
6529
7749
436
376
1794
4228
5221
4420
197
6641
2799
5930
479
4689
6882
2966
4072
1491
2499
1976
2355
2251
4924
6813
6008
2243
3018
7277
103
1557
5893
447
6531
8535
4133
1127
7199
6823
1055
5965
847
1980
5902
4165
1646
8317
2738
8697
1317
2140
4182
2220
2740
1632
1386
3102
1484
4865
3457
5318
8524
4474
5621
2112
154
4750
3310
2477
2438
945
7489
160
9138
2737
3266
3380
3451
3114
1360
7952
6587
7401
8102
6894
3656
1787
5011
1975
6335
9037
6407
2631
418
8617
2894
9173
2193
7438
9621
5960
4519
2715
4355
5698
1009
4814
7721
2225
2608
1600
1676
1488
4094
54
7512
1659
2484
8767
8192
6154
9536
2611
974
8379
966
3876
1762
2795
9047
2179
5156
9661
8432
1937
9372
3147
4650
8009
6360
373
8291
2744
6677
1939
5835
4013
7171
4261
767
1658
8441
1290
9548
1801
9477
2744
7804
3829
2449
9846
3836
8448
1807
7161
2273
8690
9846
7718
2621
4951
5015
1285
8304
1965
2765
9346
9882
8783
2276
2410
1448
7710
8389
3210
3676
123
8497
9703
9967
1267
4772
6303
4054
7491
1906
1359
2126
8445
968
2027
6969
1103
8255
3918
8442
2193
5935
1152
7615
5643
589
5899
8222
1674
5789
1322
2534
4985
587
1485
8947
5433
8136
5551
7737
1680
2054
648
2708
1416
3050
8863
1344
9233
9384
6545
3131
1746
4533
6684
8198
2533
313
4486
7888
6463
745
735
47
2805
5335
8587
7637
7549
8127
8382
7938
6224
350
7210
6724
7036
1522
124
4417
464
3210
170
6493
9220
323
5433
6869
4693
1153
7248
5232
5261
1249
1198
2391
9422
5535
813
1384
5285
1623
227
6552
6397
8105
5957
5513
1181
1405
648
929
4291
3279
9587
2340
6894
1891
1536
2178
195
4315
1518
3676
9408
7646
4339
111
9682
2717
707
2469
2766
4450
1161
6018
5834
6422
6647
106
6185
1133
1616
1700
7504
7402
3375
8652
732
5709
1005
7691
9947
9744
127
9097
4989
8164
1954
1535
9560
9914
7362
4568
8858
6491
4194
9322
5477
4085
6239
5701
6357
5966
2676
2566
6966
3832
5611
331
4212
602
5554
8578
449
6121
5224
4302
1776
7857
4955
7
7864
1659
8128
3813
3349
2749
5917
5525
4627
9673
1011
2712
5224
9046
7060
2672
663
619
9690
1978
1726
6046
3242
5024
1041
3627
7215
6263
4286
7960
2716
6005
8997
3991
8618
504
8007
1641
1388
4234
5418
4972
8265
7430
9996
8637
933
7240
6655
6259
8967
5119
2417
8342
2300
530
9419
1185
2000
1640
7953
3764
8195
9494
1902
6152
8232
162
3815
8412
4777
2837
2819
6038
795
6893
9864
5357
7870
2037
8593
6273
3356
5445
9110
1672
8367
4667
5054
6452
7566
6793
2959
3978
4519
3747
9416
1654
157
1410
971
655
4895
4799
1865
2129
7953
1243
3235
7709
551
3376
7434
9395
9324
1104
1079
872
6190
7555
1312
1349
1860
9476
3170
4134
4991
3648
1675
2744
5843
862
594
2149
724
9658
5954
2303
7344
8615
4966
6549
7367
883
2497
1386
3298
1642
5111
2071
3456
7093
8859
1010
9386
4370
7199
412
2019
6329
7180
7643
7761
2058
6842
729
8653
1968
8551
6062
4837
1301
6362
7853
281
7491
8700
1221
1029
3536
6148
341
2491
21
6724
2068
2903
1384
1811
1351
8190
4995
8970
4366
3877
7174
6498
2115
4181
9598
8719
7170
87
2995
711
2718
6964
6681
8261
2135
3760
1247
3875
4815
7500
863
4003
2658
8965
1823
4048
604
723
6167
1208
8609
4240
6370
3856
7149
2980
6488
1118
5368
9306
2614
515
123
6960
2479
1762
6104
9286
9580
7194
8041
5621
7450
5393
2417
2379
3918
9109
4183
4254
4144
3661
3096
1629
8443
9661
1787
5364
9891
4949
4660
8665
472
4726
5875
9986
7754
2619
8310
8132
6850
8692
9389
3105
923
5654
6954
4509
2832
9699
8747
8052
2064
628
9291
2611
4646
3870
7111
1815
9311
3301
7789
893
2108
8746
6427
2103
7621
4314
3731
2908
4485
168
6116
6375
2973
5148
3380
6683
3419
9446
5014
3265
8086
4773
4628
4778
398
2894
6553
1931
8620
6570
6236
2508
8928
9957
3352
7843
1570
5928
3319
6189
4658
5407
3362
3730
8600
9832
4780
2310
4698
3957
2650
6745
9204
1593
3575
3980
3574
2357
1431
8244
6710
744
7453
8284
7560
9427
581
5315
8578
2136
1231
9865
2651
4639
5860
6406
3348
5730
1268
297
8143
8056
2612
4452
196
4947
1041
9856
682
9865
2653
2395
8547
7415
5922
8491
8798
5733
4396
1095
6456
7686
4188
8558
4496
7313
6222
4749
8838
1701
3403
3337
6631
3014
9274
6989
9152
3231
8968
3067
691
3939
1776
6201
4110
2709
9336
2716
3128
5609
1729
5343
9098
155
3822
8973
2094
6559
9420
9276
1707
4966
1537
9620
2727
9321
9362
2365
7468
3205
2501
2538
9496
7853
2712
6118
4989
6645
9652
8809
5200
532
9104
3918
2645
8249
4327
5013
2571
3021
5540
2383
198
47
6470
1118
8695
3914
1958
1525
7090
7226
6588
3744
9919
1323
1727
3244
551
9311
4799
2873
9357
5667
924
4557
4844
2446
3104
5431
7214
8261
2556
3871
7571
2596
6027
6366
5427
8476
1264
8998
509
4953
3851
4889
1713
3288
207
1612
7945
860
6977
4806
1337
3686
3955
9637
1224
1588
6291
8945
1473
3057
798
3711
391
36
4010
3857
1806
2845
2132
5010
9057
4409
6707
732
1559
9131
2952
1604
5925
7046
4352
5526
4873
2652
74
8942
7861
5642
4294
824
3260
2931
2948
3754
1307
6449
2957
4169
5350
7137
6236
1666
9080
6450
784
7057
3065
6218
6056
1007
1027
1983
3832
6975
2326
905
1813
9662
4136
6351
3489
7364
4646
1563
2336
487
7980
453
6907
3375
8796
2382
3136
8478
2999
1996
446
7903
9534
2835
6264
3308
4802
1560
6590
6590
5751
467
5762
864
5513
3818
8992
3117
4632
140
9121
575
9673
6265
1401
5806
3516
6068
7513
9599
3786
334
7087
8336
5664
7543
969
5577
5937
8322
9771
1127
1368
7050
9159
1787
5232
3745
181
3661
1912
3536
4107
2553
670
3699
5191
9583
3343
3186
9164
3820
7720
8054
8074
9976
1379
7057
8862
585
9840
9351
2021
2837
620
3869
4364
6311
9847
1901
5179
1127
2110
8604
456
2368
1331
2636
6819
6614
1799
6886
244
110
1623
2867
3982
7171
766
73
7573
7452
6289
7328
7961
4993
816
5067
8855
5721
9219
9654
8073
7611
2246
5882
9213
3369
7028
8558
2508
7067
8278
5063
791
9309
5635
2560
7948
822
6547
1739
8795
8229
77
531
9241
7420
7257
9527
9700
414
3757
1201
1691
7291
4565
5125
1011
6313
7506
2538
8281
9370
2924
4826
3198
9666
5966
2218
783
92
2192
4710
4870
9613
9314
72
719
2677
6638
7053
4616
6491
9947
812
8659
9841
2708
831
4372
1069
4761
195
6127
8502
7281
6970
4977
6834
1077
818
336
5165
2575
7033
495
5704
8175
7130
5993
9874
5351
4960
3676
9160
6524
1117
9277
5956
2776
8421
168
7679
4098
3800
6775
4939
7058
4269
8759
1109
1039
4644
422
14
3965
1499
8252
9718
8625
1245
8453
9143
1184
8719
2071
1038
9359
4812
878
123
2268
5292
9924
3586
9666
7397
9692
2944
417
5949
2296
7431
6465
5573
9127
9639
619
2881
7545
567
3170
9262
6403
6114
7150
1308
7347
2149
1043
2957
4004
2322
1142
8061
9221
3645
625
6160
8610
570
6926
449
5694
906
5750
2787
7741
1763
5430
6872
8429
3514
5924
9151
711
2969
422
2159
4934
9923
8542
3917
8992
9087
753
7025
9821
1819
2217
2564
468
8599
1368
5426
4178
2991
599
2125
9058
3434
3747
3906
8845
9520
3251
6188
8215
148
2342
1622
2618
899
6596
1650
6622
5208
2150
7231
311
2245
7460
212
9242
7130
7166
7749
3623
6372
1559
5670
139
2721
5083
8109
3555
5895
7591
1243
8960
1882
3940
322
6069
4556
7731
5717
1938
6504
1605
171
9930
3700
8213
7246
4871
4523
197
7974
6729
4551
1427
4925
6782
5953
5879
5580
7975
2882
1928
8024
22
659
5942
9807
3310
5011
3312
8506
8728
2579
5729
1029
4736
5131
4117
168
3274
4631
3269
1402
4078
3969
1842
5933
5226
7717
2270
8875
9871
2606
5326
3065
4455
9992
469
8069
4720
8261
5250
2477
6745
8533
4649
6963
1441
7363
8126
1079
7399
3391
3352
7019
1376
1236
2222
333
4273
9152
4554
2523
9368
4592
7390
1266
9572
1650
2106
7851
8563
471
3236
5687
2776
3252
7129
9879
1874
5863
970
2148
3400
6704
9873
5791
9445
9310
3592
2600
5932
9661
2721
1981
7236
5777
5508
7597
5897
9492
9598
8345
8221
5215
5804
1788
6818
6652
1622
7072
221
3504
7755
8377
4464
7025
894
2368
1461
4082
6461
36
947
6901
3691
7446
1073
7735
5909
4326
986
1805
1379
5190
9432
2412
9266
4502
3131
2429
748
6112
5785
3329
301
7600
4222
5067
2467
6149
5724
3325
181
8311
1569
5085
1312
5565
4656
3918
2603
7617
2838
1728
7291
6010
5817
448
3245
384
1950
9783
6820
5492
224
259
2042
8777
568
8099
9273
212
1177
4980
7416
7630
8781
6686
6361
2202
3055
3482
5675
934
9247
7894
5156
9346
587
6820
7913
7116
5010
1693
1839
5682
3082
1092
9718
2644
5667
8882
5689
6858
830
8864
8605
2089
7834
2434
6539
2435
4756
1924
226
577
1212
7192
8667
1247
370
6430
2279
4151
5549
4934
1978
3603
1787
8324
7847
1062
4888
1200
3020
7596
8337
4966
268
7563
4422
9614
6481
7796
597
4918
198
3971
8476
303
3976
4219
3085
6060
4841
4838
13
9008
7566
8157
590
3566
1499
8728
5103
2630
5030
3153
5237
2388
2236
3811
4038
8239
7747
9025
3775
5541
78
314
7807
1696
4163
1682
5597
5426
1230
9825
4643
2734
1393
1929
1629
3069
1818
3165
1923
6239
4114
3471
2661
3166
9352
667
2613
405
8826
3317
8134
8748
7665
9934
6419
1334
2001
4569
8831
6120
9329
2594
8887
427
413
9489
4925
6021
6020
1972
2458
7179
5127
2179
9623
3978
5302
5265
5879
8177
665
9848
7104
6898
1302
5988
5792
5734
8897
261
4359
7142
332
4992
8168
2955
4037
1849
88
719
811
1105
5322
7801
9853
2119
4727
3380
4318
1394
5
2932
2846
4240
9242
2523
7116
4467
1671
6905
4243
9828
6113
9368
1508
8932
4937
3917
310
2009
7380
2871
31
3825
2335
2540
1470
3643
7226
98
1178
1855
5432
1545
172
1335
8219
7269
2835
1431
248
7883
8834
6315
5903
6608
673
9157
386
8991
2500
3887
6648
8352
9773
7284
2350
8561
1151
5260
8728
4735
6735
574
1336
4679
6080
5186
5591
184
1208
4068
1977
1019
390
4751
2368
4551
3423
6012
1676
1059
2508
8908
2863
4915
9436
407
190
9581
1463
4691
3195
829
9622
4311
5630
1257
9231
3533
2506
3255
1056
1336
1581
5869
6327
1084
7561
3528
4194
5436
7472
7850
7460
9420
8880
7720
4498
3249
9420
7577
6372
7170
2475
8267
1783
5422
7730
6753
2448
1627
7996
7580
8983
8852
4225
6831
5457
3244
5886
1275
5205
7910
7938
7055
8642
9752
7141
6568
983
5930
5099
5549
5066
3320
3533
2634
1241
3567
5786
9374
5483
108
6210
8897
431
6771
9343
1036
4579
8372
1342
5699
4748
7802
9215
2922
4270
3445
3504
8667
5462
1403
1030
287
3663
4041
5692
5866
1031
6769
9454
6640
2252
2655
888
5882
5862
844
630
9404
6365
2826
8574
1054
8898
6788
8941
722
9491
492
7887
5864
7813
985
5280
4075
9681
1149
3390
5595
266
3117
4358
8808
1894
1105
1951
3557
1809
9660
2231
8347
5942
2182
4581
4531
7039
2138
6259
1219
6375
2868
856
7416
1226
3296
6360
8515
5856
5681
6189
8568
4132
9066
394
2681
9415
6509
7850
5411
8121
162
2553
6362
8129
168
1484
726
4633
3957
9049
7262
3924
6230
864
7218
6676
2550
9810
5172
3562
647
1532
6173
2835
1132
661
8856
574
7426
5975
8514
5187
3839
4271
1909
9147
6317
6522
6113
2156
2416
1161
1661
3598
5451
422
6574
3972
1328
7144
4933
6631
8280
924
5499
5417
5908
5292
7892
4237
7807
545
105
3946
3302
502
7240
4908
2789
9290
1806
1691
1579
714
1020
5489
4620
985
1427
708
3981
4143
6942
5820
1726
7580
7216
5940
8341
390
2432
7255
9115
901
363
1411
1232
1395
1155
1016
2018
7264
9093
335
4519
7330
2964
4912
2570
2539
2365
7790
1519
9796
1365
8817
1645
475
7696
7303
8981
8034
613
641
9260
7028
5814
9614
3143
5837
719
7243
4593
278
3898
5733
8200
1068
1670
5817
3526
4012
7380
9430
9489
120
6631
7472
6854
299
2422
190
5677
94
1597
9576
2604
5739
3149
2186
2910
8686
5724
3048
8615
6051
6793
4368
9654
1790
6812
7377
1986
1159
1868
7624
1800
4344
485
3330
6440
1799
7049
1357
1880
8888
5569
6164
5488
4494
3709
546
1713
3537
8043
9295
3102
1888
2986
3272
1510
2562
6322
161
3370
7620
8636
3209
9667
3197
636
7628
413
4841
1871
5344
6636
8232
6500
7737
7939
3110
6235
6654
6327
3783
7810
2064
1820
2982
625
7256
3704
7952
7451
9966
5077
9387
9601
4802
8192
1673
4115
3001
8000
2707
4593
2764
9058
6211
9391
256
1963
3757
4111
5783
6361
492
654
8840
2219
9643
6968
9971
57
4031
7413
5685
6487
7572
6848
1565
4253
5211
3442
7308
403
9973
4793
2011
3856
4117
1966
6615
6019
9257
8130
6517
7023
9003
5994
6796
964
4536
3914
7321
3405
8371
5507
9737
5133
1174
2639
1503
5858
9047
7694
4275
9751
7393
2220
7558
1342
273
4038
4927
543
9252
958
7983
6350
6153
9798
37
9466
8213
6299
9579
6003
8987
6525
404
6061
1544
2814
7634
1078
1621
1441
5618
5676
5313
8503
4419
1892
3445
909
4705
6893
6802
964
5387
5216
280
766
9596
7290
812
836
2034
1877
3690
3519
5664
766
9625
4444
9055
3585
2878
279
4451
8737
9198
5437
923
5952
2195
6144
2390
6701
1791
99
8951
7324
171
4153
665
8746
5889
6113
521
656
3499
8860
3187
7193
2535
948
8169
7118
1499
6355
3580
4231
2394
2228
8707
5091
5529
9861
1353
6989
1988
3249
7733
9213
4404
3471
3666
7360
3820
6420
9718
3092
3701
4880
4808
2502
1456
3152
5165
3775
432
7311
9977
3911
5079
4428
7190
950
2247
7669
7421
2291
279
2707
1342
251
4764
3257
7649
344
105
5159
9314
1710
5552
3234
4816
304
8220
9286
6305
5727
3068
1812
301
3214
837
3287
1867
767
8830
4498
5054
3590
7439
9878
7167
936
7306
9071
1359
6889
892
372
7843
166
4577
3833
8904
1718
4243
2222
8397
739
2592
7845
913
2319
83
1934
8779
6318
8787
5244
3938
5554
3826
6337
1435
6305
4055
7496
5999
5401
1918
3040
1617
2181
9509
7614
9689
492
4361
2240
1560
3883
5401
591
6803
5095
9409
905
4510
3270
7130
4118
7920
359
2159
3832
921
4224
8540
6143
1406
735
1275
3253
7497
9839
580
3770
2248
3411
232
1496
3695
1352
2153
7321
945
7387
6699
2612
4488
122
4845
3594
5010
8343
1333
3221
7416
6454
5788
6406
2640
6966
7704
8508
1180
2525
5057
816
3057
945
8636
5081
1541
9414
6719
793
2190
1490
3257
2401
6392
9916
1654
4400
2913
7346
8774
2770
7080
3763
4039
5179
3395
1848
5066
3707
3385
5226
648
7230
3813
7252
4232
9964
2386
7162
9998
4797
135
1684
9973
7498
9504
6813
1546
3822
1792
6133
851
8150
8324
3577
8560
3139
2586
3413
4046
1162
3666
8523
2092
807
2083
1231
4041
7753
1296
2058
6096
9668
7486
5930
8386
7003
8123
5050
1716
4639
7678
8213
3524
2438
5637
624
591
4758
528
5085
8745
7825
9362
3065
1807
2075
3423
5471
5727
231
9415
3335
3390
8476
4931
1404
9627
5717
2624
7222
3629
3418
4589
780
5107
7825
6818
9703
2877
9997
2760
5030
2851
2521
1118
7867
301
3641
2020
7302
1017
8290
1195
9646
8990
843
4561
4500
9944
4789
3930
3227
7483
7750
7943
3008
9034
2200
7445
6733
6897
2606
687
630
5174
7017
130
6476
230
844
7287
4977
5052
2993
6108
8655
5979
4652
5394
824
707
8305
9037
1326
4980
3484
84
521
6622
5331
1937
4943
101
4600
939
5719
2408
2187
902
6336
1284
46
7266
1491
2563
5577
5227
1916
4473
1569
8907
5200
1169
2225
2719
7086
6560
3026
288
8160
1543
6097
9732
3158
9741
7304
4309
3343
835
9078
4015
9429
180
4164
5228
763
8929
6387
7409
5524
559
8763
5208
1664
2938
9918
303
4431
5868
1509
3052
4449
2591
1842
6340
5798
7976
2013
1283
5767
7389
6144
7829
8860
8553
1606
5837
4221
6355
5942
2056
9463
3532
2712
2396
5176
2741
9392
5952
2886
9114
6149
8741
8187
6442
3493
583
7354
2294
9341
6511
1701
8591
3714
1250
7807
7830
1808
3454
6975
7694
3872
1881
5491
2483
2631
7202
8203
6896
6062
1610
6514
7416
1362
2942
800
6597
442
1830
7911
7862
2627
1569
6311
8847
9526
2028
9512
5412
7992
9367
3354
8155
8272
2908
6495
2476
4284
6049
6899
5132
2751
9768
3268
4457
3648
2645
9518
7207
2899
2760
7626
6875
4532
495
9504
2155
5955
160
2817
204
1640
1790
1370
8065
8054
7235
8193
7312
1695
2290
6631
6773
1393
8992
8408
7127
7766
4529
1431
7542
2304
1067
5015
4737
5974
8723
7639
8690
5552
15
7691
2610
786
8635
9313
108
598
9212
6372
2292
9916
1737
1984
6257
9622
8395
20
3816
3967
7732
9436
9226
9210
1581
1427
6650
6132
8615
758
7157
2741
8214
3108
6243
8962
9209
8094
380
5158
2029
5179
5928
5014
6069
9521
3145
4182
7634
1795
8888
1824
7262
4581
9004
3278
5854
2753
5492
5208
7755
888
5206
9356
7452
4705
1746
719
2513
1666
6274
2867
2190
6067
6524
4090
2187
3961
2117
1993
5207
253
972
6403
6112
7133
8740
5404
7043
4301
1173
9957
9600
9266
76
4632
3736
2652
2972
4401
5
4904
1359
5026
1211
1615
5595
5262
6689
7533
2971
9085
1864
275
7439
1026
5914
6574
5417
7300
6085
389
2340
9864
2825
6346
8597
9687
3617
5484
8038
3844
4545
9130
8798
346
4980
6175
6157
438
7567
8917
7863
7185
7197
1284
4389
1102
3516
7129
8374
6378
9995
3699
6379
966
273
6268
8246
3040
6960
1802
1035
2203
8682
413
4103
6648
8872
756
9963
4259
9744
3241
4063
4372
1339
8297
9430
9241
9936
1179
4831
1926
3565
5273
9409
3093
4477
7916
1621
3384
1407
8572
320
8127
6366
1274
676
7452
9865
3670
266
3445
599
7616
9496
1659
7739
7460
6141
128
7585
3087
4367
641
7667
692
9054
6035
2133
1093
911
1288
6209
60
2988
1287
6768
679
2567
2628
7190
3298
9060
211
8915
69
6143
1935
388
9457
9602
1189
1336
1958
4443
3859
3715
6667
4439
1667
6869
3117
1717
1962
101
8897
2105
2383
3226
4049
2352
2217
4449
9147
7072
2269
3160
8909
9401
5496
3825
567
6395
6395
8518
585
2110
323
908
9971
7897
124
2000
2221
3701
788
6190
543
2239
5900
6002
1547
7087
3664
7493
5261
3769
6646
1502
592
4257
44
8666
5438
1840
742
2329
2679
2304
6184
47
213
8793
4269
7778
5856
7173
7789
2597
7767
9463
4581
2289
4259
2353
9058
1016
9579
2884
8630
6269
3561
6346
5160
6067
6014
9995
1960
1192
4992
7844
6701
9716
2603
9697
9049
1373
6217
7564
4864
754
4460
5816
2196
6208
779
4383
7891
4726
1809
4122
1767
6717
8236
8129
591
501
2604
3651
9859
7690
2432
5611
71
3513
2412
7448
4903
1363
6418
2659
4084
5407
7347
7610
3538
8807
3386
7294
8771
9938
2793
8689
6158
1796
3190
2715
3496
4220
56
7105
9741
4102
1885
1427
6371
9409
514
386
6063
4308
1555
8129
4927
4609
457
9891
4422
828
8047
7557
6004
215
8966
3765
7396
1857
40
5570
7377
5551
9875
6155
5171
4103
9456
2413
5844
387
3377
7296
2251
5403
5940
9232
5982
4194
8947
3677
4453
7178
5469
3998
5773
731
1298
795
4866
5235
5793
40
4203
8895
5336
2569
9031
6593
4929
1865
612
9983
7540
6754
6982
2302
333
9111
1537
8840
2507
1489
8732
2453
5580
563
6138
8906
1893
9964
6208
3370
2199
6303
2291
908
845
2385
4167
9106
2840
9909
202
564
2371
549
7555
6822
4710
6030
2231
8237
4727
115
8911
5418
1989
1846
5331
3767
2919
7424
5619
8457
223
5178
7363
7084
876
2081
2744
4397
1406
1783
1551
5051
5603
7499
2296
4942
5497
3372
8871
8154
3729
6786
2136
7291
7522
6504
8990
9360
2142
3600
24
1320
7284
5374
8076
3463
5497
7935
5187
9385
824
3382
6233
1377
5037
4099
2261
631
3866
9640
2435
7668
6000
8527
2110
7926
9750
9368
4627
8566
4633
414
2903
2481
9
2423
2201
2161
2081
2191
178
5153
4980
186
464
6317
8541
9408
7822
961
1908
159
251
6403
8094
2807
8027
2399
4398
9333
9930
9286
9351
235
1521
9389
8720
2506
4916
7546
9131
5837
5719
2477
2500
2797
5106
9955
2344
158
375
991
3694
6438
2580
4530
4927
4128
2870
9953
1938
1470
1693
8260
7032
2459
5876
9183
1239
1396
8802
8355
2446
8594
9775
9063
5699
6935
3952
156
8276
5650
6813
7181
2512
9570
4325
5528
1484
5726
3412
6753
4821
2151
2417
10
2301
5221
2518
403
3550
5512
8319
8341
8961
4450
9632
2305
8870
6203
9909
865
2701
5619
7815
8445
863
3006
7797
8956
5583
4047
1920
8663
6418
3920
946
9605
9856
5395
6258
1285
1910
864
862
1803
141
3367
8066
3766
9992
1032
3289
1038
5879
1307
5085
5098
2170
8083
4417
2147
637
2568
1685
176
9316
1679
9061
949
1691
1353
5692
5283
731
1348
174
1883
5819
6807
1647
1934
9024
5268
1812
1239
2606
2693
1350
7150
7365
8489
1307
2988
130
7974
2550
6542
845
7156
418
8499
8168
7445
7679
8957
9171
3212
8463
9501
8659
2205
7966
2228
2376
5105
604
2575
6040
6785
362
1534
1064
5797
7468
8201
3142
6744
2619
1640
2024
5490
8848
1723
8009
2280
2863
6854
7306
591
4283
8887
4156
1264
5636
9758
1201
6335
6668
8409
2172
8272
6898
2119
2631
3938
1008
9525
4351
3036
8254
3518
320
1412
7290
8933
4474
7682
151
4922
5489
9973
832
2054
3405
4423
1533
6561
2045
2629
4410
6470
2593
1635
3991
5224
6819
1958
8507
4776
1265
8042
9606
5442
7944
301
1620
8984
9187
2500
9473
8800
9464
199
7007
2622
332
8093
6321
1606
4493
8309
5647
2268
3428
4568
1229
3042
1419
4026
121
2315
8701
1687
5084
2078
793
7128
6829
4042
6602
1562
1778
1055
5247
8000
816
6459
6168
2950
1684
8024
6283
1756
6834
9099
4698
1792
3696
5752
2381
9429
1711
9344
2595
2637
6889
552
1215
1980
838
6821
4008
1192
1810
1183
7014
5220
2146
1039
3268
8412
7571
8638
7137
4768
9069
9094
3723
8474
261
4931
7633
7042
1013
2550
1724
5528
8243
9387
9069
67
3451
3343
4291
925
5335
8376
3680
8826
6584
6089
4058
2629
7714
3198
5988
5965
3622
4930
6190
6808
8057
1851
7083
1923
3169
227
9398
4791
626
6797
2364
1717
1874
2944
7640
91
847
3217
3380
8140
1592
2938
6560
9728
6873
8388
988
7381
6403
9835
5085
2201
765
1946
1558
422
2434
1214
2820
5303
9311
693
1097
5141
720
2738
5371
1228
8925
5991
7934
7601
6511
7935
8865
3627
5300
578
6738
642
2433
7577
1757
9853
4800
3108
9400
2305
1527
7662
9263
3442
591
3148
4
5377
951
3152
6102
8375
2875
9435
1137
4005
850
3502
7423
5926
2567
308
4286
9728
2437
8004
7627
2641
5892
4629
7099
6927
6752
9499
6064
7085
6255
397
1979
8112
4757
3450
6815
4309
2560
4921
477
7562
1529
5373
3226
8021
975
5042
6666
9266
9015
1506
9708
477
5269
5492
8662
7056
7345
9970
1690
2850
4646
6666
1894
4151
676
5152
4560
543
3334
6281
946
2539
106
4297
3923
4512
2142
9173
6122
6239
6641
9023
7848
4772
7943
4374
1775
6756
9952
8389
6382
1620
5129
9280
2134
3891
1888
1380
1982
2859
7106
4274
5693
3858
7252
2630
6168
4270
3182
9553
8586
7223
2728
7567
7493
7382
4425
1352
3346
9036
7564
1856
4270
1955
5329
3557
7708
1141
4509
272
1798
3009
1279
6588
5378
1554
9338
7743
3275
9372
2231
1665
1968
2203
6568
1931
1391
9956
7306
1724
9493
8199
1637
6310
2319
4978
3896
6210
1133
3771
3766
6045
5083
1482
2576
5071
1580
8022
4612
3081
329
8924
8452
8987
6161
756
4852
5753
3419
4588
6377
6658
2784
1962
2742
9941
2032
7783
3268
3647
6910
3065
5057
3458
2983
272
4917
1269
624
8008
8729
2639
6311
5244
4792
8091
9211
344
1685
4918
7521
3169
3514
8074
7771
3163
3323
9777
6039
671
4141
1968
457
9898
8422
7817
9476
2871
7072
6419
9756
6908
9219
6484
4735
7678
2462
6309
6675
5254
279
4152
4941
795
3321
3759
2687
4228
1527
3396
9803
977
1000
5908
9174
261
8544
3269
4135
1510
538
5921
963
2475
3785
6935
7481
6016
929
2368
558
3184
6784
1492
3584
1303
9723
3964
513
2702
4612
1686
8852
4770
1063
8189
6909
8034
272
6213
9370
1628
605
9339
5453
2049
2007
681
9260
9845
1745
9161
6555
1427
1990
2757
363
2792
2132
8626
5150
6782
7
6078
7080
4093
3625
165
9494
9449
7576
4652
419
8460
6348
8694
8115
6386
6399
9431
380
1956
3661
2036
5102
7921
8567
7077
8846
2101
8230
6320
8007
1487
4254
1316
5684
5256
3481
2887
6441
5856
7352
4370
8123
445
9573
2936
5819
5830
8588
8198
5691
3884
1980
507
3085
194
2115
9655
7140
9277
2241
842
8650
2488
9595
5456
4220
540
6446
9862
9248
963
8378
1697
3385
7531
8639
5181
9122
5846
370
2546
6695
1423
8562
1015
6609
8133
117
3476
8949
1395
6659
7389
1390
7809
4618
4330
5081
6495
9360
3228
8622
9127
6838
9040
2710
8398
2928
8234
3324
7017
2658
6878
6670
9110
5227
2460
2694
2268
4694
4839
811
4271
7758
6378
9753
7827
848
9852
3489
109
87
7586
8961
1525
792
6585
2669
5991
5614
9065
7411
5048
2061
7847
20
4685
5883
2374
1405
2723
5374
3349
7627
9693
74
6861
948
3571
1688
4477
4736
938
7518
1697
9403
2756
4001
3359
960
6469
2596
4338
2349
7996
4301
3712
1219
8453
4399
3513
5429
271
9091
9160
1596
3711
6406
347
4170
8425
7945
6737
2474
6210
1561
6782
10
4237
6572
641
2585
252
3566
7645
2789
1803
5271
515
7573
5628
3965
32
4965
5273
4656
2969
522
1118
8866
9748
586
2595
7833
181
427
186
5920
5458
8354
5273
6021
4081
2614
970
7531
9505
893
7533
2742
4842
9217
1224
8794
5779
2190
5975
1052
7083
7802
2676
9532
3191
9527
5234
1443
7199
7914
5866
7023
38
2923
3052
31
1577
6
4814
3464
131
4212
5835
1891
9354
4652
8993
5826
1528
4674
213
1902
525
4135
651
9802
2973
5061
9553
9038
7960
7085
2221
619
2527
1425
1588
930
7107
8264
2887
4128
8372
7809
8013
5300
7259
2448
8652
1323
2220
259
9238
5472
2223
1350
8809
2095
2788
3240
3881
5519
5944
2925
2488
717
3563
6311
8308
2922
5189
9246
3325
8837
1059
5959
4955
193
9546
4005
1428
7040
782
3240
8360
7432
5058
1343
9654
1564
1551
3803
7201
433
707
3252
8643
2347
1772
951
229
380
6423
2119
8530
2400
9194
6625
5438
8438
8808
3555
4518
1284
480
1595
6302
860
9047
6078
4425
2676
2342
2936
846
7968
6823
4245
1396
8800
7181
3463
6724
5087
9186
9941
8580
651
2405
6983
3356
2068
2656
931
4912
7859
8099
2519
4144
711
9223
8646
5866
8160
2404
1571
5743
5243
7704
9388
7434
7155
6741
2883
577
7935
7932
303
3352
448
1078
3427
4958
4999
9247
8797
46
4355
3523
7951
2555
9347
1166
6674
2693
1766
1439
4326
6228
8495
1778
4993
7706
8281
7100
2993
1401
2751
4895
6403
8696
2436
1466
4329
4379
8551
8340
2647
6094
9388
7396
750
5618
6532
9297
8920
652
8271
3311
2268
3467
8598
1845
8505
4664
5774
9066
4026
6690
5243
8386
4263
1960
8286
2281
8982
5341
8685
1948
3576
9023
9832
6226
8521
4239
6677
5814
4208
8697
708
8814
3975
9272
2129
7427
1904
6735
9787
378
2662
6294
8521
7261
8272
6469
5160
9162
4188
2217
1532
926
2747
2479
9115
8980
9788
7212
1596
3466
1429
4518
5902
8432
6180
2280
9249
9648
5533
3845
4257
3999
329
713
338
920
7355
7046
6778
7441
4905
8971
2339
3907
4154
9906
3393
1552
586
1212
7746
3839
604
74
1699
6815
360
7310
3049
2944
5333
1894
5856
8756
9377
4506
8621
4845
4330
16
5116
1083
6366
7448
9285
2836
153
7954
5379
9533
5106
2507
8989
771
9054
6061
6971
5541
7211
6001
4033
9536
4546
1048
570
8703
4129
8411
402
2290
6554
445
3174
2045
9195
4614
9662
5733
5936
4774
1570
7144
5048
5247
1063
9708
6934
9144
8848
8647
8343
2352
4577
4949
4780
209
7117
9292
8132
9990
2891
2592
2509
2133
7743
914
4290
7028
3698
5634
3992
7256
1197
3829
8562
3172
2646
3871
5526
3022
8248
8801
115
3772
4465
5259
7708
4255
3531
8430
1376
7457
701
8395
2454
382
1104
734
3469
1892
3498
4416
5178
3792
41
3200
7482
3436
8759
9798
649
1839
7116
6660
8104
4497
889
5381
600
5090
577
8192
3071
5848
323
4594
6065
3702
4862
5952
532
8769
8573
1738
5946
4275
2145
8556
5626
2784
124
1804
6489
6766
8416
8752
1565
6647
150
5245
796
5065
1104
342
1638
3615
5653
3222
2029
3165
581
8999
5727
2336
310
3333
7288
1804
8104
7363
8789
315
6579
5811
58
7712
610
6824
1738
7461
7016
8093
9529
6325
2394
8048
1953
6035
758
5796
2927
4754
9149
5409
8519
2393
3035
5480
4084
6513
1240
4014
921
248
891
9994
1206
7797
1479
6789
9079
9297
2601
3241
4271
1460
2108
6929
8104
1797
6055
2673
8639
7015
9708
8709
4821
8331
181
2240
1287
4505
1434
2597
6250
215
2181
1362
2613
7168
1530
1488
7725
6869
2663
7790
1920
89
9577
9537
6158
3652
421
1994
1880
8936
2425
6585
5292
2949
5357
6514
1149
7858
4057
1361
9921
1908
2501
4714
9793
4712
591
3455
6560
2775
8658
4911
6677
2277
1743
5350
5870
529
6321
737
3728
3770
8494
886
4278
5878
6810
8983
4288
8443
6565
1014
6295
7670
5783
3682
3856
5289
3984
6622
8156
9204
8389
5561
41
645
5517
8013
6209
5420
1917
3663
5326
747
7366
5924
2573
158
193
6405
9681
5813
3612
6428
1714
9432
8892
4154
8746
5256
8053
143
1531
8991
7069
6768
7410
8261
1593
3624
5359
1960
4486
6079
653
6124
7808
7404
187
127
5804
3318
842
9314
9174
3873
8971
9775
7807
3619
1238
2478
2931
4575
3216
4563
2842
8876
1479
6929
4459
9685
720
1673
1472
6601
2049
9367
8557
727
1875
1832
5815
336
2419
1500
5482
7607
7307
869
5913
4587
3708
3553
7014
162
660
6231
2967
7239
546
5483
9623
3384
1670
144
4965
2686
9157
8679
4898
986
3312
9848
8100
5855
3592
9195
8558
521
7943
5535
1235
8406
5833
1054
9718
1317
529
9426
2109
6057
5737
5968
5324
1611
2980
6369
1692
1279
7216
9294
5908
205
4918
4929
6878
7110
4670
5189
2681
5200
5787
6183
1971
1437
1179
4583
4247
2142
1468
1932
9574
72
1013
1926
1884
2647
5225
1699
8556
930
4300
6891
3393
1802
8034
7422
6542
6352
8795
1016
393
3922
492
340
960
8889
2327
6951
2068
3669
3044
6656
4838
4575
3167
1169
2356
0
4368
2607
8802
3498
6845
1412
1242
1657
5981
25
8889
1909
6411
5237
787
5894
5395
657
2918
980
1273
2469
5669
6623
2330
1620
2021
8166
7356
1953
6344
5811
1121
7919
4144
5860
8589
7070
3308
2576
6823
8853
358
2654
9091
9622
3979
1718
3049
7666
5495
2301
1792
4190
8563
5893
2853
2733
4353
5519
3271
9563
1713
7442
2644
7109
2643
966
8868
1281
9999
1529
4017
4079
9268
3535
8475
4677
2816
7225
5222
1490
2690
1401
6018
9428
8051
530
9061
5494
3530
3562
1736
8019
4585
890
2546
3712
5294
5080
2615
202
2743
5181
4060
6526
4102
7282
6269
5177
2228
9639
2895
136
4203
9492
8918
1471
6928
2045
2906
520
7595
3592
3639
82
7638
142
6420
209
2205
5009
2069
7020
1233
7122
8837
4901
755
9936
2544
1866
7109
5880
6269
9497
1608
1742
5526
2347
4543
8877
2798
6315
1997
9159
5466
4486
9043
2287
9070
7609
3655
8109
7827
5362
1711
7872
7745
1972
9764
846
204
9760
1670
9796
6461
9523
8359
7692
2007
8348
8507
3625
826
3734
9594
2649
3771
6993
3523
5164
1751
5864
7330
7808
6085
5891
386
7645
1100
9450
773
9912
2218
9840
1150
9397
4864
6345
843
1895
9062
8973
7448
5821
1064
1519
7880
1470
3471
9338
4064
5250
9407
1752
25
8082
344
8005
1079
5287
9494
7577
1896
7575
9921
9065
3515
5153
1027
2919
92
7749
5752
7988
8261
7453
4033
8001
4524
4631
6786
9231
1908
1477
4486
9939
4241
688
2465
7074
9281
397
6144
5537
357
3118
1945
4187
6048
1695
2009
2849
6247
3665
6739
7898
7153
1906
4998
2159
9073
6158
4297
8645
2086
6944
361
7438
8822
1753
4379
9971
8094
5681
4542
2106
2493
3606
8058
2405
1528
587
3024
2096
5150
6896
3987
9944
298
5026
148
9801
8477
6153
9420
1057
3418
8908
5149
6388
5547
1360
3612
2303
589
9062
4630
2885
5869
6650
5322
7945
9288
3080
6796
6208
1755
2475
7821
6868
3191
1290
415
7379
1563
2500
5636
3152
7455
9855
650
4045
8076
2258
3289
3949
6387
8162
35
2416
1633
3169
3639
8243
4153
4593
9734
4147
8425
8747
8635
150
6818
3166
4887
6467
97
6393
2027
5882
5064
3663
7883
5550
7471
1151
1072
756
6135
9232
9131
2070
1107
160
4034
2234
4740
235
7463
4469
4925
4600
2420
7
8718
1752
2925
995
4954
7865
504
1697
2607
1145
7078
5633
2203
6350
1283
4546
5972
984
1208
5569
252
2402
2071
358
7922
9282
4821
845
5664
7766
767
8160
1925
607
7578
10
9946
1967
1343
9026
236
5568
448
4143
2619
9475
14
4170
8592
9059
306
4521
7965
5216
1677
4558
4361
7935
5864
2067
2456
8227
2566
2296
6031
4687
5579
4916
7996
7061
2123
2262
9127
1597
8361
1580
6473
9929
1721
7217
4948
8787
9678
8419
6725
2768
9612
9981
8511
7619
8333
4812
1760
4804
7838
7141
3349
6935
1169
7764
4963
7583
488
8367
8711
829
1458
2504
4452
423
3692
1720
7018
4136
3495
3579
1947
7001
2701
6040
4787
5628
7475
2581
7436
6866
1137
7858
2754
3399
2278
194
3055
2984
743
9210
2211
7316
4067
417
829
9749
8813
1036
565
7060
678
9733
9220
3171
8901
3654
2453
1715
6698
9526
5225
7092
5387
6646
6904
8117
3284
8972
2943
1560
8964
3696
1111
9273
6967
118
5577
1706
37
672
2380
8147
9359
3437
3239
4315
702
9713
739
8090
4151
4914
1036
8705
9103
1672
3952
9286
546
8739
8882
2149
6822
2229
681
1845
149
7054
542
6180
3151
1459
1983
7676
1356
4661
3348
5074
8963
9841
8193
2830
4434
373
5422
8243
869
2609
3078
9269
6872
6497
8063
1372
4356
1187
7215
7106
2822
4556
4982
9122
5068
1909
8210
8388
468
7436
4584
2342
7367
1168
6089
2004
1364
5411
6341
19
4869
7865
13
122
1521
1601
5081
7454
8905
8450
5266
6820
3410
2782
2791
1505
7240
326
8156
1655
4181
9206
5572
4617
2436
5089
2258
311
736
6362
3627
2723
8119
4584
3218
3595
1261
4056
3645
870
6169
632
411
4152
9551
2538
2509
377
6717
8226
2707
1307
7486
7004
635
2648
6290
3441
5556
7675
6502
2974
7289
8997
4936
1414
472
2834
8254
3454
7636
8175
1918
323
2018
255
2567
6985
2844
3331
6144
5858
5478
869
6299
8516
3209
6027
8347
5094
330
2651
121
7350
9206
1383
6296
8504
2284
681
4931
7275
1103
1995
4755
2674
7711
9386
1293
4402
7148
4036
1002
7741
2167
9734
5749
5483
9666
4888
1921
7654
247
9022
9507
1183
4198
1912
2182
6445
5717
2434
1883
2586
1680
9976
1643
4981
8904
3787
9954
953
7883
3941
6839
4364
3964
8046
180
8594
5488
2678
2099
4699
1704
9199
9019
9580
3432
1453
6472
8391
1620
2025
7209
9871
8230
5836
9616
7104
2505
9867
3046
9630
5976
7807
326
483
7557
7349
5917
9831
6329
3391
2328
1309
7650
3584
4999
4471
1009
4187
3106
701
811
5845
2694
3670
5964
6606
8538
2109
4741
8195
5991
6834
5938
3704
5445
4065
1714
585
2970
1824
2487
4329
7186
4068
2058
8448
7475
8439
8437
9312
8863
5710
6189
4448
6574
4706
4732
2626
1105
7330
4568
1800
8953
8560
7981
3016
9004
102
5171
1451
564
5093
8899
3341
255
5530
1633
8047
1217
887
3569
2098
585
14
3380
845
9063
7759
7325
6490
8380
8838
4730
7877
5779
3154
1427
2141
3410
6799
8742
6744
9905
9741
672
1588
9014
5281
5160
2508
9156
7404
9964
3895
6247
4482
7333
6684
2356
8260
8405
7925
5960
5909
4526
7779
9536
2381
3007
1845
3905
6626
446
8487
3117
993
2028
774
1004
585
6919
9948
4489
395
287
3832
3884
422
8487
1595
6804
3994
7278
6144
3334
7619
3218
5320
2503
7591
9619
2385
4091
8025
5913
5630
9836
1961
7359
8684
6605
1267
2216
7112
4107
4628
143
1583
1606
3408
5543
1082
266
631
657
1966
7298
3484
2153
1243
3410
9726
41
5620
2109
938
5206
1286
3381
8109
8461
875
1789
360
7378
5972
8581
5515
7013
5664
3116
7755
3754
3105
4290
6196
5427
1228
239
52
2642
453
5733
3141
457
1191
1698
6814
475
5498
6290
18
1774
1754
2600
6871
9759
7134
3229
824
251
9607
7718
9276
6634
8083
2401
1065
4816
3075
1855
9847
8078
4784
3865
1782
1691
2049
488
3069
2125
764
7549
631
8380
7974
3442
9597
7732
3659
9819
6208
4918
252
7545
2521
1483
5066
1809
6269
521
5493
5730
6887
4583
5763
1419
4716
9212
1693
2354
1389
8825
985
5357
768
4000
5028
6023
5020
700
5539
9334
4145
2416
6049
4800
8017
1097
5565
1706
2424
5056
8720
2751
1169
2072
1844
9515
1654
8653
6932
592
6666
260
9752
2662
9138
7294
1723
413
9416
1851
6928
9207
525
4323
2166
7283
3317
2060
5254
3264
5269
2164
4599
3878
4191
4243
8412
1897
3608
296
646
270
8060
2679
7583
564
1271
500
4645
9515
5030
7103
4439
3321
831
2385
8142
1157
9186
4746
6734
5809
8425
1937
9991
1193
1715
293
7777
8117
3295
9061
740
4821
6230
7817
1928
4912
585
7092
3690
6299
2849
1692
8849
3070
5664
4696
1298
4359
651
7787
2299
6176
7868
1871
7827
9614
2712
3205
6416
3116
1964
4510
1186
3274
7811
8435
9929
765
5618
4120
4832
2097
2595
1880
5094
8003
742
2285
2264
1480
5951
837
3939
4889
1928
6870
1590
8594
7657
6986
497
3816
9807
6376
9272
4726
937
1084
123
4106
2787
8811
1823
5548
8257
6656
574
2412
6909
3591
9454
8888
3118
1814
2274
4449
2352
9244
836
8716
1286
3903
8646
1882
1076
3503
2829
1105
9717
3340
3511
1192
8105
5793
8964
3647
9794
4328
6850
7043
2885
3394
7353
4075
629
5186
384
3808
2180
414
7373
3395
1549
5542
8123
7138
7909
438
237
2706
5289
1034
5254
6436
2700
4340
9394
6228
5906
8699
2409
9089
4222
4946
6525
7367
1227
914
3807
8369
631
268
7378
8878
7895
686
8646
4147
7561
839
5948
7123
9235
8261
206
8994
8352
1130
4033
5953
6792
7360
5436
4959
9883
7841
2550
9158
6392
5516
3950
5513
6514
2276
9280
1479
1272
2969
4096
6693
5173
239
4962
7547
2932
1193
149
1708
900
1953
4349
8319
6919
1691
8275
5808
5655
1845
4318
5439
6339
1002
7442
1838
3758
77
3113
8643
1372
8755
5285
5007
8240
2639
2824
2770
8203
3209
1031
9403
5127
1065
649
1654
1196
3037
2965
946
7976
1369
9560
5036
2788
5938
5076
4863
4175
4720
1162
2349
9383
8191
5479
3008
3848
8385
8392
4415
1133
7002
8491
584
4346
9069
8257
2651
8800
354
8473
7192
2873
8228
8255
9604
3431
1615
4572
9615
9169
1892
7320
2940
2466
6926
2109
4886
9731
5230
1065
4172
2077
6288
5095
1271
814
1208
8570
9775
408
7038
7930
5051
9790
6111
1992
3633
2990
8648
6112
2041
8026
4688
7728
3593
9288
2686
4007
225
8742
1099
9088
2094
9068
3044
341
8403
3614
8429
3533
910
5436
5795
6925
1477
2223
1647
7376
9975
9396
3140
8506
5601
2387
843
131
315
11
3165
5224
6117
6090
263
2952
5538
9933
272
653
8130
6946
5258
1168
2954
2035
3128
2443
5408
4328
3340
4317
8785
9315
4989
5791
4673
1781
5503
61
1947
778
2610
3976
3340
2102
5459
1994
222
8473
1997
2149
8587
132
4688
1746
3928
4331
1028
3932
7756
2608
4336
1572
5815
3680
5113
636
2849
8087
5683
6356
5694
9227
3527
8174
1886
9464
5771
8858
7462
7226
3266
2343
8829
377
6060
9909
7452
3479
9752
2235
7594
1452
2421
2911
2415
4929
2689
934
5705
8305
8577
5636
3296
4499
4974
7124
6495
8739
3219
1204
3111
2996
2917
3976
8182
6
8885
5314
1684
9372
1631
652
1501
7606
1084
5416
2768
5940
3450
1506
2497
7320
6014
3361
387
4475
8741
2592
7294
5615
8935
5534
6918
8560
5282
8421
1367
5405
7314
3695
8674
2346
6204
9416
2509
167
4631
9478
8359
9388
5856
3041
4467
6842
4468
5538
4375
3006
3168
509
7451
8134
1456
8896
3164
5431
1244
9506
3378
1900
2907
5803
5009
5298
5089
2917
7334
1650
5831
8799
4566
8389
4921
9746
2066
1993
7820
3190
3793
975
7624
6497
5525
2220
2258
8883
4499
9391
7184
5227
7363
1648
1864
3990
2877
1567
5400
2480
200
5863
9333
7628
1305
5859
3921
1696
9437
7489
7355
1708
2773
9708
6968
340
7585
3389
1924
6397
6400
6662
6034
8801
3982
4685
5028
8395
5590
5995
5273
9119
726
26
4424
3525
4091
5153
2681
1425
5461
3162
6235
8740
2750
7561
5378
1519
6149
5041
8450
5655
9946
6029
8987
6549
4815
639
645
9698
8233
7691
6635
775
1567
9249
7802
4595
6797
6660
3758
2868
2709
3963
5029
765
756
1629
9763
6442
186
5696
1701
8653
749
6718
5492
5544
6186
7024
7137
1892
4256
1733
9671
2322
6300
5461
8037
2254
602
3975
9028
2412
2966
2731
4479
9289
6657
4980
819
8443
5117
8991
14
6224
1085
9459
1555
4258
8105
9235
2033
2281
5470
9178
5587
2795
2186
8480
9403
1228
5049
4961
329
6143
7232
4657
7199
1884
5914
4945
5799
7787
1104
918
2540
6988
2233
3717
5910
5327
9797
2257
271
8714
987
870
9385
3686
3998
3240
9754
4025
6982
6216
1585
8777
5721
4521
449
4969
4059
4832
1915
1664
1999
2594
1367
2871
4895
5991
9374
1080
9702
8964
6961
5115
5522
8104
1553
651
2958
7032
2647
1992
1605
312
4977
254
5099
519
8894
4447
7748
6682
1232
1433
3629
3013
8754
6349
8782
3220
5493
6304
5475
7344
9086
425
3852
3673
9140
3512
1207
7796
748
4260
9725
6854
5418
1913
4011
437
7367
5061
5413
9570
247
3672
5510
763
6071
5969
1966
3846
1602
7184
3987
4978
8274
5191
1884
4637
7447
74
1163
294
2427
3267
6683
8651
2664
4788
4788
4415
7053
7630
6611
3012
307
6356
9138
2316
2095
8062
3649
3344
531
4068
8559
95
9087
4974
63
4030
2803
1250
3400
9943
6870
1999
1713
15
913
9601
1741
6006
7600
7990
3734
3558
10000
