11959
4618
22476
15424
7909
29542
15174
9069
15317
3957
20411
26729
12564
352
10817
22591
12944
7214
17747
26837
28330
25738
9088
8397
26252
22471
2656
13994
8381
9249
27084
11060
27122
13894
17230
25373
6184
16405
9687
996
1007
7333
4528
6138
11273
13705
22707
15908
14131
19794
20155
26656
18499
21334
24153
27787
22643
9392
21961
28674
3069
24200
36
27016
13544
9621
24278
17959
30753
1759
5971
28634
18637
21962
26886
15275
11742
11088
16266
793
1508
27278
13597
27836
15654
28290
6482
10284
10738
17683
20486
8478
817
6993
7316
28112
9534
16127
11597
31912
6393
22863
31522
17688
4375
18156
20900
32708
20924
12605
4911
10727
13899
19689
3425
22514
18813
24982
29137
7031
9136
32503
18174
70
898
773
25990
25814
21663
21900
21913
12774
6359
31978
8364
13667
26484
28691
27506
9357
30410
18905
27656
2390
25615
16747
4208
7946
11629
3099
26944
25141
4694
3172
11419
22466
19992
29227
25953
20320
24753
12357
8867
9514
23012
27450
15194
18054
23180
17736
31320
32333
16433
11179
18046
19501
11993
2332
6960
19276
27936
408
25862
27694
18059
7010
5828
1497
26650
31051
2701
567
27420
2609
851
10683
583
20934
25234
21063
32008
11922
26174
30030
5400
16700
762
28982
14928
22789
11914
31232
20670
2453
11915
32042
5368
19962
16225
31956
6832
23790
10098
9763
6537
4696
2706
9955
31785
4630
4541
1648
26000
2042
15116
1494
8360
10514
26082
19255
11805
23085
28518
23661
25710
8090
29495
11505
22085
14899
1115
17147
29444
5531
29304
14315
5536
27587
28486
6120
30130
16819
10308
25799
11979
8583
10410
16430
21000
13751
6047
249
13799
10652
9901
14300
30809
29488
17522
26442
26393
27158
26520
29334
16955
20442
1543
2137
3336
11641
3160
3091
24841
10788
27021
17173
30562
16193
768
18590
23650
28083
9370
3396
343
22619
16709
26005
8359
26590
6052
27647
10268
23465
3841
14829
7552
27699
24711
15411
12650
25218
24753
9900
29783
18673
32002
19233
25084
6448
16887
22381
14043
2956
32058
16095
17429
27505
20504
21216
13695
5421
17973
20182
32247
246
17534
23368
24057
32559
25696
19522
14445
2535
3895
7931
10691
20387
28170
31413
5442
23389
373
14565
7325
32204
30182
14484
13768
23526
2061
261
21257
18084
3469
30616
20818
16389
30200
11502
8398
20821
22522
1358
23482
5807
24276
16455
16246
9153
11276
9111
15324
9679
355
19788
3280
26362
18184
28969
4632
5827
16907
1355
22895
31691
3860
8717
3796
29404
13653
6440
18216
24365
26045
2079
22776
28642
14959
27098
14232
24275
2674
27536
1137
3214
9642
2283
19099
7583
3335
13159
6319
32015
31484
2300
27862
26666
20531
24060
10022
26501
14463
7742
30255
22848
7186
18812
29136
28809
12528
3834
22608
20065
16547
19560
8617
6051
30256
29706
23847
11330
18507
7702
3378
25554
21447
18782
30056
29514
14928
3886
3824
24584
22876
20088
5898
9237
27999
4654
27626
26539
30014
14064
11206
29684
27143
5095
18990
17173
7903
10993
3996
20843
23868
9214
14156
5140
4436
6074
8013
14514
6869
28012
16089
4715
5590
20509
22242
22581
12301
32510
4333
6224
24131
32004
35
1299
1542
25557
14501
32492
28574
24039
28961
32675
5186
3046
25251
19166
7307
22871
23213
2026
9000
1148
13193
10424
4052
23927
9950
16934
7813
177
11906
14720
26342
4221
26511
27463
30728
12793
11193
12081
23636
20789
21726
23920
6597
28824
24287
14647
596
1919
23471
25723
26803
13350
28073
16631
3389
17612
15399
25202
22318
23570
5712
30276
11791
13477
14385
17431
1909
18460
26128
11243
31979
23844
20988
17757
32301
16602
32681
1064
29591
12152
6779
1516
25820
12340
29153
27950
30715
26725
4068
28064
23663
10728
7680
28067
30374
16578
3122
24843
24501
17414
11858
16674
3402
28154
17315
17903
13794
16245
7337
17592
17724
29323
21306
22469
29965
108
18648
13159
24053
16010
24382
19513
5298
22266
7993
12966
10132
8221
16825
18347
4144
6015
20264
11998
27993
1023
18682
8624
6476
817
4486
2031
28715
1536
1556
31119
23213
152
32567
3497
28947
20867
11101
6852
19038
9233
30628
19540
19391
20990
31471
12672
3151
2127
5946
10536
8448
13181
17706
20263
25811
30421
15848
20181
4428
13087
30512
16080
15140
24702
9637
27133
1853
16279
14696
10697
11227
9717
2280
13749
4624
27052
7676
3089
11128
12349
22831
22535
20519
9402
24410
30940
14560
22827
1401
3699
27015
22319
11959
12051
8153
9191
20683
10857
6747
15119
4743
32209
19344
17774
14510
24017
19823
3697
21767
30950
10516
32019
27567
22404
18102
5119
691
32088
6617
15609
20446
12240
24005
25466
30928
1501
30262
8858
6480
9464
18517
2611
996
20323
8167
16196
28830
10161
29893
31635
3640
19848
9356
12439
10596
14246
29845
20884
24157
28450
28712
2312
2242
4084
30444
23878
26020
12984
4002
2145
7134
9135
21267
1867
7844
2823
839
9278
7775
27228
8952
91
31672
4990
8518
24722
28915
31861
28077
16833
25983
5314
2099
30752
8139
32744
25062
24028
18779
22827
8581
21762
31002
25752
8318
8351
14322
20805
13336
22822
13210
28890
5874
17
5039
2128
1708
30411
9479
7673
27108
23758
20290
26817
4708
6408
2209
17587
28569
4740
15388
20671
17736
23622
21934
6586
14972
22647
26868
30374
21699
5826
9718
31284
13209
29181
4165
7559
8229
12556
11334
2107
17699
12034
5837
6566
8994
20106
15085
5981
5359
15494
6671
9466
30801
17909
23106
26909
20214
17690
3794
945
27566
27099
28444
14705
32727
24935
28576
30890
7448
8475
29016
6978
32595
22695
31561
2553
13012
20332
12887
9455
27343
12585
861
5479
7177
3543
13181
27850
12245
4305
19125
13551
25410
13112
3251
21913
9875
28054
29675
29505
4335
11457
25318
11030
15450
3587
32733
20547
7652
9847
28294
3696
11808
22966
23598
5515
30168
947
4616
13000
21247
31204
453
31462
2535
10147
100
27061
30389
18899
9036
6869
29457
3526
29592
32704
17442
5982
27570
14090
9401
12915
29475
26856
16332
13173
19625
19696
12071
19283
10890
15647
21086
21147
23849
31264
4614
20450
20439
1227
25380
15718
18411
12525
7910
20978
6677
21831
657
20738
18927
15577
27579
9768
18389
15712
9402
20398
16631
5917
21852
23677
13740
472
27609
317
18954
2853
4613
2238
1203
10726
714
9111
28657
11025
21462
23309
20742
23475
1937
11062
27069
5173
31570
2142
30789
2270
1490
21417
26943
922
23009
762
28694
27386
343
20
31119
14971
1102
767
11425
20491
4238
27566
28038
13001
13641
24286
5906
14093
1801
10817
24132
9128
16358
13276
5147
15469
12284
30893
14762
22000
4636
24210
6767
22157
6338
23910
24801
18604
18247
17261
22856
25156
27480
6386
22225
9630
19111
26414
28386
32604
22752
26220
32427
1465
2527
22379
12030
15634
5152
3076
27232
1446
14199
25356
31072
5786
23553
15228
14631
10816
7514
8911
8273
16280
5648
17068
1531
5399
32600
20933
24349
16552
30976
3071
26139
2289
3493
30163
24726
25559
18214
28404
30600
15940
26456
22578
21904
28967
6396
20638
32650
1981
11502
19951
7011
15120
14239
5156
6443
18109
8900
20587
29292
31481
1872
23362
29627
12246
25504
26076
17548
32195
502
5830
8523
24402
9001
22986
31656
8255
16795
26388
30002
15789
106
17811
26663
7090
6891
19618
29322
13334
26708
26856
14199
8792
18360
10364
19124
12530
2105
21069
31368
19422
8569
3266
27600
31833
20561
22429
15439
20967
27590
23845
8006
23703
1592
24196
10308
7304
11997
16238
14400
2732
26478
29955
16613
7884
8736
23543
21037
30413
23510
14832
9777
817
9877
28207
8000
23777
14392
5491
27694
10281
20837
9498
18158
10500
4287
16778
355
27802
1629
21455
21620
11271
7036
8837
9567
19550
8816
29177
13647
8173
8929
28555
28464
19651
13875
27735
18370
31856
2118
11028
25580
14604
20576
17723
31060
7035
22119
27500
7468
12014
22612
1295
30031
11693
25572
29495
32652
31509
30864
31435
25409
32476
1472
6631
300
17821
6460
19584
13695
2704
20963
1095
50
3736
27295
22480
1949
24708
29080
11508
10566
31374
32680
25204
3320
22824
1040
15582
28181
28409
30825
6837
3884
6690
4317
13260
3022
32453
15510
26611
31902
27336
2679
24789
8616
9942
17930
2849
1780
22695
24762
10984
22362
23170
31555
3911
20887
11264
9062
10565
5025
24594
6625
2558
12344
11333
13470
3074
17086
32069
12587
11256
30024
13472
2922
21639
11509
29645
11402
8566
20607
6253
1589
24081
23823
19920
28171
17103
15702
22459
19792
13875
5849
31337
30945
5360
396
9167
17773
17744
23971
14885
11233
6614
15269
13217
4644
18211
2754
23430
3077
28950
358
26717
10354
4919
29710
18306
7914
18518
3675
16867
28980
13679
8804
24069
21842
7121
593
9032
31665
22143
6182
8811
1442
18135
12252
26450
16398
29809
10166
14343
30308
25674
31442
17664
29143
27426
23039
11936
30919
32546
18126
1023
25212
19650
25836
7918
4890
4842
30126
310
29649
2647
12782
5921
15189
23617
30230
828
6798
27707
29818
22362
8592
31066
25067
24284
28877
23193
20616
24112
2697
23164
11480
27544
22671
30196
4374
17709
14883
643
25292
18467
11831
32672
28324
27982
28130
5981
30330
28389
2829
4679
26037
31623
26480
17038
8152
6779
6077
10854
7508
9532
1818
25004
19105
31285
28373
32461
23948
19657
30291
1764
5331
13974
3914
10530
5615
28155
25136
18803
23857
17879
24308
7774
29712
23188
17899
26157
25026
4197
15629
30543
2569
18123
17761
12282
28240
25950
9398
2325
1270
9674
6036
20564
6890
16152
24434
19877
29560
22063
297
22475
6754
22426
18345
7240
7219
7819
24299
7809
6352
3360
6951
12829
25680
31206
16454
29870
10765
5788
23962
2707
17915
13369
4557
8989
18489
2096
19223
2032
22246
22258
22452
15276
25142
10164
23190
27597
24261
25971
30807
14800
31275
4406
20593
8088
32208
27028
5809
29455
21506
11125
24809
19728
25412
20509
31974
22405
13289
27750
25249
18124
5090
5452
5817
608
11477
28079
4385
16565
16495
16725
31766
6755
32506
20783
24405
22663
11314
13533
2954
614
1620
30067
23051
28244
9081
17790
5318
22997
14626
31298
6777
19713
532
10822
4897
19757
13926
5395
18612
8903
18904
14392
30738
13954
25702
13713
11833
18867
18717
28361
1465
3579
7982
31262
22633
24615
20801
21604
14679
10836
30475
29773
19205
12631
32035
8935
17874
20828
32529
15718
17078
28108
1960
17444
7730
6261
11159
23270
1927
13285
12858
7777
4135
5398
16566
29437
20329
26705
15172
12504
28288
23884
20685
20750
12462
24214
25784
56
19381
22580
19200
14898
9359
20877
2697
21282
17502
24195
6580
4533
6566
11235
18737
16044
22970
11007
20756
19864
5748
8345
13355
737
23593
6915
28047
15117
27612
4997
7290
14143
26034
16127
8792
4862
30630
20943
26401
18232
25726
15093
14309
24199
30462
6773
29609
16050
13659
30461
31345
11127
26867
30408
4766
26248
20026
8130
14458
4307
248
25325
3090
12550
30898
30467
20804
851
10597
18013
13848
30321
7291
29715
21332
31203
5623
15461
6986
380
6643
13402
10997
25123
26188
11430
12612
27604
13468
15313
24758
25831
22632
13206
7975
19093
3483
1418
26602
31416
2867
23294
5143
10962
11835
25637
32038
20561
20729
8826
11709
24081
8808
12892
5319
31523
4585
22523
28358
5837
9013
21368
22890
32209
16022
16456
17762
21746
20823
986
14962
7349
21112
3961
8646
8805
32679
31091
2694
601
26220
12667
7338
8058
3492
21580
11792
13311
21296
25231
11723
24443
20974
24319
22975
22042
25576
6091
29291
5415
5324
7995
24837
16594
6301
14231
972
3889
6823
13893
5274
25732
30904
8753
23992
1213
16013
4466
12535
32320
30091
2602
21756
12775
7344
27309
23772
7241
23752
7398
7657
17468
19684
6391
14283
29336
23304
31520
25298
5950
11556
12514
30858
32601
3653
356
27280
16612
15373
29973
7077
32621
10337
24723
20225
28184
865
5836
8681
13030
8605
1635
17284
3895
4741
18005
24299
29070
31522
21980
27519
21653
2308
5011
22399
3937
4476
12251
16602
31478
12555
7806
12353
4366
32537
19347
2689
26646
10730
6050
11280
12410
3791
24328
25317
5922
8857
4252
14989
12605
15955
6034
20092
21821
9265
7328
5793
1314
20675
25184
25149
19964
27758
16630
29940
16555
28957
1266
31269
26602
22580
13688
17015
24460
25798
1438
32692
28932
24071
29973
29403
22827
19972
25612
16496
6974
6289
7761
24343
1318
32387
8633
21601
18685
24864
9155
13286
20429
22996
6776
5268
10651
31270
19605
28742
16036
18409
11500
8600
9702
18871
1288
29690
17634
14235
13072
31236
7329
9230
32493
7690
26613
12581
19119
8431
28417
9736
8749
31550
13307
30886
28140
21622
23857
8103
19779
1190
74
16546
23484
21562
13007
3729
26044
28181
1002
27778
20583
14304
17261
10383
14526
1185
14869
25359
3594
21903
14097
30222
11134
7461
5822
28923
13592
14453
9909
31905
15304
4799
2823
15193
27860
10050
2247
31101
20603
21842
22985
16927
23513
15019
28074
11259
23050
2053
15376
29355
28818
1000
3123
12314
17148
12226
21917
19003
31170
17207
7726
26875
12397
29112
31074
2164
3837
11863
3287
31587
4747
25049
15881
29148
18733
18189
28000
22588
1306
24925
25198
8800
19215
16803
19825
22292
32753
3390
544
28622
6579
31588
20388
24733
22394
15545
6628
23644
17663
289
6149
10539
3381
4051
23601
6432
24621
9648
2200
31545
28726
3538
21941
6293
19016
10343
19923
4580
3491
21440
25039
12573
18099
27557
15135
879
28983
21228
28435
20345
26018
15178
30555
15293
13761
8040
5066
14674
15519
9017
31066
1754
26022
20108
29295
24500
28422
21981
21600
11123
11099
25969
28211
16782
1674
8866
21672
5464
20971
22391
12154
24115
7086
31863
27617
4097
5495
5311
30811
14300
20044
4179
28076
4359
17329
10418
18723
26148
3601
27565
7200
4775
11360
26744
21715
14474
13055
13058
1094
32323
25056
12674
17822
26867
26090
26706
10910
9952
18847
14337
20844
24101
22780
16804
1944
21416
31904
25964
7770
32333
20529
3966
21531
23145
30716
18174
30519
4474
31195
13165
9730
18965
7516
3126
20489
13343
5919
9859
23706
9536
896
5461
6790
22933
29814
4052
23845
11429
5819
4580
27291
24215
12846
27384
8026
14754
2421
12075
27368
11204
23782
16013
2531
10423
5288
22202
8514
26657
22037
25266
7901
21515
2147
31972
816
15252
3204
22412
30811
7654
11338
32575
23150
8554
1231
11204
5348
2872
28692
4902
31085
19154
12776
29447
29681
28177
27660
17463
16337
4447
7572
19590
624
8231
12688
726
28402
31114
24812
31092
22339
19796
27541
17064
20059
17710
27869
906
16321
19989
20257
10520
8270
5642
8873
29574
7220
4619
23503
19413
26175
8259
15460
6055
3162
6782
27727
32594
30036
27871
1399
23091
27620
1237
5860
13637
23275
11339
25377
10225
7930
9503
24036
27432
4372
6358
11504
26288
11957
12430
12347
10427
786
26931
21836
31678
13731
30710
14824
3712
25055
21243
25069
25202
7239
12882
1150
29758
18597
7465
13408
21154
9622
22336
26532
6015
12614
17053
8839
30509
19323
2432
18838
23058
14549
9369
24342
13427
27476
4473
12194
4233
13338
19783
12822
32472
17010
26548
7852
24764
5138
16944
357
16709
15005
20319
19371
12356
6764
26310
10548
21414
1678
203
7209
8961
24077
28380
9352
365
3699
25582
30407
10645
8077
24873
1466
8206
11375
23265
25526
8167
28088
10697
16119
13697
14616
7267
32063
31648
6671
15547
15040
11971
26615
7765
12348
2737
32068
18532
17515
9813
29707
4156
19613
16843
3009
30730
16544
15035
7238
26051
26084
6886
14881
18010
13789
29950
28686
28982
937
955
12726
24547
9459
16171
27581
3592
8727
23626
21761
5529
12678
27346
25889
23373
621
1364
5181
24403
6801
18312
18429
1601
19325
32482
4565
28237
736
18789
8839
9407
31281
5820
5865
20390
2452
16263
488
8138
8705
9971
22477
7907
12963
6797
7871
11784
32126
25688
2185
18538
8021
17180
22942
24130
20171
15618
16730
23560
5832
94
1931
12774
4126
18124
13104
28524
24173
28286
3713
18309
29764
15828
11311
4266
25224
1325
20972
5461
14106
4862
27694
18617
11956
11809
28464
13232
15892
2671
18746
11765
13917
27536
18979
14227
2234
27154
9236
1693
27972
3769
27022
7456
28966
14358
11439
31574
12286
32347
9137
16924
15495
2414
30387
22950
31862
3388
6844
28786
31649
24656
24061
26234
31334
24740
2390
30894
15179
6839
15132
16545
21474
26335
24346
23683
1264
28897
26581
21327
24013
23999
11541
2373
12046
977
5024
22683
4194
26903
25161
8816
32186
31694
26665
27649
20397
14657
22573
23583
4890
14050
32209
11489
1039
16793
12074
26006
12265
1884
8234
28925
701
32512
31520
25529
17399
591
25214
1791
17985
20058
16351
31634
20135
24081
1096
2289
30456
21264
15790
27854
3951
24764
9657
16067
17298
28047
3528
15425
1627
24240
19509
4297
2454
16839
3802
28254
17546
18703
14036
2618
19931
19885
8582
20928
3247
19520
737
27570
1296
4025
13539
22948
17298
32365
8286
19888
11317
15720
8955
2156
12428
7684
5758
21273
12575
2491
23884
27165
3599
24634
6186
27572
11000
31670
26951
7906
27163
20355
26749
9900
25277
21731
11476
30087
22218
14876
3912
5393
11198
1997
2764
5631
27333
12417
23950
15446
3105
16005
20349
15327
4557
5111
16905
6356
13664
28960
27945
224
11571
13572
28067
12359
19654
3126
2184
14176
1120
497
18429
13388
1014
10085
21825
21730
1358
17743
13292
13545
357
19404
17013
27786
21773
29807
9207
25348
6362
19089
30517
14754
12351
3560
32475
25323
21493
9052
7943
14872
7068
2069
21511
11979
19109
31449
1637
22781
25711
20373
24608
2360
19376
8505
1853
10503
28951
21961
24958
32684
21808
10417
17778
12048
24967
12122
15534
32000
23824
3066
15193
15509
32710
17072
28910
27636
27027
25808
5693
23096
112
1660
23731
27053
31181
12916
25308
16959
4915
20526
21030
2098
15912
12330
2536
27411
17235
12928
31650
8430
8416
15291
7303
8641
10278
27625
4152
14129
7815
19443
28883
13436
26008
25899
22572
27311
28290
30500
3674
11545
31913
16326
374
31231
31627
2465
27295
7057
27626
29826
17473
21789
11309
11332
30103
28803
8196
489
22383
16361
31563
6890
30254
26543
13361
10954
13587
1189
24729
27377
14016
636
704
17592
12022
13947
2336
25025
416
4723
1429
5769
21267
1013
24511
23360
28052
21442
1703
18136
8218
6531
26021
16476
31318
6075
8321
23171
2545
5113
23256
3461
32021
32594
3777
17197
20014
782
14001
26927
23794
17826
20124
32189
6303
31711
28765
19029
8067
6760
3928
16605
30658
15209
5982
12017
17748
3206
29393
15228
8525
22802
15368
25221
30305
1154
7668
25420
1703
2337
10244
21654
32413
20229
6471
21317
14701
28481
26321
32555
6766
14172
351
14880
8174
258
7742
23890
4911
12794
1896
22749
31151
30808
14065
29084
11180
5876
16801
4414
13288
22042
21731
23708
23722
27779
19421
1097
3589
29828
8161
875
24924
16774
14340
16586
3622
10678
23564
17959
5103
6142
20112
463
17823
31283
21082
18032
6655
24464
7952
32042
25977
23395
2324
15849
24864
6
24744
16883
8944
1553
19542
25789
27478
29646
8847
9987
27635
22765
1682
26647
27549
29305
19599
18810
27558
19211
26892
28841
12897
11070
28553
6969
24291
28258
25695
14630
27143
3957
26094
361
14517
591
28919
13512
9059
11548
17479
754
5851
5647
10134
17867
12863
6485
6574
1797
1611
15176
10704
1008
23003
27366
83
9107
6061
18561
23182
4859
18791
17591
32248
31699
17372
11173
26254
2357
26763
28760
13429
11968
8296
19588
7393
26091
29664
2169
25141
21912
25623
32594
5996
6125
26996
13168
12983
4703
15199
1831
13159
5135
17737
28086
24334
11866
27885
10365
23009
31659
3542
25706
7777
18580
20002
19381
6203
21278
12421
24525
26220
5213
1937
12178
2216
18503
11828
15812
31741
10182
10626
11195
2740
2315
6068
31833
21368
23078
4209
830
19386
10707
23117
21562
16723
12951
6544
18184
8043
7180
23608
25401
31386
26233
10049
18542
10318
13478
26915
26314
25965
26607
30109
7079
20539
17046
28337
1672
14717
1118
16112
10831
4319
13653
2295
11953
28819
4849
12346
21990
3131
21342
24320
31397
1801
13079
11695
10831
29988
180
20298
12139
3150
6914
26424
8274
18373
5465
27719
17963
870
30250
15600
28698
21016
17368
18653
1717
4968
21449
29608
29624
3185
4028
5350
12793
2047
9565
14692
6558
16884
21526
2480
15501
8682
19753
31195
26404
2329
23036
9854
6443
14203
15539
763
2822
3119
32516
15621
4911
9500
9031
31075
32740
8662
27597
19952
14621
3525
11379
7399
16065
13700
23159
13661
22297
27527
20106
23823
389
32769
27942
10078
366
28676
10529
15768
5499
4074
5251
31865
12040
13557
29589
2802
15828
8754
1594
20008
25593
15523
31618
24256
9762
19100
17277
25434
27640
17006
13133
29787
25821
27715
12159
27888
9437
23369
20636
19792
3553
531
13818
4673
22822
26172
31448
9693
21742
14157
426
19862
10870
19680
2482
14712
16423
20486
17104
6318
3088
5095
21403
22344
27284
25000
1456
26939
19808
15250
3147
18089
22177
23408
6420
32099
13427
28728
13115
31661
20636
24302
1222
30785
10362
2758
4650
7062
24890
26761
4121
20065
27723
24889
19356
20829
20498
18424
22625
583
26848
26406
31062
29229
13857
26826
30583
12521
2006
7731
23267
29161
8261
27359
14902
28209
7662
22171
5139
10146
16834
2796
26368
29052
26000
16302
31607
25122
14016
23291
5177
4637
2371
18510
30950
19556
22218
19176
3787
5082
15926
20339
29691
8729
5968
230
20641
17262
28347
9384
21140
13348
32295
504
1836
25350
29894
22668
1877
15647
9220
10872
10721
26308
25715
23890
12323
1493
18180
30356
8377
319
26237
30529
17577
22981
27943
6860
31408
32769
8903
32053
21718
19365
5840
27765
13382
30727
15063
26908
22365
18909
327
6713
3585
16964
21590
14458
2100
776
31032
13460
29416
18463
13202
7397
22293
6774
15665
1624
28426
8177
26108
31882
26113
11437
28711
15659
13813
31112
31914
17062
6072
9187
7154
25092
14656
23206
22230
13
11841
23685
17356
8625
20226
11138
31837
23463
31081
6579
1750
25940
26711
4934
2113
21230
5436
18882
21139
15073
22498
9359
8999
19058
14477
6841
9579
3490
10310
23025
3546
28245
4980
24277
24874
11955
684
25201
15302
25295
15818
16645
11646
11654
9537
15880
32125
17579
13743
18798
27260
97
27061
10791
15158
31175
28165
12776
13084
31963
23484
24109
16201
20888
27891
2687
28600
8290
24464
6130
4277
30116
31330
11763
30865
10424
26734
30784
23962
10759
24195
1592
18506
31857
16149
12117
30143
24047
12360
8439
15979
25462
22602
31075
21773
3103
13286
5131
29152
3974
15190
27408
15890
27503
18777
12805
4983
29872
30854
3574
25727
28491
27360
3752
24678
29146
12202
19747
10154
6192
15229
21358
9410
18749
9879
12698
23821
5170
9590
25601
19977
26854
28582
28368
10949
12152
2263
21187
3481
823
8242
16176
29204
5310
31213
9543
2870
30563
5917
4248
18911
24019
4044
26838
10120
2550
21324
218
2353
29721
17098
5866
20122
27979
23078
10812
25014
16647
23299
18870
23133
6676
11802
16376
2625
11946
28371
16540
1315
30678
21782
31420
31047
30751
29022
13493
27685
21866
28432
21803
12129
18971
20748
32078
8701
12669
23681
6235
4558
13156
9733
1125
20780
21265
29925
14421
21742
25941
28857
2864
28310
12794
19772
152
30408
17502
26715
16022
31745
12129
3724
4246
18821
18561
22881
7091
23193
7748
23645
10293
3571
11735
5126
9304
11631
7156
19259
17488
7683
29960
27336
25481
19445
14486
26424
2867
10059
13270
16619
16894
17540
28579
19048
2338
30085
13716
10483
10915
28374
28776
17251
15571
19726
27559
4910
32536
3724
13958
3014
29679
21864
11787
3112
23601
1449
29299
3761
30614
5049
19409
2868
11895
5910
16887
16203
2264
30025
27545
20714
5797
14620
14512
32570
11580
27144
15389
21924
7724
30701
14479
5419
19260
3846
29862
18432
15280
26651
6745
13136
5831
26872
9621
7009
10120
10527
9766
3549
19902
11962
22747
9838
66
30675
23525
394
17528
9159
641
20881
16156
20728
3031
18965
16959
707
16673
21880
31884
9138
16143
18621
11728
30706
28266
2456
1210
5127
28665
23239
2527
11198
32673
17061
15360
19811
4815
16381
16784
23861
13851
16668
21361
25879
28197
4394
17663
3208
8131
12218
19791
19669
17247
18079
30136
13709
26522
12801
20883
21814
18229
20145
25408
6718
30258
698
21098
16437
27190
13369
22411
7481
25138
8814
178
25521
28994
21778
13188
11326
12502
5611
4224
23534
24079
10399
7048
15027
26220
13510
19869
19988
10149
5698
29675
19491
26327
2003
5
15023
17122
23526
11633
3770
9743
14254
8295
24621
31479
1142
25046
1483
10400
2870
23720
11620
6632
28260
16455
17483
21543
30220
27744
17418
24848
25123
18919
14163
4056
14105
13659
2874
20891
14509
24139
162
13563
1797
16409
20981
17674
4606
6142
24857
20330
22209
31822
415
21938
7063
30973
13117
11796
7678
21859
24702
5949
26364
26428
30136
17277
14771
5875
25663
7976
20534
31008
26072
22076
23195
8527
5232
23875
29777
4611
10766
379
948
28154
32007
17461
14303
20147
3185
1403
6337
25646
12505
16885
23924
16883
17721
26638
31945
32085
23588
2130
11304
248
21828
25882
16535
14737
26374
9580
9752
32749
28820
12061
24888
25653
10244
27704
20197
15984
30926
32676
5760
10313
9860
11520
563
17426
1981
30674
12677
29962
27987
15841
23083
27867
2510
20703
2849
12903
27935
21323
9722
1476
26770
23702
629
17797
28414
10373
28752
14652
17726
21974
2913
25917
5861
30758
5602
19364
17198
274
19725
16025
30258
17565
27625
10194
25182
7377
20579
26970
11811
28842
30368
15249
27119
8751
16018
11381
8797
10210
12233
9247
25257
21850
12172
4752
15206
5935
23849
10926
8563
9750
2185
20106
14635
30029
30471
4324
25052
24634
27266
28657
5498
23375
7857
11612
28821
11312
12471
26506
30345
27928
9464
22562
26101
24441
32554
23501
12654
20962
8367
10042
28788
7462
24866
19814
23716
31931
5424
31514
12080
18016
30633
2997
29325
17666
10454
23339
7275
15073
14350
31054
1002
20207
27524
8780
2059
27000
14947
8313
31332
17416
11549
31567
8729
12426
6143
6067
27399
23469
25610
11642
5442
3724
23038
13868
30914
13197
9143
14600
12633
8841
30652
6216
18152
30766
8982
17318
9683
31906
25950
29726
31666
23913
21274
21750
19530
16009
12874
15868
21179
26348
1341
25359
762
3077
14249
7392
16258
183
8699
12026
5959
19314
22252
12032
8172
26527
28501
28982
16437
13886
18500
7747
32447
25037
26447
22070
10479
14700
31016
1222
26152
18240
7794
19166
2881
9749
31443
8537
16950
23111
14923
6410
23069
12770
196
23551
21340
28680
30698
21510
31770
18323
28476
6769
12531
26876
16995
5399
5616
10108
31171
25755
23478
31088
22865
2033
25853
22530
20900
22813
24644
16902
1870
18238
10691
26146
25708
29132
2466
14386
26748
2334
8808
30186
10863
6191
9142
24253
16639
7073
5429
8958
1347
2562
19917
20038
25473
12623
27416
12565
11843
3510
23830
3516
10157
32160
23074
3194
13581
30447
20260
15077
28852
8580
8201
6795
3589
31493
19568
730
17355
26589
19622
23101
12496
21892
15061
27272
28331
20992
7288
21654
18137
15532
24594
26416
15887
29752
25376
23857
27087
9713
5196
18152
17466
8770
1507
8894
29221
23163
1161
26905
12142
27602
1580
3968
21904
23464
1334
18175
12406
26893
7175
31181
5517
6021
29858
19500
28957
22284
24742
9361
15833
27993
11649
32517
6837
1120
2272
4043
29431
538
2409
31043
27793
3464
12205
6414
4270
25846
29528
12403
25227
27005
12459
27649
22664
971
2605
3702
27519
17959
4765
17120
12372
28591
21290
23042
12237
13540
487
30457
28836
29033
31865
28448
26587
9992
23314
24880
17232
28150
12196
18348
17041
14936
17742
2684
4593
6917
29723
21463
23516
21902
23787
11367
1127
892
8625
8872
17195
5336
28127
402
3924
23537
25375
23159
4597
1625
15940
26158
4767
10033
18560
369
4657
13990
26839
18564
2033
10940
27091
5655
29916
3403
18298
26990
16699
13126
6525
30655
6263
31043
28082
27868
14126
10552
9924
7953
24454
28035
13098
14928
26562
29998
12373
9867
5907
11632
20014
11618
17584
13431
1727
8958
27944
26980
32304
5693
12791
15768
7926
19471
30552
11054
17991
2592
5211
29896
5329
29879
18743
4751
14251
990
28641
28789
15756
21443
6878
25022
19515
21598
5717
28094
19014
7252
32616
23012
20727
25371
26052
5367
31364
26207
11127
26528
24710
16037
5891
3625
24236
26415
19376
8068
28081
32031
7206
25999
10891
31199
27450
2710
24038
27839
3849
16409
6096
30688
27203
17104
13238
5202
12234
24557
22671
24953
1148
24481
18775
949
29516
30945
6591
22081
26520
12906
6947
29788
8631
21763
5564
23975
22993
21250
8727
14799
1267
18705
14021
32619
28770
31794
15957
552
10032
30977
18815
11299
22030
14393
12706
26262
8545
27770
16241
30135
8600
23882
10728
19421
31164
29529
390
6117
15432
23049
23478
4820
4668
23085
21134
20669
22637
21009
11451
6374
10015
28348
16828
2342
30677
2673
28239
2193
23912
21628
11561
19800
599
9771
10218
31210
24926
10522
21584
5471
27722
12979
29099
25367
5387
30966
31377
23966
27915
1142
24274
22739
20158
932
6574
3914
17787
25424
30790
7918
10122
20589
9297
14571
5758
1813
18192
2251
22980
4813
22660
5854
18301
25609
28382
10720
12169
24307
8759
27606
31972
18280
22657
22073
310
11843
3518
10582
7845
17375
27760
29429
17390
13271
19024
26681
28340
28176
23874
5831
10264
250
15497
12586
12169
26898
567
31351
18397
31148
8424
5420
23201
17135
16816
14686
26030
6433
15954
5652
26365
8485
2995
25070
15037
1601
10382
24330
8098
15653
25704
22055
21887
30761
4807
19723
2583
12503
32415
31779
2097
27305
12813
18282
23786
4883
26183
16011
26447
8900
12244
26698
1579
25642
15096
23840
22558
820
11379
29989
16879
19035
31339
3380
12067
12515
20902
10057
16591
7774
23292
27181
24234
1907
29964
17494
24166
18397
13871
13832
13633
23990
19114
1729
26583
27126
808
27092
11322
6711
10087
22100
29252
24507
24881
5683
17964
6063
21390
20651
16728
2225
12856
5085
32114
22929
27983
8633
15806
25940
17742
1053
17067
4223
23358
11329
31656
914
4393
8530
2872
28370
20178
605
20809
15179
32419
24431
28610
19734
22247
11771
32091
15064
17209
23675
23217
7819
572
18778
23962
25473
19341
8466
18101
13733
4598
26514
13638
30213
13797
12514
3393
22669
15388
19721
933
3861
23721
27439
17675
9631
32281
30719
27263
29657
28905
15183
12430
18410
32573
30979
9376
11882
9428
6446
15497
31666
828
7035
3162
31319
26178
22988
3709
25329
27821
24096
12801
289
10540
20410
9010
10706
20364
15232
621
26302
16942
15265
32050
31540
5049
17018
32123
9753
20748
3259
25420
17710
10103
32453
31884
15760
15146
29015
12051
19845
16877
12650
2308
11125
13842
14169
11101
5687
13736
22853
17100
14991
25074
31928
709
4596
21272
2952
22225
7830
29723
12287
15913
10399
23310
7224
1411
24761
29060
24780
21292
3025
325
5807
14679
7195
31045
24660
17077
23383
32470
1560
11589
2642
7964
12765
18286
6575
13505
3573
9035
24551
21995
19267
5190
28815
24171
21148
10984
30938
27192
9587
8943
17758
21531
12726
30625
21787
3243
7411
4705
7609
23932
19135
18304
25873
27796
8792
5461
21487
5150
22409
22928
9750
25187
15054
28875
7045
22005
21689
29794
3833
10797
20628
2693
21939
18392
31304
31883
19579
11822
21374
1929
13797
26628
1027
6948
19923
24898
10609
31395
13883
12438
18956
29769
8491
10602
28394
8929
23562
18964
10583
28058
8224
23117
1911
14869
19545
19941
15405
1213
27717
16309
32316
21335
12388
6356
25260
13785
15265
14350
13936
18816
27164
11665
6981
29213
29996
24298
27613
15792
6309
10032
11069
9783
7510
18303
868
9672
27862
15272
5933
20702
4737
18215
11126
27377
19901
20054
27522
10569
6530
20448
19612
6163
19737
4727
21757
21941
14883
23242
18928
6239
27614
15793
2356
12770
27556
25259
4514
1478
11956
19083
32527
9622
4405
28270
32116
1919
632
19184
30541
2842
18046
11168
830
16517
28858
19121
21756
9656
31767
6386
13675
19990
9277
16896
17924
10307
25616
16569
4986
22070
15738
6133
15261
19343
11883
881
10878
9770
30494
13580
13012
29940
5533
29238
1438
24829
6791
9637
19722
27855
15121
14665
28310
15871
17483
19587
14453
9473
21413
6802
32308
22336
30897
9550
26781
3950
9258
30744
31964
2073
2102
5905
7904
1152
19944
28298
4868
23460
17417
22204
17135
14754
27416
32697
18872
2879
655
22947
2894
18373
31592
19740
23320
3342
29664
22525
30168
16862
8315
25163
21205
12918
17992
24423
4153
23397
10854
3972
32440
22178
6855
30046
4210
7896
29748
21546
12059
7425
18833
18888
15705
13366
4195
22848
18285
16325
30351
31084
10006
14213
17764
31730
7858
28262
30172
24694
12199
8012
23071
26637
12289
15390
73
31988
25437
13081
12909
17026
6917
7787
14298
24923
8540
4605
15261
25575
29821
31632
31815
14082
5151
18699
10480
8949
26300
18707
3963
20645
31218
31197
28
12043
8745
14912
2584
19684
15734
4367
30156
31402
7615
32421
8177
18626
24096
3265
6686
13815
10126
4245
13454
8743
10426
21273
21796
22844
17720
5029
16300
19038
16353
6335
13156
16232
25718
17202
443
10392
29830
22368
600
20618
23441
28888
2142
3175
28269
21547
15599
15450
14825
4860
751
12355
9393
13911
18442
17584
26737
25412
26360
19465
9789
11675
32511
6154
6705
3353
25786
14198
12884
10420
4122
15370
3266
27692
11178
7344
8459
7139
10519
2038
6358
23278
32495
15038
7114
22380
29609
12087
4782
4374
6630
14348
9678
28184
25078
23515
31393
4640
25758
1256
29866
11188
19224
22803
32156
11208
30812
19975
6337
7056
22430
19893
17820
1171
29720
32513
30158
7937
15881
1722
6710
14918
8446
21712
2908
5087
20304
20929
20752
4204
26350
85
3406
2823
21340
26507
3685
11989
4348
22739
19544
3802
13709
26237
21893
28690
25073
7794
28292
31165
307
23842
26962
16378
30920
19645
30639
23703
11797
25766
31940
2600
1330
32037
8713
30038
15598
19292
13158
14458
19475
22908
1689
13675
9195
20280
29143
16787
31746
7802
5558
22601
2862
26709
32330
18267
20941
11836
24462
2537
22862
9073
28934
17786
3315
12991
11427
7497
4052
3180
29927
20448
13352
20586
26185
21224
30656
10445
22491
24896
10708
26754
20266
12108
7682
573
27494
14736
4244
27571
3011
24957
8194
16650
13598
19594
32695
15501
31460
14727
18456
22181
28464
16430
1987
8708
24115
12028
31252
14372
22745
31551
1774
18928
21161
30575
28600
10433
22254
17345
19877
23435
6420
11514
17721
5209
25684
28033
4873
6646
11924
1209
21954
31213
21128
6285
14700
5812
13598
5453
26608
26149
23065
32696
25304
29741
11259
11610
10839
32200
31529
22296
21897
14381
30794
14857
32763
6213
11760
14983
12398
11874
15738
15750
7384
27182
25401
11301
28588
23266
1489
21891
29275
16312
21730
8916
16667
31906
15080
20916
27623
18236
9824
10426
10439
8191
28205
23121
31569
27576
21817
2499
30064
16697
29023
9879
30052
16207
31113
4637
1290
32500
16149
17223
15966
30149
22142
23738
22846
23734
13112
26917
18033
28420
15067
12754
31719
5483
4996
25467
22082
20890
12664
30046
13206
32228
26635
1683
11117
13624
449
9630
2063
30547
9138
13889
25856
23860
51
27028
5833
29136
7346
31831
16379
776
12002
12166
14194
32472
21785
12078
9175
12497
11766
23424
28776
29641
4934
10275
32508
11217
31784
1487
15169
7271
19056
2584
29513
28397
1866
18823
6469
32090
21280
6127
21136
13616
3261
8958
30703
9902
29618
6931
27415
5190
18936
24143
25967
5713
14552
23023
9240
9986
32008
5593
5419
10904
7703
7796
27201
18392
13578
16573
13369
9403
1608
19608
27701
23396
29363
20835
3558
15188
1048
2257
9994
10977
6345
25590
50
15588
29320
28318
17097
20147
11431
31971
16466
16975
23918
22271
16113
10462
26301
22366
28461
29019
14834
12024
28404
28556
4877
17373
32223
20276
28435
24081
18104
18315
16816
5787
25146
8939
11807
15577
30487
28364
18255
9750
6976
26610
6974
7006
23136
30437
3497
22929
1449
20642
17896
22455
12500
3984
13332
18323
99
22709
29034
1147
11562
24874
32756
25703
24845
26572
11622
8007
20747
30517
7494
16538
14460
1003
15951
22332
6550
15062
12056
22399
26422
5112
22001
25470
31710
32088
12301
28078
505
12863
7143
27062
12647
4775
8926
32641
1589
3825
1570
29841
21676
31702
4820
16278
24206
25248
361
31295
19868
8602
25680
9552
14171
28869
27092
29429
3608
7884
30019
2901
9002
6714
21328
32619
7799
6891
3510
24081
3898
32704
8734
8030
31235
13463
8259
23090
2047
13435
29524
30735
15225
31767
23194
23339
19873
113
21850
10947
6540
32213
1533
14769
14461
13070
20590
15169
13155
23773
14276
14913
28066
1443
16161
1623
11542
32097
20953
2968
25429
3554
30423
18517
7221
16183
21309
21816
13711
16484
16459
13200
17474
18521
30850
21994
19066
804
8201
5857
9010
24420
11343
4663
18167
20481
28402
5156
19951
22042
18400
4845
21275
26431
17084
26297
7385
993
9091
13217
11949
4614
9839
14854
10304
20545
30491
295
5545
29922
8937
4082
5356
19818
2721
10267
29888
29250
5978
14188
12438
25260
13982
29532
28118
7417
25033
21218
24172
1789
13490
23179
11395
15040
22413
28363
21392
2934
16400
8336
2707
22193
3541
10269
9114
30166
1536
534
1158
25549
29217
25303
7441
27389
26204
29706
32272
28536
12999
4217
30198
10610
1043
29216
22170
25592
30575
1671
18490
5087
9641
23887
19903
23290
27030
25866
24130
19344
26037
27216
14288
12
3343
3343
20330
23287
13153
8226
592
804
26749
10021
27776
28714
8942
26248
2169
6935
32219
14819
31812
10083
3630
9353
14261
6179
4852
20576
18415
25983
1287
28400
1062
1638
18923
12473
30633
17025
3575
18122
11551
24677
2485
8847
16144
1036
13963
26603
20904
20870
13978
17798
22968
10220
29670
10089
21758
2198
15031
30664
22438
32397
21312
25118
4880
6723
24191
19584
14804
21890
31332
31530
25860
29603
28981
4703
24241
12800
30769
27248
30128
23724
16756
27162
16029
7009
25882
23316
26145
2745
26023
27881
30833
30113
21415
23044
16919
17163
21649
25353
11765
27620
4337
5228
17543
3398
19910
2620
12392
27374
13609
9791
27672
30192
4656
27716
31996
11177
1042
30901
24486
24822
27788
17772
2391
19875
7555
12487
8898
27687
2538
31487
24595
398
32230
11701
6704
25014
8752
8654
3391
17342
20156
6017
24680
15036
28824
5294
23260
9902
1814
32114
27158
12724
31789
6904
23905
11644
23581
1170
31386
25853
12370
7944
20535
13928
395
9776
26760
2395
17723
29886
16957
30040
14895
32350
12841
11383
30834
12288
4677
32343
14446
10867
25080
1882
5459
2870
15253
24594
20157
14219
17190
24822
19857
24012
29288
20058
28711
8450
26134
158
25007
8884
4202
23717
205
24317
29922
12424
6535
3809
20800
18572
30305
1249
22484
20562
3270
14285
24317
21582
18602
28634
10734
30586
15214
18933
11950
12620
12804
1366
32098
10213
30291
20311
11471
31371
16349
391
28699
4185
6047
1530
14803
16181
13112
21988
4147
24323
2894
18022
30369
7448
12590
6056
4218
9202
10162
31272
24849
27430
17256
32338
19701
17305
22000
8784
16499
29683
10406
29219
8028
31057
2690
28147
25097
16443
30012
10915
923
27093
3507
24745
9607
29017
911
23837
3155
17860
5157
2319
22938
11216
13468
31518
10070
31779
10062
18246
26719
4550
113
250
12846
31960
24055
9075
21479
19844
22194
21575
24215
2864
25788
13373
697
11255
20246
12896
26368
8282
22159
5458
23632
18226
10728
12003
4877
24041
25909
28130
13721
16618
8326
16948
3096
4182
20935
1826
3447
3321
1509
26615
428
16764
13619
29387
6463
19420
14091
19866
7689
23323
6328
16793
8508
13621
23443
4297
19107
22869
24173
18892
11563
4681
30253
3576
17571
3379
31162
32170
192
18562
17692
16092
356
28449
30686
20986
26655
29678
29366
10482
25335
366
22632
13451
21604
4543
5607
23543
15519
17102
13757
4779
18460
15050
686
110
10069
12504
15768
28592
5066
28168
27294
30238
9798
23175
31109
2931
25187
27415
19806
657
6992
701
26470
6352
5586
7353
14634
3990
2953
21179
25071
1064
29557
4948
23376
31167
13241
7339
22825
18911
8350
3953
24756
28388
27866
11799
23282
23774
28435
7230
9805
23710
24735
12911
27515
7441
31118
14860
14757
28365
3562
9606
11721
24042
4157
6353
10589
7699
7508
22037
23605
31964
30019
25255
9638
20054
1449
30775
4332
2018
26933
5707
28873
32066
105
18412
24175
29686
1950
29086
8096
197
20041
15254
14356
25498
29564
27688
10779
21905
19376
18047
10883
32082
21441
16784
19388
32158
21818
11088
25658
21031
8147
3109
13339
28325
31800
24219
3594
21542
15372
28505
1891
4261
2862
31059
29591
23775
26171
21057
11987
19554
23124
15183
31708
17383
29217
10774
31038
10721
29717
7627
29093
1366
22004
21686
2955
32494
2451
30182
7187
30794
1760
804
8501
11670
14113
10021
10012
5474
9601
13316
7372
29357
6344
26095
23560
19779
31338
15904
26739
17482
11971
2574
10741
28439
17057
27365
9824
16454
4611
28980
32340
7945
19488
8422
12640
10944
30891
29044
28009
23754
25174
7769
27984
31899
2709
23493
10959
6671
2724
17301
26532
510
1483
3715
20978
24849
4321
28058
18404
2260
13071
6126
32403
2828
25558
24713
4138
8010
10835
26792
13640
1728
16834
16936
11685
25172
26434
5691
7161
12019
13527
9311
22809
23592
11701
11665
611
12525
24508
8125
18269
29377
15935
5498
15001
762
6665
32244
10716
26205
23202
297
16766
27372
23758
29785
32532
24575
6743
29367
14157
5270
32524
28261
13082
4078
3850
19871
10258
14418
16954
26679
4116
23604
14619
31041
9262
20860
11970
22799
32445
7968
19487
4960
10454
25845
16513
11732
5861
30149
17244
12963
22676
22433
25419
21391
32751
7800
18001
14615
965
21737
16228
20974
8529
26454
23852
13995
281
17722
22024
30146
8983
11452
30034
23475
22039
21636
28132
2945
15968
26573
13786
31590
12182
2235
20378
10693
24031
19695
9234
7776
10821
26714
21057
3019
3676
31310
6137
9505
27428
12507
14307
31733
16176
13912
195
31371
2056
7488
23037
20040
21197
15936
31065
22120
16411
15501
9731
27375
32563
9339
11478
4066
1114
22604
27097
26806
32380
16197
2826
9
20501
27400
28763
14224
3922
10013
19707
29777
20851
9938
28118
23314
17779
17733
18783
12561
25067
3007
15501
13557
10804
29251
6435
1029
20171
3687
26933
24472
11514
9315
3048
26316
29109
20072
3961
6267
25539
11827
27777
12651
6430
23777
1655
15045
7067
3333
5494
23753
16589
4856
23872
18879
14631
18288
21892
21809
6754
30804
10076
2903
26910
23503
9242
23763
26060
14756
6468
12959
8395
16065
9693
32323
6609
12054
29926
6731
28301
27047
293
3832
23691
29408
17957
3894
6743
31017
638
16846
19429
1979
28502
10973
5680
23474
4392
18821
5666
3939
1477
15842
16052
4079
29592
2879
25174
4377
32301
19082
27537
29524
25589
24838
2283
20512
10563
3904
20491
8343
29851
27716
7197
12867
44
8464
11128
24115
17563
30793
16510
13902
16642
5677
18884
7399
1081
27849
21876
31377
23380
16492
21487
1588
18796
20571
28086
21344
11427
30662
28810
6882
13410
23291
6098
29077
3301
29914
13374
24955
25594
6281
30378
6412
11013
15209
25157
9422
14920
6984
10738
26406
14689
5336
31982
17006
28948
15967
1715
10567
27211
6833
9757
2353
32347
30812
8140
17241
15497
20770
20425
10161
18637
15788
7788
9798
6102
20860
15485
10959
11341
29476
27289
22145
14686
1205
20439
3115
20085
28795
9132
638
28741
28135
12044
20652
17167
4813
26834
10550
10785
1232
12642
14078
157
24346
29069
20644
20347
8272
8373
30223
9425
13508
30257
19530
28754
28909
18930
2962
2325
4117
26727
5037
16537
2898
23967
6781
9989
23735
31662
10452
25780
715
8273
22922
19696
22586
32213
3789
3582
5067
27444
4537
8796
1170
32642
20520
26438
24167
31879
11468
31870
10903
19630
5499
20813
12505
6174
21449
709
27779
13606
19420
28490
25085
30686
7548
9041
26742
9483
23402
870
15319
3140
19699
22388
27381
3411
28100
6977
30219
3294
8192
14392
12647
7239
17552
3179
16483
22736
11707
25304
15511
17923
8182
16619
23885
10065
21757
11589
13109
7417
13602
21436
19547
2091
15077
10915
21589
31341
13510
32075
1217
13375
22871
32713
31215
30458
24981
20474
16346
11774
7544
1989
11101
13068
14025
17568
21411
12785
5684
18518
16352
28517
7838
5895
7486
30514
12985
13936
4379
30105
14549
29292
31601
16369
4345
19131
15765
20625
12594
28163
22821
14832
23595
26132
31547
21771
9726
22896
18407
12039
15178
1547
31197
31256
7814
22863
10858
1441
20372
18787
21933
413
4505
21421
28419
4413
17165
17558
6595
28882
31758
11405
23084
13038
26362
9806
21147
22726
1852
21092
24833
18907
25190
11244
12437
28378
16257
6813
5062
29632
28832
26117
14964
30017
23228
28181
6239
7531
12219
19680
4064
29575
3794
17824
13527
25408
32525
9466
15332
16135
30764
30339
27098
16821
28081
13186
6000
21362
4151
20216
7482
5590
14597
17117
15320
31567
13283
685
21614
28099
23341
30499
1364
18550
14885
26436
32526
10541
10637
29344
9598
23700
6774
213
20824
27101
851
19028
17879
426
9041
24168
11950
21549
4075
19060
14914
4749
16568
18044
9238
8076
3464
2790
17286
13160
21168
13186
29369
30462
12194
21449
25041
23093
5057
8290
10852
10650
3443
20971
14128
10056
3959
9461
21514
11019
8313
6992
31256
3525
10467
25226
11328
25616
21239
946
30688
19492
12571
16481
28096
21244
7795
16636
10053
13492
3509
30771
11239
31798
14905
24525
19172
17941
28496
29352
15670
10937
22999
2043
9155
5053
6156
29663
13781
149
31648
4366
13257
32372
12813
6122
29195
22380
18217
26305
4162
15576
13819
8015
12487
28919
31694
15748
17500
13273
24965
2952
15899
30591
28462
5885
17324
7998
15834
2948
11707
20068
7083
5762
27817
2590
13870
14372
9602
12953
16107
9632
6960
5992
15931
8382
14318
11046
2138
26776
19199
6748
2237
10141
20127
18852
22438
732
19002
32527
19957
11904
9436
15045
2881
11158
31721
747
8743
4887
21006
9930
24290
4642
10871
15661
23580
31625
25666
25098
23044
4751
27188
30565
2977
29424
2731
28018
20070
14882
3028
22010
6
21979
20510
18175
26250
7123
7919
20643
24224
3787
26005
2630
17462
29902
1151
31471
18759
8887
31917
24813
12021
8435
4453
7358
5337
3464
12840
17199
21143
24406
16612
6853
4021
28317
2155
2140
3501
26304
30500
12046
22592
1353
29184
18262
20494
18988
21424
29045
17252
32080
27670
1813
2389
11595
5113
12333
21260
2926
10492
16164
10080
18689
1489
6201
15529
22991
19114
10274
9426
16358
2544
11763
32688
17560
11576
23618
10130
17093
9843
5513
3098
26205
16740
18379
12107
1312
10584
11131
30946
29864
30481
27033
21482
426
23299
27934
19083
27769
14275
25498
5155
3787
16572
12572
18840
3776
28964
23378
13292
17184
28462
12273
26897
11492
12161
10839
11007
10745
27882
23664
15621
17728
18509
24278
9052
18393
9442
3132
258
28577
5277
3084
1989
28409
26862
28751
11934
6602
15275
27342
8769
25542
1099
23926
9202
5104
3412
18945
19098
20830
24086
25811
23066
27965
27802
20258
9439
3607
11222
15450
11191
8273
18978
1728
28643
12280
13296
30549
11117
4029
11959
17661
25532
28989
8240
3808
2661
21126
21957
22033
8260
25815
24647
14958
3788
20648
22495
32455
11163
31466
7239
6210
6737
12176
25913
19709
163
21838
14120
9718
16555
3745
4143
14376
11650
27663
24903
2295
28177
5040
10172
4558
548
493
15074
9991
7616
18312
8708
17931
20151
26845
1693
3770
8313
16999
5834
27661
12845
5765
27648
12281
29441
10366
18938
9879
30910
2243
18934
25731
9375
30325
17953
21634
2659
31271
6480
18535
19873
7653
1776
4407
26972
26229
24384
25227
5591
29148
13246
1334
16554
24357
12254
7464
19222
25437
27138
1682
662
12258
16551
3659
1974
3550
6108
2419
5928
21262
2809
4182
26901
5064
26253
24722
6833
13884
32408
10877
22034
19194
13563
19905
11330
20148
17452
18761
21907
14661
8750
25185
19506
32243
4033
18200
29951
24817
10198
12265
19100
17960
837
17563
16068
23864
17602
18534
17887
20153
8462
20823
16595
20166
14186
3830
14620
14524
20049
25637
8991
6207
18534
22603
6843
17278
26028
9138
20002
27320
9461
23342
2791
16640
22941
32512
8536
8765
18807
28921
4621
23156
26376
5603
14785
29258
31731
9756
28513
9412
22453
29060
18531
25170
22162
6809
30553
1292
21711
3297
30918
6715
25122
12937
560
25883
18791
11595
26486
32479
16532
5781
27236
14326
21743
2791
10373
7821
26495
1148
6968
20053
19904
18734
24070
28038
27291
28564
12083
31524
21396
16237
24211
21121
22086
28993
7839
2051
29196
4421
27592
807
6658
2432
32268
31174
21292
5932
30918
12439
756
12127
19658
9462
474
5866
177
995
18023
12673
21362
4686
15458
19485
27955
27282
7239
26271
4702
13119
22261
16566
3318
13084
27047
11778
16428
26220
11813
30074
6701
31089
31548
16395
22591
19503
10603
23169
20748
25458
20447
20139
14653
27410
19874
6074
5707
11638
29455
30187
21394
9303
24457
9574
11688
1734
26476
31845
26604
30833
5700
13464
98
15906
8509
25545
21950
7048
24027
26556
29630
15930
4331
18777
31165
23033
10682
23308
20358
23093
15748
5741
7270
19667
22319
32028
13445
27182
28473
239
28789
24156
8176
14160
8972
14258
27105
23520
8559
7818
7314
26209
4464
14915
14196
14290
29210
26506
22291
8923
4745
9176
656
21356
27392
21052
27985
22946
3125
15707
247
23530
6383
31413
17296
13416
32211
4906
28174
32154
23419
5308
18169
21048
22217
29078
5472
17503
17275
20558
16405
20463
23807
12647
27930
19506
392
3610
13654
8382
9057
21589
16524
16796
25730
25605
23950
13993
4193
29073
27310
12861
26634
29094
8822
31499
29810
29242
8345
11592
21256
1227
13096
5904
12430
7656
19465
13317
26151
3571
9894
3129
27825
30501
30178
31310
6740
25810
11857
7387
24155
26607
16552
30482
28483
23761
22642
1184
7954
15927
29445
17621
18923
10635
25269
261
4830
30821
4679
21038
25348
4945
7337
10714
24268
25042
3296
25159
17808
31655
23105
6598
28524
32588
29924
23905
23887
12740
30294
26304
3922
19350
19086
29006
5449
5910
25890
27287
3480
17381
22203
500
1609
5051
22215
23403
29787
17508
5485
27089
13660
23305
27078
13361
20282
13489
12362
2674
25174
7
28040
27955
474
1118
2331
11514
26189
23026
13529
1166
11876
30577
21581
12961
8731
14522
30824
22194
11269
17124
17267
5426
31968
27010
18760
18150
3437
31013
16322
14220
29311
2851
4978
14273
14161
18071
13459
1570
12828
12969
12352
21426
1769
32272
27109
26492
19620
24533
2292
9593
2163
30041
28377
31923
29510
16793
18735
171
15790
12721
5172
12792
17906
19103
8570
14898
29792
25674
30432
7950
12769
5571
6593
12490
11472
14026
6763
14284
24588
6804
29651
9606
4172
26571
4999
19612
13235
12759
7651
25673
30629
14172
17032
23295
22744
27139
13578
15437
430
9086
7657
11782
25282
11206
6083
18592
14784
29863
3271
20186
31355
11903
2157
2209
20025
6723
20836
17717
7505
15554
24524
18568
22265
22318
934
10215
27481
18648
20361
23003
11236
15931
7062
32082
1511
20796
13486
7162
19298
32432
3042
27630
32280
5407
31274
21652
20706
199
27738
15045
21320
6372
2899
22575
31570
21039
13430
8696
412
31397
22111
676
17321
25225
1487
27449
8313
5804
24297
32673
862
4076
1698
25167
4363
31739
24691
25382
10990
866
19536
5526
15552
12485
222
4616
2138
23912
21985
26236
25546
18162
4851
31344
7590
12913
5756
27140
31648
16543
26846
7261
1883
22372
4080
6471
7549
17563
13998
25118
29446
32281
32047
20974
1248
8939
1239
18649
9654
8672
3277
9913
7690
10568
12975
22791
4738
17402
11141
32764
9347
18332
2292
28405
257
30750
24245
3100
20886
1160
23621
21317
17361
16630
11997
22
6864
16864
16292
9067
32529
15519
8740
10232
133
20781
18170
2609
32486
8493
18130
18278
27723
22571
22931
18483
7674
2340
19927
18967
8061
1353
5278
3171
15352
4096
13635
17494
12729
5164
15791
7302
17425
16046
716
17281
8034
8748
17724
19893
17274
18448
3660
28301
26655
21204
22819
19677
4075
5502
23616
30336
15707
17510
1827
14144
32290
9023
2121
22261
16579
21589
28510
753
10334
11540
16303
26268
21194
13258
1758
14172
17637
10926
19417
14264
28968
19488
27148
30140
3199
7218
11478
18591
9559
29544
16186
20899
12536
9916
17368
1085
789
28901
10523
31094
25505
217
3507
4753
14053
20881
18758
12014
27600
12044
28002
31022
9358
3222
21175
3992
19804
4170
1667
3003
5530
30678
11341
11605
32545
14974
10198
11380
30680
3172
9037
30427
12674
9990
17858
23719
11226
31496
11741
28723
9442
12084
1232
7480
25464
4287
15754
15161
4138
22733
21549
7966
4171
27448
8643
28703
5958
29325
6189
17379
25139
32088
31323
17897
20904
162
25795
28200
21970
25527
14859
2802
24772
31021
18441
8734
21262
2337
14574
28006
5778
20676
9406
30222
23443
6935
22276
5063
11279
22258
7363
21202
18767
20043
11951
1384
1980
25269
2973
1114
7412
29479
22329
25333
5149
20223
4343
6696
23674
23110
14156
28393
9787
18230
11037
6100
410
2297
26488
26133
29731
25524
24962
30089
30803
15812
9392
10272
7013
5704
32570
28806
11625
17631
21197
12290
14230
26291
23937
11166
11489
7350
3850
23688
2255
32555
15922
8120
20615
27241
21127
2259
10795
2267
13904
23631
32360
15948
9414
29913
22604
22625
10369
6131
30552
10343
24113
32226
18391
27215
20366
4295
13678
7415
31378
9996
3059
12204
22757
15617
23170
10476
31641
29127
3278
10864
3863
19310
11958
30314
23385
1626
3609
23051
5210
29675
12010
8520
3787
11357
17799
30686
11528
6124
11078
23443
6218
4924
337
959
6686
13049
30133
25100
10774
27322
24245
8314
958
6956
8292
16550
22737
19308
4211
16459
29613
4532
19527
26377
24069
28474
13646
8549
24534
9045
1940
3346
27292
14818
16017
6767
17605
22758
15430
26448
2406
4469
26248
14081
20525
14290
11931
11144
4503
1751
14082
9259
7010
4759
2966
25906
10566
20035
8150
27886
30176
10570
1918
6650
22511
1988
7515
1729
16322
6673
3165
15936
10481
22461
28398
11790
21580
8615
30850
31129
24081
20323
23919
4786
1122
11228
27904
15180
12789
9534
4548
21632
8462
13331
11308
7893
10922
15788
31573
20415
5629
30146
2083
8293
31775
861
18063
14759
5123
27893
24898
8544
31400
4055
25442
3304
19347
9931
13484
15582
7548
9204
7107
17956
14152
25079
15047
27690
4407
28768
14890
28784
30303
32577
5567
31558
23129
11803
16404
471
14138
16898
4098
19813
1988
1789
11394
2006
12766
24748
27330
29040
30018
20013
21113
9185
12918
25919
15479
1666
7677
2216
16256
22492
13262
24021
24410
28780
32517
17857
12837
8867
2521
23832
28651
23601
2510
18331
8312
27779
7211
19142
23404
5258
9903
31664
20110
17343
12416
1076
32355
9828
18276
17230
29952
26892
17715
19655
21276
21853
2445
3093
30569
11285
31688
3709
12325
24651
26924
14458
10987
6136
4963
27234
5840
5557
811
22599
11435
28614
29518
6427
4532
14424
26580
12568
18513
31495
17783
7007
9004
13219
32087
5856
28297
8756
8431
14969
17367
8251
29256
5218
15236
23355
17516
22728
28950
6264
16414
25528
3448
26111
24776
4671
19345
23782
15797
14032
11035
22741
29568
11493
17843
18630
16845
20457
31276
32008
12598
22870
25129
5770
21897
27163
17899
31574
48
17216
615
29788
30448
29132
5532
22641
727
29159
17699
26775
27503
3388
4872
16767
12856
30881
29912
1612
8789
29946
251
10394
2182
30554
1604
29119
10070
7276
16839
12624
15254
27410
9963
13544
9481
10827
28096
27940
1889
20058
23442
25586
30570
16677
31166
26636
2182
2523
11972
4543
20057
6105
28062
1265
9925
13519
28496
5218
24601
25118
10945
10802
3973
9605
32457
6564
11218
2301
17035
15905
16463
20961
12293
2944
19471
13138
23781
29572
8529
32730
13726
17574
22848
7759
11964
26133
12253
17915
8308
5372
23609
17913
128
1795
14567
23522
28202
5656
20657
23978
17574
22895
9098
15044
10148
20423
14276
6285
15910
32496
19331
3559
3983
11402
14962
16932
14077
5135
27572
29479
24793
15892
23582
9925
18093
23755
6307
2929
7477
20941
15631
19481
10424
16662
19193
23371
27544
21841
27890
31132
9001
6487
31235
31562
1727
2802
19799
4384
32011
19174
17972
6298
15271
3634
1072
14154
1263
13459
13217
17786
30739
10314
32341
19475
10090
27423
29827
6590
26889
29862
514
13128
5525
17857
17337
9035
10581
21862
20823
27915
31627
15010
20292
9886
5
14302
23767
32336
18159
2914
13001
12101
12011
10519
1513
10592
32100
16785
530
28772
20766
14924
29018
30297
8978
31542
25485
30002
18810
13678
27098
2988
12584
1868
15051
8569
16667
8609
21115
22174
7252
21056
25347
538
13798
6077
10549
968
27469
8820
31117
28038
6400
26317
6500
18327
23882
9407
14439
29766
32085
2195
7752
30412
8328
18667
24755
8564
22034
26114
13700
28413
6343
28213
13623
2880
17708
27587
8607
20243
13773
24529
1243
13164
31191
28337
15495
32714
23010
8547
17711
14288
7951
24668
23049
3123
20563
2951
15587
21207
23058
21386
14938
18997
21488
14410
15949
11264
22756
20657
3217
21256
9614
16303
29158
30814
28874
31358
298
19385
12933
17451
12493
27416
19663
594
27781
32169
19250
20265
28483
30186
11330
27839
31077
16142
26998
32134
14125
22946
12598
9744
27506
11120
1845
31766
12949
1700
16129
26302
29111
11309
1241
21533
17961
19814
26814
26619
2340
20726
8140
2007
15291
24309
28619
26667
28429
30800
30978
32498
31935
7534
21067
32614
9130
18451
11117
17166
23760
15493
27045
17400
31893
30190
29318
3140
29740
12802
6404
16098
18255
24545
24779
7579
2611
30271
3029
12374
31675
29890
9787
29076
4076
5291
1099
9278
32417
27833
26332
13984
10879
3146
14814
22197
29740
20932
8501
7077
19900
51
18376
26764
8812
22580
9428
27773
26259
14353
11143
25543
25557
1837
6346
32374
5530
28835
21342
4125
10686
12586
4650
27859
31115
31804
15571
6012
3812
15479
14990
9546
2498
13123
9010
31363
31205
15285
1682
17540
195
13491
15881
21766
20421
22105
31830
17056
22194
30364
4010
29325
13931
301
2560
28592
19418
9888
17325
13013
26405
1742
27704
16442
807
23160
7531
15950
4384
24621
9386
27064
11435
4205
30340
2715
19441
23822
136
20248
16413
32735
19802
12053
6672
7308
12038
15677
18261
14785
25491
2376
31575
21906
26588
30589
14545
6427
27803
12661
3975
28515
8647
5153
25140
903
19488
16143
18627
27156
22792
10472
25281
31156
25748
23870
11795
5901
26083
18308
13796
30694
30126
12126
11746
8587
25377
18972
19882
9843
2793
1408
128
26401
9359
28616
15684
23112
31236
24808
6817
8242
15741
18712
29576
25954
29056
18574
12253
22649
5951
29837
1392
14166
5926
28062
17710
14209
6064
11038
2201
19914
13950
8184
21365
6445
22442
7348
32196
29945
32601
4785
31221
30258
27023
7342
19289
22579
21576
28815
16598
7319
12228
7774
18399
25178
10530
16529
27555
14396
17200
395
21637
28262
29058
6757
23501
11088
27073
12013
1949
18402
8006
10991
806
14042
7399
1204
26395
31597
12561
2249
26214
29489
8216
4865
13083
30522
20682
22717
12202
6275
10058
10347
16472
31632
540
16973
20720
5970
3452
11900
25269
23371
24820
13356
13980
243
6957
22065
26552
3161
28678
30915
2550
16397
23779
5246
8458
2110
30535
6828
937
8480
2470
28359
32505
31888
29300
6458
20038
11003
31106
5992
15094
19324
3978
27887
30911
18244
11273
23086
4631
23615
15692
23557
30956
15093
24270
22747
3990
15278
18881
7910
15882
28377
13291
6054
26448
3246
4275
21683
21303
2067
26748
22969
24647
18620
14897
18369
4599
20631
6945
19890
20256
20583
2318
535
25778
28590
8832
2594
8358
19409
14687
12785
6451
29303
29633
23057
29765
23346
28417
24129
17195
9313
6417
22904
18063
5973
13329
27433
11948
14258
14368
25029
11195
25112
1906
28290
25262
15875
10402
18011
6689
1776
31562
21591
13198
28866
6866
24847
17600
11107
25477
21354
25994
18862
19946
28332
1464
3981
5201
12719
24390
27486
22188
15215
22736
7836
12448
22733
27722
22971
30172
8076
26097
20307
2218
15008
3969
641
32451
19368
7081
21643
2152
1465
26044
5570
19886
25949
22953
7597
13850
10715
6189
11875
20077
29625
11079
10041
16577
11392
24301
19101
4821
7103
4605
6978
7846
19794
4982
5246
31039
11492
24552
16880
15313
31411
21289
31333
25350
32147
8778
16892
14483
5686
12745
6025
31501
6058
7176
12600
14333
2339
31742
27763
3126
13563
20525
29957
15974
10487
2516
26495
26604
3020
7269
29402
8169
27618
8505
15711
23706
27479
25475
4292
32485
27975
26755
4504
15409
10315
18428
1505
23163
16959
26855
28419
29350
22857
30313
31459
11539
7702
8451
4173
11378
25447
9
31379
6872
18125
10069
30839
3345
22192
17724
12875
12343
22934
23745
23383
30083
6818
28681
635
12388
24411
12047
22038
23246
27312
32409
24358
29653
12600
27499
30640
11386
8894
23994
98
22213
11516
8419
6519
19220
23463
4957
25307
14258
14764
4844
1935
3755
22458
31000
6224
1503
7168
15326
31091
23894
16184
1701
26644
24531
6884
24436
23151
20908
11479
11361
16270
16856
29688
11597
25125
29002
2627
15822
29370
17533
8208
29549
32008
29521
15512
27666
19622
27413
26549
24764
1252
5861
8425
20597
28662
566
18338
22406
18772
2479
22716
1767
1888
3643
9544
20473
26697
24156
26252
22647
17968
18882
21322
19114
30346
4892
6726
30173
14534
13358
26114
21265
30767
10275
19916
16882
25875
12325
22522
4617
10533
17964
29045
11314
15136
12819
32372
28753
5549
29937
26762
6977
21895
32422
19939
18701
733
25012
13771
26467
2552
31057
28271
11333
10013
13754
30696
25858
18869
713
8309
12645
12971
31946
13832
32556
21014
26507
28933
22971
10264
7090
31814
25106
11525
24147
15970
765
1224
22210
18479
13706
387
5798
3205
27072
14710
26703
17733
26510
13346
22346
10650
15362
29358
10034
22911
1724
22409
11464
8834
15265
12625
15686
455
11476
27892
10225
1871
28898
13077
28142
32378
31036
29873
11350
32715
27883
11010
27789
20460
7039
20131
20175
12274
7240
18934
17163
737
28105
27331
17397
27763
10602
5921
18519
19733
8045
18842
24231
16179
28451
6282
9951
31157
28512
19656
7817
15306
31532
19336
29465
9700
30395
22400
20096
9220
8352
27978
20990
19767
829
16138
13112
23648
6782
4944
12170
9785
455
2880
18846
12437
15914
5104
1342
20200
30942
1809
5478
26632
15852
16082
12446
18741
4908
8449
32646
10840
31600
25971
22963
18312
14847
7079
17593
13266
27205
13222
27017
18746
16328
3629
29694
23037
606
22542
4274
1817
6814
13524
32022
24591
17044
31910
24002
12264
11961
4462
20233
7030
17185
3898
25553
29916
10487
23522
1697
26705
22567
23019
28924
26144
26970
17067
11502
28147
17447
27566
21732
8018
32135
31577
1473
13159
31370
20685
14125
17412
11081
8974
28208
999
29212
7013
32257
19516
2829
28418
19224
9059
1932
15334
17546
8436
12900
11520
1942
21248
28653
10646
24955
2202
28291
5095
9101
9622
15160
23311
32136
25489
3782
25642
21028
9266
26312
3772
14826
14510
16169
22609
10309
17042
32732
25440
26332
4541
29389
25973
23327
9131
22040
16527
18976
10234
24186
19399
3749
11814
15876
3891
30075
24728
791
30474
13325
28895
25484
16905
11573
6461
18483
12053
30801
22373
11391
11809
24218
17539
9855
6226
17073
11901
11024
13153
9851
22136
25170
1090
17199
30879
8280
13571
26541
287
22052
4598
4370
4726
3794
25106
29065
16622
19731
7831
22884
10084
23773
19953
13931
14670
28001
1503
7539
30205
1854
22740
4659
24863
13044
12958
340
25735
25499
26693
8391
32561
31189
32566
10843
25984
29441
28576
9359
30411
6321
26143
11684
11288
17502
18584
31991
25639
2907
612
3726
12467
26376
23472
11505
2292
11592
24611
19771
1384
27957
6338
29040
2259
1042
7441
1297
31365
32384
16251
26606
30171
6645
22772
6972
4872
31339
30685
17639
11541
26709
30248
32042
18727
10967
15036
6748
769
21046
10779
28429
8905
1678
2626
11857
16399
11971
24017
27228
5643
953
31339
24911
27942
25544
24160
3154
15805
31338
2441
9443
28705
4151
23924
5229
24034
5908
18625
541
30797
18087
16844
29425
14387
23822
21645
12306
15084
22480
18364
26467
12444
14611
7480
14938
32693
11536
29097
12047
16829
9157
32612
14226
32082
13033
18576
17282
16747
21541
11399
4059
1504
21377
27775
10512
29997
541
25450
21338
883
289
29979
19791
30399
14582
30889
8374
17551
20663
8728
30106
26770
14818
12086
7069
6320
9300
23492
15759
31306
28276
24790
29503
15555
26030
893
9617
15679
27427
30370
30929
6058
20638
5173
12615
18685
458
12680
17932
18108
19875
4853
5660
12227
25643
17095
29611
31299
23646
20312
31165
17160
22119
13430
24561
8701
3604
29707
16541
10225
29064
8701
1312
27035
4144
26452
27764
15324
30200
16539
24579
1349
18110
31624
2748
18649
11782
14303
26213
19988
30448
28563
13107
2604
24680
18990
3480
11926
413
16244
5724
204
21172
19779
24815
24398
11709
17598
7166
6118
23526
29355
10308
29489
750
10008
4515
6491
1757
24645
7795
13354
13299
7358
26906
29246
17630
6344
14300
20375
6448
31486
1781
18263
12303
13372
30949
21193
15150
5820
8460
22947
24061
26751
23670
30600
27933
29935
11512
15057
16919
25026
19068
16525
30541
19233
24217
20934
8241
27402
7783
26119
20916
20467
13969
12058
3842
26288
15787
4630
28268
23446
8390
12698
2725
5857
15938
27987
5170
22611
8932
31428
5916
13854
7464
31558
18664
772
6873
13133
29384
24509
1246
18158
19475
31641
3415
8094
22771
18534
9193
24381
8542
9620
1109
1107
21575
18071
4944
9113
11029
22669
32143
23227
8532
11041
19745
24668
21674
24751
26881
21850
8461
27049
13036
15188
19764
20281
14192
13418
23371
4391
9286
28740
20971
6910
30945
27222
4425
5226
9543
23906
2222
4325
2848
4158
24615
25234
5388
24535
27261
5225
22586
10870
29543
20373
29751
66
15871
12314
9475
15623
18291
19643
15210
28469
8701
30235
28561
12332
31765
28962
16848
20918
10213
12450
23999
1237
14077
21051
13204
24000
32328
25212
15276
22824
5694
11338
6247
18111
11100
6022
2617
15611
13009
23274
27134
31255
22395
1332
7566
22108
13073
8583
14994
11166
10146
31502
19350
22025
27966
17378
27487
12830
10227
9006
10878
15352
6651
28305
29477
13268
17971
4803
24378
27600
5839
28540
13482
8947
23628
10897
31744
4462
14503
15968
25910
2593
19149
18287
28362
21857
11858
21840
789
10489
9061
17096
32729
24942
29444
22832
23577
24712
25452
17178
24621
13581
20692
4664
9237
28624
15962
23674
18446
18922
29502
13431
7011
72
30798
270
9606
2150
2465
30797
17759
601
20616
16785
23268
3091
31170
751
12010
23011
31727
24019
3386
14395
8775
7911
17640
23222
12172
9527
736
7257
11581
17554
15042
5402
15117
10035
4592
10398
29332
29345
229
29255
13123
13267
7880
12910
27293
22168
19264
8429
11428
11318
10891
18657
12434
17745
10186
20910
1482
8975
29087
22851
5390
890
9466
17311
16882
19750
6704
9107
16529
24083
2126
8394
29566
16852
29356
32520
26110
4849
5317
10927
13940
2955
16453
28295
1308
2366
24932
14014
15100
2124
7539
1326
15640
23031
16308
31455
24550
6702
26735
6861
12033
10348
12866
10731
23841
10206
16825
20583
28747
19140
29471
24624
32325
27929
6803
25782
3405
17014
2654
24561
27914
6964
21379
22692
7107
1233
29848
7651
3023
18836
27349
25555
23885
4980
22891
7601
24597
13879
15126
14613
29166
25815
20982
7800
3329
22057
18843
6900
6797
7360
16223
5964
24029
13840
9464
16428
2935
5327
12621
946
24727
10913
21385
2092
20187
13555
23662
36
4160
20775
20973
32666
14157
7154
8435
13968
3982
24579
8581
13516
25156
6118
8463
6873
29531
18215
26361
23631
19100
28346
26492
30548
7460
8346
6324
17763
27413
30385
7670
18764
9611
28920
15715
7804
28882
32479
21437
28031
22230
14319
14970
2499
32218
1966
21527
7327
14189
20675
12975
403
31642
19290
3276
14290
9312
8906
29821
3325
32098
5749
1193
25906
31710
8688
30882
17477
13027
28773
25085
31821
22463
7989
28834
9571
27319
5089
287
17062
22524
26922
25922
14467
9434
14199
6886
30771
32049
15480
25869
1156
13609
9737
31535
13277
4898
1113
17106
21372
30186
10059
18267
4099
11059
27420
25636
18227
2628
14407
21710
9975
9966
15013
8153
15780
12482
5081
3953
24447
21121
3307
11403
1408
9684
2867
28721
2389
3901
19577
7962
25258
5710
11866
894
18856
3609
1261
31016
25275
8679
17575
32717
22425
6701
892
18332
384
28091
5447
27670
2238
29495
18284
20768
7543
18122
32700
22103
11683
14361
17049
21667
15446
21623
25690
6671
15940
24920
27121
22488
8068
23305
23754
14019
22164
19359
5623
1460
10398
3630
17547
13949
761
21051
13123
7412
3571
29555
4460
9288
23758
31133
17152
28309
24328
21709
31763
4789
30432
10714
11117
27738
22805
17171
30841
12889
6641
31022
22622
18249
2950
10369
32363
30797
20792
1653
11192
7726
19579
27447
8714
21677
18142
25520
15864
15383
32073
8120
31820
31001
28802
4230
28332
26326
7926
19307
25466
12087
2999
1217
17656
15746
14017
14110
29616
16175
27265
19149
8211
9975
664
20862
26464
26157
4060
10812
14279
20561
32159
8608
16335
23779
7221
25156
27893
15221
13488
18811
15765
28164
2542
29759
27150
23944
27350
6251
10530
7370
14814
32299
5019
19830
3536
11696
27444
23409
20431
9512
18614
620
31381
10989
30050
20922
24318
4092
29583
8798
4554
30378
31380
13161
26270
29074
27112
24707
7245
3794
30600
9927
7766
9079
7577
27604
32686
27445
2895
15136
4799
20572
7437
28048
17072
28679
8142
28486
4583
11926
25539
6075
25036
28767
25149
18445
26576
19105
31438
17306
29615
16569
2987
30413
27377
24985
26965
8248
7607
22901
31097
4067
22708
19391
29972
28900
22650
2390
5594
20784
503
30459
13017
23473
1087
14340
4186
30873
18316
29012
26376
18421
19842
14474
26196
10885
26296
889
13847
19659
24949
11225
15225
26722
5559
23355
9491
12177
29306
29507
592
5920
28726
17937
27161
29290
3242
13056
29873
5556
13272
31635
3293
29373
14929
25772
23625
25494
19634
30719
22311
6068
30831
31175
11033
22340
12751
26295
5457
4286
31544
3636
25590
25789
4525
7361
9930
9230
17045
10939
21259
29703
20158
9030
24215
3354
32417
6023
5715
18346
19432
21012
13260
27420
17453
16040
30239
29490
2309
31260
16919
16276
4413
7826
3478
25008
3939
8180
6710
31940
8584
19613
17199
27705
11845
18005
25212
9267
4860
1923
4409
102
1888
18590
18256
29995
23096
23013
7764
22227
27488
17744
15277
11067
1808
19654
9718
14752
1632
6288
2467
19637
22796
10766
12519
23283
23669
26280
13013
2353
9193
20232
7621
15220
5668
13958
8441
10248
1047
3812
31104
8400
7400
7228
9819
1754
25401
9526
10207
7222
1965
29566
20058
10249
19624
14454
23545
8413
22359
10792
32233
20795
4593
27774
24765
10876
828
6837
25616
14812
16210
1295
12651
29648
21925
30408
14953
18842
24641
6220
25112
15642
6225
16807
21923
26343
5093
20797
22574
8862
4338
23227
1538
21882
29082
16973
21226
805
19886
6162
18396
9422
15730
18381
17372
30332
16800
28893
17438
11938
27823
31343
30571
21491
12628
14322
8389
9591
31306
12747
3406
18655
28495
26186
8550
13078
2927
5853
16660
32536
26756
30084
6055
9991
25598
18053
669
21372
224
19041
9155
13595
11019
1030
24222
7274
16319
12102
17674
17379
32607
31624
14113
71
19572
24254
14942
19254
23541
5271
19458
23549
15046
7669
12983
17071
19582
21665
4980
14711
10093
26430
19872
8236
29150
20859
25210
22054
9369
9357
27576
26192
22188
13277
25966
14719
30315
31229
20274
17154
5046
18913
26750
23419
8058
8268
3158
15853
17530
10632
28714
23317
15696
20314
18941
30462
19374
25397
8647
17616
13546
14510
21016
29928
26554
17456
31743
26926
12092
4593
29226
931
5945
10532
24398
17210
26026
12145
11210
8937
19835
24738
26247
28415
16016
11935
13602
1208
30470
7580
3917
12303
14779
12433
18802
7123
19984
31210
12954
2045
11501
9344
18830
14913
32518
2249
19771
23779
20573
8779
11355
16332
7432
31063
6226
12253
6965
21747
16214
22659
26219
18712
29139
25484
28691
29982
14094
19257
22838
1652
5384
4756
6536
21396
4005
22531
6054
9014
8973
30238
5788
29636
15699
9918
7338
22287
31573
23638
14152
13888
11491
17799
16487
4625
25635
12014
2298
4925
5171
14145
3253
32564
785
2458
4884
25876
4792
4626
24992
5845
9612
24722
25454
17091
8696
11750
27112
16690
22870
14099
27343
27245
22031
25323
24449
2287
21763
26078
10616
15318
28203
22547
8212
23956
12412
29112
11162
17128
13583
24982
4476
26125
28032
29160
21979
21041
12692
28525
22090
25384
20510
1724
469
11618
10019
3032
21058
8730
1852
24580
27286
17361
26172
27096
32475
32507
9491
21397
26913
31480
27890
950
4035
30533
26544
967
235
2292
22381
18810
26456
19545
20853
5624
15455
24327
8294
24437
23344
13819
4502
30983
22875
9238
12719
27832
18579
9425
15516
15322
17841
16172
17577
31130
30972
5351
21733
29656
27559
29173
4811
24118
22171
28718
8994
13167
20087
836
22050
16619
28885
248
24280
4240
30416
31117
6604
9434
20675
29821
9952
