11991
13798
4510
26682
12751
3273
13530
12564
16593
8013
18931
27169
4577
1975
3363
32132
18980
27626
3286
32708
11413
16708
28164
13007
8442
1987
19133
14911
10007
16492
24326
25819
2593
8941
30691
12129
26741
22145
22709
25731
25482
12820
2758
32303
3108
18344
19235
11283
24267
16119
2730
9057
25724
17241
13411
7119
19358
2281
11796
7651
3383
11491
18191
1645
29280
30033
2383
25429
3575
13287
8387
3478
32403
20523
19690
9355
3261
15577
4256
20074
31069
23685
5176
25102
4210
6530
28106
24057
21510
13571
17358
20633
21346
4480
32234
5578
638
31835
30729
3485
9659
15044
27565
12375
9684
24026
902
9149
24594
8722
19779
13711
18112
24029
32168
24403
26079
17285
15073
14163
8219
31320
24854
29417
14333
21257
30015
24058
31073
6995
14906
27585
5931
21727
7194
17614
4406
21352
26051
30286
13965
1565
29876
9868
6110
28743
24355
29368
32299
5419
16463
23016
14787
23346
7954
22876
23921
10823
8885
7686
14835
18817
2569
28489
11693
16386
6323
14082
7327
15647
28360
19141
9365
19393
32410
23145
24989
21770
5329
10182
22206
13884
9917
27581
20199
28119
23274
3193
18982
9218
32757
2293
19226
4652
26015
15806
6315
3571
19488
26363
18424
15173
23998
938
8849
10693
26269
32300
15591
24944
16089
15876
20737
8832
6866
1756
12656
23696
13767
18632
26756
8450
2727
17871
22464
5278
3875
12456
27532
9339
9480
10433
14122
547
13772
14214
3307
10994
11366
13023
26275
32447
16739
10490
12890
10687
19767
14668
22340
26021
5329
32466
1780
22030
17522
28573
11980
1053
3262
21901
7608
15714
5652
17501
12828
23041
15899
12511
9226
11792
21405
3465
16313
10816
17561
4145
9266
28608
29331
1301
23117
23390
8495
21278
22492
19440
13054
5478
17190
10226
10392
28151
2711
26224
5611
30166
9397
7975
466
28224
3158
26087
25578
5939
19728
30011
13473
20272
13298
27724
17295
24640
30833
9219
18442
7733
29093
24430
24564
14898
11190
23397
28888
28525
29073
365
7989
27956
7903
16860
20506
8750
20023
22846
26867
19684
14226
1272
16803
30079
21248
27435
31955
13523
5018
14811
14985
27805
20152
16721
22780
21769
9060
3517
14247
888
30222
17440
12444
20095
21633
18025
15387
13107
22037
25310
29283
8100
19494
4798
24520
18087
22214
3109
24326
24793
12719
11055
28117
32480
19835
30304
12221
20724
2328
16964
4908
1951
8054
14418
19654
12736
7554
17686
7420
15318
29784
12688
5088
29819
31668
27607
18231
14895
30890
17153
11984
13911
31896
6727
6933
18821
12376
22373
31200
3322
24506
4160
23952
3434
22833
15307
31323
8959
30156
27179
3558
2720
23912
18458
25874
9330
23333
29065
29721
31647
22038
22409
13531
31575
16957
15723
16242
29973
7606
4390
20748
23588
20018
8954
13562
23137
29351
83
17412
8770
32070
30192
28160
8727
10670
32068
419
31888
9055
6429
9878
27264
28785
25987
15820
27104
29830
24291
7188
24087
8189
9325
21226
1401
8040
14778
31635
26637
8000
2994
14441
9107
30680
15533
24691
14533
21904
31704
2360
15838
12619
27611
25301
6745
11555
23736
6734
12283
10587
23798
13858
5395
9620
26112
8482
17409
16964
10184
22402
25589
30309
14255
27185
3833
19818
9897
19558
14642
16759
17052
8060
7522
1489
1802
28927
21170
21908
240
7943
28591
6820
10734
22212
24210
229
32423
24923
18116
18863
21611
13040
12193
29564
12820
28676
16509
2532
12333
23810
16868
12748
9306
27668
17446
17882
7155
23867
3859
5932
27123
9375
16132
9801
19473
2852
13083
26711
27436
15677
12491
27791
15084
15365
24730
30191
31911
25740
2085
23854
27009
366
9573
20213
18392
6827
20274
14924
28639
30642
32517
851
904
1983
10242
20018
23976
9319
16182
30290
31830
25202
6429
1486
27283
25832
16487
16676
27953
26222
10747
6961
30445
27859
27197
9564
10207
23271
20364
20497
23572
21644
1551
3953
3449
10511
10418
14407
3322
14264
25451
10558
22252
671
2754
5202
1704
25538
19600
31877
11641
6229
24071
15315
4281
5721
19186
9575
4918
24688
19006
6159
19931
19440
15290
5358
7052
27958
13083
11889
7249
7741
13379
25476
29623
21359
1219
15109
18035
12986
13982
13176
15177
8423
20560
23293
812
14631
13838
9088
11431
25327
14416
18224
18043
31238
27533
20786
5514
15581
11589
7830
25075
29982
31301
27530
8063
3719
31271
16589
30012
4089
25624
21863
26727
10956
8414
14488
11919
21606
19993
22542
27384
7692
1736
13914
23358
16119
5392
26021
14138
1195
28985
6815
18473
7556
12794
27577
31499
29074
20982
4244
29258
32167
28294
13753
23196
25773
25529
14474
1834
11069
27033
24441
6386
20846
5808
25207
13674
16107
27595
22447
4198
13641
19710
22645
19771
15511
3048
29305
31525
15926
26424
14657
12518
16875
9072
3030
2992
306
8426
25277
5445
17621
4888
14888
21853
16574
15631
27758
4680
25097
22343
4281
1236
17246
668
12798
881
15230
27801
29235
26771
14875
2294
28092
14424
26349
1119
29478
18795
14082
21624
25367
29992
27734
2333
19589
4865
13219
17134
6439
17184
21626
29451
24105
19533
10131
18460
9508
4371
18274
27797
16717
24606
12010
31288
1261
9192
15062
18139
27409
13717
16582
28267
2434
22299
12519
15921
24311
6309
30150
25940
20874
11578
1638
3743
29033
29337
24208
18309
21454
12392
20842
22626
6705
21134
27211
29188
31164
8926
20430
21610
22271
17909
23845
21195
18917
32613
26032
22747
7654
275
22222
21833
8831
18909
11252
11660
24543
22400
26876
7903
996
12217
3775
12426
6981
1195
15845
7012
27409
30849
31740
19094
32344
17492
20168
22945
15399
17999
8666
13219
6586
15121
10852
14294
15598
9810
15692
1881
8949
11978
19327
24627
8013
29006
30856
10645
18163
3901
32609
5471
7124
31770
22921
31462
3204
20090
23638
20212
7218
6177
16525
23825
18140
2408
18480
9729
30143
25570
30359
1934
6162
62
3778
4488
13299
27503
19438
11273
930
24331
2150
29437
29421
6385
18076
27362
4331
22063
20600
29389
18925
29987
24816
6062
32178
736
3033
11476
17882
14290
22525
19892
157
10150
16237
11494
29629
10340
2585
21616
7097
13534
13981
15175
31556
20046
25950
21523
32501
8507
31190
31027
18752
29084
26156
23041
31397
4672
21768
19799
18983
27501
9637
11602
512
21704
28200
8277
13459
18036
30768
29521
15778
9598
27566
26948
25537
12153
7159
9216
11787
18789
11031
2606
16915
13782
30568
20114
24094
30290
1892
31889
17295
23546
26552
11760
9634
2924
12185
19934
28765
30697
8027
3381
31684
6579
3392
27645
32589
25529
5262
31794
22931
15478
15076
16838
78
32279
32717
21482
11395
16860
2710
9098
5880
31424
27229
2838
22763
9052
7275
2952
17667
777
19652
23203
19591
20037
1275
9848
17614
9816
15691
12847
8439
15415
996
12292
29658
6824
11907
31888
20029
23463
19013
8010
19788
19720
15805
13389
27971
18527
20804
9052
29806
16925
4496
18467
2643
21499
16521
28607
20270
18076
18519
20353
1949
24173
25792
22767
12445
28625
30385
3852
4021
32379
13850
16602
4977
27674
13823
19740
6162
31292
28365
21344
25732
9068
17130
30269
29584
3998
12687
4826
23891
10190
11226
4527
29935
3299
16415
13456
28288
30169
3968
1511
8530
14623
16829
19777
14929
1342
27469
11532
29376
3260
6573
19870
7982
10560
31224
14714
10918
14838
19896
20175
21031
16693
8699
27202
13395
1376
31914
12013
2411
14602
29719
4008
6011
28253
25813
32135
14034
22972
14796
24484
31413
10151
31372
14366
21077
27103
5090
6753
13822
24523
3753
22184
13456
7707
10467
32449
30003
22955
1289
10256
327
22954
25503
3799
27290
21755
6922
32437
8670
16091
16806
9324
4442
18117
15892
11495
20447
3986
12753
21883
32766
25061
29197
20845
12152
24006
698
10420
19190
28557
18403
29697
31226
3074
24895
6653
30486
30658
25606
29137
14428
7653
26371
28396
31765
14813
5355
14848
3510
22689
14573
23374
22287
29964
31114
23076
4550
13183
13735
30116
11524
206
14304
23238
15214
6234
13344
31649
32087
13690
17262
27622
23347
29728
21002
26285
25679
9401
13241
24948
9664
5972
21085
20580
28058
8711
10952
32727
20066
26254
3026
10008
30405
6966
19369
6249
12681
23290
26473
12875
8645
16619
16621
30201
3917
21205
28388
26422
22385
32543
21287
6472
21991
12787
27466
3397
23045
17823
3952
17805
31795
21051
4964
12952
26529
8332
32230
23794
27701
17449
19011
28803
27848
8412
26665
3348
32145
24395
28088
15
18145
5336
12252
19334
17
8901
13531
7799
5817
4252
13610
8783
22051
26062
7813
16812
8960
18074
19774
19559
8025
22576
28630
7378
19144
12311
18634
8766
29415
21196
17071
29889
2057
1452
2689
22070
10792
30739
9273
17540
543
1990
11677
292
15129
9358
17244
12765
12362
5926
15450
32466
8925
12119
12105
20927
3117
7522
30329
6784
24631
31390
9713
15571
21584
17762
10174
2910
32275
21541
29323
29684
24222
996
3698
16660
11774
9669
23570
5298
31463
28665
20962
58
29352
30182
9156
24019
25951
27526
2270
20193
23145
14346
5029
973
18717
7108
20538
12552
18874
27971
7418
21837
21149
12736
29009
13607
21944
5305
1742
12212
21055
731
6269
20648
11940
27685
11377
17300
28358
29003
7072
3177
6758
88
19444
10552
26586
9368
20638
315
32517
3509
25774
17689
26758
4640
29664
9318
32048
12466
9657
31849
27066
21908
7891
25635
6840
26204
27766
14732
9418
22904
20071
5152
32020
23760
21253
16538
5614
20391
31121
10752
13276
5058
20174
21471
3776
31181
14282
18904
4942
19706
24315
10331
22721
16875
30605
8883
7884
19666
19195
10819
26580
8919
17629
6927
860
27322
28929
4478
7361
24761
8124
19806
8743
29108
9346
17960
6067
4495
25269
21637
11003
20696
7355
5394
6842
30121
14675
26720
18121
7120
29481
13376
31818
8238
9896
19005
21030
23389
12815
5993
10683
28566
7111
349
10190
11729
29428
5243
14791
22061
7754
26486
31517
14227
3361
22549
3855
29334
32460
1331
17045
25502
21543
10763
2710
30790
8048
16050
12891
29698
26200
485
20036
26629
19033
20485
18105
25186
2889
27488
3940
6257
6192
6578
24221
4212
8791
15084
31014
3706
26273
15667
26137
18564
8478
4652
7966
9703
24286
2423
4321
3569
8707
13433
32708
2511
3098
14175
9425
15790
684
11103
5874
32033
527
30273
21604
32451
4738
15135
105
29469
4986
18537
10557
714
20790
10027
10828
30680
6297
12179
32418
5746
15673
18094
6051
26812
17844
10610
3068
511
12867
26881
13017
32006
4497
31788
32601
14792
22477
2614
12350
7751
11261
21211
10218
24247
8086
22417
135
4323
1098
10766
12421
3789
21538
1034
21321
27796
24524
3142
27171
1435
14134
27853
10625
25832
92
7802
9827
3274
12382
3514
30735
25023
23253
31891
8710
15508
2919
17894
23094
26574
23961
26097
32625
3145
18149
27671
21534
20767
18189
14820
20783
13003
29358
13132
9555
21903
3096
17459
13420
22291
7773
24371
11075
25422
20136
22937
31610
4265
22480
18608
21443
18274
25645
17475
26704
14383
14763
12893
8075
9765
27676
83
30470
2007
2515
27908
13493
17346
30318
18528
14427
3049
26611
19495
322
7356
14879
29171
15407
25406
3066
27257
28053
20071
23471
6668
3081
20423
5275
15971
7926
20333
17316
8603
13714
5895
26060
32383
18960
30795
1285
31240
25880
12949
5960
22048
5492
23505
21473
16811
4108
20635
29453
27080
3092
28581
3014
12372
12164
9305
990
11185
8136
1216
17995
21445
2745
1699
13250
69
15309
4080
391
7219
4490
26206
31363
12965
26433
16980
22167
14537
18168
2312
7216
14630
30632
29156
16411
17444
15273
6957
30619
18895
21354
20966
28857
16600
6245
4338
25820
16092
17490
31610
14745
26089
14491
22158
9164
19263
23057
17935
232
15187
21725
20684
23179
32538
23737
28651
18518
1667
15712
11659
9211
7238
20290
5799
17303
1756
9341
1085
11843
15054
521
32688
32485
563
31026
18028
26957
15732
13644
12488
5501
8531
20898
48
17735
5676
19375
22659
30750
7290
26001
26810
294
23196
3258
1739
17293
14298
6377
17100
2334
10403
30552
13660
10003
4120
5687
3391
25899
23247
9306
8264
23293
14032
31023
892
14220
3300
14578
28276
10011
7952
2340
28163
19267
28764
26937
10777
31042
23000
913
17127
12950
28897
2729
2372
3019
8865
30355
5712
30097
10453
13987
1623
7185
15315
11116
23288
20609
9675
31978
18566
12534
6989
8449
29358
634
32011
9766
23642
29023
26337
5725
3798
11219
12306
1635
15409
2740
16597
9516
24807
15525
24848
24464
10428
10081
25699
27713
6891
29519
22376
21504
20864
30039
4665
18960
16387
27381
21555
26859
19798
15499
19706
10037
17632
14844
14013
6382
25324
1398
26044
20715
75
8335
28935
30343
8513
20372
22664
25494
27551
18205
19523
24218
18476
22501
30941
17722
13129
3289
32091
15087
213
28527
28205
12289
5967
26169
2411
21682
26170
25018
94
19640
7110
19320
31298
14065
23980
27474
13386
23891
2394
14100
25317
8482
16208
16457
14400
30565
15818
13393
13324
2458
20127
8883
8321
20137
19561
32180
24739
12311
742
2344
29636
3964
28318
11144
21066
16439
8134
21829
1970
18784
17509
29276
11733
1022
7605
6699
11626
27002
25804
29058
26573
9812
25211
29438
11775
17685
15991
4498
10477
1413
18870
26983
5877
13341
18460
29414
678
5567
32087
27667
22215
15269
264
27676
29595
21400
7715
21809
10596
18530
16792
6295
15398
18053
15411
248
21677
31021
23488
30462
721
4964
8052
29728
13561
31109
2952
6075
18654
7923
24615
4708
6546
27658
14218
23421
11968
16470
20322
25862
28981
25859
374
16822
2207
917
12173
29002
18069
29914
9870
18206
17112
31772
15590
7930
3289
17050
12330
21550
5755
10042
1533
12001
15385
13944
29749
15270
3531
24226
5177
16720
15845
13383
26029
18696
22721
23277
25682
27804
10687
26114
13607
24346
29065
17941
11989
25502
20892
5702
16713
9832
4356
24059
163
11313
7782
6869
22351
19391
29508
9955
9073
26040
15485
20245
17287
20148
27667
11763
22090
8085
6193
7822
12756
24603
19309
23479
22024
16307
10826
8048
24111
20624
4609
22176
13791
30973
5249
15627
5409
3826
30132
30080
2002
20965
3588
29268
1098
14050
13854
16912
21820
15070
8181
5223
23261
12105
16650
2923
26441
13538
12780
11520
14882
22735
9978
2192
24442
2029
26224
25856
30195
19557
24482
2787
8228
2432
18306
32494
9535
10684
24168
16556
1265
29471
17171
24947
650
30155
30443
1943
27486
18643
30600
12765
7275
2381
4472
20275
2876
20392
20541
32414
22029
3904
12182
2931
7983
5168
29184
31178
14254
4967
16507
14128
23858
255
30609
17308
3875
8394
17813
26277
16144
1325
32297
17649
24658
28721
18178
27121
6892
19159
496
6603
9654
9900
6168
32664
3003
32158
2692
3024
24799
9230
27615
5890
10693
8486
10105
7369
31471
24941
14738
8955
4903
30616
15572
8483
29982
24484
28961
31794
17492
30753
8079
27249
26935
9681
32689
21434
16527
21873
537
488
23065
20439
9242
13708
2674
5181
12499
29410
21559
11485
4968
6915
27755
12734
7827
9563
24089
28109
27996
3422
4410
23087
16676
18551
14552
25558
232
22593
27764
12114
15812
19706
28838
20202
24758
19509
29443
7916
26021
28622
15683
15425
18338
4387
9124
18756
621
21633
12937
29909
19771
2269
24423
30632
29366
12229
16609
31715
27206
16790
4658
8937
5775
494
1484
7536
19771
30820
11070
2522
3065
24951
27739
3266
32453
11205
26009
22485
15211
21886
7607
4835
22086
15895
24739
23349
13390
16451
16794
19746
15954
10271
2193
19421
22913
22956
3796
31633
18735
15235
20205
8624
24022
14788
11207
24456
5467
30032
13075
31511
4243
29496
24299
10784
518
24693
6837
4990
31219
15833
3915
31417
13204
2117
31321
18903
18338
12573
5382
28020
26652
31481
19926
14101
2373
3741
22990
14778
7148
23596
24794
21682
15599
7320
18797
24755
32258
1885
26471
13098
11181
4207
4667
27600
13460
17008
26193
16510
5627
2343
13737
15170
29065
46
27586
7858
12364
6634
26810
25728
22270
12992
6070
2639
28551
25734
17540
8389
11202
11832
29823
20706
9604
17389
18099
19344
24539
6921
8002
22395
28051
1715
8711
28962
24831
30858
16504
12591
26870
14739
24273
27907
16155
12150
21615
17814
19297
491
19321
6270
8399
13423
17350
1869
14209
2107
15611
2336
2032
14966
19444
14965
27507
29354
8038
24381
26117
30069
14274
19251
15688
28545
22108
9323
202
27829
26572
13358
26503
20397
28052
14853
9904
23912
11012
29972
9643
12609
6491
22441
13147
11553
26415
6421
8353
14834
1807
6587
25635
27735
4454
19814
11084
24986
32162
8160
31892
26854
30358
1984
20225
19638
19997
15235
15085
20621
21505
15582
10251
14056
5147
11859
7333
25456
16315
9987
4647
28021
17994
30915
29409
13976
24877
7281
9481
22983
5869
14473
18175
1647
31125
30195
213
7148
9308
5919
3855
6469
15492
1364
27303
13590
31106
18501
12885
12749
30815
7142
14605
16921
24158
6269
24008
4512
3807
8444
4231
17905
30851
2958
10389
3001
15761
14448
28685
1081
15257
2818
2205
9975
13911
31006
3465
27572
10713
9384
5875
20639
2020
13158
601
4296
25749
22802
9311
7895
22084
18350
18383
14334
3245
31256
7646
9004
25426
3294
945
28804
29467
6483
16671
19725
26432
18147
9401
16043
6504
1699
8455
23630
14611
11564
20245
22121
565
24234
31278
25510
18211
304
6376
26072
20915
10575
22369
23344
24479
13542
5831
28597
15915
2107
1566
17134
18696
8523
14397
13793
20599
30047
23322
21826
10930
19680
29768
13284
29831
4460
18110
18803
17734
16937
17882
10597
23005
602
14758
9774
31554
30256
30809
13491
9233
25058
22817
9218
10615
16128
17439
32064
27470
15364
947
8162
20361
23082
15099
28193
3283
7553
9622
7591
2163
834
1198
143
19315
12897
23861
23180
21249
6755
27502
5736
16405
29807
28592
28593
10836
23207
14439
25775
6709
27065
3419
1176
28258
8368
24629
28167
12385
29457
26175
4523
7283
16675
32619
3388
24764
10894
3735
12980
22437
28455
9999
4027
16767
21003
13139
2403
16745
13035
31003
24597
8563
20902
7833
12236
8707
28701
5374
16512
22648
17987
3135
15078
24846
31859
21529
5462
26625
8199
20051
19724
19958
17958
22083
16276
27542
20701
16787
14464
14460
2673
24133
1884
22865
2804
4597
12772
22837
7191
32350
5748
4705
3903
20256
4799
2571
14811
5313
708
17290
3060
20721
11262
20155
29957
6162
26843
5539
2830
27639
10352
11606
10212
13292
5739
11799
28875
30199
32585
22208
31814
13662
17609
32613
2606
6761
30368
7988
514
18281
25454
27039
11134
32505
13809
18110
21871
32644
29304
10990
24261
14344
26779
4543
21994
14873
27946
8205
8786
3368
28771
12652
27732
18181
17512
21706
14136
3491
10224
31823
24977
26140
26940
25736
32717
29940
13645
30405
17674
5026
26452
10943
28203
24396
27754
11134
25387
9427
3969
17274
690
19983
16794
21505
19430
13404
12857
23512
23172
31829
19478
20773
26927
24287
27158
21132
19976
874
22649
29593
9598
20339
30293
10334
8040
20301
2883
5213
8785
7202
9560
16552
14610
25397
4951
32070
32423
29289
20260
29145
31803
28167
27772
8574
11653
5052
24548
26101
8023
12001
12767
9730
23668
8703
29284
19218
7331
10643
143
14882
27137
15374
31383
21469
12443
11040
27136
16388
27708
27190
18
2067
26756
7746
30345
17698
18234
23226
26766
25865
16611
12259
14310
19143
21396
28239
21098
20005
21508
17316
27575
24214
5349
5280
32550
19810
6261
14426
11775
771
80
30923
19945
9167
12168
31884
15269
26584
21239
32225
17916
10769
17364
29431
17654
29362
30853
2922
12621
221
30644
9994
20513
6017
421
10719
18157
4479
25543
20843
11194
267
10889
28462
26003
24149
9582
11376
28984
2409
29028
15162
24087
9044
32082
6310
6007
649
15600
17496
19959
18051
32219
4429
5431
20139
4841
29652
2517
6267
18873
28889
5019
18660
24207
4713
6134
25837
25183
1395
12458
32158
18216
17612
15045
21276
1668
30070
20945
13077
5756
22562
2894
5726
8352
29683
1632
16859
12120
24197
9156
28320
17781
17710
31240
15701
5131
7044
23036
30943
17027
4895
30564
27709
31980
16544
2543
20399
15506
4593
31341
4382
32466
31183
28732
31672
24108
29830
21251
731
16794
18940
5283
13364
5664
12529
22379
5416
18085
14213
17548
28530
26113
5371
9932
20750
16215
18620
7550
17238
16549
10911
31665
32108
29593
20583
10152
5591
30887
27790
3722
30577
14424
2625
91
7552
16101
19115
2091
23331
30212
1910
5261
12784
12546
32399
1099
31707
16146
27434
27480
27737
30693
12295
9222
11462
30330
30451
121
6148
30264
27025
12380
22886
1594
26458
11986
29388
1770
23779
19632
28175
9681
8286
10985
15775
19373
30564
14666
4202
12484
10738
3431
7424
2937
18097
9685
10229
3357
31866
28057
18823
8455
11545
5089
13953
8679
7505
3058
4192
31063
26145
18786
179
23987
2886
3207
9160
8747
23297
21295
1668
19734
31514
16785
15251
26761
18213
6020
19394
16681
25604
1519
1448
1853
11437
30849
28812
1544
23598
10146
26243
25941
6382
1705
6617
10579
17717
25167
2482
25763
14574
17251
10737
20656
18604
27072
16985
16447
15852
29565
18674
8263
9370
1123
15279
31490
4566
420
15693
12612
18423
13769
31102
24076
23504
28909
5191
6232
16179
31017
10407
1854
21684
24399
6777
31801
28847
3035
16283
1985
27533
6182
9296
15390
10562
18397
28387
4733
14874
14002
9870
9796
30902
3665
24985
15011
18769
22678
7878
15979
24137
16893
19949
16932
9690
24666
19428
5210
17708
20938
21921
30775
17552
18409
13987
10839
20742
21317
13966
10199
14084
787
2581
27567
31346
11553
19228
5698
12281
29196
15390
13108
31613
20915
23245
4476
22504
25579
1529
25018
3114
2421
15027
3786
29054
10541
11442
1177
28398
19843
15862
22839
19993
13871
6570
3118
19764
12833
30287
20499
4687
21943
17175
4698
25561
24883
17551
13678
19047
27500
25729
12546
32689
9412
14617
3233
20189
18009
1862
26765
18945
384
17507
2246
30947
879
23319
5737
25859
24889
14202
2875
9947
32768
24185
31622
22629
19813
5243
12836
4318
23620
22341
21209
19914
14751
12058
30438
27960
3543
6951
30682
7495
24098
7455
23724
25833
569
10275
7431
10727
8785
30436
12005
22565
20813
3339
4703
3624
5938
26585
20419
29397
32731
8714
7144
6267
494
3840
5822
4372
21006
4381
22569
6088
30290
12145
16144
29619
11766
11925
14001
30696
337
12502
26167
17590
3591
8598
32398
11818
25472
28656
6774
27604
921
23707
25814
30158
23449
24337
31059
13051
18790
26096
13090
23693
249
30368
24090
15050
26127
28726
32270
7951
11809
30104
8281
16149
24215
17122
27578
21875
31545
29193
25187
11108
30950
29375
2636
28619
18568
14742
28621
32628
3655
27239
13932
669
22781
501
11252
949
28138
17102
4551
25443
31914
26994
4212
19914
20323
27575
2444
5388
19267
18284
15282
5388
21802
9277
27890
1145
28323
19670
3924
22280
7961
17228
5040
5376
32072
29880
24259
19452
27889
20517
5251
31980
25810
17580
11696
11102
20693
27357
2988
29180
25736
23905
32396
16469
29133
1246
29039
9696
6099
23323
12558
20029
24132
26981
149
4799
4288
1585
28850
17704
28299
5634
11499
6067
642
21389
13108
18008
14164
25371
10689
25931
31726
13616
18201
30918
3127
31850
108
14856
12798
15019
29222
11678
4656
10619
14020
28385
23119
423
8166
21696
25119
26158
1446
21439
5539
30302
8233
16704
15175
19259
8051
23553
27231
25632
30080
15847
17872
18089
1680
6906
20237
21967
13250
29104
25926
9301
29668
4206
17628
18020
28298
5196
6935
26226
19805
17689
539
8552
14262
29343
31000
28163
11372
14119
11458
4986
11754
17216
9217
29538
29828
5821
9449
10959
6923
19197
26092
20157
31134
21103
24398
18350
8900
20820
20698
4244
14008
29639
20436
23792
260
25851
28974
27196
5201
19397
25598
135
22654
28762
4144
26207
16111
28505
3448
19443
4392
7692
1675
29049
3482
1003
23695
3278
18108
3425
7888
12892
30814
23507
10932
17729
18235
22239
2033
12974
7885
25313
21757
31884
8549
24764
22471
22374
24186
23255
1700
24451
17217
869
7564
10578
31103
26602
4998
12556
10396
32250
1121
28052
19704
27972
25253
2722
6530
15056
1481
3616
6022
14725
26790
27860
30918
25582
11308
21056
20429
830
12884
8134
8832
18321
25941
26384
2806
13684
32539
25519
23177
3240
25845
14338
29485
3107
27534
29018
19201
14168
5918
5979
20004
184
11233
19110
4810
32121
8905
14005
5007
1686
22128
23301
25611
27415
31824
28539
5030
6034
15926
26625
12973
22258
2036
23408
11686
4215
23894
20914
29409
9982
19544
15656
5712
23939
20374
9033
26520
25828
13572
14476
11880
30439
23775
29576
266
8831
25828
23386
26936
11595
5055
5448
19248
11872
6342
30116
17163
17992
29671
6130
27722
6218
6623
16973
18354
26860
10413
6150
13146
1463
16455
24463
10498
23098
21387
24471
13990
22098
1400
6007
25939
2472
26270
22221
570
6266
9939
30822
32259
28063
3880
17506
22115
19909
22556
15762
15857
12286
12303
24101
30261
32635
1529
1924
4098
10902
27739
10618
1542
8982
10358
25752
26016
13231
16828
11224
31217
20169
9604
10624
11574
14979
13057
27465
5205
15862
17269
6593
22709
13246
674
16110
29779
9655
11137
24628
29715
22020
32055
28536
13396
22870
31813
22406
19398
9834
21503
10160
6272
16084
27711
8888
9037
21756
1882
13553
19783
4966
31827
5536
31656
26934
24911
6056
13788
32755
14921
28007
27099
16011
7
25563
19125
32151
4941
22793
32110
20705
28752
29087
2061
2595
13933
20952
14064
22802
22555
23968
27746
11419
1823
17401
3696
14701
12543
22941
1784
18871
8120
1764
2562
14899
4787
19689
5715
18531
25590
9704
25664
5659
3480
17643
14017
1599
9079
30886
17094
22222
5421
13727
8398
7199
19519
2962
31925
363
31384
2579
30669
29324
11574
22645
28977
4868
30500
1259
10326
9793
18600
20205
28131
19744
18109
28893
22211
15535
14019
11499
9592
21047
21110
8502
23986
10362
6173
10035
13856
4665
27395
16979
23686
7673
6187
25056
16400
1799
4928
31272
21990
14266
32715
14558
3072
16632
23209
22717
24124
27387
22459
22638
16813
17237
18399
6316
23094
19506
6943
9638
11864
12510
21289
12197
19785
9095
31231
30446
6982
18499
28912
12010
14377
20821
11207
7300
13374
12460
11330
29651
1875
684
20934
14585
32270
5681
20816
10315
4484
13777
27055
27058
23814
5730
10225
4944
9790
3772
20507
16231
11132
31936
15901
14711
11338
31642
21252
1703
24646
20290
17010
19814
20529
10569
21579
24658
17731
10962
28338
28761
17089
18399
31796
10782
15826
28622
578
17054
1935
7971
31717
14099
7513
16007
19629
17433
21359
29457
24555
22543
3519
17349
18463
1216
31485
14426
29364
13378
1523
21825
17387
9503
28952
6370
12054
29107
20579
24105
7942
9941
21857
18497
17094
11706
8582
7071
4746
3349
4801
10307
8418
17795
15954
10554
3123
19751
3552
15720
9320
28305
12998
23940
6373
3813
25519
29540
17084
7993
6242
30331
24356
15678
14303
12704
20007
18211
27818
5648
10650
26294
4967
16311
18514
22477
30631
3755
405
28132
21250
31226
17615
7431
16998
32677
22918
2547
9646
21996
23440
25976
7542
16844
18308
5921
6958
14023
11118
31511
14190
9187
20423
14147
17033
4597
27812
27571
17253
30495
16173
16959
22666
25496
4945
8556
12152
27563
5560
1680
1598
29443
505
19255
27464
15653
270
22982
12153
26430
19461
5470
15994
12063
26359
30979
20817
11142
2110
12798
12085
22943
32739
14719
28832
9162
13142
12679
30887
17823
354
2309
6279
12591
8799
11072
4480
22925
22698
15988
26854
1678
1362
13760
17013
5580
29972
14911
13541
19697
31114
12150
19646
8498
8863
22254
12654
6169
11334
22305
8344
9608
29804
10651
13232
11003
3370
13401
9157
31757
16192
4725
32669
3134
4287
20485
2055
10739
9221
7488
9837
27326
750
15586
12713
11488
10825
12754
29977
21004
27017
28674
11766
5998
27325
5271
29409
12012
30403
26955
14783
32172
18872
14095
28615
9174
2994
11252
22489
12699
16818
22603
8978
11638
19156
1803
30621
20401
15817
30068
22988
5932
14983
11762
11111
7002
1087
2628
13636
16268
30608
8413
28439
11122
12538
8587
31116
11486
30613
25942
32403
26316
16387
13739
27643
29088
23459
3770
15427
20654
10247
24860
16813
24831
21161
5817
10131
9554
1241
24297
7678
4962
3066
1497
25461
18023
20974
23345
8467
15071
14799
27635
19677
30606
13536
5030
1618
18372
9155
10421
8515
27358
22508
18450
21220
23823
18773
1054
13604
7521
21619
31437
5178
5366
5226
5893
14976
916
11645
328
11909
5473
7112
915
5981
1514
23089
25734
15164
29802
30108
32196
19524
19786
24670
4509
30618
27876
6644
9195
27327
24460
32502
23097
17182
25297
21830
10027
7137
3072
26765
17690
11785
14314
19176
17406
14014
10215
3550
11921
6115
28699
1942
2737
26350
6904
30790
14598
24055
9732
9199
30694
25358
15325
13384
3445
6610
20346
30455
23825
13120
31923
19463
27629
28616
20996
22679
6395
1958
26510
20943
3088
28015
26462
29721
8259
7914
27378
31373
19862
30754
20985
10924
21976
15545
30299
18514
14537
19327
24953
1510
13184
12355
26294
17620
20234
2026
18230
14909
16980
27326
17126
19437
11082
20744
15036
14733
25409
9696
18496
26137
29330
31812
28235
21909
26504
6760
18190
13052
5245
20301
21335
29306
31039
18069
20240
25562
23481
20118
12040
18754
21455
17581
11255
17950
20105
7124
32444
14938
19572
12663
12776
24020
24389
25732
11392
12305
10944
8898
23039
4143
27864
24675
5019
4378
20760
11740
11977
24067
4929
24564
21763
17166
13621
32283
2249
11851
19475
27390
31718
15592
10404
31576
6900
10405
24310
28427
29218
10631
28998
111
20277
8145
8739
32234
17613
6704
12753
8641
29418
3126
2796
7213
14510
18697
8781
946
13157
5725
3634
8108
11970
27551
6296
16683
27243
12659
20716
7680
22713
5473
24803
25112
15032
17867
10407
27401
15734
10787
26163
25067
31866
27483
27648
10089
3474
24732
10977
17943
31186
13370
4907
24327
18393
21736
4378
17559
31574
1832
10352
14220
11723
11014
29535
31333
9361
2566
2217
12009
2077
16731
3334
12803
8321
7257
29638
27087
15157
29485
12983
14837
7704
25036
27977
4662
11186
27433
23280
19268
7356
23723
27850
17879
29410
1502
30338
32765
2247
6249
24180
5297
25418
17472
6418
22960
10248
25626
29574
3976
23841
20006
29081
22514
22080
7417
17107
26209
29397
1227
4835
7899
4517
2276
14658
5896
23941
9553
3092
11657
22370
16603
23119
11146
16773
31546
20766
9371
20501
11141
20616
2235
17118
8941
29517
7350
19536
1963
19984
19634
27083
23607
10683
3332
4378
1723
15648
15688
22333
27847
10716
16816
29803
30534
16513
18076
18775
4785
20468
25195
18867
32642
1043
2449
28658
1772
6043
2282
7763
26569
23881
31311
4379
4052
25664
26470
17953
29976
15275
3774
32144
9128
6563
32539
14313
21393
26963
32014
21831
6925
1114
26313
14823
4345
7024
2610
7143
29577
4685
8502
24142
10043
21191
26720
7501
8713
23354
938
20421
5859
3116
9619
8712
30044
31025
11377
28132
4516
16653
10761
29662
2230
12569
2397
14779
13522
14312
18117
12869
17966
27433
28225
4683
21481
9423
21518
30442
31040
31600
15223
16651
21252
6635
24558
18989
29003
14926
5211
22117
4455
18423
27828
26530
13332
27897
9678
22070
25589
3777
16243
21138
16450
32249
31924
13393
8123
23980
16000
14969
24544
1451
27766
8445
13411
25648
24568
12166
2782
8898
1409
9586
22210
4696
10296
10013
22927
8897
7109
4192
15179
26947
14435
20568
1837
31363
23862
12905
24729
7076
27872
14466
1105
3763
30799
27298
27113
32323
3032
16283
6523
19540
21130
790
2461
18554
956
23767
6544
4411
20201
23874
31674
9400
14782
13086
9302
25744
9328
28314
4203
4353
26707
30093
30970
32592
17577
3330
18044
3947
3511
7156
22668
9422
21023
2902
30176
9891
27241
26455
30845
19245
9955
9699
2603
12902
4011
13933
1319
5095
27402
16108
19737
1033
32259
10787
13381
5194
15148
27430
16645
21234
21437
6682
26487
28150
24295
20028
2931
32028
2919
22821
24256
14176
3930
18252
28551
6038
19027
18892
31495
13394
19883
28007
22667
20229
16152
17099
4249
24168
18817
23573
29805
6174
4113
17300
18854
15765
22411
20431
24126
12333
23005
30921
6335
4252
30711
4739
22708
28049
15837
4291
15198
17815
27899
14356
6313
24636
186
24590
19550
17011
24912
10967
8090
16952
14556
21994
26239
32114
7858
2071
9769
14365
3315
16587
22244
26024
21602
19602
5788
24988
626
25306
24469
7039
28068
20730
5980
14840
23567
22131
2557
31028
30784
5749
9590
18567
2117
17061
2412
27479
6917
25373
16157
8502
8147
24500
11670
6478
7234
11904
7717
13570
29754
19354
25874
24018
30795
24097
650
29311
11842
11906
20444
3952
2042
20982
3304
13909
31861
12108
25043
6410
14123
16616
10496
3006
20898
14348
5436
25172
19263
25942
2105
15625
13148
2698
11582
2136
14747
31122
11292
13339
6265
9411
2148
26098
3622
1122
215
10984
22420
30055
798
27732
25037
30080
1980
11262
9611
24665
27200
19331
24834
4635
4543
25339
9217
4915
32129
27352
25145
12628
2555
15633
32732
10687
509
12673
3179
18626
20525
22922
8137
8830
25780
7933
3475
18670
9015
19006
25268
8997
27913
13219
24883
18903
7071
9246
28240
3355
32580
10524
9936
1903
13837
24492
3477
25085
28432
31460
2161
11805
28113
2432
7996
30746
25085
16077
12580
30521
26459
17094
5189
32503
16895
19836
21370
5523
10945
4539
32370
21452
16365
15082
16390
29164
28220
563
11977
9733
26115
7908
3041
14203
28843
5653
25622
27586
14945
11660
18217
12393
25614
1501
2407
9816
29066
8149
17277
29270
26637
20761
1166
30414
12518
27659
27267
23250
5231
7917
5283
608
24896
20041
9315
23524
5027
28304
16511
9983
4424
8449
20041
6279
19770
6092
21825
32719
26642
1400
16615
20776
8299
7042
29901
14759
10133
23623
26352
8233
11918
17443
13384
14229
16173
3547
25502
1633
13729
5688
19102
1880
28186
8949
18733
18330
31430
4316
20221
9700
30207
11563
24414
5905
17603
15932
1879
5089
23908
32613
31221
5114
26240
5150
18147
14892
16948
13921
24379
5625
22925
9303
23708
7765
15423
4400
15997
18858
26778
7506
4544
26399
20409
6583
13962
7450
27133
6800
14419
12547
28602
7471
27705
31820
2607
17699
18842
12974
4284
29861
12513
23989
9807
17459
5280
12670
19232
7546
14560
7872
13982
32121
31925
17929
3496
8676
25109
12362
18689
9670
18409
28822
24574
20843
2661
4903
2946
8573
32149
32162
13612
18797
30265
9371
26319
13588
21715
14940
20003
19867
18174
15074
10426
1432
13057
31017
11317
28793
420
4522
16055
26918
14915
26145
5018
3042
9504
1683
97
1906
26621
11152
7662
2434
20715
9654
2550
19012
17245
26230
23729
31578
31616
1563
9942
7670
7119
27399
3014
1088
14562
30272
19463
504
22406
22828
21493
4188
4371
30873
8884
26956
20986
256
7529
23980
26270
4107
8874
27402
19045
5972
29235
21632
27918
23664
15578
17116
25157
14892
28869
12287
12148
1814
5594
8579
11229
17728
20087
30369
9958
32576
20579
19793
18611
30331
27141
17074
24826
1700
26580
4781
6163
25215
28175
23253
13903
3563
6830
1170
30091
14623
920
6783
4357
24884
25878
3344
1902
23012
5256
10872
17216
9361
2903
19914
7505
14472
7722
2398
28073
8328
13405
20598
7824
4478
5039
25633
30188
24211
5178
1888
2250
28264
20649
16008
3387
5536
9893
7655
32353
31392
7056
27562
18121
26258
31094
6398
25851
10160
14400
22134
15952
26815
1835
18349
5124
8665
2681
6700
20108
1648
8551
910
4906
5264
18526
27362
22462
10596
27501
16720
26847
16124
15607
19968
5674
14157
25769
28983
30938
22650
6831
8899
2202
24146
808
12186
29335
17689
24023
31422
26328
12683
24091
17763
20434
6686
16161
16980
10295
5512
26712
30867
25360
29313
13861
14655
6667
31946
15065
11451
30230
4974
3040
15117
1580
29768
28474
21380
30831
24773
32048
22430
27000
32747
2623
11560
15851
8602
27993
15271
14926
18194
30285
22775
19739
5302
10371
26930
16147
4368
3564
13780
15830
21780
13881
16412
29873
4521
13899
4789
10167
3685
15339
22165
1299
1432
2492
12070
8348
397
28525
8611
19882
7948
4659
3013
19240
22819
6519
28064
30187
16935
5068
2759
30018
19957
10275
9911
5583
4477
26434
24691
18069
7042
20850
29035
27729
19099
25720
21410
32526
17534
17863
4880
9716
29309
23796
20038
17761
10065
29290
10832
13115
21015
9823
15839
1412
25240
21511
14248
12078
17101
13575
17415
24369
2467
22828
30184
21980
19195
18013
14055
9320
10485
21710
694
2771
2670
7031
29119
26604
6855
197
22283
28586
30440
17295
30051
7105
11141
4171
4021
2679
26784
30338
22713
16308
3664
21121
1491
31833
30400
32594
2364
8147
8570
25834
14173
18416
9190
13988
23419
8945
781
30190
32665
10208
23203
3394
27546
10532
30021
5977
8103
30034
14847
9883
19920
31302
4881
8409
5878
7795
12787
830
3816
17527
21654
8835
19404
11506
28653
15203
1217
10905
25516
26447
962
23686
6992
18786
28365
25298
16479
1943
11333
16742
25073
25658
26262
25870
13679
2972
29463
32464
21659
27147
8244
10619
7376
7681
11980
3458
5003
23196
31448
30475
29739
20046
5966
4676
19189
25046
24901
16886
16731
25455
20057
17500
32638
29255
31313
6709
18161
15922
14335
25624
10944
28576
10600
10760
2225
19405
8997
16712
10185
26935
24329
17520
8210
2133
16900
20929
28572
25734
14663
950
24770
4424
29353
22491
9646
14250
29770
30690
19744
18436
22390
6388
29802
29669
10956
25925
23232
1101
16287
9195
14766
24604
26268
4848
1770
22219
24493
10150
844
858
286
10554
15131
23433
23039
22924
23434
16203
21449
8254
386
7288
5956
27660
26018
31426
14503
15963
2437
1002
28417
5396
19011
23604
23257
9906
31802
24344
8209
9370
29710
5178
22289
30635
8430
28828
6433
11031
7193
14354
11285
31089
20897
4855
4400
12295
9839
11295
31555
23665
16264
27404
28693
30826
20111
7781
6407
2015
1930
10915
1784
23878
9193
4366
28007
30769
5828
25320
6359
12835
22116
29928
9336
11682
24325
26346
13059
15245
21210
21476
12006
10928
23378
15900
21921
13718
12186
2968
4720
670
25699
9942
27690
27217
26853
6078
2665
30707
21795
10453
5611
22616
28017
27827
30776
11002
32564
14263
16005
26952
31466
25081
9177
22592
28522
25984
1646
14399
19052
11446
19546
10008
587
9496
31598
26724
3338
27186
2143
2074
18582
7371
8483
2912
14410
14941
30366
9120
15288
2248
18814
6109
8871
27206
15972
22600
16984
11682
15684
28686
28686
11941
24590
18805
1228
23250
13454
30759
20065
28243
21905
32205
4514
32050
8009
15584
503
7372
754
3516
21017
16771
15798
10743
16921
9396
30414
25072
20133
18153
2283
20651
25991
25167
31444
476
17262
24938
27472
15937
24305
11783
29766
29237
1233
27762
18723
25219
2430
30442
5244
9080
13277
11602
22773
1596
17737
27945
22881
28770
17112
17852
19498
20925
25567
15514
24051
11381
18872
13897
18301
25435
25794
22327
31431
17018
10922
28915
11130
30190
489
20381
13955
25338
1678
31644
11522
5972
3134
17294
1635
17091
377
8837
15818
28396
6174
22128
24245
26985
22322
15063
17629
5148
31197
15308
4957
4035
16309
29982
10005
29900
4672
20943
2129
3690
9139
16328
8102
19432
27392
19404
12829
23614
8464
14763
26772
10210
9037
27832
26208
7392
24420
13436
13111
301
11337
20908
31822
16184
13435
18265
28862
24771
21897
19559
15660
11249
6357
28992
27305
5792
10648
19913
9431
1016
27686
19350
11085
68
6772
24666
29245
28417
2519
19617
13908
24373
32270
12993
2018
31235
11651
6669
4411
16251
23246
12877
7261
1463
10107
27499
7123
28195
1037
13679
15065
17692
24898
31917
14528
32701
1689
13885
5012
19445
12818
4268
17917
26333
25909
7409
7267
11593
853
931
25941
6814
9494
6761
300
10723
17709
28081
5355
19738
10855
4773
25706
28368
13037
21850
6068
12787
25798
5963
28589
25572
26525
29191
11768
21709
19397
29222
13335
2613
17018
32385
7636
32721
11114
16291
23264
27293
7028
7034
3003
12844
16559
6482
9683
5180
18350
16901
8944
9870
9730
20587
16335
10997
28161
17944
3597
27052
4038
14407
23880
1516
11129
26897
16256
190
22737
227
11459
24079
2006
31790
2569
8194
24300
8544
5981
3210
14861
4884
2365
28983
12118
21125
20804
22864
15557
17993
23046
27171
833
6460
14908
22937
13018
1466
8993
13069
3155
24849
3611
24158
7133
31541
28062
7491
4390
9910
25933
29407
22674
31984
19811
10646
22984
12930
1362
27422
32625
4097
22954
7897
27708
25325
315
610
294
31459
30078
12390
6392
1813
10801
2485
7441
26616
26690
13464
22373
18748
20462
9830
9670
6145
17962
27474
29283
10568
20802
8327
5518
9383
10432
21623
1218
1858
31887
16751
29412
21238
14176
5743
17865
15831
16461
16954
1273
30173
32700
29865
9650
19674
11143
19012
22576
24751
7770
22035
14892
5056
15964
32178
4771
27045
14097
23460
31448
7203
2687
7145
6300
31834
15759
1747
19917
29759
9143
11797
285
15437
3542
28701
25620
6520
24671
17828
23129
14179
21690
3459
26157
29394
27111
19144
15928
10338
18533
2313
28808
23416
7506
23288
14039
18807
12499
10040
24588
15670
15286
14191
29445
14001
16470
15773
28308
15102
27327
17324
19143
24707
15379
14664
8045
27495
1325
5104
5077
3654
29827
13645
31705
9001
15185
3011
17947
28853
3572
8519
8079
20386
915
3184
28730
17519
6405
30672
5433
24916
23279
13188
31748
1145
31533
1290
756
18021
21876
10579
17155
11449
10037
15641
9940
29982
32452
32627
29427
3196
9657
8871
9053
1645
2711
7999
16963
10481
28075
15711
7179
24675
21815
18517
29848
12203
3280
8306
8651
28854
13317
7960
12105
31011
8257
277
28543
30527
5619
19247
7652
6964
7403
23808
30334
24701
29703
9733
26280
2973
26640
12529
15122
12305
4575
31047
28425
21123
16324
16167
249
31552
3624
19816
28720
19692
29552
26088
18404
29557
17189
18464
23416
32581
27730
1532
6139
188
30510
6889
3826
30685
1531
31023
7767
27719
23854
385
23009
16743
14032
6354
6534
6893
25892
20587
20799
25980
2186
21563
5643
22438
23715
4974
29750
32535
24758
22337
31451
11792
24403
15380
8360
23832
6454
16576
26081
21742
5997
24620
22439
13505
26814
26907
22651
10403
20035
2120
20990
25660
6999
14517
13306
13755
19638
3648
25766
17682
6879
3703
1574
21347
3005
2989
13650
3765
18311
13902
9656
19948
13541
22639
16100
18680
8276
28585
7903
8524
29387
6440
9717
20114
15263
1023
28603
17309
4516
23998
23889
24479
3989
27975
5349
32668
28597
20445
6776
17438
2743
3198
26085
24363
15835
29043
6687
32372
31835
28709
16826
9679
4101
27442
13485
3559
19753
10944
2902
23346
15797
27410
17086
16676
1951
14681
30239
26019
4739
4812
20899
6330
12430
31226
8815
13457
20122
30303
10208
14749
28570
12854
2580
31508
30521
10895
6573
28580
1982
9633
15569
31332
30515
25441
11637
16395
8134
15444
27868
23648
3951
8865
4186
3057
23251
14698
19294
7688
5993
30300
23216
17115
16603
389
13558
2563
3503
18278
9341
9519
30502
29002
11830
17178
30820
14294
27135
5818
18642
17376
12324
24251
5569
4485
16422
299
32592
2421
17595
3959
23695
17554
22805
18070
2788
11706
29543
24452
19630
30176
22694
17394
31529
3682
32141
31548
3986
7574
30947
25499
18315
8614
27392
2972
26816
13727
32398
16336
26571
11460
26253
8389
30293
30760
32153
21814
15486
2684
27248
11391
16767
11813
28079
17747
18318
402
15580
3249
7939
3532
3753
10516
13496
11086
15479
9707
24501
10520
7450
29512
12813
27135
31964
3548
20739
27719
22212
25379
6257
28531
13080
17884
3435
11356
20256
1724
25631
21377
29229
1379
7423
17822
5082
19855
32035
14976
14226
5264
26088
18967
8530
11004
20446
3021
18352
13987
27873
16406
10013
18629
13701
14408
23143
9347
26040
28846
7298
18836
11426
4311
6023
5945
5072
17972
9469
7027
24978
11491
25432
25203
31393
15045
17599
23122
1797
24790
31506
7938
24118
22206
25900
17029
32386
17571
24933
25948
5038
16194
10587
13123
20704
19006
6899
6171
8637
21687
4762
16680
30414
25631
15057
15996
12584
24905
29928
22707
29004
15299
16137
28385
19788
22374
15225
28873
12847
30763
15643
18768
29847
8257
32054
19761
21665
5212
24183
497
30989
31311
24890
20758
9631
17885
11525
31636
12484
26572
21333
24968
31865
29500
12190
29224
30313
11575
2189
22522
25429
14985
22160
13637
31161
24530
21400
1222
4013
2009
14366
29347
24585
1059
18788
16805
10956
15301
7421
4257
13503
15478
13711
5175
27221
25064
23768
6335
10710
1881
24303
24705
30908
30565
2764
12836
10334
3614
7179
11114
11723
16734
29165
11290
12537
860
14240
27965
5919
13182
25024
6284
3167
4462
9501
29738
20648
26224
19135
30351
19419
22771
1319
22212
11564
7781
10968
27862
6604
32588
31254
30341
11973
24979
18926
5180
23077
19745
19574
4678
20318
7857
18006
21054
6893
23773
24455
26823
6458
25467
29019
17278
21695
22829
30142
27437
3949
9012
31675
13890
31563
19333
17730
32639
26209
3359
29224
13554
24020
31387
23663
21288
3154
29445
2504
8350
22448
22762
22102
15736
466
16306
15541
23413
20684
816
24379
12835
582
32120
13949
847
3621
20209
2325
17344
31848
27819
4259
15397
21071
26866
28690
13899
23235
10787
24349
2707
19954
958
12049
8612
7226
26045
3284
15965
24648
5668
9254
9229
15489
10458
2087
27879
10144
10679
1305
9392
27809
11486
16232
31675
25055
14669
17383
9751
7033
16818
27997
15111
7417
8064
17216
10418
20024
17475
13760
4124
14204
5425
23304
7509
18660
9473
4544
12273
12550
16384
11478
26551
1750
32353
3198
27038
19146
20692
18551
28917
827
15195
20368
225
30735
12889
8300
18956
20885
19948
32642
6300
7856
18301
20071
24162
1592
30102
26704
11604
10141
14835
10195
13886
28365
5595
31213
8116
24408
22705
8777
18763
6866
7366
5311
20233
9850
1649
2076
24857
13336
31074
9761
17347
29228
14387
31950
2972
10052
8768
5344
27130
7342
953
20888
7595
7247
11253
32190
23527
1491
15881
10726
17794
16135
28570
16370
15462
898
10735
28632
11585
22411
16714
22949
8571
8759
13945
6338
11627
13010
13992
5238
3786
13696
19833
14765
3944
23332
32087
504
29
14465
12807
27604
24579
8352
16767
18479
994
32369
28412
296
20972
29108
9295
15895
26027
13082
21879
2253
12343
936
17013
22557
26796
11101
2908
9115
24795
19220
19112
25763
4672
1452
10704
10397
30517
17509
9247
6272
1124
6797
27583
6549
22146
3165
9495
27518
26683
15646
27735
26486
25704
18575
22864
17626
26760
19339
30090
1769
19310
24551
22672
30664
15415
3994
24207
21704
19839
800
11551
4076
16597
28448
31329
19110
9835
1356
19018
28130
9490
27784
5694
837
32358
1103
4833
13239
9030
30547
2090
3871
27784
24932
28601
365
19434
3219
19818
6366
2379
2455
30250
379
24603
10096
14601
23012
4368
3658
7825
17739
15386
419
12886
24259
5786
3504
2767
29115
20943
9213
868
7109
17808
27477
23752
15261
13121
18145
14217
20838
13568
22675
7398
13366
11551
710
2528
16597
18903
11550
12436
26050
28986
20662
25543
12407
10602
3962
24771
16366
20745
23249
27490
16484
15344
28032
28776
21597
2084
7371
8725
3816
16133
17628
17147
25380
5833
21609
4878
11523
26665
15250
4858
14158
11354
16904
4537
25322
5951
2164
14436
21337
8669
14615
2121
17539
6415
11181
32575
28087
1147
152
22070
5613
31172
30522
3602
15694
12290
931
16058
32758
26479
26476
23659
5624
31074
20962
26451
5282
9346
19304
14683
21763
26931
28694
26180
9131
2645
15782
25077
7602
1582
30865
24851
24316
7076
27765
10195
26042
12208
3002
15116
20276
9999
12917
10129
20935
2107
4236
21437
6185
31129
32540
3919
25077
28660
17687
21880
3427
8490
3890
30003
28246
3877
7934
5077
5789
16141
30036
15845
29554
28860
31735
31277
25671
27251
29301
4881
11971
11467
8782
2592
29703
8942
7768
27113
2869
8966
4450
27152
25907
21238
24600
6561
23980
17737
8743
931
7512
25191
13985
497
29054
29199
30626
12869
15543
22785
20788
16790
25844
24315
16240
420
25282
4327
30694
31953
21965
4947
16959
31794
17059
31009
17441
13286
23995
29312
17491
2470
1974
26651
10530
10654
24292
22160
13827
23931
2570
32291
19577
22982
8291
15028
13369
30064
21220
6126
11917
32686
15044
30146
22774
10247
28988
20755
8981
11434
21644
1203
23499
17158
7742
5775
6560
28309
11950
25894
609
14840
12746
18752
13837
1609
279
32732
24819
25773
26357
28778
14612
11816
10019
9018
27342
19894
28805
31797
14524
28823
7205
3531
21208
4330
23929
6188
10466
3709
18404
2235
15366
18916
19838
3519
13241
30152
6936
4700
14820
4738
30075
14019
25156
18408
31729
6309
8464
4455
29703
32749
5341
28755
656
17326
10176
6266
30189
31578
19378
19199
1420
20534
22072
21350
10927
778
16195
23275
30319
31261
18260
1560
2304
27488
18661
4246
3638
30442
14597
23364
25416
17828
6978
8326
18901
70
27851
17120
19492
12930
19158
27075
14000
28286
22592
24742
19172
17544
9843
27737
3875
25350
9613
2710
24587
29355
24511
20442
9979
753
1010
22386
22994
6851
945
31193
10234
16761
18499
15681
30886
5130
17175
13424
7767
14973
23910
16333
25509
20897
2835
25787
21820
7422
1238
12069
27941
5387
28057
20826
839
9634
26402
30236
10029
12464
23027
30963
18185
10545
29806
30920
18425
23132
9533
30894
29578
12058
5361
771
24187
3517
25321
696
11459
7151
10614
18157
22228
32488
3388
25793
21538
27621
23516
27496
20191
7381
32208
7806
17673
32085
16278
10906
15015
9182
13840
2087
24912
27453
16939
111
22764
16452
30655
2297
28095
30656
27574
26901
30627
16555
11633
23989
16020
1698
28519
12158
2162
22681
8975
28447
13315
10189
3073
19426
1336
29434
3672
14464
1713
12750
15450
21050
9346
5278
26459
15909
25656
27737
14302
28870
24087
20154
4350
5086
23462
19137
17164
32391
16238
16739
20858
29568
6654
13953
20471
6598
4146
11799
6876
25444
30389
27062
28359
22155
18117
6708
9093
27877
20534
22946
3638
32039
19642
382
20139
25318
14431
12586
3091
22699
4953
6301
25815
14409
28930
23385
5570
5486
30751
8092
7269
26233
14437
7643
22714
12171
31036
17516
29191
25569
26050
17283
773
29025
14867
5471
20802
10866
21960
22213
5060
529
22461
942
3311
20002
10008
27709
31657
1027
3462
30195
10171
9063
18120
32038
3450
17250
10607
27311
27816
30144
19683
20964
16021
29851
20650
10950
22409
20013
10471
31867
14182
738
5153
3070
19850
18865
7750
25365
13299
28333
21744
17283
9638
32727
4326
23167
13393
15415
30950
18534
303
31019
8610
20653
32044
29182
28424
17945
29770
13756
6854
1842
26691
10053
1038
7925
32368
17313
11414
24009
1257
8851
1764
32436
21230
25969
31176
11471
2181
2098
15658
31991
29029
18633
29701
12230
3859
6322
10164
20417
3659
19658
2157
32723
11169
32611
5899
3579
19304
22680
7184
7745
18643
12510
4074
494
16474
16860
22645
3836
22879
22909
32706
3020
21266
17219
18455
791
22674
23518
16694
5159
24661
765
17122
4935
6857
24420
28832
3704
13371
10558
10939
2661
28153
28341
4234
2969
21171
1729
30709
16368
2599
9789
32310
23627
4094
19264
5597
648
20976
29354
13847
17330
31023
19453
3887
4724
25347
24431
26709
14804
3249
23101
2719
11294
30370
30017
23885
15901
17089
10695
5969
8849
4645
10397
10767
14814
26096
18281
18785
2562
1911
22591
13534
29385
15267
8051
9820
29252
17815
23468
2483
3447
31890
5178
25028
12626
30999
8618
32442
8163
7500
9367
27024
15817
31905
24259
10452
21484
26289
8806
17066
6507
6509
19397
8211
6614
24183
30983
13679
19358
6092
29764
5185
27337
32678
992
18995
27626
8097
5399
12634
6993
17180
29912
5562
15487
26850
2775
21517
15837
30730
19166
21952
21677
15387
20579
3647
5440
27764
22624
23922
23401
17131
3423
31623
5939
26037
22996
20979
20943
10374
13488
26035
32464
26872
7219
14040
28059
2609
13058
14658
28440
21440
13177
19116
942
14281
11586
18921
9583
17506
16679
13164
655
17468
20260
26382
15387
21126
19137
31500
31975
26126
10655
16463
31945
6058
8272
23537
17412
10198
8555
6652
17159
1950
21216
23925
4696
26815
28042
20889
28363
6409
15107
16486
17911
11527
9660
12893
26346
15842
3917
15239
11036
16003
24841
6582
11170
11256
2774
2061
22180
7449
25660
27586
30993
30059
9147
15907
4241
16196
24674
22487
31164
28976
20893
359
20105
8852
16719
27901
2313
29585
25632
32107
15957
11307
3097
32366
1477
22187
26990
12852
24674
22849
19866
22557
13470
21230
9393
4287
12867
16289
6386
17196
12970
10145
5276
26487
26925
24106
5636
23156
30686
4955
2531
7872
15482
15696
8180
12033
27032
7307
19903
17775
16422
24472
29615
15508
32022
10736
22635
27983
20309
543
28259
11807
27133
27426
6057
22430
1739
11539
23555
29260
27859
4360
17726
29070
20338
5176
21957
8183
6533
22111
19826
8389
30936
18276
12451
10927
15842
22585
17809
24542
25519
13060
31709
26425
21533
15996
29292
10981
15435
28821
3957
24588
1359
13407
24280
15326
17703
26411
10930
31190
15346
12529
558
5951
12641
15342
8862
26614
18024
3985
30410
26737
3897
4760
8327
28928
2418
30839
16524
11859
17045
7673
28802
829
17082
6441
9050
14263
3968
115
24547
6440
23369
11527
2460
28644
13479
31870
11207
28146
18961
21952
31422
31506
5595
29989
32650
510
1637
17370
8626
8945
30354
16007
849
28518
2683
12078
25451
4898
17509
15959
31361
3700
26097
8042
1379
26044
29075
23644
29254
27178
24645
1165
25622
32712
24445
17137
14
1211
11100
8047
14725
15814
22824
28550
4107
27663
9724
14902
29620
28710
7614
4894
17332
7747
11858
12514
6956
10191
31501
17103
24644
15910
1133
18882
18810
21148
30727
30789
19770
6078
15552
24060
12206
10202
3904
25152
8919
29889
17060
21001
11485
25803
31091
1297
18595
16668
27348
24118
29855
22822
2046
11040
9193
32623
5615
10021
17809
17300
3937
9577
22070
3471
25338
9802
12244
32309
25027
23547
3038
14594
29147
25198
27533
31513
22893
11896
23159
9095
13791
30768
16227
4296
29516
9368
12124
30604
22581
29311
30468
5819
31091
28325
20011
27830
10864
29473
27040
20960
15767
13824
24391
7261
10505
11055
4204
12569
25490
15771
3671
9740
3547
9110
11553
22973
15329
21117
14534
9221
29349
21911
122
1046
11814
3137
11329
28603
908
4936
4282
10210
13222
23959
30011
13911
16790
16402
35
30930
25035
29889
15724
23860
21808
22833
29568
13070
1187
27671
14926
13923
28841
20023
2204
14255
18784
19076
11167
1319
17077
10633
23753
31043
30934
21511
27106
21114
30955
2272
9050
14412
16897
10803
1246
4486
21062
26057
19497
4034
5244
15536
29213
5165
16808
11813
14866
20877
2826
2488
19310
20354
8274
11434
2421
13067
26129
11930
7523
28749
28782
16736
26296
18832
5658
18490
17876
16267
12166
27174
29891
22241
22099
9102
25178
22251
14602
6954
17283
26040
22285
15907
20181
9554
14541
26484
22120
13891
30782
5782
13287
17240
11656
31068
15078
31397
5120
19740
9590
6089
31574
23311
12023
25460
22799
5114
20782
19494
3638
3854
22424
31801
13647
28685
15613
4385
3213
30895
1863
22515
20549
18756
5525
13092
6561
5274
5260
3475
5529
19233
3309
32458
10271
333
16493
1153
20378
5436
18625
30052
23702
22425
11512
4375
20922
15296
24845
20854
32762
21283
25533
24865
13070
6124
28310
23352
546
19172
27729
14435
6351
26771
10593
3350
3146
31145
29388
32019
4315
17052
5946
2096
9105
5779
32331
5210
31797
20867
18990
22746
23420
15767
14192
3799
2432
26582
12049
2844
6257
10240
16093
9500
16264
24504
27641
3891
25149
13544
5053
1071
6074
19298
20161
28175
18063
16835
2619
27147
10407
30109
19336
19924
19323
21205
21000
4636
24709
12873
2863
18009
29176
2998
3289
29126
20398
32474
2526
1451
18530
30677
29927
17631
799
29397
17792
17547
3320
8946
4974
27184
28410
87
31810
2796
24671
419
1838
4089
26884
1167
31512
17526
2078
10704
23277
12394
13096
10303
31800
9478
16672
23351
27635
24106
5618
4158
5532
23851
8757
22504
24716
24788
2837
24057
14213
7850
3728
3274
11914
8564
30694
32750
15091
28923
14410
2580
12736
26383
30686
21039
46
21962
13022
19413
21128
25369
14107
3813
7488
15735
5548
21101
15422
3580
23776
3787
7288
19351
11895
2834
9155
21400
1553
22959
19176
27505
17382
2124
7675
4029
20408
1780
5864
13441
26630
2680
1615
23218
29059
28178
32402
7928
23238
22601
29996
9650
26691
10004
3652
2106
31866
26434
18049
10090
12398
23321
28449
1887
20569
21566
12357
6268
4254
25813
1423
4530
3839
11240
26863
16383
29712
16653
8122
28469
18667
835
24061
20477
21798
20254
13328
32539
6402
24612
31342
4596
14309
24950
12227
19533
26379
29107
32071
25429
13432
7705
21835
29158
14897
6381
24593
520
4523
12061
10977
20407
7044
16677
19801
10470
28529
17199
30981
3779
2168
2174
10032
31805
351
24076
22777
30147
30052
14450
7593
17999
22830
30985
21315
3492
24580
3663
21853
980
16701
29580
3631
5636
29175
21429
7658
16499
9996
21392
3147
18873
13122
18201
14447
17229
5570
22053
31465
29514
19660
21573
11794
2931
16552
20461
4256
20852
23264
7381
13946
7275
7596
23968
31691
19366
20398
20668
11861
6830
4063
25737
24841
30341
26058
22205
7636
14381
8696
25351
27067
26729
8875
17650
20266
28872
20687
4365
25225
24030
26925
10569
29969
5845
26082
20642
27102
11813
7183
8705
24901
12191
25043
28257
11879
4016
20598
17969
19206
8164
30439
12794
15768
11433
4201
24130
9626
10326
5001
16048
25127
1899
11603
27761
1737
12826
31941
17369
4751
12039
8836
1358
7520
27469
30926
32098
28558
17345
1968
30783
14254
13178
2425
1096
21160
19345
4974
18429
23050
22565
14015
28447
27810
22178
11706
29461
25931
8515
26943
17039
29703
29654
4724
3177
19790
11712
21689
12754
25510
30016
991
9133
24436
8184
29332
12087
18706
1193
3362
32235
6433
6718
3162
19619
8993
2060
21706
7679
3647
2904
22071
27658
20589
22041
32583
7451
24504
19200
6525
16378
3542
15030
8554
21316
16895
1637
28450
7185
1279
19321
17134
20435
5000
31912
2624
5506
27340
3119
28908
8694
843
2911
4756
29588
11754
25433
24676
28972
18246
2838
3840
28706
13639
24234
8379
26060
25336
31689
24586
18460
11926
18314
24120
24959
32231
363
19035
7172
27852
1941
13446
1985
18970
12386
4416
8307
22182
23837
4405
5732
31391
10761
8492
7826
25889
24484
9785
3597
18950
2348
18996
17569
12800
21603
27753
10933
4325
7824
2705
18035
5705
21190
13826
11305
27730
32104
26914
19951
22728
14573
20769
28299
29804
22497
24552
15249
27787
28716
14924
21199
722
11159
22152
14055
16228
396
24298
30526
2346
15901
11468
3861
6250
31305
28614
16374
30620
27002
21794
27474
1657
8273
17296
12136
13140
14502
32539
19304
24237
30411
18780
3801
7428
21521
20974
22584
19179
4750
2850
26338
10079
15901
14067
1076
26712
16037
16444
18416
32159
24479
13352
31714
30176
28882
28650
25284
14848
25697
22191
26208
4784
3592
9169
28916
11331
26531
11598
30170
3260
32496
10872
28008
12332
28821
21230
18454
16187
5221
27082
7390
5124
16095
2332
5865
294
15351
16792
26215
3863
26394
25227
14527
9148
1132
32276
31720
18487
16212
32144
28950
257
29242
23126
21146
27704
7055
20133
4355
6714
9230
4826
27530
21618
23106
31462
26541
18034
18249
2048
27673
15682
16599
17047
717
28920
23678
28811
1661
3209
10284
31644
16180
26591
19445
7203
12862
10284
30994
7168
10565
14973
18986
17875
13498
23698
30929
21615
11639
10221
3151
30347
31138
21289
26018
15035
6356
7565
19654
30623
15226
6369
25395
1114
27004
17792
8104
21830
31773
13487
14119
20711
28451
9517
5952
28957
19767
19980
21907
1181
15246
19390
14481
9377
26825
25459
15746
13023
25370
4259
16332
29624
6569
4326
9586
6323
3382
25100
13531
20265
29695
26218
30677
10050
21732
9074
20441
26400
24009
20103
8081
7769
31036
7183
11671
3499
26455
1225
9344
14059
24040
30048
21529
10559
29648
7233
6128
23949
23465
18858
1814
14131
12716
5636
20772
31993
24785
17011
27772
24131
25399
1963
31185
22668
25031
18181
234
4367
30485
20946
27298
30407
6534
15087
23604
16538
28856
26266
22453
7122
6686
19587
17890
7884
8427
8230
19740
21492
11570
21337
6577
28913
11851
10017
31581
3612
1144
16074
31761
29239
28104
26935
21490
18012
14908
5238
24229
17971
2857
8087
30154
16488
8669
32447
21702
31580
389
25976
27078
21019
26703
27467
14337
7567
25547
24209
12093
15859
1175
14726
7316
22665
30011
28063
6264
7568
30802
31006
5621
10865
4587
31459
30518
23609
24622
14469
19275
9803
26435
19105
6441
16727
21615
25458
23538
18054
31872
25506
5239
2807
6508
12640
5116
20335
2869
1459
25659
6220
8207
9230
28843
16827
10181
12324
21761
9259
22105
5629
29943
23810
14827
14410
16717
3982
18395
22774
19982
12862
17714
28669
7701
15378
3646
25729
18383
18000
381
23579
22339
30329
4541
5231
4431
17531
17280
31491
31796
28968
6565
30545
20821
16615
13637
6938
15419
20137
11484
11518
2781
2847
24233
16714
13086
15403
16983
21777
20888
4244
32220
8062
1432
7165
16802
3432
20073
20248
12260
6951
19926
16407
21340
166
5098
22371
26907
25530
22522
13457
440
1202
17126
24466
15788
6448
11931
6697
10493
18743
32476
26018
31258
644
30531
4290
14342
5666
12930
25082
3001
21561
7919
12767
16580
6695
9280
2527
14643
1745
22162
6956
22711
18747
23217
8701
11013
15703
24467
2294
18809
19227
20773
24804
17407
15318
10315
174
4403
31172
31777
24969
18887
28128
14472
2922
13093
28665
7646
9665
23894
32008
28172
100
22563
10177
27334
10441
17274
30568
2318
24441
16147
10470
32250
449
32082
1564
2232
15275
32112
18295
7631
5677
12502
13253
22439
13727
4041
29255
20556
23666
24908
17159
18543
1568
14914
4459
16302
11871
30676
5387
25109
6298
14610
29888
28388
11169
7133
8189
31890
13728
16644
21091
15891
11342
23469
30095
11607
15718
20471
21815
16147
17243
9437
22901
963
29256
19806
15202
23024
20773
3290
26599
5550
21313
31424
1232
16746
9708
26982
19490
23522
1652
13368
12719
14197
13396
14613
1767
24221
21415
246
4337
8634
21475
23505
17659
12817
11971
29629
7886
28180
4997
6998
17829
17124
21078
23395
29503
18196
7179
950
20787
29360
27153
17236
16516
6269
8871
3030
16245
1155
19786
17423
24990
25545
27505
3567
3648
22880
18811
9127
30934
25762
23526
4110
2028
31932
31937
17988
7732
1386
7524
23701
31191
258
16478
28320
7689
9140
20399
27320
31456
11280
9016
20106
18278
9416
19311
5888
16877
29624
29783
26470
19106
23075
29872
11212
3173
19008
23914
15019
10200
13813
7520
14795
5302
15074
3395
19043
11623
20385
30676
16515
6353
22092
29271
27055
1648
14400
6468
9932
28841
28449
1343
23873
22875
7967
3146
854
13496
9847
9018
19423
30291
17980
29543
13599
29817
18519
30888
32487
5573
18125
15231
19454
31983
30784
31632
29381
9957
9657
24152
16667
12061
11684
30235
14207
11817
14364
13598
32628
26252
105
8471
8490
13260
22471
23266
15450
28616
17769
20085
18546
16972
26558
7958
8178
3811
31475
9164
23318
29932
10425
2067
15797
5616
1352
25811
15465
5683
23972
26003
23792
2953
15135
19946
30162
20075
16415
29495
4420
24906
16929
32402
30541
25123
17662
2819
8999
14932
15213
29681
10216
174
12490
26589
18530
16843
16406
4944
17991
8866
31806
30737
11409
4440
11680
17564
6432
30810
2251
16336
18853
10152
17030
7400
28608
26740
9493
19372
4197
28395
2743
6376
29316
7763
24947
13086
24809
21334
7188
26488
17249
10397
13427
11008
21278
27041
8948
17427
28252
10174
28499
10259
20293
9610
16033
24925
10770
3172
649
4475
30324
8272
11736
25498
26674
26114
4669
830
23315
28472
19276
27444
13822
16717
23241
8393
2400
2571
23076
12089
27854
5826
25920
30570
24556
16790
8824
10202
12941
18717
3044
28886
14363
17962
24024
18670
19002
13283
20142
21925
24232
15898
29638
19565
13415
18906
30666
24530
23583
27711
1591
3317
8126
17291
4121
23868
3425
26231
19990
28744
10615
24007
9133
25127
3107
23585
18368
25035
28131
10271
22096
3003
26480
27811
12169
23817
26853
25451
18430
21124
11298
3557
20021
2094
9843
28740
18790
27889
15725
723
5504
24205
17177
19849
24685
16853
32085
25054
3223
27419
15478
9950
7339
27369
17714
11132
3229
4850
4542
29480
15340
18247
11827
28836
19751
28622
13366
8979
7856
7665
10712
2387
16576
14995
18363
24460
3243
20552
27255
23305
16741
17861
13115
22599
18757
7317
7096
12108
3338
2062
314
8762
30748
28804
27416
6692
4628
14012
4175
9760
20861
19363
24682
28830
3036
28736
5029
7928
9967
12776
1617
20298
28467
30385
25466
10371
14248
11817
25288
12476
9944
31303
7587
24009
21782
25761
16282
5134
8196
29664
5638
1940
22360
13681
17130
13149
9951
3966
5918
23284
25026
28445
22445
19015
4872
9927
29307
18361
30556
4363
26155
27764
17424
19331
24895
22268
24419
7688
23681
27658
28159
25122
13474
6551
22982
32450
1826
20535
13774
19508
22127
9896
9130
29775
14673
23467
7660
8943
6533
10770
19431
6821
17833
8987
17082
428
23128
764
22410
31519
18069
13247
26382
24682
28525
29264
13905
12031
14040
18901
20659
32330
27105
22845
1841
4582
23046
5916
29927
23569
9698
1974
11475
1117
29961
6489
29916
18089
11060
6897
12819
15952
22174
214
27192
29088
23981
27624
32384
12686
12245
9950
917
8615
32186
3547
23263
31818
15508
5186
28930
26389
30936
23756
17832
27549
15381
6104
8320
26722
2587
7170
6023
3586
14691
27894
19078
15532
10923
9351
30683
21976
9185
29179
20093
22069
21058
9129
8507
19427
14275
28359
24388
31971
1968
27005
30188
20940
13971
27453
32685
22719
16727
18263
25708
29852
28589
5576
20222
3190
5551
32339
7147
20293
6339
14804
9586
24539
15299
15824
4301
32026
30299
18000
182
31331
23474
12784
20777
7249
21580
25651
16492
11688
12079
8729
10573
24712
20036
7412
12971
20455
29185
8055
6199
13630
26693
4368
28796
9857
8835
17272
5149
28757
30499
16008
2654
24702
4645
32334
7910
5270
22792
22368
1220
8453
17898
30064
10927
9261
32240
10273
9362
6629
9960
29209
20040
809
16429
3671
2979
13839
715
24519
18868
27133
3300
32532
9542
21530
23635
23230
23212
26626
23694
7532
25277
4286
3025
20099
24860
30195
31609
24823
18365
8537
12206
9314
21412
6255
8772
19539
18160
15982
27875
488
1049
4731
24166
13215
28278
7712
32642
5993
13314
10237
19112
4864
25695
32443
6956
32379
31003
28738
6054
29984
13107
16684
7065
10361
29141
14457
25682
27050
26218
4996
1299
23809
18900
30261
26225
3023
30452
11129
21755
18550
3696
18927
25372
6340
1971
4325
8771
6783
21301
4482
30528
5697
29180
30788
3570
13446
9827
2734
12319
2308
8730
11578
931
26683
21870
1429
29645
15180
17354
3339
18950
17934
382
10048
14771
4959
16064
4386
25437
31672
1008
15387
4879
31237
801
27019
15872
17075
8916
6773
882
20746
9734
10105
13530
24253
5486
5378
10561
31167
19968
30656
24554
11353
22709
32089
13877
27514
28558
27995
13507
16206
21463
13942
14299
23057
22953
23528
30477
4390
19634
22328
12309
27747
4664
16935
30978
16304
11356
23780
32151
720
668
17535
11249
23422
5020
28064
5226
3516
29734
14201
190
18024
16239
11001
1644
29712
23708
14914
6239
8711
15748
5214
23502
2488
31416
24877
17505
20027
28865
31138
15253
5670
17064
28719
22369
30630
26044
32126
25626
27342
6799
9570
17812
13870
30530
10253
29578
2472
26370
4995
5439
15231
17107
2383
102
23473
26508
3188
7999
4487
27939
27558
516
30570
25387
7098
8067
26872
13979
5724
2316
30551
9425
4352
5517
30665
24535
8219
18428
24705
18404
6802
29941
26550
24102
20850
27557
6389
21694
28643
9702
21691
24589
5975
17323
28227
11566
3079
21919
23453
8643
1440
15113
11264
18677
30777
5875
14433
4534
27017
8331
16964
16969
9815
21193
29907
17669
27697
16210
31789
12886
23393
2205
9984
15364
17693
18260
18010
23992
10750
24317
16316
30396
31924
1497
1393
12546
31991
1036
26909
22888
16064
28159
31897
3386
12730
24067
29950
24824
15603
28983
17408
25690
17112
2987
23422
10130
8544
10181
20310
9681
647
13540
18814
14604
4350
18756
1105
31488
25889
11042
16166
14196
15913
29984
24871
21438
23459
23018
15969
20360
2849
19226
13079
17108
15919
1881
2396
32062
15496
21447
23777
10881
18058
25758
28939
8253
15336
14610
11592
14584
6815
28283
13220
24674
27179
20149
17815
13533
26362
7623
27425
25148
545
27332
4121
6603
2382
26607
3011
19344
2813
3618
18080
1233
19183
3953
29322
6103
23256
23818
2304
28913
11097
17503
958
15547
10541
26504
912
17311
15015
5346
22889
7837
12636
16893
9647
10568
1053
11701
474
21777
25896
28062
26685
16840
2206
27302
20003
16224
12088
4341
9246
7411
18742
14104
12444
26885
17817
95
30907
1805
24978
16003
11103
15922
3130
5772
17025
9554
12931
27890
20170
4168
1903
23811
8544
25199
7296
16260
18432
27234
24175
1179
3917
11014
18977
25837
32615
13771
28118
11779
1728
31278
2724
11762
18219
11907
27172
571
14646
13809
15467
19952
6586
10174
4667
6936
21936
23500
18299
27477
26694
8292
29157
15300
24371
32051
10239
37
31047
10130
13388
22844
4934
3083
2243
2678
22262
4376
1664
29392
24695
30509
28090
3317
19923
31225
2549
15014
27862
5866
28280
24415
31520
7407
22274
3640
11384
27009
185
20233
27491
30436
3939
16081
2037
8106
21208
3929
18664
15226
183
10772
4843
30991
13913
31306
6716
6531
22275
8821
21113
28878
6752
8428
4276
20362
24366
10174
5061
14841
5687
11233
26340
4168
22915
28556
21111
3093
972
3041
20264
14128
23602
15823
12091
16286
10800
31287
29214
19684
17871
3405
30274
14978
30745
18754
32042
23485
16337
2080
13762
11425
20065
1269
16625
5191
20756
20531
25713
7252
23173
25431
24543
16834
88
6089
6158
17123
295
1283
3233
3746
1727
2550
19417
14605
22669
1449
22699
6416
4691
804
14102
29571
13087
23692
4787
22376
6270
6543
13198
3949
14829
3331
13620
19641
14480
30153
13325
28388
5927
9976
25836
3399
11837
31543
19173
9591
12450
5995
32607
4876
21532
16531
16489
13479
29274
18671
14674
25139
13865
22632
14707
6250
10475
5164
19792
32155
13380
27033
28128
9131
27670
92
14888
11099
13488
6106
28431
11464
6466
21455
4461
2360
26260
15412
32357
2579
24056
29799
22005
28976
5246
28038
29643
24146
21094
6171
27226
11763
1755
22783
13358
13632
9182
17784
3964
32612
30336
27301
14334
28681
20308
9244
29437
28444
3876
17873
8624
465
27619
7482
19908
29928
483
3504
25660
31790
1352
19481
4731
27462
10173
32196
31135
27561
1637
16020
11281
21484
13332
21089
10586
1090
13248
1435
19513
27713
30514
304
24306
7657
13825
5552
18920
4578
12481
16816
4206
261
13432
30572
4059
30494
29265
26032
13532
752
32661
18424
6927
10106
4566
470
19149
29305
19310
2452
2375
23598
11304
26138
28372
21601
31292
17427
14217
8358
14209
26188
523
28639
30430
30044
28833
18178
9729
29322
24717
11037
8020
20971
11165
11415
6189
32715
10237
14264
16198
21838
23119
20075
8044
16471
3581
3907
6779
8873
18382
11709
4233
11341
18104
16325
1890
13619
1782
1147
26165
23068
31578
2102
6540
24758
28899
18889
13185
9993
20626
17670
23599
8723
13178
1665
9832
12207
32023
11415
7334
16316
28640
31150
6723
6266
28703
23485
17644
14903
26881
3344
14931
9772
2025
12869
17956
3234
16906
6555
13371
9817
22581
32620
4884
15657
19695
31735
31362
10218
199
32355
10916
15762
26855
30977
5909
925
5096
8914
12900
7090
28907
29257
3524
13443
3301
13649
8452
501
14906
27282
20161
129
22158
16368
30938
2009
8919
23125
14628
28879
25015
19121
4703
21107
12298
21567
11625
6780
19387
26633
30386
1258
15579
31150
12272
14057
5364
4451
18964
247
14490
16184
7036
3145
26436
21405
18026
30571
30042
292
25525
9768
27791
19336
17854
18601
1649
26607
26534
24033
13630
29292
23742
13608
12026
7368
21567
13093
11966
14978
1340
24050
24659
19988
5844
29819
10752
31608
22700
5415
18591
1003
24477
14267
29174
12017
23209
32379
28997
17561
13364
8850
29212
32002
21360
32691
28015
2334
4634
769
27884
6326
14948
300
6284
430
8498
14301
17001
27787
12424
32341
25807
10802
30275
26961
18069
5874
2824
26160
14766
11973
25979
4439
10235
14035
28081
19413
25187
8248
25831
21571
26150
2055
30068
26350
3182
30863
32508
10553
22568
20445
29415
25660
22033
28546
21777
21169
17172
6550
13507
1553
27859
7932
12771
9978
132
17128
25191
5332
15358
30623
11279
10420
13587
22654
26196
8064
11041
1342
22684
28501
5860
17014
26799
3109
27790
865
3438
24485
17434
16610
22979
30822
23517
16837
13268
13377
10590
14408
3196
27129
27751
22746
11003
22044
30812
20002
24812
20266
10188
11843
14968
1273
11846
21855
32458
20312
15470
18778
5314
20467
10831
2784
8174
27511
7155
30633
27062
24054
21553
8699
27350
28300
10695
16753
2322
1603
21161
8444
23844
11828
31128
11815
5370
14575
20981
3487
17950
6941
7640
22770
17526
14180
23133
27031
20781
8587
1598
21807
13809
7391
13991
32522
8287
22997
28229
25325
20923
14064
27297
32018
30437
2277
23468
29553
15496
11774
14746
25662
29589
28860
11508
32179
23024
32192
15593
17167
23401
28907
14310
8927
24301
15813
2662
17020
29693
30491
30730
8917
29792
14829
27372
622
28181
16263
19761
8361
27020
23277
8413
17989
24598
25980
18923
14116
30361
24271
16030
29009
