12014
23501
31255
31285
19417
30761
2550
24841
1102
30512
17896
27477
28477
19496
27636
22427
10098
25531
16101
773
25786
26770
2196
29341
12359
13862
4453
31936
14421
28115
12564
9936
1806
25135
23730
2858
8363
19609
21994
23384
19677
277
24457
21127
3947
5207
6974
11323
5148
10269
29853
29505
4567
20930
15722
15590
26889
20240
24341
9318
327
32087
17793
6823
10805
18107
26377
24103
934
31186
3525
12083
12548
16239
17929
5211
23539
8888
5679
17186
18993
24447
25495
250
2752
27343
10475
4207
32328
27076
25000
32418
16055
2720
20186
25849
10794
29724
31015
29461
5392
16124
5134
21764
26508
11750
9841
18872
10780
6004
7249
32184
17785
13960
9690
32278
31166
21728
1951
22433
20683
1002
16422
13915
4076
22489
9895
6446
27830
22776
26385
28122
2354
7998
32590
10546
31550
19491
8648
12168
25391
22195
8492
8550
21947
24033
18798
24703
7447
29981
18957
24804
5468
7977
5528
6779
10287
27432
23153
11950
11169
26616
30929
5728
10324
25025
6668
27685
19168
7630
19734
9906
1140
2204
19526
22418
7873
2609
20571
16923
18195
29871
5309
24225
21697
16681
28933
7657
20168
3765
11198
224
29875
6083
27245
22669
20158
4525
25296
16965
2362
10895
12644
13342
7987
6488
31017
11686
6225
29729
12457
24788
24060
16574
16439
26430
27587
29587
21877
22413
24319
20649
4121
20270
10675
25346
27632
17483
27831
32297
3107
13306
15638
32268
19385
180
22708
14606
14173
5384
3636
22617
21601
7824
23576
2673
22788
29989
2858
17423
14832
591
18459
812
12551
15615
107
18524
8543
3457
1672
14941
31883
11692
16698
10224
3357
22876
27198
23527
19048
25378
8242
30592
6539
313
20401
18161
8107
26300
14270
17476
2431
32023
3430
15461
27666
20924
673
19066
8900
3095
13434
7538
20114
32707
17519
15329
23192
12030
8475
14859
10708
20826
16914
5694
21037
12982
23309
12134
2228
32365
19015
2523
9001
19149
17958
22141
21185
30923
3614
28675
31782
15348
8915
17040
20672
24231
18813
20871
3379
5762
24209
20385
297
32026
15262
32061
17489
239
13428
16631
15528
25247
28556
11899
23031
4697
7588
28572
10908
405
21674
17312
11662
15618
4571
2270
1436
25280
10028
1164
29173
18640
6121
23762
12269
26569
10396
31010
10750
24012
9776
15564
6157
7609
10326
20429
29935
7843
21288
27112
27948
8066
23564
21497
11011
21288
21980
4997
9134
2167
2116
29845
18919
8912
22123
26053
18858
30414
30933
23192
12605
24373
3720
10254
11118
7717
18797
3961
12060
24212
14842
27532
18424
27131
32270
13237
23693
26190
22300
18861
5502
12338
27532
17741
18959
9579
14174
12963
5607
29587
28689
30277
31765
16146
24515
19429
15184
13898
31641
4902
14211
25874
14689
24238
7305
23654
26742
31100
7732
604
4580
22140
31125
7770
9165
7769
7031
30087
27660
20371
4141
2943
9751
9425
8334
23371
8234
13688
16445
7312
15266
1148
12590
26886
19623
29047
101
22060
7437
16376
16385
22331
5756
10525
8826
31576
22479
11108
23335
23565
14779
3262
26627
20474
1713
17125
10416
13768
27141
13808
26300
27487
23119
4389
13092
17753
786
5646
15638
6838
29083
9679
1531
14545
2348
29878
5813
21394
602
7188
6693
17894
31156
32331
241
13932
20901
12585
4740
29810
27548
25204
3926
8479
31849
27334
18541
30961
32747
667
20516
20843
4072
19881
10283
7943
8764
12400
4303
6002
29238
9233
23931
17400
6463
31843
29311
6205
6844
21572
20497
24879
26422
5165
20113
8248
6840
18186
28690
9912
31353
12616
27413
1458
30139
24111
21143
9670
11763
6002
32591
7007
18986
31492
7729
2861
6563
9006
2102
13014
18878
5343
18271
27112
13084
26691
27896
12051
516
24470
7450
5525
15878
24635
29555
9973
29918
520
9545
3316
3227
10469
1213
6081
256
23701
18765
29804
4138
21203
16797
10141
6771
24481
21111
8326
14743
16349
26384
30742
21269
29205
13965
12399
10712
4508
709
2203
13079
26589
13385
14458
12922
10224
30626
10495
24958
2155
16345
31900
9754
12155
21053
31739
7331
9523
16224
15087
30957
16419
28003
2474
691
16429
6003
1584
12600
2964
26260
25100
10799
16982
1949
12353
10200
7100
25220
20355
2669
16943
22236
17575
6332
8525
8604
6489
13333
23100
20514
4877
870
21054
25720
22072
22949
3974
3797
18879
23406
22603
8295
20143
10222
18458
6991
8240
2303
20336
1006
28596
28308
20872
22367
4468
14680
21618
19268
19741
6290
30565
15046
9926
32588
9046
25815
13350
29876
10697
24506
20996
17346
17896
26054
19950
19995
13266
24423
22574
1590
21045
20069
20986
21693
543
32361
19435
27958
14609
7869
18609
21986
31062
10579
6148
9957
9362
15113
24029
17576
23710
16683
6631
6524
26259
8249
17200
4736
17445
14315
19493
25540
30515
26739
8893
22446
9115
32002
244
11677
851
8077
8571
19405
24758
14801
11438
18555
2843
26517
29126
3657
31148
24111
16464
8163
4214
27977
30174
16099
15292
31973
5116
31218
21905
11423
29285
26160
2470
30770
24951
2007
11104
1342
20709
11803
12845
32329
20140
18004
20505
7939
29256
27230
22172
21966
2087
11840
23990
7805
4446
28941
24894
31324
27547
13576
18552
10609
13658
17163
3045
2306
16988
7466
27999
15192
13397
1171
30309
31938
3046
5816
12467
18908
17866
17841
19733
15120
22612
12251
11390
14686
9497
6854
32596
28761
13034
5454
28431
8562
17413
1287
1538
15481
7307
8927
18808
24929
3381
11006
14851
12100
5699
17393
11793
1190
14006
24840
15040
5374
15295
9212
7924
30579
9335
469
25766
4835
28112
12043
11391
2857
23244
5868
22437
5024
3309
25149
981
19171
236
20772
3506
983
17326
27718
3420
8172
29555
20780
325
24223
24913
7659
6976
17988
26337
16388
25563
2562
17464
10889
10223
4383
6680
14209
25717
893
21608
14478
9371
32613
6370
31437
1560
23684
3596
16894
22460
8243
3689
32485
1611
1788
7152
17647
19339
18265
10173
17177
21404
29118
519
17422
19592
4570
1618
31119
5147
29979
22501
5912
30709
14960
17023
32705
15325
3922
4934
2914
23128
15877
32256
9978
13178
28955
25221
21586
7677
20539
1652
19677
3728
23072
5926
19427
18801
8164
2016
17374
21054
17791
8269
805
3593
27531
20267
3015
19370
26186
5444
8890
9817
26089
7328
23093
30332
29702
20473
7002
17597
27249
1647
29464
29536
18223
6013
9808
4563
453
27436
20790
3719
17843
23174
5627
15103
13886
29774
7849
22055
8050
31214
30286
4326
14440
10417
32092
16630
23237
9010
32080
13812
21379
3861
8082
25779
12532
15092
19356
23766
12803
24732
12383
15518
15038
22394
31970
5888
29201
19280
3117
32763
27860
19244
2149
13096
2569
17563
18744
2195
25694
16154
29052
11209
31994
27597
4114
18738
885
23924
18449
9633
24360
31898
17440
21546
23976
3087
31012
32308
10893
20889
31772
29134
29816
14055
28488
27207
25428
30406
19089
18168
17371
10904
805
9317
3164
19457
22114
2949
7868
32483
15349
11101
27580
14221
17219
20692
23417
4399
24584
4290
7993
26769
27197
22602
20580
3845
21824
22378
209
10651
25135
31184
8259
4243
20884
25071
23348
17176
22600
6739
22225
17195
23441
28977
28229
28125
14478
12867
21818
9153
6869
13010
17309
21921
9818
25621
3746
18800
30867
24505
21257
11136
17625
8897
5279
16373
4114
27280
30471
18554
20365
26692
29626
29234
28461
15942
12621
24561
714
31775
24563
9389
9940
3214
16194
16943
21561
18903
12602
14
11145
11357
32387
11998
31577
18291
12278
11173
1509
2160
8543
14222
18937
27649
12673
30690
21265
7620
13147
12851
21695
13842
1194
6363
5453
2588
28079
15269
27555
16953
11826
28873
21612
10878
23495
18974
25205
29072
30032
27275
3669
18870
20419
20414
10579
8242
16430
25633
30596
24274
9976
27914
13620
27586
16489
10547
2951
23460
24172
13161
14432
2530
28564
32136
28034
2883
30558
30630
10998
11965
23478
14223
6316
139
11196
13426
9061
895
17351
27353
24783
5272
29354
31966
32498
11479
1079
8860
17100
30031
21762
32485
23096
24956
21352
11315
1301
17365
4559
5600
22947
4260
20014
29081
10288
17174
4817
27920
16885
6286
21590
25585
10043
5695
12540
12824
24770
3322
13597
30209
2146
3908
18680
22399
17651
3500
11188
9905
15723
3420
8098
26418
18246
11501
11203
7057
21547
27520
5770
25857
25292
26122
32226
19281
30478
32495
12403
16670
23914
9171
11297
14407
15762
9644
26070
23201
16472
22300
16002
15084
19660
25855
18784
4614
8357
7488
18298
23647
18403
6128
31855
27565
14258
30361
16500
16609
4240
11727
29593
16985
19378
3337
13902
8791
22436
30895
2853
2482
26673
2676
17881
23243
32130
3046
27536
8387
26250
32579
26717
32491
17057
10895
15881
13436
18030
22755
4115
2185
18443
17928
12533
12849
22116
26693
5289
4377
24544
3188
19564
18970
11332
30811
28610
7222
11732
1850
5818
465
28091
29857
18803
29213
6060
18820
2271
22231
26826
8081
21703
2609
1477
11969
21263
28943
31814
22830
31804
1397
29582
10532
28979
25920
20570
30074
24131
14613
20489
8227
3942
1944
24320
8960
6596
18654
11854
24312
15993
20004
19596
24907
27288
20929
17927
4899
30832
17241
4130
1901
5646
9300
17397
23270
29955
2190
27706
23161
10087
3920
27242
25544
19997
26752
14115
13321
31833
14868
461
6419
29792
31180
29565
14520
8591
3873
6425
25174
29599
20857
14526
7849
32551
13980
5726
29155
1890
17771
27566
1023
21811
8400
5951
9042
32614
16113
18154
21859
2105
8361
8562
27132
29723
7480
13157
17537
15795
5689
9027
20353
19236
10197
28898
20107
18576
10551
17425
579
3035
4415
3708
21172
26033
4987
1232
29672
970
2387
13087
14518
18540
31619
12421
2012
15154
24527
13836
10062
30477
24305
7373
20941
14728
14039
1880
19130
30544
3339
14934
25645
6643
17779
26733
11074
19176
12602
30052
11955
28624
10766
29832
5036
15355
28044
26190
27866
31534
19704
31033
1990
31139
1330
20990
9313
11602
21221
7911
19167
1135
5890
31349
13257
32052
8045
24905
30286
27360
26614
16196
28891
3072
26506
22510
8171
21997
15786
3604
22303
6550
21533
20150
4241
25983
18658
8992
18022
18698
13417
11862
2722
23798
8195
6581
20800
13605
16534
13528
8323
8098
18837
19641
7047
21730
27695
32280
6939
32074
22215
1825
18643
12274
18597
23625
28760
20137
3563
1145
31491
25401
30666
110
18858
25068
9461
16736
24762
30030
11862
29409
6790
14133
3073
7177
21471
31487
18022
23504
18149
3355
18378
17595
2076
3019
25080
7099
22979
15655
23603
32338
18785
1638
7536
13303
19360
26713
18114
11964
19038
9528
21014
32558
22786
29601
2336
16252
780
25310
26773
14812
26865
21607
17307
20011
7973
11943
15230
23251
889
11523
24484
11506
31911
28953
2499
15289
22571
14661
19025
13074
14933
24682
31036
4485
21661
2799
16092
23900
22070
9479
10534
13573
19174
5686
8482
16057
23572
19985
21663
15195
10275
3653
26661
16547
9214
5594
1323
24187
15092
4537
6282
13225
8391
30316
21810
13743
2559
10022
20251
12271
16004
3587
17023
15891
14956
2448
23367
17836
20754
21390
4291
13081
1640
17651
27037
32171
4750
6962
15376
14087
17315
8892
15957
10699
12763
27335
31582
19316
31185
26190
32711
1407
28959
7769
21258
6606
2349
22910
4338
9806
21574
23720
14162
3031
24817
10519
31734
15443
24446
23464
16090
13347
17887
4439
27802
8894
26041
29954
25898
1691
10427
23152
15047
16466
26415
2705
23853
24830
3278
9479
1291
14309
32729
15078
29620
25435
32357
1720
23319
26851
26103
26053
497
6296
6480
30353
30785
16331
30858
165
28669
28398
8036
2450
3587
22192
24027
15156
18258
106
7930
32564
7802
26042
12786
29648
21841
11117
10605
7647
26344
931
17696
31759
23997
31533
6559
24434
23090
13882
27254
11577
23870
24627
27253
28095
11107
21219
22091
19657
23520
14555
7511
28428
26663
12053
3258
16623
20369
10711
12465
8851
9041
8410
24610
5392
3751
18092
9844
19714
12118
20307
32676
20037
21079
2611
6805
29948
26831
21298
5544
4056
18751
7961
27021
28567
4346
10045
30297
4042
14813
30816
26328
15580
14394
26834
24100
23376
13589
14811
9078
13386
14483
26718
16445
27473
22703
28854
17517
339
16431
2532
9498
2281
8662
7148
26949
28637
27612
30076
6390
490
20379
1231
8843
2242
29067
6097
10831
11606
21872
26500
30798
32337
23250
29346
30824
16357
23982
27524
165
26827
20331
15682
20936
28805
23567
27676
1575
21223
28595
21784
25273
27861
12341
4333
15985
5710
16172
32288
29642
7594
22561
13933
4260
2079
7932
29544
14414
15242
12988
9828
27620
30060
22635
18324
11483
13107
21073
8304
11738
28604
14185
5466
1483
23061
24337
12930
6451
27015
13573
7
11710
29396
2446
24927
23583
8893
12791
1016
21526
455
3393
8479
9938
25919
16664
5922
2938
29052
17157
7601
20999
4452
484
6538
30804
1842
17305
21334
5496
31350
2815
5581
3923
10076
6689
30497
20071
4914
25773
20890
25577
27173
1701
12157
22040
27211
4952
11827
1742
32743
20625
7335
26709
30440
12814
22768
29819
26034
10547
12592
6633
13601
7424
19388
5040
27083
7745
23165
24357
4742
11268
7574
17391
43
7248
31046
8798
10905
32020
8976
31743
26364
350
10778
27245
21327
20173
24276
30825
6943
16201
24025
4397
31122
27377
16922
31230
7337
3669
16953
2561
19906
8422
15667
5199
865
12203
31298
14411
16431
20533
8194
3124
25411
16340
9938
22006
19873
779
19069
17990
256
6466
16154
27117
7121
6331
11568
17764
22140
18119
14622
20130
26093
58
6586
14642
26447
1564
569
18568
14615
673
25423
7317
25925
23131
18326
11417
230
7599
20276
25657
9438
11910
3769
5841
25572
28228
21830
15627
25038
2046
7668
12465
28687
10984
12403
23231
21374
18700
13554
1981
5977
11842
16191
22091
4489
860
5424
29694
31783
4513
13377
7274
18496
23165
23166
3712
3541
22390
5796
27675
15654
30306
9091
14293
30001
9687
4774
25887
9077
1508
2614
11921
20731
4350
6684
9854
16535
20797
27750
13772
17004
30153
21740
32002
24750
23695
1075
19363
18860
25656
24977
8635
6925
6747
20626
28599
29273
6641
26011
2169
26300
11786
19917
31148
20487
3263
28204
15957
32504
15976
32257
32683
19131
1295
8317
22569
6064
22564
16798
19681
15215
18545
14935
28947
25098
24657
32747
26622
22674
21533
25242
14582
24796
5864
8063
10679
29316
10092
18873
4857
3379
10563
20169
25413
30
7771
6715
17414
19151
21668
7305
5347
31528
23563
14652
12620
11429
6316
24660
13395
3297
17731
22250
11966
2396
31204
29460
858
2683
2797
20233
23954
24528
21560
14213
30271
16796
17557
22895
6850
2962
15735
29370
10833
5342
6893
2697
32142
18790
30676
29846
27742
26704
588
9172
26104
3012
29800
4179
20284
24051
1322
13412
6983
8024
26030
25855
21060
25149
7845
2401
31364
8066
25093
30201
6098
2202
9471
28293
13568
15062
5682
4985
11206
14310
17438
16032
7885
18333
2011
4869
23046
9972
2058
17428
3392
10322
26637
22525
5370
10506
30579
26969
17781
37
30134
11280
27662
19043
15913
14714
31435
14204
28716
26564
4660
15531
26530
12438
23908
20589
6565
27378
29791
4999
10616
23648
14502
2886
18876
25928
24585
20746
15847
19615
8637
23302
4083
28357
14766
16961
20051
21422
13846
10720
26155
28737
17231
11176
28096
5885
27110
28095
29486
23522
29424
17842
9049
28559
26273
3260
23845
13736
22810
2374
1258
6778
31107
4522
11298
27618
5978
19516
24933
14698
4618
12427
15512
32694
26304
11748
31585
8991
20602
6936
16861
32157
11873
21375
21398
1002
9304
9533
22703
17892
10709
29892
866
20020
31471
14747
10669
9517
8121
14429
10055
31478
32207
7684
7129
15596
10286
24679
22891
6722
24905
2050
5916
15338
857
18166
15383
13241
17140
336
22210
26310
32737
10894
5177
30483
6187
7264
19450
28783
29044
19115
29666
15514
11404
30931
4184
8875
14146
21562
29896
21935
12410
6148
26707
22163
21120
7710
708
11588
22428
382
21958
15636
3303
13740
13909
14432
1884
14209
14963
30575
12082
15150
16156
13982
5482
31617
2683
32698
18340
3684
24158
17070
5686
25255
3816
24926
127
19199
29061
13010
15225
14926
14371
16791
1678
5412
3232
18786
17069
15494
126
14327
32668
13807
9438
13641
29584
5269
24236
30435
4347
2029
19223
25222
11941
13169
18500
17428
30206
13217
30275
6828
2995
29768
17474
16663
9855
15360
24064
30051
2116
4344
3461
973
3418
23285
25873
6373
17958
26263
17746
32492
20207
11742
5081
19073
23022
2540
13775
14973
8100
12813
8932
20251
10609
11252
9353
23644
10849
4424
5471
7081
23113
20063
13551
186
1811
15945
25499
21944
20566
18448
23252
25246
16682
24894
13710
9189
15418
6560
23793
21600
28186
5194
11602
20069
14811
4571
26465
2093
21469
28674
16804
12157
32485
16961
11812
10374
8047
26609
10342
29707
6470
17287
8092
16577
11089
30485
20765
11259
15792
18964
10003
30086
22024
7264
28531
10962
9754
2692
32563
3411
26779
10040
5559
14375
63
28200
5260
18681
3352
21495
24408
4133
27678
6020
30737
3101
21775
14444
11118
13323
2681
14032
24987
21944
20500
88
26417
2732
6998
11895
16997
2199
12866
31217
26752
20719
11393
1947
26511
987
2739
29282
22619
23120
22535
13967
11419
2937
2569
25162
11625
8541
4796
12124
15859
188
22761
27193
13939
10297
2742
19005
27489
27327
32378
7990
13542
10525
5584
30755
2709
20211
22251
10043
1878
5842
12329
18225
27042
22943
6634
9655
25590
27960
2722
14145
20865
22106
28973
30731
8992
20931
10595
24157
6285
30867
7917
16910
6612
1016
4695
23879
17670
29706
13413
19081
1072
7668
2987
9201
16270
25941
22616
10171
32765
9446
27219
1542
5551
2652
7561
15318
5922
27024
28805
8031
19539
19165
26945
385
23087
14537
15419
2191
16970
4328
27084
10324
2771
23550
17845
23384
8904
29028
7419
351
22118
27053
28150
1843
26596
9352
26276
15267
8288
26088
7491
30156
27930
20067
14110
28823
23776
13016
29095
32643
4553
5973
16838
165
31526
20792
32113
12269
27574
5268
17277
16298
24601
28886
5555
23120
2439
168
22823
29049
28866
20757
12485
32299
17737
17390
26157
5721
11471
29037
21697
31660
9963
19737
2811
1923
22801
4585
5637
6200
22209
14764
11139
25509
14846
936
9651
21222
8194
20098
1465
19297
24112
18782
28724
2308
842
16454
22549
28110
30948
2000
19377
27281
22809
19451
6165
25846
19580
18011
13977
16065
1105
8054
14520
25174
9470
32621
9758
30844
13500
4575
259
11106
25234
266
25784
6880
14724
11315
29311
26110
5128
7496
160
28090
25529
453
16313
13574
8527
10964
19030
529
30927
22712
21185
9415
1535
21867
25372
1691
13597
8838
25516
26500
7120
15970
23416
27717
24159
17533
7955
25074
29985
27935
25014
23216
26165
12349
23697
1980
18290
3997
99
29871
7329
19515
25929
2048
26090
2796
27859
27850
29325
11329
19037
18895
19411
23470
26013
27070
19523
6635
19320
14513
14104
18075
8474
15098
25587
27948
19781
24863
21198
22782
19433
23843
15409
13511
24566
23815
29096
14646
5998
20113
8820
11990
21950
4172
22657
18230
22606
13264
16792
4423
26967
13635
6358
3333
13557
19488
17501
8793
29821
14647
31561
32574
25616
13814
2022
8484
13936
26854
31264
3473
31507
888
24122
32270
10870
27906
19395
833
19636
7941
24774
25431
28247
5809
32066
14245
22382
32683
21209
3470
14560
31757
7372
3751
17407
11695
5159
29721
24672
25765
29753
18759
29675
5896
9031
16817
28974
1530
21378
9752
8182
13284
12341
7396
21537
4098
27459
20930
1710
31522
16081
16529
1302
2472
14144
10111
10975
9942
22878
25711
22894
32074
30941
16799
8733
18632
21252
30087
22157
30010
16804
23044
29502
12021
6734
7861
6236
18494
3523
31397
1244
6157
7084
8491
18376
13841
28299
32271
7127
14323
13298
31982
8513
21471
17651
24544
27089
3137
13015
26967
2876
18636
3090
23883
11185
193
28023
7572
15537
23150
13225
26007
22561
25589
24786
26916
29598
18766
2711
23199
24080
11151
25675
7262
15234
32107
14690
8531
29489
2297
27689
16619
17378
695
19637
565
29305
19919
23577
8775
18120
21913
20445
23006
19109
8288
27051
9796
32575
32617
30538
6519
31922
49
3793
30087
12248
759
23316
5952
10850
6778
3171
29705
14632
6404
16756
12044
13502
28327
31901
2455
16456
15559
31046
12994
27279
17113
30111
14931
25940
2153
17550
10974
18148
26722
15340
3889
2540
24970
21232
26351
16271
20556
1259
20090
10166
30138
19510
24086
9127
28626
18793
1100
14042
1792
27342
24461
2567
29925
10262
23320
9348
2135
9802
4894
20430
19113
22532
17443
22886
2604
28126
18855
9950
28149
11051
28678
20531
30433
29413
7581
13405
4567
8423
5934
15397
8013
860
25477
16183
5134
2168
4700
16248
5946
29798
27261
28313
16782
13185
17190
12781
25061
7366
3249
6263
27391
14473
19572
30536
28290
24424
4071
8200
18750
17790
6916
26066
25781
17881
22004
25669
12763
557
15847
15575
16666
10953
23876
15981
7065
715
3842
11049
16830
29840
4437
4227
29426
19055
11150
26012
8868
24487
27452
25550
16016
23957
15512
19848
10817
22827
25120
5977
5076
25757
3969
10058
1536
26973
11194
7793
23379
24138
32383
24771
30398
11813
19675
20266
25940
25156
10522
26584
19791
25994
31206
16602
20052
29590
31920
4336
14072
2107
18258
15004
13186
25392
3314
3449
23026
29705
10793
12750
14147
16998
15460
29283
16878
9835
18571
22675
21935
25968
13537
20131
7307
1785
6700
15442
2322
30184
12309
20913
17890
16881
22737
29749
15980
5455
4097
523
9467
12981
16599
24491
6642
3976
18299
944
22612
24139
8621
29927
2954
7515
4779
28326
12897
32220
15957
8031
13139
14067
32655
13684
1543
6453
32231
11853
5659
30304
18040
7081
17184
12617
27661
21297
8678
2582
29322
15443
25338
31405
2440
12365
622
14189
23104
8328
9432
10267
27818
30504
17821
27935
26598
26081
6768
17648
12762
5900
20501
26061
12829
29946
1131
8110
15379
31624
8617
23162
25690
18419
32488
17530
17765
23278
27106
17678
30567
16626
32249
1950
16243
5334
27771
13012
14817
4255
6692
8200
1011
8345
13796
9980
10425
11431
11491
20938
21809
3031
8131
3354
6067
22073
15653
10392
11916
2290
9582
15270
10730
12428
15307
16973
25848
3472
2162
1658
6729
26455
4139
10599
6010
285
17679
24919
21523
25943
29840
16262
28591
31558
22202
4704
23389
6861
8889
14321
12869
4736
19610
29853
1423
21501
20566
8721
8064
14975
11788
19065
486
8112
31630
1011
9143
12991
12063
8260
12789
17843
1915
1227
22484
1279
13592
16051
21023
19798
10412
10092
20952
5056
10991
11611
29215
5102
8610
5328
17748
14538
9680
17721
15744
29523
20308
30358
29681
29608
22939
21293
5157
30818
1451
24959
28138
10279
23908
19066
29378
10621
15366
20464
8844
27867
16372
1864
11105
23814
2488
11380
16573
27035
27718
8483
28127
8167
29317
27703
26482
17919
24075
19833
8300
11277
808
14731
9783
10217
9767
21023
2063
28393
15824
11879
19883
16889
16178
1996
16671
8174
22175
7907
4097
29207
12791
27805
1994
26389
16426
29630
29056
28653
2552
18064
20626
4956
2043
5336
2308
2923
6632
22025
12491
24898
786
25528
4219
31553
4143
6224
5919
20813
19039
17927
17768
15208
23402
6672
21515
3717
1865
16402
6500
31642
24297
23002
29279
25846
4139
8013
12952
7637
30511
15008
24513
18482
21714
13515
15429
17628
20085
1594
25898
27084
6913
8134
1852
29366
295
32741
28520
24542
2797
10269
31334
14125
4710
1727
10139
23428
3008
10449
21309
28240
12421
18508
23480
28511
28698
2696
13904
3826
18828
756
14088
26131
29323
19978
4035
2344
28599
22658
19114
10441
539
9926
17357
13519
3575
12455
26125
13741
24259
9550
12089
20484
27760
11125
16247
9841
1521
29143
30694
3498
1274
9188
27777
18121
28424
5818
11591
13287
10145
16977
10905
15085
6109
23285
14563
19111
28453
7930
30590
13850
24891
11435
7893
23064
1402
29827
31175
16657
15200
7072
3661
14636
14409
25204
14685
4246
8829
25534
16910
27674
23917
16312
10236
27635
27450
1938
12526
4830
1911
32032
31158
9075
24368
31440
3673
26548
2603
6110
19824
5863
10605
23755
6862
19873
20224
7179
9571
19492
4852
17150
17504
28394
31140
14113
12188
5506
3899
4998
5943
27547
23670
23169
24189
18527
6315
28581
32269
6146
15626
28142
20794
922
23843
11840
21169
19249
26792
4624
3164
1560
14964
26209
16007
15743
6349
29427
578
5443
2790
2487
27398
30471
10152
10885
27547
29574
16818
3857
568
20007
5279
13084
28653
26323
22407
11495
32574
30211
22728
27117
7697
20253
1798
9169
20170
7424
2928
8598
13492
19677
22853
6414
16291
6986
22167
17557
15063
30609
592
255
17188
12622
15218
1998
26704
9273
3491
6568
32189
22080
9960
11529
24135
15321
23217
30006
10096
5782
22038
21874
12219
8697
26976
5235
15445
651
2763
25623
14842
11048
30346
4436
32023
11421
4108
28781
19756
9077
26750
22892
16245
14351
3729
18636
9417
25844
2941
30838
3778
30568
12614
1263
12318
32319
7741
29391
7269
6898
6603
10357
10956
26866
11882
12281
90
28476
9460
21858
1353
20526
17696
29977
18863
11161
32585
3742
7518
26391
25458
28538
24328
20639
2440
2677
18087
20310
20198
20232
12059
5800
3359
5397
8981
3992
11767
28886
12597
27732
16562
788
19311
6669
29842
6553
13747
1285
7323
13287
18381
25322
8345
16426
1674
30562
32612
9324
22556
1767
18019
26632
22463
27605
8783
4449
3229
449
27961
3027
2031
23309
24015
10730
11878
29881
15323
6098
12489
23676
15884
21007
30687
32020
29945
29806
1935
1242
26467
30012
7494
6809
17338
8373
3481
21664
19171
26815
9516
9750
22585
23769
4306
13966
10962
24142
4341
22491
21507
25774
31801
3622
28454
26238
21852
24126
1690
14895
30817
22062
18956
845
8941
1045
31221
32761
23537
20274
11364
19097
32393
26431
20222
25550
27684
15872
2627
6311
10726
16155
27155
6420
27978
14890
28528
21149
23564
13071
28549
25427
838
3207
25575
14599
18905
16643
4124
12475
25102
7603
8282
19030
32381
13283
9616
17564
20014
29834
4779
13660
1023
10784
7954
29163
27973
17585
12914
23506
23478
11312
15809
26052
26247
3341
9597
25811
18129
21257
8501
483
21305
17994
13387
24414
24272
32426
9208
18217
32568
8533
3728
29911
32265
7315
2056
20509
31090
21986
24501
11142
30756
32328
29526
23400
29803
231
13141
14615
8862
16338
15434
26200
30394
4895
10689
25881
11594
15934
1597
22367
23434
20361
31869
31615
19147
7707
11773
14481
8985
23014
21184
20258
10524
25088
1613
553
4924
21822
26104
19516
14856
4356
25698
29956
10201
4699
30275
6895
19378
27972
31847
1316
21355
20045
3831
20924
28943
14945
3578
21551
3970
228
6939
14348
14951
5120
24749
15342
15680
15161
18924
6315
15831
21576
4230
26830
21982
5670
17242
9288
28626
2663
10879
1122
27429
12489
11400
25590
19355
269
6406
28639
30709
16133
31823
15278
19405
21743
24702
3742
193
10241
8123
31947
13011
6981
11197
8350
1040
13479
28300
2188
9072
6221
10380
11520
15102
20006
28599
661
2360
1478
13354
31881
10681
19569
28131
4975
20757
26997
22473
9251
5
21693
23532
15107
29124
31652
5391
8028
18872
18439
2404
13091
17493
7582
662
31462
28479
16780
9996
25089
11438
24628
14445
3861
1559
9551
7007
23734
4617
6715
3221
19044
29013
16022
9992
31165
10097
3852
8068
3056
21022
28269
22887
29557
1097
9475
14502
3580
18479
27170
21776
6819
3269
11264
29399
24683
599
2503
25676
6381
10863
13289
14570
29513
7928
9908
23958
17248
21667
29478
4645
12611
23690
2562
22559
31978
26900
15651
16066
10794
6680
27409
12362
10465
21573
2258
9328
19828
10177
32259
23601
11643
2576
1831
2768
13498
26424
4670
4126
1620
20002
18842
10233
32315
15428
16622
13075
26347
19581
30888
31989
14168
19776
11136
9027
27940
501
6737
577
22294
5020
18984
19094
25544
29876
26779
9296
18591
15451
19037
809
5376
15542
14351
4104
1473
22675
32088
19403
11486
23629
28215
20292
16750
24048
22168
19585
11221
26782
2086
13649
8762
30514
31329
11011
26940
546
12528
7025
3296
9386
23608
12094
9678
7463
26669
27995
32446
11457
28008
14288
11821
6732
14459
1465
30804
23664
23425
32398
3418
12040
32249
23208
30665
6089
24276
11521
20287
7716
15564
31292
870
14957
6392
16613
21285
16444
1949
22265
17432
18452
840
16553
11838
23618
30233
25691
12274
27912
28002
16370
7709
20475
11121
847
17577
20138
2985
13335
2873
2176
27864
16055
21015
11244
5572
6310
7021
19134
18439
22506
21689
19925
29981
25566
21627
19447
18876
9010
24624
18432
867
19251
20100
6719
17462
13389
6596
2333
22793
22478
30354
21759
9659
23276
17116
15214
11205
19210
24847
13686
24338
28471
21383
30027
15634
21240
11339
26419
23050
28231
9463
14751
22702
3803
29433
12443
32753
26282
11264
18537
25372
25517
20146
27497
20509
13539
17310
16189
30754
8344
27249
19753
1639
4071
1900
2496
6476
29566
9493
32701
20907
26017
15917
8751
27752
11634
17379
2521
6730
1903
21575
8664
2569
22332
13569
1926
22696
9891
26179
8607
23556
5593
25084
12962
31662
8450
23375
27258
3062
24312
4675
15198
24392
7496
4028
30198
444
32126
23978
28863
21224
30627
3968
16048
29177
26115
12008
14622
12290
32308
24756
24797
31891
23379
22040
23208
142
32145
24087
2754
23350
25326
11068
5086
13705
7493
8586
15677
8144
2441
16565
1046
28020
3150
32403
23610
787
30603
9677
25592
19155
32158
3290
3902
17142
21904
14638
3586
23215
29851
17070
29152
4404
233
2920
22277
2837
24991
8065
5195
4556
4122
20846
13989
12693
3704
26215
19390
27008
10075
26393
16349
8644
23273
26780
21260
23638
7448
24996
27001
21434
18728
24571
15132
31770
28273
12847
9882
6805
23134
22920
11114
26329
954
22588
20278
27380
15146
12262
29316
5479
17659
9269
22677
12668
16414
5601
26253
14810
32369
2532
24021
14679
12865
12518
5566
11789
5388
761
30823
8880
27531
17286
18144
29215
2799
391
26767
26936
17260
26615
18899
15089
21492
29319
3560
31396
19269
23187
6155
4267
31269
20564
12254
23853
23276
21591
17677
32055
4676
17710
5682
26127
27949
30053
16118
19141
68
23992
29049
10
19524
16258
24309
21061
3021
19321
5022
484
3684
8345
18892
23024
17596
14174
30811
5349
25139
3382
8274
960
14240
9270
7620
11097
11084
11020
32756
19443
29246
24885
11452
1810
28348
2928
21296
6029
22542
3186
29054
20451
3973
30171
29209
21202
18108
9577
9238
14886
23326
17003
4822
8144
2728
12153
229
15671
26096
17507
2594
5331
9063
25703
12576
23031
14299
17575
23501
2798
22592
30426
849
29002
18607
3137
6969
31865
7343
25820
29653
10905
19636
32479
7134
29581
17637
23136
1372
27217
20770
17746
29127
2186
2630
9142
26989
22626
10409
2064
16915
28818
24554
12312
30943
30400
10219
14771
25462
7180
5916
9249
31841
18406
12797
29048
20149
25890
21470
31825
17651
1358
5353
21953
24365
20035
20835
16267
5226
26106
13871
5779
25420
20641
30356
16790
22000
29934
3904
30745
32022
15028
14988
30111
9858
30644
31233
27935
21154
7861
22811
20661
11632
25815
19790
16792
3738
20772
22343
15436
17632
27240
18804
21785
12478
30530
22470
6331
29260
1148
21686
25947
11874
9624
16262
20414
12031
9131
1993
26813
25324
3695
10789
30453
156
25491
2648
30911
20567
16469
11897
611
24984
20819
16256
19592
12211
29854
29449
1775
31162
16913
16981
17249
20898
28129
4754
3302
9890
14708
12892
32568
20188
26231
20611
29303
21567
24619
20495
3870
2220
3839
7553
24118
9559
2660
26972
10698
31089
7389
27620
16794
27652
20053
5670
30739
21790
26806
21560
27519
29233
10935
17602
28538
31162
7414
2493
10917
4641
15686
5755
15518
12256
29770
7912
47
7912
2371
3087
15813
15168
2086
6624
25124
7408
19954
560
3418
15133
12096
22785
3569
19061
27931
32260
7273
23246
27667
18268
27366
30729
24973
18853
23845
21053
27485
24885
31924
12562
17815
24737
32099
13930
4769
2179
26102
13383
27021
11387
12572
6633
7846
10612
31397
15414
31305
4393
3311
32095
20983
12007
25249
6081
14247
18836
28828
4105
13153
18160
19503
4764
15112
5147
394
16438
23672
30552
11894
11728
19921
12048
13635
7112
22545
538
7169
10300
20457
9529
27635
182
4297
6630
9536
22287
11838
27216
6892
7565
20349
26274
19207
20047
26944
18308
1828
16875
18896
23012
269
22869
11107
6134
4021
32515
16553
21369
16494
17230
28578
21821
2140
6172
11954
5602
10794
28604
14327
29666
9211
17169
1754
2770
14756
17139
21476
4068
28440
14546
724
22449
1827
23196
14062
26933
23132
5601
405
16923
6741
5686
24348
12347
21780
2775
30170
25698
19655
28560
19324
8785
30643
23773
25759
12808
15470
9040
671
30276
15950
13875
29609
19526
20001
10607
10520
6358
21278
18092
2046
9864
16412
32186
10240
14654
26882
13359
29800
31470
19583
14418
25461
9637
9723
23352
14325
3788
23501
30253
278
30635
7598
24406
19578
18219
18285
4500
16009
4320
23525
2986
1291
3398
11309
10915
22518
26443
32526
878
31876
782
19642
32716
32393
8679
25274
17004
5124
1959
1065
5715
24308
1313
23072
28034
365
3049
18545
13011
14314
12123
31384
29477
28133
14047
15598
8632
165
9580
30240
31706
9304
23115
21728
20420
8033
12062
1498
10943
20467
14112
1514
12939
12255
942
25740
11776
19114
4615
2708
246
23011
18000
22815
8035
31667
6107
13513
15299
14262
21160
20768
13501
17929
4652
20569
1539
19621
22866
2882
16506
1771
27584
5496
19867
2943
19547
20954
537
9306
1293
11069
17347
27931
7110
17762
18093
11166
22720
14885
9610
5840
16904
14070
22877
32706
28730
3725
21585
4348
8331
4826
17380
6163
10253
19259
15947
3454
11311
23282
24338
20133
17539
11222
5892
15931
27077
12616
13130
16078
22040
22377
24535
15260
14994
29323
10499
13225
28155
17125
16501
31502
30930
24714
2375
9876
8849
9116
12133
21889
25651
23740
20022
19890
25586
29126
27263
7658
24149
12987
17284
14954
8298
31487
16240
18370
30544
29381
30454
2022
14585
1223
9273
7556
18990
23610
30953
6549
17876
32513
8111
1843
10605
22561
27852
27050
10978
18037
509
24785
7039
931
27041
26523
31807
30542
27933
24809
10058
19085
10880
26274
12988
20380
11619
3846
28840
4562
3860
7231
12381
8659
25075
19001
9447
29191
27675
11956
5337
22347
30021
24472
14154
486
11242
21384
25118
702
26024
12473
28039
12492
16103
32261
28874
717
23996
27195
15431
12602
23566
7610
13492
13435
7415
19006
29609
29528
4460
27897
20833
13744
12321
30438
15295
12141
9383
20314
32399
14263
31191
25820
24847
104
17268
16438
15533
25024
2828
19916
28947
3675
1055
20781
22881
17247
19332
14056
9913
18682
13831
14497
17409
22284
29271
1891
9956
12832
544
28728
12826
5281
20084
12023
3306
14411
23407
25438
5101
5087
24347
23648
18196
8475
16273
11712
22764
16105
15457
17375
17185
983
18228
27091
1090
5319
20400
30136
27331
21479
1692
3915
4424
31716
23621
17589
28705
31579
15904
24996
10256
9361
22448
15520
27219
1379
23210
28317
8670
31616
4696
10444
16873
22741
17979
7351
23978
11337
12276
10893
28004
683
2149
18874
25760
13288
28691
24507
32186
4226
14030
31025
24224
829
18069
6452
31447
31516
13748
4841
22207
12683
17455
8535
4119
8414
18531
12662
20419
16122
20203
4745
2253
20562
29121
174
10411
26390
10917
15796
7360
25254
9411
11308
20773
845
20880
8387
3240
26156
17653
24015
19989
32116
7343
27943
3765
22745
30454
19512
3605
21059
15452
7765
2824
29382
16633
22863
3567
9172
197
8262
10296
177
31557
16574
19749
23592
29290
1525
10191
20093
4278
22133
4714
24482
15008
20453
4810
8621
3898
21796
38
20362
23569
17049
13853
17389
2132
15556
30966
23691
15161
19737
28460
7562
16797
16655
21546
10550
30443
32628
18515
24565
13630
18435
25157
15485
4298
4408
25951
16452
25208
30819
16769
1080
26064
30716
16402
16817
28188
22582
584
26532
30410
3542
13475
4121
4883
31558
7099
27103
218
18405
24124
27262
25303
16802
12335
23661
26100
31945
17275
7557
22007
9756
8619
8630
25954
15142
21233
3577
11415
7372
30315
32645
9280
12325
12198
21318
7918
396
3425
395
1536
7667
19859
25087
24007
5754
8879
27610
21736
25152
24102
18008
25345
4728
9261
15723
14991
3264
3266
28332
4623
16303
21993
17048
2147
1453
2876
1529
10360
10760
18082
14242
20518
17476
28255
24159
32343
23986
5197
31532
19564
5444
23144
27557
5852
13727
144
20670
6430
29042
32651
19892
202
14854
21834
13124
15355
25623
26221
27418
1783
3811
6409
14220
32018
384
3240
7048
12495
29298
5009
32459
3913
28029
20810
25172
4817
19384
8796
14617
2265
29155
12630
14584
28433
18682
23828
14320
11215
9482
21569
27025
9652
3652
2587
4273
32397
8272
26742
31073
30071
29668
25348
20256
13383
18068
20435
9038
3112
21740
10519
14307
25990
6844
7210
25184
26411
28083
2513
6918
6312
9775
23489
3142
1015
19028
21346
13946
6750
28508
13778
31698
24726
17709
31021
10385
9773
49
22284
19321
19497
5474
26699
29315
24302
31908
11792
8148
1890
27992
11272
2797
5966
18734
30708
546
13576
10554
25189
77
27215
16715
7363
19139
6774
3448
148
11143
9157
32251
23547
7102
12316
5443
26495
29283
30937
11332
18702
27452
508
20754
18498
6669
4233
29614
6115
7691
24622
21791
22700
10643
23590
27845
14674
12828
24413
14315
22466
23659
16341
10139
18346
30982
10568
8374
25148
9450
2831
16964
17199
25216
7490
26120
5894
16078
16673
3927
7828
22250
16562
15403
3008
20917
12716
19572
7046
8645
32660
29614
4414
9123
24870
26808
30497
27703
15606
18404
18441
23424
16727
23371
26232
18313
13180
15715
1244
21400
14813
2515
25361
18344
9692
4229
1320
31769
169
16125
18279
11687
24419
13290
29584
19865
17024
12539
15207
8762
1134
24308
15470
19341
7034
6145
28915
61
13042
11338
12876
5843
24454
21703
12386
12075
29428
18518
620
4137
13029
9995
13565
3496
30481
12231
31041
2739
29354
29708
22915
27640
11512
32271
5875
3705
27969
7439
5287
5765
7659
19430
29663
10983
27364
26078
17805
28765
8002
7621
29973
22860
1575
27460
20561
7601
21224
25196
20696
28507
21614
10642
2688
15960
30684
349
25377
8621
24177
4893
30620
14410
2737
31070
21020
5692
26815
14014
21916
4645
13838
3835
682
1769
3128
30288
31082
23979
4910
2818
23773
29688
7826
19766
31587
12865
14945
2309
24703
26255
27349
9938
13275
14194
9098
21979
2444
17210
14815
17679
1942
16234
22175
24096
1203
11370
10977
14040
1104
29052
27692
11440
13273
29937
23519
24223
19766
1181
24016
31024
662
8840
25140
2263
22379
2534
9919
18053
2741
74
4876
4730
30340
18198
13374
4443
2232
16694
7144
8068
14604
8462
9770
3743
8275
12976
27421
24949
5377
5715
24433
31237
28908
32513
26709
28115
25684
18831
26263
29827
31265
32722
32013
9382
12653
7184
5683
29396
20546
8373
27925
9979
21413
22599
7536
15350
8403
20892
32532
23906
23498
27723
20620
30637
1803
2400
29953
3695
20639
13396
18780
19710
12376
22588
21675
1341
15193
21824
22470
4276
20696
2639
50
18406
1059
10001
16965
990
26593
23069
7819
24076
7835
12141
22121
8783
21627
13070
21504
10067
1619
11292
18772
285
14816
1006
19118
16868
2897
11662
26687
15651
13315
8556
2821
236
28303
16723
6387
31103
23558
14491
9292
29467
20091
11425
10832
28180
7362
20852
9498
31014
25464
14033
29897
1545
22339
24914
25566
27717
3163
994
19173
3656
22346
28020
5976
21686
10992
32501
14784
29696
6089
15742
16157
12344
20595
21711
6536
4900
22378
7673
23575
18577
14871
32346
28161
5353
32009
13006
30978
6664
7554
23332
5889
24140
19509
22991
753
18923
17742
23518
20725
3722
27059
7471
29127
11531
32137
15583
1370
3494
12283
13828
16574
24123
20534
20639
27461
10982
21432
7884
14052
25813
4555
23100
30683
19286
22604
13797
32664
27444
15793
30712
7897
10308
21579
28692
4882
1339
8903
7609
25358
7618
1531
6911
28376
1741
24544
8072
14044
2344
14298
12211
7754
27218
12352
19474
11451
14223
29976
13599
4887
18233
2082
5930
30646
25687
3609
12950
19909
22641
309
21573
15340
18338
27892
12881
22061
4846
5914
253
12048
13526
14838
21483
1021
19498
13288
8079
2281
18719
20512
28387
5941
28833
3240
8540
17362
10730
421
17693
8362
19028
19930
24940
11579
21355
11373
17762
14981
22343
6126
12006
17959
30489
7829
24028
4293
12291
19403
26521
29612
27181
19180
24218
14777
32277
10060
8822
32631
9254
19832
27666
24199
653
12734
27156
26693
19784
16367
410
13224
11391
30819
1835
618
23832
24126
1006
16745
16262
6898
23321
26702
18657
31493
25517
31852
2620
10261
19041
15083
16947
17433
20443
11813
11459
18921
14118
12880
1375
22273
30817
11614
28479
17025
2996
32289
14332
9593
24713
26291
10330
14436
21752
30229
22372
10738
16770
13590
13247
21259
27907
6774
14136
27664
31970
2636
30879
10084
13707
25765
4056
21803
7967
26478
47
29777
25193
26516
7404
21710
29205
9577
7207
12073
21532
16458
19422
21819
8067
3455
7493
24630
581
22114
31325
32742
25486
16835
6600
20278
30249
27788
17628
20981
20284
30113
17398
32730
21811
266
25873
198
6906
30292
20631
32330
31599
32308
8310
11881
2327
878
28023
31647
9743
15093
18124
28194
22598
30548
18407
14951
11754
19276
16531
6376
17952
16319
9021
19237
20984
8397
11666
29160
8608
9788
32592
6350
4568
31517
4949
6915
28069
26796
20221
17741
6218
10361
7082
22860
4980
8645
16036
22016
13749
5679
25380
10635
9523
400
2731
12344
27298
12579
22424
9405
12399
21993
26106
26045
574
5707
9891
13457
8343
25346
28798
20808
15580
4916
15394
6124
12671
3039
15782
775
2673
30331
20663
14182
29150
19163
27369
32029
21783
12373
2123
18892
21968
31266
17982
16416
23435
17159
8327
18588
22868
27701
1186
10137
7087
879
12121
13451
13007
21610
2198
5767
19720
10617
29046
10754
5511
32618
14494
29660
27457
12458
10450
17821
1065
23472
26052
30462
20646
2201
2857
22699
13124
21008
16914
17479
24746
5489
16506
28080
31692
28206
26395
22917
16993
113
29063
7398
23960
22275
27763
19067
11014
22636
26198
12472
4579
5980
3635
19807
14455
585
13490
6726
11727
13914
25462
5978
23476
31108
32427
13796
21726
8179
9438
2315
21348
24747
16658
24474
31607
23919
784
11012
13904
25057
12798
22438
14695
7660
3379
31307
3558
24415
12106
30453
11357
3802
10101
1243
183
29678
15636
13230
27245
1152
4487
22048
3321
17262
5184
30119
1166
29302
32028
13182
21254
6995
16627
15086
6428
13352
13422
10443
28635
25378
20760
3137
30294
9561
20664
25809
26522
23800
4831
16790
19681
2718
189
26061
8200
13828
25400
5780
29251
18911
24384
30194
27408
26376
3164
3864
13161
29402
22921
30694
8510
25819
13381
11185
14114
6047
9703
836
19525
8426
23345
28196
28834
29973
18984
20761
24953
22963
27171
11753
8704
27508
12835
30823
3158
15177
20834
15532
28344
18120
22063
31397
2295
20435
14072
23246
32297
22388
29097
8252
3743
16396
13621
31713
11800
23213
18801
9484
18996
25540
10537
23343
21804
13051
622
13541
26815
8797
4397
24627
5488
28859
2054
14350
12782
9039
31578
21278
16084
10912
678
28610
12946
20133
1040
24916
16811
9773
24128
25262
30498
7551
25713
29165
12590
20541
24776
6517
22069
14990
4324
18997
22008
1403
20662
11052
19212
29338
26515
555
20617
10986
11143
6621
24582
29951
28397
18694
19396
5727
27708
32520
10537
25643
9252
31147
16240
18178
25050
2077
20128
13858
22960
32568
17082
28112
5608
17156
10039
25851
9674
2429
28337
17948
17140
14998
25313
28512
24818
4477
20681
15881
23310
25377
17714
10513
13417
11762
27993
28433
7755
22247
28646
23394
14520
14278
21021
26242
16708
25248
15704
13753
9256
16026
14517
15868
9108
25076
11020
3601
2375
19779
14628
1012
5726
27649
21542
29050
9577
32328
3153
29748
12996
20443
31728
1174
16165
24678
24201
88
16497
24839
10328
13341
5332
11020
12795
10323
11280
5119
19567
13658
23317
17120
20795
8936
3539
27313
747
22188
19276
3640
20928
22065
16365
12544
22694
8198
16926
6561
9830
8220
1304
2369
10013
17263
28150
3163
16877
28392
16143
18623
32498
23938
3460
27866
18808
10669
13589
9272
8811
1520
15929
13639
22286
26833
27245
11358
4080
12281
23244
14333
19485
32404
1248
6743
7313
23287
27064
21517
13298
20357
17210
27709
7806
4819
7099
31163
13890
31498
973
20894
10124
16525
23128
32511
6564
21468
23277
26621
20407
19129
26198
17412
22036
10377
14706
18256
3995
1532
1600
10156
14193
23536
9017
24192
11001
30099
17635
19466
4096
19912
30115
8172
11064
23501
16338
10983
31464
4890
15892
32230
27105
6796
1509
31294
11956
32450
8309
14132
11042
25544
1462
24768
24532
31218
19891
29584
18509
14859
3107
31312
13084
11439
2622
12329
27222
16630
21199
11399
16451
30291
17547
31776
21592
23995
7841
19250
9317
13833
15250
1291
15888
10145
28227
3279
9346
25427
13649
29558
15968
10371
14500
20244
24573
30343
17735
5981
17870
27985
15222
11112
4894
8526
8953
25779
10498
26253
22961
23400
27024
22308
4209
16350
15180
6352
2575
28003
24803
9691
20666
6713
31004
7491
21901
18654
15115
24088
11877
24208
17032
29222
26096
785
223
3028
4615
11688
9673
6988
9278
872
5275
16092
10425
27316
14782
4764
26433
30723
21599
9042
6806
6113
2151
2194
12807
6711
19630
27178
20801
715
2411
29885
613
17162
31472
429
20061
16646
11412
30270
12143
20411
8176
7673
4626
31894
29774
1103
22529
22072
8798
4479
4495
4215
8235
28346
24890
10661
334
30084
15746
29973
26465
11869
1276
11996
22199
8865
6306
31957
17226
1453
28781
232
27125
31043
24102
24715
18916
28976
29305
25992
21064
31275
14411
7169
6223
26625
14925
4530
10579
12015
1745
6775
19794
27727
9693
15886
19870
25208
13694
13085
5077
27615
8287
2935
13588
10626
8858
30107
15720
28806
4302
14206
20357
15134
5490
18058
27835
8368
22633
8422
31013
6451
17622
19448
20516
4060
24881
7208
32011
2297
28059
10727
27676
24349
15470
6128
10164
23421
31001
3790
30146
11674
20779
4511
27005
1568
13229
4119
15703
22798
6837
22984
2348
2840
4920
22176
10432
3658
30496
10419
26216
12781
3486
6970
15879
10670
1474
732
19516
4093
32585
29485
15834
26548
5558
28021
21401
24825
8612
27826
19979
25957
9306
29408
21969
12134
4512
31607
13326
28897
27601
30518
28444
19740
26162
13599
8062
10716
386
23747
4374
7114
22226
23999
1176
29211
1175
30855
9535
9584
29182
17506
1727
11771
23679
22198
16250
1252
25525
28550
29430
21739
1901
20281
24719
7758
19453
6557
19049
20973
30935
27179
18601
10156
9565
32141
23781
13337
2039
5213
23000
335
15203
29488
29531
12058
28237
9171
2705
24155
12576
23508
2657
27566
22043
11332
26665
15691
6055
24252
7344
10282
30952
9118
10589
12395
5266
30109
32167
10484
19966
22144
20685
30300
6269
18722
17351
30984
18668
11454
24444
25235
9608
23913
17205
31347
10244
15840
5970
5594
9689
3716
6204
18139
21214
13731
19866
1742
21016
23801
16840
24565
18643
2167
19844
23136
10225
2627
19435
12301
8067
30719
19109
3156
28822
1358
2652
23170
4431
26516
25458
26565
22331
9982
25331
23624
7136
195
13256
20382
3992
16041
10286
31844
11935
10186
30567
22306
3178
28312
943
3187
26938
16415
15474
10854
17906
22666
28860
31011
27173
16617
9713
18130
4212
6705
18110
10936
11543
6532
15951
931
697
6579
21443
13705
31113
26114
23005
27244
27790
8747
1788
23168
24890
29605
2381
24464
23875
20517
11071
22430
20142
5478
7223
6858
14893
20006
12678
2165
9130
18545
13208
28581
25892
24865
2925
22187
26554
10406
25677
26116
29445
17667
5560
31358
1707
13593
27037
8859
29233
22824
4812
2874
7953
25747
26540
8052
16653
7395
13617
24517
24770
2575
15881
13420
29824
31739
14870
16148
31577
2366
27169
28595
20088
27432
5069
24755
7349
23300
31177
15952
17510
21658
9290
15681
32631
25080
3513
25754
5565
21618
1960
12017
2439
3816
27659
18111
29302
17735
28325
25098
31375
21842
8896
321
12687
7331
2337
5480
10878
28652
14907
20852
6023
6019
163
11001
22535
29982
30660
19970
11492
14043
724
2112
1824
15235
12295
28520
9390
3087
23554
18134
28548
3691
10642
26742
21233
21883
8606
13540
31537
12892
3930
20178
13119
27372
27838
9643
21738
14732
29495
4981
32555
31268
9372
4604
1718
10344
24675
19245
21711
4954
22805
2240
10335
27152
32255
18202
27975
1464
11563
28529
7668
5337
16782
32049
25395
3036
20867
4766
26183
32458
12664
16571
2362
18519
3815
1643
31088
8736
14217
19159
20610
4657
24774
22287
14153
20938
879
4852
16184
4451
8111
2389
26095
15853
32063
30552
30478
11099
15322
27420
16455
18529
18417
13724
19384
16251
1951
13271
5239
10546
21471
13102
26990
13211
4605
29965
29289
25376
330
5581
2925
20610
4372
23257
27212
2079
21205
11280
17014
28273
23723
15467
23314
19928
12296
9696
19277
29081
30891
31878
20722
29222
14287
7417
30012
5792
12194
14848
29672
28570
8952
28013
6285
3872
15681
20549
1584
503
14008
24097
7443
28199
2270
10196
29391
31415
18215
6478
4258
25784
28659
22209
27658
25989
18879
29954
19859
20040
8349
4401
6637
31936
30689
2972
12609
3394
1054
27105
22725
28158
337
9299
25231
14212
14683
25247
1959
28295
20149
27568
10335
4832
8031
19663
26343
8149
21529
31759
20508
24988
28630
31208
1697
17435
29550
13858
9265
32498
27027
15348
17715
17083
28422
26990
29327
19344
2826
13844
24001
31950
27674
19660
9004
27161
23767
31994
1712
29089
1348
18153
24190
19363
19509
1901
8235
13106
27909
1734
17412
3127
5512
28360
29346
10935
8256
27705
12478
8020
16084
32635
32070
11543
10429
16490
5551
19564
8771
6536
21646
24430
28584
15960
24162
31589
2211
24839
4276
27533
8208
27473
26467
20762
21477
16035
19513
1144
6504
16253
1217
7127
14751
12315
12893
15079
29192
7764
6291
4064
3467
26818
7592
8646
2477
7971
14704
21483
7174
16895
18020
17077
11253
9612
26869
23969
5266
31694
288
25224
17124
18946
23107
7714
1109
19773
3375
5576
6498
4689
18558
32382
24727
17648
29479
9520
11707
31252
23887
11324
8520
31133
29538
16945
5150
19260
10083
13782
27511
2705
1152
2927
26910
18064
8426
30523
19420
28713
25059
24897
21555
7208
17945
22093
335
7258
10802
2613
6714
13297
15272
20320
22351
27433
3543
10121
16369
17964
1364
20929
4221
25395
3457
31155
15484
17391
19550
27692
24862
17959
18594
29915
15332
4002
13835
18773
31132
28999
23538
9563
29074
1411
18978
31840
8453
3563
20458
25670
31448
21539
26993
7529
24458
4606
5962
23518
20840
9446
21576
13821
14593
4223
7572
23580
19931
5255
16636
32158
30564
23041
25998
32557
14891
31634
614
26179
1360
27947
14276
7663
29754
1768
15970
30934
22663
14136
24836
5240
8265
8255
13392
436
27759
9336
224
22158
27521
9887
5014
3377
19601
206
26671
21552
24174
30438
25115
13329
12058
10288
1932
11788
16254
17476
29390
14352
8029
1834
28118
14855
1415
16576
27677
28763
14415
27483
22191
22457
23102
5553
24190
1557
28425
9207
18685
5358
11457
11334
27370
211
27978
29251
17771
8742
21518
17919
31069
8992
31730
18972
1257
5909
16778
25906
32600
5881
32136
25200
18216
1828
17275
1415
22111
27218
30902
5571
12575
26094
22413
9339
8827
23440
13000
4780
15241
15300
3409
6625
18616
30221
23088
23638
12644
10793
30905
16476
30120
32407
16644
6911
15988
16471
13470
28135
13279
12273
10110
15484
3518
8120
30011
15438
4725
18256
5756
25779
30733
28782
10927
8626
23431
24799
18942
11807
17008
9676
13182
22792
23222
9276
11178
14928
27834
4826
7953
6810
13222
16633
23883
4712
4097
20181
49
9348
18561
15131
21326
22432
19744
27052
20368
4921
12401
1950
32579
17345
19253
28804
24128
2556
15914
30960
2658
31147
17955
16950
22586
11112
5725
31602
8196
9681
11537
13260
22233
25064
22086
8698
18470
28346
20713
1287
860
30783
18975
595
20969
13698
8922
9436
18792
513
13227
25019
19988
9815
727
17906
6531
5144
8364
12644
6545
6397
7701
17189
15258
19777
20845
23284
30700
16714
23953
21510
12667
11916
12089
23814
15831
12203
25736
4441
10588
17375
21217
14246
2984
8605
7933
18838
83
7284
6970
10456
6106
8757
24630
9577
21723
4950
21405
14610
2440
31384
4415
7218
10582
26600
27238
6077
25333
29315
28518
14469
5765
9822
14197
18360
31751
24773
23229
11434
3601
24642
21168
7125
3270
3008
13468
14111
11526
13552
31359
859
18402
23020
19996
22289
7763
10779
2638
9858
1323
21076
26269
20711
3403
21574
271
21242
31767
27927
14912
695
10279
20299
6069
14436
3647
13288
8302
2255
12930
1751
26554
29911
8674
12942
14928
12845
10203
20204
8602
29020
3169
14180
12628
17671
28183
19550
21334
3698
3265
25562
1454
4933
6140
11607
16114
8332
22061
3315
27861
24321
14263
12755
16631
15502
10865
27589
16386
3854
16727
1060
18162
21588
1151
7677
31412
13166
32079
24943
22003
9002
21230
30296
18735
23002
2808
4654
8463
27221
17014
7466
9976
12862
29453
12972
12254
32137
6261
219
3418
826
18989
19339
5373
8048
7533
5733
12773
28323
25437
14913
13453
11818
6020
27095
21737
1536
4739
27031
6835
8135
21763
32469
8192
12045
32492
23081
25110
20175
18135
278
5249
22587
1479
31465
10852
5818
11027
17636
2574
32046
11431
20892
7885
16504
18285
6048
15623
31550
9221
29531
3206
16107
13244
24636
27924
13815
22972
19732
2376
15208
13440
4031
2975
2969
7051
15366
10702
29242
9562
25028
31319
6552
18839
30280
18523
24350
29583
27899
22959
20764
6374
17218
23346
14792
10377
934
26461
23427
26085
1075
23323
16989
1111
25629
27867
20186
5859
3242
14820
24055
10280
14667
15849
12904
3731
19212
26846
804
20692
27439
18186
21283
11918
16660
28508
30310
8531
16221
11266
26681
27087
19535
4408
22197
32067
18810
30302
1928
26422
16028
1358
31225
29543
11203
21484
27174
13317
18098
15359
6544
14370
10118
25919
218
1638
10393
13742
20174
12288
32167
7212
22689
4066
17967
26950
24440
2606
7964
10832
20266
24555
30629
15027
23112
27389
11634
32647
5979
22100
13312
357
876
9827
19270
22646
3530
9684
2457
7888
4359
2682
15565
23811
23876
26247
26269
9454
14254
14847
22604
20184
29513
14444
12685
3260
1773
5844
18081
18403
17550
30184
12735
31928
5568
15486
5048
2265
24953
30273
18395
8042
32537
2727
3862
22446
23209
24612
30303
2520
11872
16286
31826
28190
30060
3104
14876
12816
31727
8914
5015
30760
12359
30505
12982
30114
6546
16219
21028
8845
6001
17686
6952
12323
20237
11889
6860
14678
26968
21283
4670
25003
1686
29170
9846
22091
2843
23151
13081
25944
10582
24289
17566
8061
19726
8831
32175
14281
19436
6114
27602
5565
32570
17337
3912
19875
10986
6079
6709
29474
21978
31210
11010
31248
30550
19429
1536
6535
7647
1729
4686
25915
29482
16104
7676
4362
16748
9298
11632
4821
24021
21243
23049
5775
7258
1940
1027
30867
12472
3192
23451
14907
8374
29411
1395
9390
11178
27742
24119
3577
19262
22654
8577
29794
12660
23246
30714
25592
26600
3338
12483
23151
29782
8590
10771
7467
9819
2573
11553
13723
29312
30342
16708
1992
32372
16500
14936
14126
17049
5702
1637
19914
25794
31502
32379
22900
12348
28285
16096
29551
20235
20751
19054
26175
10357
22659
32054
26042
2245
10382
4713
3426
30281
25552
16761
6386
22429
18695
13947
2871
20267
12419
27088
14113
28659
32218
6916
24346
12168
23004
29430
24214
14683
18633
4409
4588
1852
28866
2235
28772
25374
9342
4004
3217
13851
1598
26241
28385
18616
22275
15010
32370
22633
17918
1984
27687
9816
21576
15588
21500
25442
8403
10371
2198
7522
12449
28654
15647
4531
1843
5610
336
2288
9029
21658
17359
8190
13240
20134
20156
8781
6352
23446
29318
22874
1439
29567
21252
30073
21953
32226
2753
29649
27466
2001
6295
9640
10493
9555
19327
15585
23743
522
8359
450
11851
25875
18373
5627
26150
11310
16812
26852
8406
543
19740
16647
16975
21588
5599
32478
15790
19399
23057
31966
1321
19750
31168
12468
13894
17458
9397
29134
22092
15973
6800
2333
13047
6359
12571
28185
15216
17762
5336
21766
25980
27396
30684
29302
29428
25990
8928
6160
11125
26715
7318
3727
24152
18635
23353
20750
16613
13137
13416
3458
31939
20545
32564
3720
691
7085
7288
29281
30079
29834
22889
21306
16684
9999
24685
17585
12919
30302
11313
19094
8832
26982
12533
11502
2752
24328
12331
19774
5440
11640
27201
24838
32013
20711
8891
13707
21223
27999
10884
24793
31289
10222
25734
1033
29262
6918
30840
704
16321
27172
10231
21496
2613
14512
31193
20483
16967
2084
12222
8140
25537
16753
14823
12641
10256
28063
7500
21934
15609
25011
32744
27531
21383
25045
20312
15354
6984
32690
13732
27561
32185
14368
20573
9663
11774
5120
24040
25557
24790
20585
21785
30529
16591
20995
6916
14235
29366
26544
19215
31354
15954
8306
17740
14463
12114
14473
30470
917
17027
25051
4506
12918
29510
27545
9096
25970
15682
3360
18378
18540
26198
22557
24421
13861
9425
5621
2365
8381
30182
5220
19501
25462
14426
9572
10071
25020
24448
22096
31929
5986
21095
8777
2562
32303
19282
9177
25507
27801
19304
2518
9768
20944
30381
21385
20937
29438
27697
6160
1084
3533
28296
23809
1230
1067
28793
16464
22194
30026
23034
31091
17817
26602
6493
30147
8323
27098
21700
5158
5844
18620
20442
17387
27562
18442
22981
2805
29550
30806
22358
14108
4009
5078
15747
16080
7449
1055
4120
5375
2053
30001
14505
29753
31437
6580
18891
25875
23237
1153
644
969
1859
15204
9727
18727
3831
26400
31620
23209
20347
17588
2728
9697
13099
15325
26561
19225
311
16092
9373
6970
29687
22393
14708
11500
2430
1352
31258
19711
17009
20779
27513
19978
17178
14872
3391
31569
2744
24349
27604
13036
13593
2721
3727
27430
31339
748
5673
10020
24912
17386
8050
7879
22320
1579
15938
7634
8915
14127
9395
24144
25903
18145
19085
25136
7294
28257
10498
4147
23956
21510
24220
6152
14192
12452
20339
25013
29969
23050
5539
3128
12683
22223
22013
16238
29273
24399
19709
21813
15349
28656
10236
7629
21670
20650
32423
17285
10649
13766
176
4499
2612
24037
11204
8771
11687
20805
7612
14420
14020
9792
22295
18334
10768
28437
424
28921
2586
13547
3980
30043
3595
9235
18015
25664
9855
19854
2735
2383
17555
8655
32689
23866
5951
2241
20275
32230
13031
15116
11730
29132
22316
16533
28525
15007
18184
14403
16346
31534
26394
19721
21463
13453
5694
31777
9795
24175
29793
4245
5518
24279
2964
30724
30062
9456
3934
21667
26835
27448
9815
28802
6174
25828
29170
30225
6029
23169
18587
4578
4602
31191
22018
25008
3014
23826
5558
21665
21008
3364
23541
24776
27178
869
24771
12782
5453
28284
313
13714
15499
16003
11040
10286
22790
15462
9918
1980
11360
12428
13040
3961
23922
23738
10105
8425
19777
19764
4506
15899
14381
17701
32483
31022
30572
19008
27208
32020
30391
5032
32631
5014
12867
24589
10345
19608
20723
30488
6455
10911
11980
23050
20016
30864
27561
26528
12328
11451
21040
30521
21266
32023
11012
12090
722
2255
20540
6834
4684
15102
5397
16954
8385
19127
21987
19488
18779
31817
17486
26564
28934
1985
17338
2113
9858
18608
27143
12880
18614
6958
30843
24938
26440
2590
24828
18477
4458
12980
11139
28673
1783
309
20429
31739
32702
11006
22356
4866
32030
2504
23421
13616
22995
15402
13331
122
3087
12127
27124
10388
19916
30282
16906
9743
8033
4535
29821
24773
22612
3556
25639
22902
14960
6464
27209
5811
15127
30834
2684
22779
30425
31645
8938
23077
837
22755
27837
7165
4862
4136
24792
2610
8210
15384
21701
29552
4232
29803
25583
7625
2360
9575
30994
31321
25312
167
3055
15402
30067
27420
26436
22101
11700
3153
2811
9578
8452
25331
32418
18450
4984
656
10267
27379
9263
24223
31381
3028
5091
18113
4539
30722
22973
30790
3370
2546
31342
26867
16425
27175
21883
12034
2452
22358
23768
10859
26650
14793
27321
21346
7849
1537
10661
21025
32037
12959
17100
17383
8544
17797
18074
20801
17479
15416
908
31112
26457
21384
16195
14251
30302
29300
1495
25646
12629
15432
877
30835
29358
3592
7180
5945
9657
27409
13740
32354
351
7422
26768
17913
23312
2761
2518
4211
9724
2866
17485
4149
29318
13925
13190
1623
501
31447
13614
7848
17005
31089
25754
19698
18207
27888
29860
3967
4284
8332
23478
15067
14895
14807
1572
13020
23947
23017
703
13536
17730
22970
23975
5974
15769
9679
7520
8832
6744
32025
5672
26230
17606
5914
1928
12911
26068
30025
14378
4412
153
25528
1002
28437
4350
27892
4143
19608
699
17708
6780
8975
5250
28822
5442
24050
31609
10511
1785
3501
23278
18178
24430
14242
25671
12682
14175
26482
13111
6619
11845
25976
14904
1502
23153
13975
21301
28187
32602
18742
18566
29404
32310
29576
27170
27791
13511
10001
784
23405
15992
32102
17183
31321
19368
564
28887
30987
838
24195
30639
8557
8862
18748
9857
27717
20338
24809
12858
18709
20557
21181
20694
7487
7956
29396
140
15981
2526
10683
20293
27696
22021
23347
13907
3304
6526
10802
24160
12771
15973
15915
24484
9929
25820
28047
21084
4151
5910
29076
17271
23978
943
1845
24978
4767
12863
8570
30246
11000
26158
4345
32512
7842
9162
17565
31730
18549
2966
1958
17609
13403
32741
24817
31614
6325
18600
30586
28337
32506
10629
8223
82
24481
7721
30887
25762
13634
12510
13314
19802
19192
8032
31698
21801
18953
16876
2859
16228
19145
26779
26263
24570
27835
8942
21854
16294
14842
9642
4
20584
22999
17126
22546
17973
22212
10338
11546
26606
31601
22554
4853
27791
2868
3867
32079
14505
22958
3734
13414
4114
1452
31539
1806
4058
23371
18087
24057
1154
8544
22409
5173
28777
22038
25441
14582
22151
7897
12035
7830
7517
28531
10523
23258
7724
11381
4872
7287
13414
19673
11246
31188
24930
16101
4614
7442
22611
5203
20025
29002
1659
14766
15854
13589
27548
15615
20256
5714
22192
26537
17075
15139
23257
12178
26888
23609
4251
17283
3279
21586
30537
14034
28
18687
2749
4158
32701
20651
24908
16410
24780
14809
26106
16814
15488
22445
745
27610
3656
30638
20504
13564
30747
25802
6730
28180
8457
7067
22083
14630
25111
5096
21562
16096
13641
17263
18316
26493
6912
15841
30382
6889
27014
5679
10085
19494
15080
25860
6969
21486
27908
6290
12327
24218
26594
29074
31126
28994
7752
20870
25996
18982
31880
15938
16930
8268
14749
16042
14133
1643
15990
29885
2143
29960
6034
6355
13093
16351
9421
14882
15730
31364
31610
26759
18501
4170
11953
11140
15014
4964
29162
27269
6366
1866
18891
10855
23527
10847
16191
17466
23842
720
18632
31046
10824
12991
24086
2125
21923
22433
27096
10256
5758
30948
3538
2836
19930
18901
27952
20646
17250
17090
28954
1821
11937
21851
15240
9055
24691
16478
15448
4519
8377
18036
7326
17285
5201
19542
29755
24358
16198
8755
32177
29653
30531
31830
15413
22466
23118
24324
18438
4866
7602
419
13566
31704
18749
27938
18278
26675
12972
22932
27407
6263
19812
3870
8350
16256
8803
19988
21800
19429
1141
607
22527
22137
21675
17954
25291
23064
27401
30621
26588
6304
30591
26193
6846
20797
28443
23396
26382
11242
22908
328
18829
32308
4746
28312
16243
19777
21604
22594
16390
12562
7578
12011
29802
32005
18333
11151
8635
20894
24947
3944
31065
31622
8879
6930
17283
17364
2721
236
6184
5516
32714
22209
6649
7269
914
19112
26563
16592
20030
7976
14332
9525
26396
12960
21148
2176
3328
5606
23854
12764
756
30255
11558
18878
5420
24111
5237
17446
27192
4737
23643
16418
29821
3400
25212
147
6118
23831
3127
25139
22487
27406
1075
29399
8547
27718
30266
3570
1470
624
15691
8795
30965
20408
14314
1360
26844
496
14011
30394
16456
6378
14671
15026
10879
27685
27966
27717
10989
13228
9078
28020
23833
6204
12242
6271
28887
3749
26351
5732
14014
626
11835
32418
20700
5068
21070
9282
23465
27804
6014
13336
9018
28912
14509
2119
14519
20128
18534
21763
31759
12337
10281
4763
28138
5881
2562
18614
24032
8324
12384
7900
18664
15159
24613
22073
31763
3635
14586
4254
20346
6269
26597
2249
3444
19291
26653
8166
23053
9217
17949
25686
11956
2156
6391
30126
15924
27535
9707
27139
21734
31917
25144
6245
2340
26118
18226
27817
20480
24245
11413
10348
18998
5081
7449
13652
23904
11507
22854
27801
28009
28559
31882
30660
19012
17959
30857
11959
9694
11844
23220
5870
9809
20966
4125
26628
26714
20518
7049
14713
1549
31002
29127
15794
30151
249
28737
11841
21861
28287
8657
19815
30131
18579
17878
8407
14887
18216
19846
18877
8400
2913
17286
7679
1673
8952
20920
26307
31602
23264
22868
26673
15265
9513
20794
5754
8212
5669
24198
7193
7146
15561
23397
5465
6611
23125
16424
9495
19910
15672
8855
18121
20210
17197
16264
447
3574
18091
17072
25001
31572
31612
16568
22618
29219
32427
6035
27851
15109
7588
10512
23395
15193
6295
9131
2933
9394
25629
19881
32267
14471
11806
1636
6626
29740
10738
29155
30901
14592
26566
685
6590
17641
15170
21983
7547
3837
30057
5501
28334
23682
30144
21766
31911
8729
22194
7243
27333
1334
14643
5248
22843
4563
29604
2964
11024
30822
10230
16830
28010
26640
1299
13657
17419
22807
14201
24817
32540
23446
19752
8094
15913
15987
4287
11152
17518
8850
8162
27372
25169
20040
16606
32471
6191
21779
15248
18639
22107
26504
14723
23106
32356
24460
29016
601
2455
23751
8555
28181
30917
1366
7603
3742
28999
16064
29930
14808
11070
29484
28910
14646
5407
14033
30312
15059
20592
25005
1963
22719
27596
29050
28383
10902
32301
18398
21342
5464
1899
6370
15966
19828
14847
7589
21201
16166
4621
24402
15497
20739
23970
11855
6816
13523
6714
6583
26903
15006
19333
31499
11709
23050
12138
27172
27730
26084
29517
11628
9709
7676
20109
31310
26523
4918
9809
6635
11337
4574
7813
17935
5604
1596
15391
21091
16830
3944
31911
30180
15412
13408
1782
18579
22414
28504
22846
18798
27174
849
6218
160
14285
20461
25607
4597
2666
6018
21828
21392
15844
27501
2230
15584
17218
12969
23359
16848
24337
32416
15215
28222
9990
8768
13388
21935
741
16210
5454
11073
13473
15879
23470
5601
11205
25300
16609
5309
10258
30336
4703
2044
28522
13436
13992
12717
6893
29554
905
17150
16225
15392
18843
18863
29911
16999
14606
4550
395
29855
932
20355
11277
5422
24576
9622
30878
4697
21025
23440
21981
4186
23850
22680
31907
22962
612
13919
1835
10688
12677
86
886
1427
3635
29470
1261
5885
11972
20543
31049
15848
14408
6686
17584
19437
31689
19497
26912
7715
30929
25429
15633
2357
26925
19146
30038
19384
14833
220
1605
31419
5564
2110
8215
7327
25661
31090
19090
26153
25334
18564
25573
19925
15168
4856
1747
26989
14736
2561
7187
18907
2552
19700
6903
18748
7665
18427
15693
32565
8023
27406
10883
20362
5301
19743
24078
18156
6851
3989
19723
14867
22317
5628
3879
23309
2198
26107
3773
14550
22493
17286
1087
23848
20127
23892
16599
31892
5885
7572
3150
27858
26783
29404
6700
21846
18168
9570
23073
20003
29900
3182
10147
24804
16624
14351
7385
8249
4178
25358
3256
18767
18745
16672
26732
9139
973
32095
5113
4968
9177
31995
28194
4407
16336
14893
3978
32070
30990
19309
1305
32748
10593
27365
2465
27844
2504
4645
705
23552
13946
32280
17674
28160
13354
12087
25441
27940
23178
14844
3492
16862
18446
31642
17041
27915
17138
1771
22755
31875
11134
23978
9149
11758
25481
18914
13900
13274
20284
27558
2729
20747
21272
20227
4092
15890
29498
7731
25575
3362
30686
17427
15138
30
15139
4824
15714
1270
1038
17149
22656
19508
4816
24191
20183
11730
16972
27725
1262
20559
25300
28666
21079
17922
12851
4534
22998
5293
5361
636
11462
23381
29906
28813
15801
2641
26784
8220
26207
24994
2346
31819
1193
10626
6029
13398
29485
22847
22706
14606
24781
8266
18968
11914
19347
1419
5076
9753
8928
4344
23510
13434
21702
13158
24173
14416
19122
24735
28686
25808
6478
4020
19537
25789
26533
5525
22076
10646
20873
3550
11716
15118
18737
17908
16017
6844
15399
24145
11266
4116
32610
5660
15985
28822
18094
29949
13752
14405
11093
18223
9459
1627
1528
8151
15240
21051
8126
21908
8037
27815
32433
11607
15497
8499
20836
10101
11718
3065
15833
8954
8901
30607
6051
19265
26442
22326
16712
961
28601
12628
15593
17962
3802
3621
12325
9905
14553
16045
24378
29351
30609
4081
25453
7505
29705
15974
8365
28404
14655
15786
15987
10799
5157
10354
10220
7053
13546
27844
22362
18267
30074
2150
28856
10679
26952
27030
28572
15594
6731
18427
27746
14840
5958
2524
15495
18293
14157
2448
29267
2713
13957
20277
32699
20119
4139
4773
133
13867
14808
6566
28589
11122
9219
18017
19464
511
9159
27158
28711
32555
10726
12301
8574
15532
27407
13520
6853
6506
23900
7575
5535
11406
12063
17412
6010
28379
6878
18960
1462
3649
15516
10822
17673
8111
19546
6191
26658
9002
25054
17677
12684
3612
9651
23755
27862
20462
4977
20277
25329
1240
12607
14693
28121
19192
24725
893
28535
28066
11335
1692
12231
23288
14271
20234
26166
6074
13193
20150
29262
9567
31510
5091
1940
3684
16313
22558
20657
3300
25846
31603
19921
32617
29180
16352
29257
8194
15472
22794
17788
12693
12396
9263
2815
6007
22984
7260
13819
2874
4760
24288
11219
25798
31477
21504
6663
10411
7681
20460
25433
20662
26661
16370
26670
707
21149
14322
11830
10705
26679
29714
11087
9564
1879
8882
14247
743
1343
2723
27425
30168
5773
24979
27131
392
8453
26316
25773
2459
23185
5663
20244
15501
22918
1818
4815
3214
31273
19586
16618
10896
15730
26621
1721
14238
1296
9742
27143
8303
20652
30278
4209
22331
24690
5049
5644
24525
24782
4528
14158
25050
883
8349
21035
13713
10658
8020
638
7795
937
19575
23979
10341
18858
11314
4482
23299
29085
30249
27239
14136
1688
8111
1200
13067
1358
22073
11599
10172
25047
32274
13745
26128
6831
2384
16102
25833
32000
15110
16385
15897
32292
10939
19394
28024
20069
7195
22898
1589
2312
32493
5391
21097
9611
11077
31401
4338
3626
11771
16652
17790
32680
14683
22431
20198
5707
3614
31628
14270
11305
28826
10273
29994
27810
32309
26231
2034
16686
30495
16465
13273
31577
20545
23110
16683
24587
8560
31011
31894
30733
17383
30347
26938
18889
13556
26848
22787
24657
4337
615
24375
17315
14966
27558
20811
17964
461
7441
18939
19338
24742
31718
25242
27798
7692
15958
5798
7330
28312
23269
1439
13311
25829
1811
1817
963
17987
2364
17681
22216
6064
25021
20605
1016
30468
3928
25638
30152
5227
29402
18874
19203
24600
5626
5405
29897
16440
22917
10753
30167
25381
20152
16310
9993
477
16365
22339
9500
9906
11387
22453
19385
19523
15319
17591
25007
26794
27647
17251
23169
14583
32536
24920
20768
24798
27733
21005
8185
12972
22556
5733
14898
13183
22372
17027
10801
12215
610
21983
22879
29608
6756
22937
1323
31889
18173
14606
1361
13778
11874
2218
18268
5721
27924
12029
9065
12894
12479
9232
28207
5456
31330
15097
27708
30735
19377
10669
2689
10075
17336
17174
17
11917
28352
5989
15654
6788
19830
28330
19301
26851
22346
20897
867
30586
31766
5327
15207
2049
26880
6606
21362
11276
5281
15078
17020
11579
22119
5341
2305
17841
3383
8975
11452
15560
6487
25025
8627
15363
11660
27314
17523
28741
15231
16371
18845
19264
32613
14585
18081
31023
28383
17905
14282
24264
3871
32083
10107
13164
30285
10170
23224
2978
31785
15859
9959
26563
24049
3411
21720
6903
22917
30286
13572
7775
969
31046
18706
9364
24139
1441
9888
337
28710
16158
30527
14700
26150
11625
14783
20235
32300
2541
10414
7700
16852
8169
27163
23781
21590
29382
27807
5446
22442
7848
5535
10651
11504
10051
9419
14943
5134
10480
28906
32717
28315
8191
25050
27616
10748
14927
19410
10366
5324
26397
4075
17904
9090
6426
9695
11670
26701
28352
29456
11481
16963
13541
4812
11360
1979
30609
29647
26503
12279
5389
28425
14349
16391
1852
15266
18956
32489
22318
25660
19503
13557
28403
8568
28703
31353
15789
15803
20286
22944
25065
26162
1944
18328
20016
3347
9495
14579
7128
16678
10998
21838
32
7813
20855
3633
6013
15520
19417
7479
31534
15747
10884
11631
21782
25180
11656
13313
26059
18743
6981
15381
12523
14349
28523
10736
17327
6397
30246
14688
18882
3033
10130
15195
25683
12516
22389
22243
30569
4314
3373
20780
24950
17969
6119
8449
20784
19359
13074
20836
11676
5084
20244
30581
17515
20137
21051
16277
12938
32529
26102
21962
15093
18159
9285
11621
32716
2992
14702
27619
20904
22618
19954
31506
2351
8397
19647
1653
7910
19018
22951
26600
30023
7473
3089
18311
2324
1039
16878
29389
31722
15319
7919
12025
11545
22896
3061
2742
21683
18544
19146
29434
21731
10024
29198
3887
13696
9184
25972
10385
32226
16227
7726
8407
24821
6335
22437
15381
28555
9798
29806
16865
17655
32728
12153
14773
25047
7781
28044
18068
10545
13485
17136
26096
13250
1354
363
5580
28050
23025
25198
9758
12748
32757
8590
14711
22733
28172
6968
14565
27771
30550
17313
16153
30424
12187
2557
16069
7895
25813
31729
26696
1902
20974
15690
4749
9452
28362
10223
11056
31885
392
10260
29155
587
21765
10417
785
2296
14498
9267
30145
30858
11592
11633
4284
16054
25513
1249
23282
11712
28616
3596
2842
15761
21947
14655
6809
25354
21423
13700
32677
29080
3374
32464
21162
15112
31645
7294
25324
24989
18441
