12040
11184
10329
27183
3629
29406
27449
1423
2123
14096
16713
27830
8980
20794
8565
30060
28034
9093
30747
25130
18806
19546
24010
19922
30879
4028
11082
32670
28829
27356
3804
15190
14950
1511
1730
25031
24809
30755
25858
30064
13042
4666
16488
22398
23630
8918
30410
20731
6703
26989
9359
15426
3794
11103
13682
25270
30814
7998
29316
25267
20240
8812
12656
12741
3733
27884
2307
3864
11959
14194
12012
31280
3900
1980
25280
474
23307
5925
2625
32611
9873
1912
25311
4615
19811
23042
27775
28332
21285
23787
29052
22481
19370
710
20459
20929
3676
22630
26660
26380
14559
3315
21630
4407
17649
16446
20057
6579
13717
2898
25698
1804
8048
30540
26130
27235
4211
22124
10360
8478
6842
13163
2105
24286
1716
19215
19669
5041
28805
17406
20779
650
21672
6352
5440
7150
20441
26727
7484
28911
5682
8323
16821
21086
26004
13969
21808
28733
30536
25284
17125
3443
13542
4455
2755
7107
13430
32370
16052
21503
16342
12123
25890
7801
27484
16174
25786
24507
32699
12512
23920
32120
15147
15329
4803
12226
11716
18160
19266
29308
13611
1331
18767
11027
23409
27015
16675
22121
7480
25621
28690
21266
23320
7718
14608
7107
31297
10296
27253
1543
30817
20048
4349
22836
30408
1683
31763
20894
202
11792
22351
25610
4452
2017
32061
21862
7203
12914
26464
31415
7490
1824
24438
13650
29970
6150
22014
32591
4767
16403
504
7227
12689
31072
11756
16909
12112
28097
22061
20059
15212
30107
31839
23502
26427
30965
21559
19412
22724
26321
11650
6292
9435
14012
16233
807
5262
10404
14579
29189
22976
14058
15051
5053
30484
28344
7748
6634
24333
8853
11674
8290
3699
11062
12667
5296
9720
10903
30661
12741
18203
1355
14226
25578
14413
1553
30322
10489
5202
24487
21239
16589
2283
227
22647
16887
26802
28415
16397
26290
5189
6709
17121
9754
32422
24715
25001
28056
20706
13041
17776
3745
28913
4233
7574
13472
28638
19526
7961
30512
9000
20664
2322
23695
28007
22054
21123
24655
31282
16094
25935
21071
28993
3529
2698
8682
25807
11074
27635
26990
32578
27688
20159
19920
13326
3890
27545
1694
30679
9347
2022
8756
17366
4991
13389
23091
26749
13020
21623
3119
29534
9980
21523
10920
11337
31354
11550
14908
28084
9475
9057
12058
23648
29799
22843
16058
16954
3055
8608
31180
4224
28146
13154
17006
19748
17315
8623
29345
28533
22317
15836
18174
28668
29698
18016
24997
4004
8559
1828
31095
6687
27509
20218
2437
10116
11732
24170
5319
8509
5480
13237
21010
3616
19384
22548
21572
27100
205
4673
706
2967
18240
8760
30244
24533
30359
27199
3374
31132
2002
10532
19970
16086
8256
10694
26517
13302
16023
3030
26464
10974
15940
2527
30552
22784
9472
24708
14367
6340
28324
15114
2940
23082
19262
18710
25353
1713
868
25015
26411
23671
30408
22438
2631
1185
26893
25293
23603
26877
4313
17159
12779
3302
7468
39
30086
28009
9456
27451
12904
11430
13521
17682
12728
3192
28494
11771
15125
31832
29456
17104
19844
15998
31611
2867
25773
26698
28548
7448
7752
16867
21186
6532
21458
18718
19655
26259
31876
23457
15024
19136
27525
19528
32507
19809
15967
26567
921
113
4016
11409
8772
6034
16930
14841
26387
28754
30620
14999
24908
28590
2234
19950
30329
22741
4219
13643
27582
302
24634
18416
6505
1435
28640
29298
31947
25856
7767
17760
7239
9215
22082
22309
29096
24070
27371
32048
20151
26508
16764
8274
28686
26007
6771
12391
12839
32386
3920
31544
7352
2045
6288
27296
14403
22101
12255
28142
25064
4342
25226
4747
4479
12334
26675
4061
17891
2099
4552
19050
2960
1384
9398
4673
20849
32220
30297
8342
32755
15379
23479
6316
1630
9994
16751
4088
21093
11125
32748
24963
26108
19019
16350
20624
32617
28804
747
15999
1950
31778
9377
30705
15046
4718
26544
23853
16158
11140
25430
27074
7686
30481
25882
24430
21336
32348
6845
6207
26360
10115
6254
17400
17580
32263
3901
5302
17966
25739
18386
7891
9088
5081
13663
28683
15744
2854
13523
8669
30396
21911
19537
27444
3719
18692
32480
30023
12877
8699
2148
30654
14627
8456
5581
24598
15778
3379
19854
2118
2550
16331
15440
16547
2610
7522
31208
12545
14566
8217
6791
21787
14836
22302
16433
6197
6047
32626
24689
21503
21989
6640
4682
14013
20495
8843
30832
21669
5254
19671
7097
26760
13032
27083
18894
1973
12379
23237
19494
19739
5666
13774
2869
16301
20078
32543
29152
30731
17270
7141
9525
18782
29897
25154
25689
29059
30435
27284
9409
5229
4351
1529
16037
1732
27949
32275
15794
11218
3748
520
10752
27296
601
25805
23875
32348
32209
4261
14405
9726
24627
21476
19604
30508
18849
27385
20087
22618
15560
27563
25383
26165
32438
30115
7996
18498
10476
19499
18790
14530
8629
15669
13661
17370
28342
31135
19227
496
5573
17077
3656
20824
32767
4344
14838
21296
4884
6174
17550
12168
29926
19545
24586
25799
11603
19676
19045
9801
6734
22428
592
3661
27189
10835
13351
9999
4190
29899
29475
3889
26612
16473
4817
15711
30977
28839
13507
10035
5067
16823
24197
20310
13924
26405
11218
32489
28797
12461
28936
11811
14715
22508
25050
24635
27853
23403
4165
30344
24700
2777
22469
16103
18947
10392
2248
16733
25954
17532
26723
4349
4718
13263
22596
9228
23659
19096
15080
30564
8156
14876
26638
278
17050
14502
17771
13907
12836
22148
22431
10381
7222
9298
24424
32217
5533
3707
22293
18584
9033
4604
25662
598
22948
11883
4531
11762
1570
14648
26034
25855
5913
30260
10333
21611
13780
6479
28266
27742
18147
5542
15389
18277
17588
23997
21619
3280
10344
30984
2209
21081
21727
4785
7100
16646
14357
26005
3770
336
5810
10640
26777
12932
13788
26106
20190
29034
22352
19825
577
12837
15281
1753
5031
29018
7967
1954
25936
148
25612
25417
19538
29159
24651
13346
26182
26324
106
340
30529
18029
13634
17957
25606
7865
24524
32376
7289
13658
12087
23699
2647
2925
9527
3110
22565
22706
13471
9865
9318
16877
11826
15430
29969
20108
28598
6103
32578
24969
2379
7601
5936
14738
19707
28033
23647
15464
31890
10421
30231
4485
2480
574
29716
20481
7196
31636
10111
17334
21083
29435
2077
3491
28802
26374
31175
9102
29000
4953
1562
29421
11615
19122
24175
11015
3333
12843
14861
29271
30678
16825
25758
2865
30436
11769
4320
11176
15625
7980
17309
3246
2428
22911
27357
29821
6307
14993
30042
16438
5928
12335
32308
12488
19279
3170
24806
32532
26759
23211
18809
31567
16703
6797
5368
15271
19194
844
5667
7721
10406
13557
4711
8674
12073
31390
2830
23364
6206
495
9908
1996
22399
11233
20218
1250
17858
23238
22142
11777
5801
24970
15114
26135
19573
30776
22539
20527
7707
22975
7493
31565
922
28407
7622
1433
23691
10975
2840
31424
25850
31785
28859
29080
27764
30712
17362
11523
865
8680
6941
17429
4757
30031
8999
5497
4385
5058
8897
2576
19567
15579
9134
27356
30350
29498
5024
19997
28362
29386
29028
24505
30848
23621
23129
2273
21552
14843
3110
15090
28372
16847
11948
24985
7024
30850
31290
16443
2795
6708
3584
16020
30237
27687
2759
26782
11817
23495
17887
9652
1805
3815
10328
27383
20599
18766
3701
27889
20699
19314
15197
5240
30402
3715
13588
15061
13413
427
7338
28966
14714
11413
22194
22273
32590
23340
6134
17498
23316
13989
10857
19111
2684
28607
32349
20801
28296
24137
23542
20750
26780
14821
18655
29533
3540
20493
30267
6161
9369
23379
19167
1794
8311
24557
23998
20640
4137
12656
29860
8666
12790
1500
23336
3902
8769
14809
9692
7009
22619
10816
13766
31873
26011
18141
4116
25961
10929
17012
24075
21909
30519
1025
10561
13463
18313
15684
10252
15545
5335
19069
11834
30948
27512
16245
5634
22976
15233
17853
13627
9757
6039
12346
13004
19090
22017
26594
20580
19555
18433
5568
31851
25512
31589
11838
16440
172
14937
16803
24196
16532
15743
13787
13854
5441
17474
19831
15585
9335
1895
8180
9956
8766
14820
26432
3568
10888
3062
18042
11575
24085
25710
28153
1346
18068
17483
16529
31788
17931
2190
24081
19982
5496
32330
14096
25018
5817
31995
3562
21932
32169
31512
2309
22845
5260
20716
14937
9754
8109
7585
16431
11765
9285
670
25384
20602
5791
10515
21890
11653
13178
17873
30615
26514
2223
3936
17830
27253
28947
23115
21206
2635
1951
20415
30072
3760
21966
29268
2189
32306
16711
25899
26248
15878
31932
10553
341
23034
18
17634
15257
2219
19394
2506
26428
16376
31615
27880
3365
28086
27673
9436
25156
10405
30881
642
3542
28067
4814
14279
9444
15648
15007
187
32525
11474
6466
25320
18566
16810
17205
30435
30047
9734
26027
28704
31240
4136
25393
22282
27923
27879
9105
10579
30267
8868
6902
21641
11942
128
19538
16107
22119
11724
19197
21114
839
11714
32671
15955
11461
19314
13391
25147
14683
510
11260
6268
28931
13578
18700
20976
30970
19823
1860
14427
15556
3631
19688
19197
26736
13742
22307
10600
22557
16159
17832
144
8381
22588
2458
20001
5657
24378
15274
28181
29206
31996
7551
9861
310
12167
19034
9663
30817
22710
23290
9882
22502
9518
189
12038
32701
24469
23561
7399
22799
1023
4586
29988
14583
10153
25852
10490
24715
2282
21900
17815
15894
23398
3322
16868
21416
9349
6241
24226
26321
15396
13946
19640
23977
17802
15550
3531
27923
13469
22475
17168
31811
13141
11017
24158
24958
31602
5005
27016
23585
30826
4670
22505
28645
17830
8502
5696
1377
23789
30827
19647
29649
2337
1422
1886
22549
28969
6963
14453
23805
20270
6963
18826
22723
10250
8270
11879
25561
5885
27413
11888
19685
418
5640
22580
3595
18466
21755
21314
10090
17832
17342
1086
745
13589
2044
14132
17715
19956
19044
17451
12288
11696
19207
25086
31127
24836
5377
7015
15760
8628
5468
6749
27359
7291
6449
15776
21262
21316
30480
11410
16074
28573
26530
23880
11169
6504
20877
16609
5898
9683
3224
2582
31398
12939
24592
16915
24005
301
16490
8069
8236
9982
4137
21493
25110
25819
26627
17236
11640
15219
10815
22999
17545
4019
25953
29701
14722
29570
18953
3342
13218
26287
14361
10078
1398
9255
10006
9074
30807
20332
28113
30954
28980
5698
11590
1504
21138
6828
25284
26745
16336
14614
25934
5817
9648
32468
21058
10396
11283
25803
11576
2146
29956
8814
14125
32042
19704
11501
16609
17346
12372
13992
31869
10686
18992
17130
4729
24263
20571
8660
32189
28726
24735
26775
29446
8930
17222
14823
22412
7989
14044
29356
2786
9094
10551
3834
2077
12450
437
23363
8760
25772
24773
17867
24503
30760
30889
25693
14731
4434
25466
573
16694
25012
6764
19037
29231
16887
29267
25043
12936
16378
16742
1675
18126
21281
4675
1593
15665
10992
2100
8594
5092
19416
22705
12220
7879
28240
32294
5635
28740
21544
2038
26573
18806
2074
11199
17104
21905
15267
31712
15234
13438
14097
26424
28113
6341
4060
26161
1557
31920
6457
30973
22083
12974
17133
23328
19299
21749
23135
4143
22340
22635
25074
11735
8814
18119
29329
1824
6744
25587
23436
7411
12251
17077
29858
30683
23015
3215
22111
20232
12405
228
27816
8345
13244
28507
6036
7963
5032
12681
20093
6220
2952
26570
31063
14629
9735
32111
29761
21272
32093
14367
29018
1687
19398
22135
11478
30421
24627
500
10065
27344
19264
6163
23138
32655
22631
3766
7028
20392
10099
30666
8401
13318
31287
26663
23808
489
2687
17847
9297
27182
31815
16603
20662
24017
16427
32010
22484
7088
31263
11452
1882
19346
16480
9350
23442
19047
18091
10630
9270
3026
18860
32513
27524
13540
20153
30539
21396
21547
3008
3047
24042
23275
2942
16624
20808
15275
25074
22455
12741
20979
1298
5294
32547
30549
7612
7301
11614
27050
25839
11410
2945
26270
24891
12918
3261
8303
6262
1790
10172
28657
2481
20551
16435
26582
874
20262
20151
11564
10756
7110
15057
14631
17012
5523
6996
26657
5436
2647
20718
31199
32157
22691
12030
26390
30984
4465
9893
12333
19159
23815
10272
2373
2106
10015
11861
1911
8308
22084
10411
13148
13639
4735
14111
9427
22444
24371
27797
3070
31944
3142
2923
19342
16156
17025
28756
2113
16380
12090
8036
20904
15682
4912
10087
18478
12099
14518
20343
25686
770
5396
17102
17220
17572
6442
11992
7295
20004
30038
1932
17653
20040
21656
26109
25408
15316
21236
13612
14631
2301
13080
8481
9832
11040
5951
31802
18613
19124
16725
3778
23804
12158
7772
1221
17899
15619
8462
28195
23476
4931
12228
1252
26893
10148
10646
11723
31099
27181
18116
26414
23761
19188
22613
6661
1011
13274
11005
320
6880
19061
4420
7006
1008
3662
22757
23099
6234
10061
12148
1321
20984
30833
14916
323
16975
19140
25992
29694
31434
9359
11960
29697
19014
8394
28215
15415
29651
23254
25650
5410
17081
17007
3275
26738
8122
27612
32631
13014
2967
12392
23972
18450
8918
13078
5280
7506
3777
7569
30390
3517
1970
10594
28570
19790
19598
18789
22535
32223
13200
1918
11430
6791
14408
27272
11314
11558
10979
30862
8410
574
25772
10558
22758
20229
9683
23706
4766
32184
109
10737
24423
5169
29885
6926
16944
26812
8882
10159
3340
6439
13488
1337
16928
30744
26516
7849
31680
25763
21490
18638
8149
16412
23712
1718
25218
30250
26233
29286
23559
19229
15707
7629
13797
25730
19058
32763
13123
16372
32697
17039
6288
3125
7357
878
13930
6269
12453
24251
7102
19985
32111
21763
13105
26648
8316
25015
20415
23978
9295
21984
27810
12843
24466
19214
9334
8151
17753
17041
9114
20637
2731
17644
6617
6449
17727
5511
28490
27229
26499
20132
16500
27800
15842
31124
26038
31193
20807
30507
2535
27053
21213
19569
5177
25480
29978
10138
26979
11096
22011
12601
18431
7264
24209
32176
17456
17988
15292
13035
9865
24672
21559
13902
12842
1886
24532
30443
5676
30984
1033
10233
3648
16986
6572
32641
30354
5084
32763
19803
22260
12335
8415
32345
10552
10469
2674
24514
24285
23958
16830
14082
27119
28975
13000
415
19752
10638
25037
29039
30555
27980
16843
30985
28179
21466
21571
31865
2935
31696
30269
31288
21360
7041
32398
16475
9230
32723
4438
522
17704
27982
19660
24884
6979
6002
13118
16513
437
8782
30291
29064
4107
25166
1940
4931
20135
20053
4650
13503
7854
22539
16873
4120
22817
7801
31630
29093
26953
11987
27205
8048
26201
18324
1647
21737
28751
20944
31137
9947
21531
1222
1008
25502
15107
26550
18028
17295
26950
9714
5866
32189
20479
26934
16647
5349
30285
11836
22633
28833
32177
18316
72
5852
17847
658
19501
6537
29401
8946
7674
3220
23712
10272
9515
6169
9996
4395
25435
31445
2870
4825
23050
4314
4916
29689
17821
12934
19773
1013
2470
32693
14861
24487
12902
27446
31371
30829
12177
6780
170
4480
11344
28054
18317
10113
10380
17250
22254
30293
14186
19965
5568
4403
1810
2941
12307
16635
5557
14051
5177
7370
14286
17739
19239
4299
21416
17254
12317
18256
30240
10026
19338
10273
9388
27080
21802
25107
4252
32223
8561
13021
4000
30191
32300
24872
32139
28432
16998
7397
27478
5092
5512
14819
16232
19402
12741
30881
11028
27220
9653
20833
6500
29436
22848
30077
31509
17682
22974
31486
5090
17401
12636
26219
11526
20371
19906
1759
20732
8442
14835
22622
29833
24433
12148
24681
12540
410
17072
14544
29621
20201
11931
15560
18148
5464
918
3133
6035
26460
15763
22890
7399
30232
1401
13478
17570
23505
8650
19073
18669
27299
23171
18447
21333
21362
21571
22916
20755
14627
9904
30465
23696
1035
12822
29614
24616
2471
30802
777
22062
23694
31983
10366
18993
22693
28814
17719
32638
16274
11147
14389
24806
31091
15325
17568
7618
19919
2622
12891
6196
10444
23181
23772
2223
16547
11120
9275
31417
12114
14653
29832
1775
21649
10267
22370
28234
5126
6500
17349
31394
17340
12366
8228
18544
24274
18891
10936
24024
20592
27565
15383
13031
27391
12046
6152
3865
24474
10735
16534
24606
18879
7199
32611
28125
9035
25439
6463
4026
13477
31427
24569
18196
21817
2395
5749
25362
4136
17427
23295
4512
317
9944
3039
436
32292
18684
23086
31446
24534
20700
32488
3551
88
19136
17986
17153
16549
26370
25917
26887
10985
25459
19835
27102
1263
9210
29521
18517
26333
15998
14879
11041
10783
32262
31452
6436
17569
8479
22773
19183
25665
22399
22872
13701
24196
17127
28619
12897
18567
32590
30339
26811
19257
30267
17394
23560
1992
371
21216
17344
8281
8404
12477
4195
14588
18305
9782
16830
1247
1087
19974
29291
13250
2335
3599
15511
21418
22110
9897
23559
31450
3209
19514
12637
19967
10724
32519
2712
13995
14093
5449
21723
24068
9949
11140
7023
16318
28047
28436
30730
26950
4900
30472
22610
14656
17669
7988
15517
13108
10987
6530
21499
15236
764
10633
6518
20386
18743
15969
22168
3711
28177
24245
12078
9543
24672
6937
6732
29771
28281
31390
27793
63
17045
5540
22444
933
32378
21232
799
13449
14935
31487
8771
4719
27375
5529
11149
20618
29433
17833
5391
12334
25543
5963
14914
24456
12583
29735
20226
12429
23687
12798
986
15408
23388
28546
16258
17880
15556
13163
4518
29457
21097
455
17129
11137
24745
23441
9770
13599
6645
23686
3846
24735
26999
27444
4510
23088
20728
12116
28570
29290
24064
16985
22126
29570
31295
20041
21211
22209
6955
3788
7609
28212
5355
26755
9717
22180
5236
2714
31702
17864
1266
20129
388
2234
25705
19095
1226
18088
19356
18760
9755
23500
11566
7386
12499
24734
4103
32674
18624
12616
18681
30524
4321
2394
30627
28122
12141
1983
19094
30172
21271
12016
20151
27553
7569
13671
19941
27037
5967
14935
219
17068
4237
12954
6231
30374
5011
8682
24956
21812
19512
29781
2420
17122
2213
3051
17499
21621
14171
22202
23384
13438
1656
252
26125
1839
2101
6030
13106
16494
180
11940
9340
8232
16633
24764
452
18664
13110
14800
1893
9384
31819
25296
13286
3047
22157
8527
6361
25339
2502
32637
13058
8617
9342
12373
3516
30963
23161
1047
13721
2865
11393
249
15945
27235
15718
29721
24509
20678
30786
3767
28299
18341
27649
25505
13205
12402
33
22766
26342
25621
26295
25071
20956
23684
28595
5475
23692
7316
8548
29674
2658
18959
14911
29373
10760
11782
32732
7835
15497
3944
32577
27399
22455
7124
8803
432
1994
21164
16106
9777
29769
9835
565
506
19502
18488
24222
27790
15685
20923
24063
1008
31445
16687
32117
10583
6018
31672
30307
13865
13938
18935
6330
32039
22447
732
6776
27621
17356
22716
111
24702
23244
31908
1096
1925
19007
3052
7111
22079
28334
31759
1361
29967
25657
30906
32171
11825
2687
26658
772
13483
32702
2459
18742
22401
22331
25191
17225
29993
3813
27851
26168
17214
2101
15720
2296
15993
2136
4809
1463
22236
912
825
98
11312
14296
15575
30313
28338
23239
3052
31686
14346
24246
7035
18748
28796
4901
9242
32732
5218
9307
32001
17870
28122
15949
17249
8270
5820
22209
3063
12021
22223
25267
21216
11322
12860
31480
7599
22328
15426
13345
957
10930
556
11682
4288
1364
8832
7220
13727
10043
25722
21367
15237
10424
25528
4828
27957
20049
9271
6594
27293
24073
8830
18143
23213
23010
13337
18146
28521
17311
19529
5718
28733
19918
30970
23242
16017
7686
11253
22319
2206
1134
9303
32641
7808
19582
3138
28586
7564
2826
7890
18851
26083
3452
27219
16092
3655
20065
689
18654
18990
4903
14383
21807
30229
5924
9820
26741
15895
26587
12100
31967
4798
22139
14051
8129
24601
8873
13023
4734
15119
17023
25206
29355
30962
27605
17076
11633
25944
17087
4842
16947
2598
20822
32093
6257
15853
11452
14395
27885
27770
27482
13011
6668
19880
20588
8964
16254
32377
20672
1782
3361
12389
21690
28425
13603
25330
23452
9227
18792
23429
25604
32174
2091
20344
15799
32057
23527
29804
10396
125
4728
27361
25868
8459
3965
14084
6473
5028
32258
15303
12363
7153
17756
27703
5571
26740
17747
9995
29530
27327
7559
28792
21305
32740
1036
32333
19407
32044
28504
19003
6350
29964
5983
7796
17783
18516
4604
20601
19480
22442
3731
7724
20179
26935
29941
24877
19872
5792
27523
3171
32149
22328
2199
10201
9574
31348
13087
16076
9000
9887
30347
29698
32602
12238
19946
12381
12581
23319
10831
8111
30691
25086
14458
28624
28127
18992
10676
1518
14427
25972
1019
7717
30936
3550
15711
2383
25489
29253
9900
32030
8009
1784
26953
10856
21062
28333
7264
3521
158
28602
13631
11855
8113
18824
22271
16090
759
32324
17763
21795
1532
25815
32514
11127
6056
5913
17065
8323
2756
4161
1019
26986
20410
4001
4954
10773
31644
5008
32011
26571
16488
167
25492
2561
14987
18736
22889
23923
14243
10459
32200
19827
23177
18611
24802
18305
16527
24401
29499
32029
3078
8527
1107
30681
30724
5632
5254
13234
22884
9310
32305
13216
12557
27716
14870
17516
13176
16350
17154
25026
26988
20829
23725
29063
19980
26863
16865
18796
3604
14062
32222
12996
19552
5719
29950
24723
4014
21375
24725
3047
15780
19201
16923
10859
18197
29947
4493
29497
27008
12410
11024
9712
10713
25394
16344
18438
27788
16755
20040
19552
20160
21080
25946
22816
9432
1090
14146
8127
16960
25988
16206
31579
28262
21856
32529
18770
11014
16691
5824
12303
12203
16876
15580
18468
15987
11714
22801
23449
13842
29223
18015
12164
1305
18935
119
3034
25209
9206
16488
30085
28482
19833
19578
20151
9649
13667
32602
20861
14698
23379
19064
6295
19714
16156
14254
10887
8384
25718
11810
15080
7845
16115
32365
5633
26537
6708
31229
27290
17992
21084
6583
26126
10813
28869
30689
22178
4494
242
8512
18453
712
12741
381
20089
31884
5874
28366
29505
32330
7860
6354
30874
3661
4031
24252
26367
24824
9077
20659
6407
1359
4188
24697
14722
15033
6352
1355
26565
21507
29173
22281
30274
19369
5872
25751
30556
27985
23639
18819
3193
14489
22501
18152
11096
24850
28787
25490
19877
3980
10787
22370
16074
18581
735
17908
31753
7228
29442
3200
23239
795
26196
9982
26923
3220
16700
28814
15592
16986
17969
17174
9303
25907
28530
14893
28105
26365
4343
7480
14619
17903
22183
13522
1931
11554
29387
3954
32201
32336
4291
31047
3154
10459
24567
11111
29177
29201
19217
30249
19654
4782
12138
27343
11524
19874
10433
18537
24214
25621
17715
12278
23690
2729
13671
25547
8945
17407
19722
5689
21229
17532
26491
2922
23819
17229
1223
4748
9683
23720
13015
6705
22686
26965
5864
25590
23720
28526
11068
7011
8294
4195
1295
21523
12058
6208
14029
13077
17572
4659
8834
18321
21403
1609
20626
22191
12700
17528
7850
7860
24034
24802
23286
21871
5655
17752
8085
26067
11626
31773
586
12517
23010
6125
27764
21977
27634
23870
12096
17783
9293
4294
10269
9412
7163
3901
2416
17119
29357
4708
7049
9769
14158
18246
2518
29864
16090
6590
4183
15278
23923
22841
7506
23221
13746
6845
15176
5518
4667
31787
22311
4539
32148
11457
14017
17177
3127
24290
13181
3010
3301
1818
3405
4913
4926
3165
27104
6311
4239
19855
21528
17614
28395
8266
20414
16028
25213
11483
21877
1915
25884
19341
19180
25255
4128
18219
19288
19415
18548
10432
21538
16671
28909
28833
10716
25621
5850
24749
2426
13875
19677
15316
31167
29820
10233
7894
20725
22114
4843
22093
17121
13288
27582
21998
2806
22276
8090
13580
1737
31815
14557
21597
21701
18111
4972
4353
19232
11037
11084
10432
23309
5651
14700
13204
13364
20992
4805
22119
15455
28623
32165
4893
12150
14108
29000
22997
31661
24985
29609
16236
11772
9649
2455
32067
720
21611
27915
7747
28416
3728
32185
32030
13570
21776
8165
30679
23135
30882
32120
31876
4452
11435
23891
21331
27418
16737
1251
18891
25977
18736
22518
9044
10713
11613
10957
29434
4009
30185
31346
17006
14179
18616
32588
10829
20927
25586
19952
16293
26408
6058
31290
31414
13164
701
28829
31477
27063
5885
31159
19543
29890
10383
7208
4555
1864
3218
20645
14600
4282
2817
15432
7050
27187
10203
25898
12503
20398
1921
5428
13831
31095
29279
24370
28291
27103
15310
31273
25101
17204
4153
26347
15361
14832
28287
5096
12250
30513
20633
29511
1783
32617
18301
14134
15264
29015
3650
10366
17732
12598
22660
19290
31236
21556
24586
18057
10614
24613
30118
16546
21666
13177
6493
10152
10065
10603
24008
5854
5768
20092
6842
20188
18511
14624
13092
29667
10422
23223
29237
1646
20506
23742
17349
18953
7845
24135
19443
3686
12564
9638
8717
3758
4797
6766
12977
23317
20688
7068
3378
177
21213
1553
8253
25484
7318
32582
10685
32504
23767
22587
24059
34
28131
7344
2570
28394
10993
8856
13666
22770
16103
11723
1739
13045
20581
31739
28797
25691
12037
19689
26501
12554
26081
15064
10858
30078
22358
30530
23313
26908
17928
16331
28638
23235
28454
8051
16412
7077
6640
20495
12191
3157
16502
20474
15783
32
13730
8
31496
27297
27768
23995
11144
2960
17565
11706
5769
3291
22
10878
19176
18168
18003
2895
23076
8057
22636
30575
20163
13793
23210
14741
25073
21174
22345
18332
13419
19671
24188
29309
3739
22800
26546
21115
27652
30700
22552
17309
21985
30154
21087
1633
20745
12595
13247
22703
25366
7019
25148
6924
29382
10054
20520
22032
1954
6717
22761
13338
11485
29633
23292
17218
31614
24272
13114
5007
4034
25029
32090
1387
28091
16500
15800
23635
6462
17526
22612
27091
25852
24514
31006
25778
15599
23933
20849
16490
28664
5396
20189
6362
15558
21383
12073
1599
9721
28424
5528
28001
20871
14532
1388
8202
30559
16641
26025
25020
9037
8553
29211
9379
19998
16805
15770
4809
4612
18990
10637
14217
32316
14688
30381
23878
19949
20177
21260
29533
1620
16608
2389
4183
16414
28817
13653
25700
8213
3992
8634
12293
17151
27827
13083
4872
8387
23101
1081
18361
10958
25345
6021
7767
10677
16716
16866
19653
7708
19526
12971
26242
10454
20353
15608
4315
15950
211
17949
18271
10533
2145
32116
17556
8220
20221
16733
25320
29493
1714
21890
2538
5141
8604
20064
31674
32173
11005
22019
5822
16153
13966
11792
24471
11720
23059
4873
26452
734
25906
25805
25061
26582
19333
14430
210
13932
29934
14055
26157
28602
26667
28158
17349
11937
938
29990
31388
6506
14494
3224
20123
5805
31826
6467
645
18802
25533
8721
28714
6295
7512
12908
28893
17778
15660
17921
10791
21942
3887
8643
4797
21659
25552
15923
17328
12089
2769
9951
27108
12341
28757
29481
27587
24224
4154
15434
5938
17436
13224
13463
27588
24129
11498
17410
21806
16191
1405
19939
27132
8644
21095
1017
642
29728
8906
27307
15380
7847
15545
29332
15482
2390
7242
19263
18846
9402
26861
21295
2440
31246
21756
18723
32396
1700
7059
8856
5058
26246
4257
11150
19895
4700
30527
21391
29538
13456
4673
19438
17242
22961
8971
23373
2374
21
19111
2657
10132
19139
276
3578
26990
23439
5856
4669
12521
6279
29945
19252
21888
24718
3776
28298
18114
29511
14943
31375
18247
4149
25436
28290
21480
4384
19311
22544
2863
954
19857
23064
10509
1666
22358
4273
27339
27881
3196
30318
28483
28339
18628
12001
26448
26273
29696
23133
10883
25677
23662
22272
1048
5461
2884
4849
19496
18875
18316
21479
8480
6028
15154
6123
21873
25024
28252
29534
25993
18018
3321
4157
2563
14321
10909
12964
14874
17925
30860
26257
12900
22837
8725
15083
21437
26169
17185
11715
28288
23628
11531
11737
19966
21204
28082
21858
6184
14917
19661
16904
21903
5187
13183
11827
13711
30471
12844
12167
25286
24579
6282
16046
31691
6601
21499
27735
1053
14633
2074
26494
24922
30105
5523
14574
14514
24795
825
22533
16538
16857
32082
31928
23237
5844
24373
21206
2640
701
31512
29329
6717
10723
5155
16954
2082
16847
16073
9548
1826
22636
6999
7340
12061
5740
7885
15407
11300
230
24046
6493
560
32324
3731
6005
14611
8796
13124
13489
1198
1501
9481
15562
15717
11501
28542
1215
15568
16656
13094
5075
29363
8780
513
24020
17969
5003
27233
29347
5948
1600
9209
18161
29776
18765
4919
31303
22625
7973
5844
15945
1298
32557
21417
17211
19751
1641
29380
19908
25405
23380
1467
23026
184
2319
1344
28543
30974
5566
7670
2899
3299
22576
16259
16969
4707
20670
8679
310
17559
2421
13580
3624
20450
16759
11933
12011
28268
26526
10780
6354
10449
10339
3887
3507
3866
4862
12859
18996
32236
6607
25396
10565
17407
29181
24244
8430
15314
5725
21834
31819
11677
29077
32020
30421
3464
29569
24976
7394
27162
5589
26031
5488
7924
5124
11307
14622
8127
23137
23067
6779
28515
28804
26565
25475
6009
25328
29619
11367
13316
28659
19465
12173
26459
31693
8725
32472
19050
4116
7208
7721
11546
27222
14756
10022
15118
24065
15703
23098
22672
3456
4615
16604
19403
16039
23886
17685
1594
20049
13481
25148
8800
1863
10443
21253
27066
24676
6967
24762
30450
26103
4621
14279
18517
21097
32292
25980
22151
6688
10074
25359
885
28322
13096
20960
30092
31998
31098
19713
13097
27496
7101
29686
4688
23075
4665
4793
20640
27556
9121
2818
26502
6132
31464
25284
28850
20310
20311
7163
11975
12330
21213
14757
3671
21521
23206
5646
13070
30802
30190
28241
25901
1404
26392
18204
29498
14925
13050
3763
23542
32211
14972
8248
21648
7377
4705
3113
32536
30308
3428
18986
25910
23526
11399
14341
2844
10259
27048
2543
11961
20842
4181
4109
1840
31702
6369
30006
6280
19854
14775
23291
28581
2874
8943
30436
23159
16215
6175
5373
28785
28892
23668
9105
32573
11550
9473
11318
12206
26865
1366
24073
30454
32016
2645
3387
10265
16831
30529
19405
14753
3502
22808
32663
5012
7201
25635
6543
31139
7758
20427
21064
26020
31750
9390
4025
26178
1944
12530
22592
22003
10483
5849
30439
32299
17418
10646
13541
31440
24189
3168
19560
29165
18549
18372
30865
29610
19663
18751
18112
5756
11390
268
3347
9113
26922
4667
10793
26543
8989
18691
29228
31701
3680
19289
27918
6850
17185
14273
18962
22076
27992
9829
11407
16596
8107
16484
13809
24529
19854
24940
28928
31082
12462
30603
613
4920
7568
5442
17001
13546
2933
27100
9217
17211
21378
5117
3336
1825
27421
638
971
13639
7578
22392
21962
2494
2327
415
7101
19440
25252
32722
16086
20181
17832
752
25414
16745
4736
25068
23554
25437
8296
5156
3015
29196
18079
9710
22363
25010
198
23412
3351
14040
12937
30147
26018
5139
20098
19998
511
20462
25690
15256
2762
10021
23090
30434
21694
24340
21825
28769
11899
27758
5566
19587
15238
29234
18944
31316
146
11483
7396
6220
1278
7640
879
7019
11678
2875
3508
27785
13502
10165
16120
28647
25444
30402
12565
11017
28630
16673
1820
31944
9564
11655
29502
7075
14663
20884
21485
20054
28978
20230
11326
4782
32392
20781
31634
9883
13127
32415
14453
10119
29699
13100
29382
15334
2861
5652
24857
31502
16789
24696
23897
1865
24622
26639
5298
3625
32529
16922
28333
8988
17861
4762
28573
10304
190
23488
6715
14713
12323
24997
5261
19904
29653
30267
5132
702
30892
16772
21765
18073
19204
23041
8512
21518
12920
16750
10720
13504
31469
6572
14474
15823
20179
9727
31689
15021
1703
27769
29361
14893
4540
2998
15299
12765
23612
6346
19217
27542
22121
6520
19363
29009
297
28325
12312
27452
9154
17163
13968
9230
3810
21042
25546
10135
4322
7068
14730
12187
32587
22080
11326
21216
31130
14395
7136
10886
18752
26305
21534
24983
749
8793
22457
25311
19726
842
31531
6398
28565
23120
4748
29883
4344
2452
14006
11675
17532
27099
26024
28851
19891
4094
552
29114
15683
1690
30381
4706
19178
20488
32635
5096
4287
17552
24592
1770
3003
8409
1983
28026
1399
22692
27035
17264
19255
442
2966
24836
22056
27427
4330
27548
18662
13465
17336
18658
26177
31293
25071
18458
25921
26760
12656
30131
18024
19587
8048
19739
3638
29755
28445
15576
2291
29551
15236
12501
31656
8333
20658
5881
26223
24029
8217
4606
15340
763
21558
20097
12828
31370
18289
11861
4173
26663
25157
15901
7790
27292
9376
10522
6537
20054
24205
8001
20878
17434
23568
24977
21586
28659
2129
26787
18903
25711
19453
22915
26062
24074
10986
15550
4698
21227
25850
11196
14359
10958
7745
26704
18267
13122
21098
4750
26300
9236
5974
28893
27346
18443
29447
32333
31550
7637
18621
13098
2282
1346
8542
15313
31123
19632
21275
4546
11397
12999
19537
10999
15526
12390
1453
13172
9142
7900
24468
1312
8917
3676
28354
20947
5190
24747
31793
13232
2674
31772
15420
6069
24624
10942
260
13968
7747
31188
27667
4020
23076
11653
25407
6829
29187
7381
19665
8880
18952
2516
22247
119
28382
18965
19991
9804
16754
21346
18261
12899
4088
174
8471
31596
16432
9035
8119
19305
28391
13406
10520
15549
10432
14991
25484
28038
8244
14341
15349
32045
1240
13457
5931
2108
24542
14377
12958
5743
6623
18841
30781
12045
3544
17781
18838
1912
19826
8530
1598
3
31366
28469
20851
25349
23008
13644
23296
6700
835
28124
12129
19987
21166
17275
21288
9238
32478
23935
11679
3685
30996
20662
1711
25175
31256
2136
7168
10497
24702
15161
4450
24072
17448
16707
16492
4275
25356
23844
11106
6980
19255
20036
5980
25737
26130
16122
4517
24494
18661
25343
25698
15957
28313
23075
15988
2280
16066
11070
4767
4398
1501
27498
29163
29469
17109
25967
25930
6128
28109
21887
2684
28537
7193
3364
30768
21431
9613
4982
11628
19115
12027
5521
4142
6760
15863
15174
16212
25450
14813
13329
15289
13608
32278
4171
11425
20716
24982
15009
17239
3811
22441
9669
532
6512
3568
611
27171
29382
11174
4439
21827
30902
5672
26141
32333
23237
24245
11657
32022
13954
15730
19640
14743
19991
15793
27718
6731
3357
32626
17345
29145
20405
12842
14686
28659
8148
11460
10731
6526
23774
18150
27909
3059
375
22389
27019
4101
31638
31835
20051
16260
19162
3976
17179
17025
22818
27958
9666
26547
16728
28530
10168
7193
30861
17112
24499
1505
3403
30878
9123
18057
28966
31188
16105
10308
149
16361
22723
15007
15616
30322
7947
8804
27930
27175
2338
8382
6001
26926
18215
5535
2884
30877
12652
351
27540
826
19498
18854
28797
25989
13171
17803
21191
31480
873
21757
5561
4237
4270
1890
9005
24705
1307
5503
28138
31575
13493
12952
3629
16929
16092
30936
3209
22011
20422
29939
20209
8408
5676
5385
23572
23425
16707
32462
26857
13530
6894
4328
25738
32359
4658
5016
30277
528
18922
23709
8688
25889
32700
27221
1662
15509
24395
14886
27344
13972
5550
24092
3277
32058
14626
5587
26293
13978
22779
28312
24242
17923
18913
11979
5297
12930
568
4231
17007
22183
6880
3974
25047
15756
18463
20030
3467
20756
24283
22096
20417
15729
14861
14371
21328
11753
5234
19916
11018
18137
10884
9522
9037
250
14504
21871
20949
18915
10665
17273
22484
3535
2405
6657
2629
3745
4038
30875
29821
11301
22516
7712
26883
409
6089
4688
5281
31852
27526
4796
18363
20549
2500
18148
27104
27719
29613
32668
19359
21908
30059
1460
19100
2831
2785
15319
31715
22119
31897
6068
20603
11857
18686
13916
26687
3604
11724
4075
1769
26187
26052
3691
24432
2790
28324
3061
10644
17011
27478
31769
13750
23196
30312
17537
29422
26096
30908
2256
7000
1766
22657
28112
31406
27678
5217
6093
796
25067
7932
26684
9295
7439
3734
16033
6352
8901
29964
16559
7568
29189
29709
28080
18372
20995
24966
295
27890
27129
4190
26804
20812
1574
4452
20793
4158
11798
134
3899
29507
28709
12867
26251
11004
1599
21859
29989
7811
14313
23781
17752
17661
7557
17977
19239
15726
10449
4015
20720
6354
5810
29488
5963
2665
11824
14636
11317
29266
28865
14291
15726
30299
8138
21128
27167
7448
15203
3474
22464
7986
24155
2581
3641
25346
7035
32321
24391
22110
16399
32202
23842
6835
8099
9880
9309
14164
19723
1471
32013
17938
25766
18609
5933
19981
19427
3763
26177
16586
2563
28301
24634
19845
7713
1158
9114
32456
30320
7311
18648
22076
27845
19647
25350
23232
27733
5119
29617
19640
9407
20743
22025
29863
28237
9609
25921
16385
17270
6571
25145
8250
29608
5051
23643
24611
29509
30750
8643
25462
27884
1418
31394
1199
30713
16758
13284
1310
6223
2254
15632
17211
27477
6378
23920
11065
9790
9409
17523
5598
18830
19034
31055
2449
11737
31876
28138
4533
19918
13511
14587
8245
29045
410
15212
11616
7861
17622
13572
2552
29465
13931
3138
6021
19156
32594
19852
23279
22786
195
9609
7500
5424
7079
23243
3831
8735
3152
2737
8418
4549
11880
11659
2093
10901
15655
9728
8183
4608
25545
24493
7540
60
12864
16655
19007
24900
18982
29859
14578
1824
22517
19787
10229
20838
11386
18932
1683
28161
2695
31862
20563
5937
31977
22459
12933
29395
18585
10532
12315
30435
20279
16680
14266
30527
30131
3903
24593
16557
25422
13566
15978
25888
11457
21635
2942
7479
16315
7699
2702
25351
8849
24834
26287
10778
23601
9171
31334
22711
6233
1953
13684
26212
23558
31422
5363
17322
24110
32409
24994
28440
22705
1253
10366
23435
25998
10231
8594
2988
15442
17008
30991
1721
25559
10781
11935
2697
11306
4635
32503
7882
1229
22591
2987
28046
799
16820
13639
1286
11544
27366
23451
26252
23609
28319
30806
1767
19651
2160
18391
9163
11560
13907
29759
4768
16831
7566
30411
27780
28859
14043
9057
15251
19038
1477
4712
3430
24938
24405
23773
3801
2009
1006
24227
5394
17357
4214
29467
14271
4298
2742
24565
24734
16675
3332
25158
29763
5042
21791
4570
30742
20940
14938
3787
22939
2420
20221
11602
15094
14287
12520
5086
26798
30681
19833
32611
23729
2389
7344
8693
29336
17418
6033
20373
12589
19244
28106
27979
19754
5401
16022
22133
18756
6982
22753
11358
22376
18040
18093
17426
24389
27447
10164
9841
19978
27263
8015
22147
4977
19130
22934
21003
28668
23787
27593
95
30846
16940
5103
886
29406
25946
7100
8003
28696
15631
25272
11073
18308
27088
21406
16976
22363
1160
18690
9407
11895
12597
9527
170
858
18914
8560
5254
7282
13781
6181
24570
3484
16649
20153
22256
28390
2015
601
19181
28825
19216
15399
32413
28791
16358
12440
6067
29761
12460
11802
25328
11644
355
24315
7808
27253
27830
25222
16013
6275
3376
367
24591
15244
1709
369
24033
32458
25614
23605
15386
17103
32049
23926
23962
19655
31009
27747
14307
31486
16521
1092
31019
8866
29807
8289
21679
31433
15646
7967
26953
14517
1380
24685
30277
16727
30206
9054
21105
5139
17745
26391
22899
21187
12123
21228
17247
2814
10728
27078
6793
9370
10505
3272
17304
6511
1986
4402
19420
23134
26883
28037
29154
1427
9433
16872
7237
20998
5606
16330
12998
21576
23311
13513
3487
124
24948
15570
28437
3491
19109
24458
15181
7710
787
7405
25184
20845
7364
11573
12465
9021
16971
30718
31103
15266
22008
1703
20406
5281
4428
30203
16651
6385
14511
11025
18247
8194
14181
20336
25571
27455
14271
22647
6614
2193
2958
7677
14763
15908
30941
17460
13270
25453
16096
31955
25928
19308
26407
25460
4673
9262
14103
31034
870
28567
21915
952
30995
31070
30999
21262
26866
28249
12702
13141
14797
30971
9060
3390
29088
1819
17782
31221
2547
7414
30888
20044
24166
22904
2767
24853
27022
4023
31281
4303
17407
6593
3386
19590
6570
18583
4721
9204
2410
5497
23722
8940
8921
30820
20348
31737
30312
2010
4085
17986
27567
17889
11661
21168
20993
15950
22361
23635
24388
23107
29057
6146
4351
3319
7924
26434
9141
15797
4954
12906
5234
4904
16715
11780
24739
981
14526
3957
30762
20457
18884
29921
5554
18485
16246
1097
28992
1655
18219
1526
267
31451
22511
32283
15502
29377
11825
2486
5595
31937
12220
695
7474
19948
19433
12132
722
3157
11282
252
27407
8913
18505
9626
18597
506
13386
29021
12620
29306
14511
25286
24717
23686
3171
18017
23763
10408
16985
15784
29381
7618
16254
11556
31443
24656
19692
21973
7439
30445
6752
7636
1855
30745
17646
19511
18736
17721
13811
15413
19277
30431
28236
19339
4975
24140
4549
2077
19447
16435
18132
24801
16667
11456
16008
24057
18557
6361
30908
9247
18178
7332
6288
18246
18657
31561
23834
12414
24570
22521
4696
6937
15466
15407
3689
27916
13148
21301
3837
28312
10273
32491
2827
9513
2948
10692
19650
21886
25943
31249
26561
28938
7250
19074
24458
29338
28702
3049
4660
28217
22956
29762
15201
22608
17867
7921
9072
18450
24058
586
20212
14615
21370
24150
16996
4167
24744
2260
11796
26618
29834
14975
5731
26462
15528
16783
19510
10520
285
15746
18854
29998
1773
18460
18166
21028
27801
12205
7112
12645
13553
9874
16528
15077
29738
3070
1096
31749
21296
12795
19046
32183
23869
17579
25867
1506
19371
14036
24445
2056
17415
22427
19671
2342
15462
30096
28415
31451
31228
13035
18905
20941
24042
28437
30394
23369
29784
26987
19488
5673
31172
318
11680
4859
19097
14110
6175
8031
28932
21336
15941
16561
17667
21949
18735
16872
21183
4773
4452
22718
31515
8500
25611
9746
653
32476
10331
5514
557
3107
31058
24700
28427
18087
1962
14351
11206
25695
22537
23197
22618
13347
12664
6236
21562
26479
20502
2878
9887
10596
12301
1557
16671
9999
1222
32507
20609
27886
12377
30961
4048
15792
20296
12486
20910
17981
11372
4411
13291
21238
12591
12900
12630
27198
9724
26705
1491
28729
22260
9454
6318
14291
28899
12584
24879
9477
10866
337
31087
17492
3486
10438
21353
31642
30056
12495
17492
14344
5070
22214
23089
15724
5115
30076
12192
31408
11451
7640
12791
1955
14129
8897
3477
12285
7628
7230
13428
12189
14199
9692
13054
1044
25360
23633
18210
30567
30492
24158
28070
18449
22969
21754
22975
4680
21715
18092
2783
24193
31387
14905
29902
31030
11829
27775
28156
30695
9393
7585
22550
3935
29245
14692
14039
7992
30617
24281
10529
5793
17355
2877
30796
5727
15891
27677
12734
29714
11297
7357
32443
698
26758
21179
11903
17529
23913
15856
9866
27035
6011
8087
11580
16595
1325
23729
17057
31943
13856
4008
31630
29391
11996
23858
4845
14074
9414
4216
9557
14675
13900
17016
19166
18530
29539
4263
819
7413
18995
9947
10216
21280
11280
8297
22798
29826
32429
1162
6149
30666
11660
25092
1170
22906
28601
19974
28721
12779
5560
19027
15277
27793
29628
22178
13037
1153
15386
12613
23313
27184
24060
2826
26302
30334
15450
12895
17589
3827
20774
31161
31915
24392
4295
23862
20053
19497
8649
11137
18114
825
15571
13814
16365
19543
18649
19462
32403
32
1938
1501
25154
18356
26157
8771
23475
2493
17984
31680
7513
10414
21249
22788
14906
30281
14008
7301
9982
100
17524
5994
20805
6892
27133
936
16702
19242
32267
26987
31094
30789
16053
29623
2285
1289
5164
30799
879
14054
27561
14038
21537
3644
16036
4916
7771
29654
6727
20283
8373
24500
15138
1931
20069
23821
4384
30642
4808
3988
16314
18840
29502
7675
28266
29723
827
9653
32099
27894
24219
7169
29311
12775
7734
16420
12921
27921
31413
757
23132
14495
4516
1951
19771
17834
200
8611
18979
27228
19378
29724
7758
23382
16276
5703
18329
5200
18772
24898
6968
13311
29151
19220
17577
20284
29888
29422
12518
32610
9457
17073
14815
12280
5104
18863
9767
28560
12054
13494
20718
18414
18213
1867
3631
24941
13856
31283
7978
30111
5983
9016
19221
21812
17890
18985
28687
1309
5350
3875
8277
14065
30390
17935
8120
8335
1476
11116
21839
30469
9208
22095
1385
4272
9288
2983
26565
29349
12937
22214
28166
19792
28036
2845
20065
11355
26445
4935
9881
24017
32720
12618
19245
21636
19885
5145
5840
2476
2374
26205
19993
8656
11797
14964
27516
22762
17988
30650
26489
31174
5239
11528
20755
25771
4077
27771
19076
26941
26311
5239
15919
30626
31399
10731
24534
27876
2941
10198
19981
32406
1182
26634
26606
2491
8215
2352
11023
18659
21568
30220
11697
13719
16276
29186
2362
6391
1727
20185
18662
4002
22777
12224
12473
1238
3731
32142
28856
26841
5583
28750
6232
9879
8693
20987
24119
7308
20643
24200
4106
7396
14693
25891
16086
14561
7045
3771
31588
23422
7717
28096
14063
30546
22154
15146
7199
19382
2235
25788
29755
1322
22091
20618
27802
15605
20339
31161
20570
7180
6756
19078
2645
9525
9434
22409
849
27244
5109
24635
12407
12678
26181
14519
26119
19476
31779
189
16969
9866
31304
19452
17607
21153
15000
8081
26041
4345
16191
26827
16833
7683
23551
20785
11736
17950
2504
5062
18312
1280
6282
14219
21853
13400
13127
21318
2966
3505
27244
16002
2335
922
14433
21463
8388
13828
13407
10347
17055
1515
26498
23737
6610
3129
30751
27281
12924
30695
8023
5216
15333
5989
7404
22962
15100
4412
7508
5365
16644
4082
17932
9856
31370
25901
23599
20692
10906
26652
14663
10785
26162
4883
611
18188
9207
9333
21866
687
29735
18135
24750
2017
29903
1122
6340
32696
22078
2425
148
2381
953
31388
14252
24255
17520
24973
17114
19323
26801
30129
17145
22458
22364
17336
3595
19787
3991
30849
24200
31122
29378
21303
3318
20689
27310
705
1978
22182
16393
29273
32046
28629
13597
18810
27635
328
14523
8960
3465
84
17777
16267
20252
22590
16643
14116
19617
18686
28697
28195
546
9026
21046
20815
10070
1462
31209
7496
26997
32643
13639
13602
30538
15381
6808
19539
5002
7202
19793
26575
8548
24552
3907
31345
24409
18102
29201
8349
17486
18349
15591
16164
13024
18376
23145
2407
30455
28954
25322
12992
16798
3927
5855
20253
5906
5526
23955
9966
25368
12629
7196
578
10132
3774
30861
12076
31064
12841
23917
18284
16186
2785
20840
31051
26473
9003
30533
22471
1793
4484
18968
30192
6108
3883
27065
20882
18604
22495
2932
20756
4934
14058
25346
22688
3393
25950
6072
14981
9920
7583
6655
1753
19340
2081
27908
32354
6758
25971
14513
11447
9883
6525
14299
28066
30680
31750
22205
25033
15424
4729
5541
5773
24764
5864
1005
25907
914
28753
26413
19777
30010
32
25263
20011
15213
26870
13091
1071
19070
12969
21140
3198
26861
28556
6299
29852
28986
18160
10963
14601
26103
2282
20876
5921
3105
12119
1220
13889
32688
28702
17747
27691
30317
17589
5733
8364
9476
2791
11053
5244
31322
8916
7384
3941
9504
11833
15552
14759
6057
21745
22243
9372
32248
12988
30867
18072
23070
21056
3951
28179
15043
22861
29841
28682
16386
19045
14345
5538
25210
32636
16522
3343
12449
16892
4964
25012
30300
9228
22706
16267
717
32530
28629
1480
108
15222
10273
27833
4954
17834
29141
17137
12786
21607
6993
1445
27552
25657
28291
22614
4598
3133
17059
8112
30716
4137
22048
17331
15304
21390
1242
23824
20047
4698
11921
20950
11643
673
24989
9549
1150
17309
7648
32546
9829
15859
17402
11717
5872
22839
1211
10256
5537
10931
25822
21033
24339
356
10484
2473
6285
29510
15774
15614
6615
20434
28671
4622
2380
7108
2673
24604
32305
31265
10615
240
7493
9849
23796
15666
25497
25705
27034
22552
5026
2149
16036
32321
30861
32180
29640
7136
29650
28092
25447
24092
2316
27776
13576
25527
23560
20071
27652
24814
21788
2879
20098
15009
24506
21121
14502
23732
30532
13527
12294
20405
30242
1755
19294
20927
23315
24866
17028
30366
30912
24953
15006
4915
17303
4462
8850
30746
12758
5651
13246
16267
25062
3326
27370
12926
31467
14996
3450
2323
31641
28040
3816
2608
27465
15262
27250
20076
8524
31669
17680
10796
5759
8452
27561
779
29983
23460
390
5248
23263
8782
29447
26555
312
2407
149
719
16385
2873
30167
4886
7743
9604
24873
5841
25918
28725
24394
18960
27105
4469
20308
23250
54
13029
754
10348
19789
23592
16077
4655
27467
22179
8007
6469
5050
32384
13676
23004
17443
9465
28709
8071
4319
26579
9647
6368
6698
8744
20812
28275
22393
23146
22841
16599
11534
20901
28895
21022
32713
6148
27469
24176
15169
19095
4582
26610
32275
24147
21335
31212
24698
7259
24269
10028
2336
13182
32612
18341
1076
768
19426
14684
4285
669
32421
10373
22574
27595
2522
8936
17466
2112
15344
31370
26345
18868
2124
15242
10476
3816
18495
14665
12846
14823
2101
30413
16555
31627
13615
28264
24965
30788
15987
31892
16468
10773
32641
29218
190
9183
1610
4500
22089
6626
2461
31687
20076
21377
9186
20437
236
27205
9738
569
6758
31269
5830
12084
29991
9989
12791
27760
13380
7036
31846
24036
5352
25818
16310
4599
27112
20586
663
26856
30109
11764
20796
2925
5618
7046
27150
13466
30396
15988
8866
21253
15946
3486
6376
17704
26685
4337
1190
13574
17050
14897
15653
22290
16670
15093
18219
4172
6866
31731
32552
18349
26079
6525
13236
26309
9634
2380
17465
19875
32515
19837
6125
15861
1795
22745
260
368
24469
2137
24611
20338
5807
21993
7191
13798
31648
10349
16839
2409
24228
25858
24679
8362
28342
9606
30191
24343
10661
14426
32716
21174
4714
19814
981
26960
8633
29790
9600
213
9430
20548
6998
22268
32426
9263
6308
7210
32534
7498
32628
11669
17543
32287
28347
15017
23499
3862
212
22955
4643
30776
20013
20380
11673
26681
2113
3936
32659
11446
16582
13343
1449
8123
12583
31468
3252
3720
5684
32676
2599
32149
29721
16665
8099
28115
22156
12400
31941
1845
24907
20424
4931
19567
17606
9245
20791
15358
27416
32363
21946
616
28988
24598
21429
8645
16510
32393
5876
12926
23599
10781
24444
8533
14237
7229
1823
3749
10307
28873
9549
13035
18492
20151
9517
27782
23806
1024
492
23227
5700
6330
7510
10748
14668
7553
25763
30058
3139
14620
14227
24984
5630
14686
17853
21650
1514
11081
22051
28446
22598
15994
11531
11073
2703
30657
1034
17413
29756
30479
18530
19066
6060
21653
5006
3067
32605
22826
4634
11698
31582
5613
19640
8543
21255
7980
1937
22356
16103
28293
11225
20932
16126
12363
28582
32062
8492
44
12290
29301
19434
22800
12606
1346
8504
15427
14730
17644
3542
21463
14787
20902
6327
5188
30860
11097
1715
8530
29600
23972
26236
31289
27495
11554
6355
12550
19655
10731
10492
12608
27964
19293
2415
22988
19755
31004
2256
28174
21619
9559
4897
8785
15686
23629
4919
18281
8503
27920
2154
22934
23699
3977
9361
30380
15349
11197
1582
32625
10261
9806
25317
26695
17377
22085
13875
32011
12495
2062
18524
7228
28017
12740
8613
11616
586
15536
15812
22179
28896
2060
5013
13762
6418
2316
17678
8231
2220
11295
2933
11862
26937
23410
13264
5767
24
20149
16286
6804
29906
2083
32196
3350
20907
8892
12234
12747
29303
21973
3911
32060
21935
20947
18330
30620
964
23092
14299
18162
179
16591
4370
9339
31706
9820
9382
16713
12810
9270
30488
24113
13789
17248
27376
6884
4682
25798
6136
16476
31606
32454
8873
2682
461
21487
10211
13549
31570
1801
4321
20309
5939
12373
25451
7336
20385
22550
25165
469
11742
31311
4617
18344
5272
30671
30153
13294
1141
6251
6295
15833
3823
651
14032
24998
27490
19432
7126
22396
25187
1939
2054
12696
852
30010
13034
9639
22581
13735
15791
1395
3005
10377
10713
10946
13738
22391
10293
23163
16725
4658
21519
25355
8841
8234
11942
31239
19605
11076
28381
7443
8096
18395
31027
31234
16445
15877
5109
8767
3392
30743
11187
3435
10191
14955
15344
12103
16828
2144
12317
9429
9746
23203
20681
15546
12269
2733
4370
24295
9103
6029
20575
6008
7601
10216
25681
18652
3351
27966
32502
18743
27239
19566
17728
28420
8763
28541
10678
20735
25973
9363
24426
15682
21459
11846
31019
11182
13507
26907
2299
12172
12920
27210
21444
11380
19261
31682
27974
21102
27913
6509
20564
9560
28500
21429
18240
5000
24362
15175
14484
24498
20862
14871
11266
25099
12224
32164
7070
25774
12978
22141
25931
7999
32631
12548
28787
5583
6892
2930
23548
24320
10044
3355
18551
5482
8111
8948
4762
30781
1731
17746
4592
32551
14974
19188
12239
25976
25346
27972
27275
28804
12130
25050
6377
30024
21684
11586
470
24913
872
4863
7257
19162
18136
18127
3015
19509
799
17201
11318
11884
1327
26917
17203
10023
22814
19763
10424
11728
23233
21934
31832
11254
13436
3642
15037
3311
16472
21644
18260
28866
32598
17009
15943
1604
6916
30994
8876
20608
9549
12662
15612
23388
2709
13896
15814
9082
27142
10971
30884
13661
18468
17259
19311
18381
20392
21158
1455
21884
5259
20586
25685
31209
3425
15825
30125
5509
14056
2667
31118
32021
5601
24266
4564
14423
2846
28740
22287
5096
11741
16884
9597
2661
8276
30466
13878
18640
4749
6692
22695
21046
26484
32357
24641
1679
12335
7462
6770
4326
29101
5474
24789
186
26754
12342
7078
4771
16114
3744
18552
27705
26955
25735
22826
20273
7289
25851
32535
1993
4820
17343
13965
6759
4924
28676
9857
29820
28264
27768
10368
9391
26235
26751
3305
24120
13528
32448
28506
19337
8760
15588
12136
29748
25850
22682
24979
14857
14778
13791
19576
12670
27172
8828
17993
22869
13834
27344
1659
30072
21173
11215
16318
4392
29817
1611
5682
27734
5772
6003
17880
22609
29977
23193
3399
18338
28047
22584
12448
5428
14655
17973
10435
18105
13862
32101
21187
20040
12807
26704
13208
3915
27582
20276
9236
10904
16080
9549
31001
21982
11590
15188
31752
16963
15292
31558
18300
22091
21429
4454
23609
16124
8241
9861
607
7232
6274
3969
19172
19594
11611
5644
17728
7100
19498
16046
15722
22857
11431
12301
5636
6550
7341
8045
4818
9895
15946
26227
10097
25591
27666
9774
7750
10663
14264
7000
11188
23259
14047
2008
16786
15202
4653
21900
14044
18581
2721
22086
6056
6529
26919
17684
12636
2632
3178
27845
12063
14020
2282
6056
23181
2158
3918
11415
21679
23422
3323
7476
23338
32596
15077
2419
28086
5655
3749
15449
26578
6044
16845
26115
25271
31625
25464
14057
29578
20154
10277
16484
6613
14307
27589
15982
29240
12151
6674
11945
348
28361
28963
22692
11049
23154
21053
11097
10809
27634
5357
5114
7052
24218
4179
12781
29309
9129
20161
3093
26868
25013
8069
11091
16350
844
31490
15948
25562
6364
27910
10861
18997
4560
31063
11821
6681
4348
11919
30866
30209
24635
23338
23031
31088
18262
6366
29196
16099
18984
8747
32542
516
4608
9778
12953
12832
1607
3786
11979
2267
22627
27857
4586
31011
1754
32448
12889
2658
7099
1410
28711
29688
10810
23431
16345
3304
20378
532
21097
25553
15184
6365
32398
4897
613
29653
20286
9605
16924
17221
23409
7844
21973
539
19241
31756
9265
7813
11695
17004
18295
4287
1311
27397
5430
21546
11046
17755
18732
30365
29451
8496
22375
12799
11500
21682
10666
17430
28235
29428
19474
30874
17353
18075
19705
6542
12336
25818
21531
14800
7351
27808
13559
3566
7810
17935
121
18235
13673
30257
22997
9506
26618
23270
4790
12475
24769
25377
21144
22172
28871
5972
19826
21234
7000
1577
19865
9168
3849
26995
5345
30150
12282
5988
22789
16054
5977
5120
24393
31459
11303
22225
31581
16459
14655
6365
30085
7223
9364
16085
7159
28432
11194
13199
900
14964
18856
18102
15227
5513
10684
25537
30923
15249
19455
13601
31847
26815
16043
1983
14575
31049
4330
677
31628
32447
25313
1787
7196
16283
14061
19510
30863
21785
26668
3212
16272
23369
27200
21931
20072
26466
13903
20906
9760
14425
2382
7232
15334
21938
22400
30772
10419
4247
6457
30996
31786
6951
21736
29994
14018
10768
2644
21420
12071
21600
25382
2867
26334
9624
19624
25710
4648
5634
24268
21784
22314
23877
13424
1831
2122
21303
6368
24647
24028
21234
11933
7558
29438
21546
29533
22353
2496
11966
17746
415
23177
15500
19887
15468
29366
19850
29801
2153
26243
8723
16698
13298
23087
24446
19948
5184
9819
13045
11732
24288
7092
5764
28317
14179
10705
27761
5703
17752
27998
25804
17006
26231
27003
24902
19664
20767
28767
19271
6410
15107
32577
4154
28578
22560
4472
14380
2634
17906
12001
19093
13667
14055
14721
30069
10945
29204
15979
10915
2478
31526
19940
10082
4145
30364
7878
6710
31120
7732
290
23286
9747
22947
25641
26913
28683
20361
29517
9333
21011
676
3747
29630
17046
20292
8844
19949
26769
23807
8852
22889
3482
22693
11162
5546
28962
2679
4402
17155
24823
7315
23111
31935
15116
9651
28933
14704
15485
19479
2549
9604
16846
5312
1642
3097
23668
13023
22045
16915
24982
27533
7188
18283
22036
25020
6856
4809
23497
24174
11142
15190
1037
26917
17686
29899
11134
17562
21915
4559
17153
9137
29626
127
10755
10925
11006
30030
32261
4256
26491
14351
855
29990
17586
18256
2851
15955
17333
17898
31406
4842
11404
26326
22491
17616
7894
19266
32497
16320
5555
1764
26013
20543
25314
16015
3899
22227
25895
5380
5713
15216
32240
23050
28508
13619
2615
12225
18640
14931
25258
6707
11354
11348
9994
11564
17768
5245
22737
19532
28907
1165
2327
12634
31323
28586
7606
11483
10748
3994
29101
21731
2145
10805
21698
5676
31534
19226
11884
23397
7970
17826
18415
16076
852
4882
457
31231
10684
24853
30797
2063
28918
25705
23438
11735
19267
17368
32382
23692
26321
12138
24919
8853
11068
30681
15162
7836
12372
14917
18198
10469
4641
29737
22476
9950
17956
5006
30609
15608
21984
22398
5779
21174
8857
5308
3295
7427
5724
12978
29570
8905
26175
29867
6382
28607
18922
25410
5280
27011
19542
27162
15872
31464
6613
32208
2697
2449
28499
24110
5929
27071
3803
18594
24811
17511
23901
12014
28883
9096
3502
17952
32521
6331
31952
453
20795
12812
9076
20314
22588
12552
16573
9731
20721
14359
8775
16000
27757
25100
11624
1884
17243
30715
3509
10599
6300
14666
11464
12391
12082
27147
22337
11275
14173
7049
13067
23840
5891
25377
27361
17159
4437
29524
13072
7527
4528
19226
2942
13855
7617
28536
25323
1919
13037
25428
32631
4791
4848
20873
20580
31375
17348
7479
3358
13913
18116
19548
17784
28964
19217
169
18233
26931
24373
29326
31959
25518
26118
8856
10626
2198
21197
13564
9828
15102
28840
11124
1320
16761
14637
29001
15289
21199
32336
28081
15692
23284
27527
4188
9376
3130
8748
3146
21380
4293
29986
13535
11163
28735
1979
12601
17500
32206
21465
31169
16988
25155
23380
21504
13264
5781
2204
16565
5709
25229
672
4132
27091
13250
30702
4272
29962
24776
9499
2988
7883
11429
6757
1135
226
7812
1175
28070
6163
430
32045
18671
13659
8629
9657
25763
5239
5874
4741
11250
15275
14130
18554
15670
2236
32429
21056
14977
3902
1336
12455
2168
11286
21435
10822
28517
29239
11748
15970
21127
21679
9245
16145
29101
12775
444
22174
26883
9254
27514
31792
25387
15192
16935
7079
12687
1038
7580
29895
16118
32709
29680
30104
4182
29291
16623
5132
18409
10527
16839
27363
24195
7737
6405
7628
1827
7818
28352
18637
28872
21477
24852
32484
23174
22749
22739
7151
11736
14801
5750
28105
4920
1830
2906
30902
13549
23764
21289
23297
9253
804
24981
5091
5187
3256
14413
12711
24698
5579
14633
11020
3995
2234
26792
26603
18987
3011
13469
15641
30393
31757
4901
24463
28782
6633
3548
4808
3046
19032
3409
5739
24126
4557
30903
5930
31343
11316
32221
9962
6362
26162
5472
36
23844
7087
5919
6283
11843
32658
29423
18159
21721
4299
24976
97
21441
24727
8672
28824
12008
3583
5711
29075
5215
6818
22163
9856
7086
31925
2461
15837
3946
4680
7115
7901
29962
22987
9567
1549
18166
5072
5424
21815
5345
12819
29599
6790
32345
14263
20941
4844
15260
28370
14603
11201
10414
5932
11922
18349
1704
29252
8053
19143
26451
20628
18643
12798
30453
1046
28753
14777
6251
23559
199
22458
1912
3563
24378
3144
30045
12241
3083
20109
21418
10200
25709
6205
16723
13554
6172
21624
19974
29928
10061
13810
1980
2975
31968
14417
1679
20377
30941
20694
27339
8126
32542
4672
327
18013
24137
18413
502
3438
8962
19523
7353
26650
11102
7758
18551
21885
3738
31402
2160
24746
11533
31652
7118
25071
31835
1180
19325
25947
25580
31918
19005
23166
15772
7313
23286
29040
20148
21438
12619
18709
19738
2261
16497
21150
17604
14653
27714
3667
29042
15371
20621
1424
24733
11302
4785
9742
28586
15784
29034
25188
31332
647
1770
15310
19881
25204
28972
6444
12899
18947
21637
3918
9403
21773
27772
32366
2953
30803
7899
10494
1038
28259
17670
10149
5605
27584
8076
24196
25399
24125
10236
22461
10543
15274
13562
10038
9389
9138
9361
15258
12095
22788
203
16545
10317
21937
21119
30354
32403
32469
5739
8966
28116
15226
2178
32494
17613
29369
14727
17879
18281
13602
8923
19053
307
5471
11412
13374
7184
29715
22990
19137
3886
17160
3910
29079
14904
906
10277
14864
16588
1038
19737
11761
14894
8472
16810
14197
2366
3419
7116
19089
28839
25889
6576
13180
14170
4333
2528
11887
28987
15199
31115
11434
16409
24153
7453
27319
8420
11104
10003
15346
6426
21317
270
12105
22659
28932
6950
28993
8990
7148
17792
3897
5979
25856
18467
32755
9354
17310
11527
5456
17812
13662
28783
15195
21481
5437
2937
10377
1721
28155
3316
25408
29287
19393
13425
16533
7227
20743
17309
16474
30295
4789
31182
27224
22508
32648
28123
4313
17837
22200
14897
7274
7812
29144
12067
17630
132
26109
32642
23446
31264
16418
7022
2816
23450
24779
11627
12126
15550
15081
28088
11465
2767
31230
16348
26229
12994
21377
20097
15158
15274
1924
6533
11075
25972
21652
10831
2875
8148
25313
25183
26725
28031
27295
6185
572
1947
6571
30244
32043
21875
31858
20510
12949
3184
28175
25298
16920
3141
21427
12732
18451
19305
10058
30508
23909
26570
5467
23194
17528
12224
12848
24889
26495
14143
2616
19662
3067
19794
4521
23747
24452
26052
14185
9591
16838
19232
7983
29145
28618
11485
18150
25397
29815
24018
6994
17230
600
22256
16373
15532
6815
21039
3636
27959
9578
4553
4022
1797
24390
10151
30733
29553
16369
20760
24984
11373
15973
15049
20903
16409
5649
16626
18401
12948
29034
32717
23779
12817
7586
18508
13354
20782
11191
19723
17715
15234
8880
7044
16352
6261
10020
13698
4126
4181
15355
24280
17605
10150
120
29522
24000
25785
3960
22764
17773
29568
25588
25154
31046
15264
26317
13640
9666
7368
2505
2619
14710
17729
5080
22231
13184
22215
669
14795
12581
19864
9513
14954
32441
24010
21514
12451
12223
15073
27268
26931
594
32161
25886
23065
4548
7201
18785
31562
7300
10273
15068
6055
24901
18333
24939
10796
22364
7075
1209
7018
18026
2401
260
29495
316
6530
31008
21156
18415
25019
27071
18991
5464
11424
495
24634
23459
21437
25828
23484
29753
32738
14584
10039
18152
17342
10224
24554
27710
17583
13441
25927
20277
26073
2323
31911
4630
10614
9156
23869
14999
15468
944
14408
26950
24613
15216
4493
8235
9883
3296
31749
23721
13490
29221
3795
2214
32459
14319
9848
1772
13206
3324
17994
24270
18727
10974
11811
19214
24653
31741
30806
12286
29215
25311
21479
15590
31703
1703
12027
15526
7396
18652
25997
22940
23354
18540
18531
22728
493
5617
4160
4142
19966
32050
4444
7292
23925
2029
17169
6637
5295
7636
28631
25709
28154
26069
8562
8958
26463
19614
7530
8794
703
21601
1468
17114
3106
4564
29135
32150
6731
31357
5033
17614
32144
26668
15715
17289
4328
30153
23258
16507
8518
6479
13224
10284
24357
7961
2387
599
3684
27229
26051
22160
26709
7926
11770
17450
25617
6246
19711
20824
22798
21019
2843
13714
12275
9457
25928
9019
5546
32249
30951
21632
25783
29305
22449
24451
14537
21811
22512
5561
24719
12522
13551
29328
8653
19491
5039
23894
943
6697
16347
16982
4957
15699
13566
18244
22223
32393
18420
7899
25059
24069
1183
16324
16813
8535
5083
698
12814
684
15795
27628
20872
25935
23509
9122
18256
13168
20547
25124
4005
18725
21580
21208
25185
4270
13243
12970
26574
13309
18510
11696
12218
1910
18793
16398
7886
4595
17420
7704
17947
22027
20227
26551
22774
16532
20316
11022
13574
24678
24862
31325
12443
19298
14392
6437
9025
21683
3512
1165
23702
30804
27965
23300
32088
8146
30383
26408
26306
9300
26669
20966
13337
12760
1095
16355
29314
28607
10350
24091
2838
4748
10152
8649
4920
15081
15753
16262
30502
17899
11614
7604
13007
29334
25003
17949
3301
164
8152
6872
2098
11394
9255
21101
32559
11420
14825
32568
7635
5082
9202
9747
11689
15722
26954
10287
26661
9665
23077
1091
17208
21724
24853
13033
27682
15820
29823
8772
25736
14193
15436
5351
30150
29318
16352
26610
28294
4317
12368
1150
24210
16876
8911
60
17638
2185
20330
12632
25610
3570
10230
14756
12446
9744
23366
19698
3638
26877
6305
14017
20073
1475
10098
25373
9765
12903
10050
28352
3397
23846
3044
637
15462
766
10735
32223
15606
20336
26482
13581
16269
27013
25826
17904
11393
4623
12887
18584
8885
30513
25848
24284
22705
24865
8372
26433
5112
7213
27188
22302
10901
17404
21773
32765
17144
21527
25145
17475
17920
8615
8904
32532
14169
8833
29395
9073
26632
9567
24754
22179
14148
24432
5230
2525
21896
29460
19321
22301
15846
21472
15517
9555
22942
11241
30771
22469
495
9791
6293
3250
21549
17079
22230
12085
3092
5870
22448
24685
22620
8330
17597
31707
23949
3267
1514
15115
23317
6435
12074
15479
9880
29065
30311
29096
29063
12148
17854
14494
3316
24190
15851
9330
8101
10791
15618
14650
615
6356
15713
7981
13988
30744
8418
4360
11064
24113
15445
2480
17281
25814
14125
29976
21685
304
4985
26725
3449
7462
29206
9552
31663
21981
26403
27852
9359
895
29366
25833
25337
28220
29133
5625
9
21647
7048
17137
14829
9923
24213
8466
11507
7093
13035
13000
21222
731
13243
18898
3227
30597
5539
29859
27079
22883
19750
23304
8979
11848
31065
19980
31347
20781
26334
3865
30131
4729
16150
4703
10067
11648
14227
16505
31124
14153
21964
31566
12243
27284
6933
27190
4630
29979
11470
20831
30437
10777
19674
30830
8027
15881
13907
25705
6524
28592
12923
26836
7369
16989
31222
21530
5394
11632
13879
15151
20364
25881
14137
10356
32291
8290
12655
12763
1297
112
6141
14923
18096
32005
26408
25158
24972
31306
29451
27593
5309
27596
3724
5491
15988
10436
7823
12522
10451
21915
28010
30843
6402
1709
21144
26624
21631
78
689
7431
4277
14346
7065
560
209
31537
16632
18903
30161
24212
23787
31731
17629
23433
22778
6974
26587
15925
25417
9623
3134
18698
5138
29604
1054
12686
1874
15291
19854
23134
16067
15363
9258
28275
24587
20438
20719
16805
9011
29802
11344
6765
1370
177
1669
18671
5035
5245
27175
12088
25228
744
27898
7876
1304
15347
778
12099
6352
31085
2041
29340
14733
13079
29335
10803
29114
7685
26291
24936
31423
15175
6449
4448
25024
14793
14941
12807
25736
12152
23167
23637
6848
28070
31920
25041
16229
29872
19435
32084
11897
19166
9831
272
27384
14986
29476
9680
16653
15237
30148
24449
22662
2998
5277
23282
19334
15108
17676
2264
5497
11895
4620
23061
28237
24217
28935
4410
26080
21795
22764
19786
21428
11733
20353
12737
28394
7846
24827
20436
8814
19229
13772
13563
29039
26367
15036
17069
18
27690
3899
13162
5223
26561
11765
28927
9116
8841
936
8198
16240
10387
26674
1196
30699
29724
11759
9399
1356
16305
15169
19143
20036
17303
25200
20187
7777
25193
27573
18456
8397
2307
1425
3014
29496
17823
3939
7580
25875
23102
29242
30013
14079
20042
31720
15618
28293
17273
28760
28154
4615
4596
17697
27951
24822
28601
15194
3627
23622
10045
19377
7867
13087
8534
6327
24563
26582
18009
23422
4210
16667
31359
32358
27624
23412
14734
23092
17365
28394
5557
18788
5523
7425
7607
1473
16790
23278
28236
1074
18419
19461
29380
17111
11807
8305
6381
15700
29177
19495
31799
31597
11787
10781
19478
28116
21261
24502
29096
3390
6827
5249
14488
28604
6025
21028
32578
18505
1667
8339
12823
1183
17721
12934
5699
32080
4555
13865
10126
27665
30689
7701
3456
7257
3823
30335
27593
2603
28087
6831
4576
25391
30479
24244
19945
7688
25572
343
26332
7138
11903
31309
484
2122
17159
30897
30469
27459
6471
9649
22786
8598
7090
32647
13438
12137
32676
24747
19041
8467
29419
1862
18813
28207
17030
12522
19314
4847
24236
7809
6350
21428
24593
5252
30841
24283
29284
11118
3665
16601
18460
1135
3345
24202
31604
13924
16247
27078
180
1799
11430
1078
3507
17507
23497
1125
6810
21132
31481
4378
24554
16780
28001
1766
30145
32672
1183
23545
30809
31653
26990
30265
21969
19405
30594
10134
10544
11414
4276
17559
18087
27645
11103
2361
23830
5358
8202
16378
20690
28416
31303
24369
13222
9823
20698
4256
32279
12297
26910
22348
28140
15934
10661
18317
11758
22833
8223
1377
10989
28676
7805
32005
14851
30195
13142
2503
29725
24528
393
32534
27318
5551
15140
18395
6630
11490
17284
4108
15260
32296
15550
11389
24615
27681
1086
13562
28668
28165
25262
1172
31411
12950
29466
5176
30546
28499
1361
25478
22990
12271
32654
25567
8655
14849
855
6592
18100
22781
22950
26703
9431
9827
27207
15156
20498
8758
17025
682
28546
12208
28408
13782
1674
18996
11474
20311
20251
1668
13849
30750
2355
13364
11616
21632
25508
13151
27818
10121
25111
21144
15239
16532
25680
18723
12416
26392
12980
8550
16821
14533
13320
10138
18629
11728
12411
12486
32238
14219
17895
19950
11894
11576
29012
16263
12873
31519
20926
15663
25827
18398
2072
26011
9584
1025
22672
27345
8754
6098
28949
20119
29476
9074
30998
17195
18397
1321
20109
1076
11446
6651
5181
15353
11055
27772
30007
18641
18831
17893
16803
30426
11723
21862
18621
494
26537
25022
5150
29651
9765
14602
26685
12978
23572
21210
11829
21451
6151
22666
10953
1638
4978
2000
9893
11021
15630
9105
27622
27384
17019
26361
15581
25545
23850
11978
10256
15226
26234
19700
23938
12435
30497
14951
26933
31392
5582
6949
30444
3810
14605
18587
821
7493
8298
22065
7591
22930
18649
17440
8297
25830
85
21635
244
27491
23752
14002
7705
18981
6699
31947
12101
20855
9198
3985
14596
30535
19866
5242
10948
3544
32437
31235
2524
21175
21990
7751
19916
27120
1881
17360
20934
6529
31333
18605
32622
22799
27244
21444
5855
2520
3843
27754
14318
27369
3923
12337
4274
7569
17599
6913
21828
19989
4296
5483
25795
21669
18989
15673
16283
25231
1366
7242
13063
4019
15346
16797
24021
23607
6112
28843
29290
31356
25931
23290
23045
30032
28698
6127
7496
1637
20615
20196
13812
12545
27405
18298
11764
29944
10120
21552
12189
11736
9112
19253
27444
29283
25670
379
30128
2114
19178
31757
1218
16375
20812
19362
11283
19732
20745
18034
32717
28330
23096
5192
16476
31749
23886
16601
29558
10646
11327
18516
3672
6705
5862
21050
5459
4217
9895
3696
21640
21656
15699
26771
5616
8755
6987
1419
30879
12956
4329
16227
19785
14154
24347
4951
7173
22663
2897
13871
14161
3177
10906
17100
86
23043
26633
14081
16494
23772
19038
12964
15332
7329
31970
11492
25083
3350
8083
5084
15921
19026
25217
2665
3780
25900
28792
14393
9334
21489
27871
24613
28557
23384
2272
12481
24095
951
29642
817
28556
28278
10931
31806
8524
8132
27489
17321
6379
4234
20075
17854
12113
7325
19611
13101
16711
8504
13207
13078
26935
24489
19904
31587
1587
30794
16731
17242
13369
4531
27375
17522
6582
46
14061
15718
11848
364
16022
11145
24264
24694
11290
11865
12936
5605
10749
18774
21977
14422
25023
30741
11729
20761
19900
18576
22859
26921
25169
28608
17198
25185
21056
3182
10739
28908
29270
3142
16481
18686
75
26413
19355
21697
20713
9428
25181
1683
10608
24717
12675
7022
18490
16222
27083
24999
24731
3156
15067
22492
3595
28442
32646
14376
647
28874
32587
17304
29748
17155
26910
25059
3654
32060
27500
26965
26912
17496
3417
8973
19900
4218
11596
24424
18510
1306
18605
11965
20004
3929
28909
4683
31441
16017
4551
14703
10378
2865
27846
7963
26576
32712
28168
7043
6736
30815
15937
15897
13575
27660
13826
956
28073
29892
5692
15660
22340
2417
10752
14786
12832
7748
13704
2654
29419
8013
22139
28832
17682
31049
14701
20059
3186
9403
18597
10566
10800
26430
14372
5877
2277
16153
4835
9480
13311
11540
11611
4515
32356
20618
8522
26654
31832
2496
14005
22013
21664
5749
24105
19490
11495
23738
8263
16449
13666
22532
9856
8853
6064
23680
16668
23505
19716
9382
3713
26458
8069
23825
10162
23987
23285
8846
30230
824
28817
9843
5755
12048
4665
27954
27994
7773
2257
23341
20572
1973
18919
972
26910
726
4246
28365
13617
6293
32170
18396
18278
3864
772
11364
11848
17989
7745
2980
9193
14458
9878
19717
27362
29567
12798
12459
31893
7609
21912
7754
27829
23456
17738
22075
9737
10611
5803
14543
25708
32042
11040
6115
4121
17580
1349
18100
24101
5186
3470
23541
23117
6475
2606
23071
15858
9522
20023
12809
14434
25758
25603
21432
3161
5864
14036
16760
9928
22994
32695
22827
4820
23926
31150
18402
28450
5244
8461
23466
18514
13456
549
10153
31945
6931
23328
11881
3508
27153
5420
1651
329
29044
22748
11552
14928
14455
16842
31660
26851
15197
30082
29324
30834
12642
8603
20225
7946
28402
9511
7918
29142
14361
26958
18151
8934
5947
11573
11914
19503
3077
18725
1810
27603
9891
11497
24617
30115
25395
7543
32510
7650
22906
30163
11160
16716
5334
28465
26730
3671
10356
13402
18471
21433
21443
17488
21975
6186
19241
26677
17195
24427
30964
16489
20749
16519
19091
11507
9852
12633
24070
5410
2455
11086
9107
21107
12023
3437
18363
17078
4930
24468
31084
17773
4861
23300
24696
10357
13474
23583
22598
18408
22771
8561
17096
25921
17805
31726
1964
31169
15808
21626
5079
2066
7582
10927
27919
12587
11090
28890
11767
4211
4788
26950
32321
9001
16154
26814
23327
16131
1904
8781
17402
23573
24715
24648
8039
13813
2490
20110
27735
2077
26526
14863
5005
27024
316
27019
27990
3009
21329
29596
20340
24752
28133
13815
14171
27734
4131
20975
25760
17731
13928
21051
30638
2182
20122
24056
26811
17613
1723
7410
27386
8397
27070
12575
4114
16612
16025
26988
16336
12285
23963
4540
22552
20405
28672
1070
2338
5052
19907
24479
16867
3197
28083
1905
16584
1281
7113
20618
7338
14352
27065
32671
23039
24730
3527
31922
24653
10582
9180
24537
25573
16297
1241
15170
6093
3529
10283
18036
15358
24610
17312
20183
23503
31225
7544
4471
20658
23887
