1000
243
201
476
837
814
984
864
292
868
440
97
841
724
275
518
778
143
488
600
677
247
900
177
575
542
874
848
854
391
547
837
470
557
124
324
836
732
881
228
612
211
781
125
794
759
143
939
826
702
643
756
641
736
478
227
528
950
966
99
892
15
181
331
998
278
133
11
970
549
464
314
482
848
662
710
881
10
341
816
815
376
296
500
624
344
976
612
411
375
747
415
370
156
534
101
838
911
123
146
224
385
948
211
88
659
259
252
973
566
503
693
185
766
871
976
658
398
483
763
336
481
767
117
826
957
262
115
975
456
584
104
213
776
524
230
395
324
268
527
343
859
467
498
463
40
151
558
712
875
527
872
128
430
171
900
732
676
157
797
712
713
595
565
722
601
361
371
389
18
49
847
894
737
819
383
961
558
282
535
153
862
683
283
466
412
231
460
495
751
59
27
601
673
596
353
470
157
372
858
909
182
786
829
467
159
581
957
240
15
767
428
286
560
433
796
278
348
42
101
387
430
480
606
979
129
618
524
577
84
907
68
508
520
487
464
837
270
290
978
947
299
165
900
46
121
768
900
45
957
830
200
617
683
211
325
38
369
823
511
564
973
831
599
825
695
56
512
645
22
690
968
747
564
702
151
306
737
656
537
799
920
410
204
328
284
718
360
913
712
193
817
886
225
216
973
517
172
220
573
2
318
270
830
87
528
424
686
337
319
808
573
587
717
190
864
65
425
976
111
364
439
74
481
168
423
646
701
791
447
605
88
884
872
492
693
199
336
205
383
347
356
610
863
777
556
937
7
3
180
936
202
400
862
168
386
665
265
609
911
872
207
354
264
972
113
29
371
636
699
811
356
177
984
956
184
218
908
781
294
790
499
992
410
812
92
540
249
570
557
873
28
71
941
42
684
577
284
529
138
965
827
67
628
371
986
256
462
845
510
904
926
939
983
582
966
944
666
310
559
10
291
182
90
948
401
71
470
180
39
615
953
307
422
461
991
103
27
820
923
147
361
156
712
898
575
283
558
693
688
495
181
978
805
256
131
848
66
895
582
196
683
193
464
29
452
769
77
720
115
473
870
627
958
207
763
49
404
720
330
203
989
701
514
169
313
255
566
434
449
403
282
441
863
302
543
356
614
664
822
731
442
784
903
38
61
90
263
875
942
955
578
937
203
129
30
679
448
851
107
387
558
540
676
900
644
798
446
759
940
640
3
587
311
759
6
755
926
894
932
861
309
797
823
911
151
339
41
773
953
691
546
938
665
840
402
725
202
672
958
495
118
553
699
133
138
919
619
634
72
137
634
826
504
30
807
158
996
251
931
114
685
401
972
336
537
200
710
699
361
734
246
371
939
853
294
83
757
992
639
316
284
628
2
287
408
646
660
493
88
608
621
535
684
811
855
916
975
644
151
310
56
462
934
979
620
883
316
156
878
914
649
528
378
303
970
702
549
149
501
285
812
516
638
803
798
731
125
495
506
788
350
215
640
82
102
464
713
43
757
401
326
901
689
247
362
922
852
391
798
715
371
685
47
206
46
87
362
711
165
976
691
304
1
933
577
24
286
753
962
325
522
338
573
73
487
1000
43
141
495
609
980
568
764
629
475
966
517
954
985
49
48
511
818
528
106
689
210
234
943
791
142
616
50
885
202
598
459
100
261
208
820
316
726
836
634
374
502
747
491
908
226
479
68
573
743
852
504
874
996
326
983
609
829
630
317
597
982
83
478
410
818
427
585
801
86
927
619
192
264
559
553
622
527
714
907
649
513
795
107
280
343
965
776
720
25
669
675
727
488
114
102
578
544
997
320
591
754
688
281
601
699
1000
54
631
670
210
235
548
441
239
131
868
466
487
610
955
296
935
12
933
482
250
349
269
768
712
696
847
539
481
404
748
237
568
417
712
855
399
182
325
407
119
633
229
998
740
763
466
939
682
57
271
602
26
922
466
849
955
153
896
128
104
226
254
574
813
141
736
164
457
28
356
482
34
971
196
219
244
900
118
50
527
608
500
368
492
213
938
877
237
203
466
858
103
141
530
904
416
559
48
787
1000
275
570
539
874
579
928
752
799
910
631
452
447
235
476
414
366
71
468
969
128
966
990
945
764
763
69
681
418
312
855
564
620
116
375
178
421
192
58
639
181
904
972
698
776
417
296
786
114
31
161
976
90
331
300
716
585
166
849
857
681
881
301
217
421
432
34
262
285
690
617
29
838
146
197
907
443
866
687
876
478
84
904
544
412
329
90
917
268
341
702
418
430
281
699
112
715
558
59
