10000
3879
3606
1193
2473
2334
1551
6793
6122
1605
9042
2512
479
6796
6143
9519
1917
5805
6664
5019
3749
6605
3464
7684
7027
8017
8007
278
2553
2352
9487
7473
2782
6957
5195
2201
1702
7041
3444
6845
1200
4970
5963
5832
6017
5798
9222
3337
8116
2525
9899
5874
3454
242
8590
2866
2627
8167
7418
2371
2379
5539
6097
1044
961
5893
2275
2740
1585
2741
6256
2083
8175
8607
8510
5241
904
4255
3641
226
8922
75
6910
5136
8114
6915
1878
1087
952
5721
5458
2742
3052
2032
4923
5955
8144
855
4839
9699
1251
4114
1258
3252
9825
8812
3458
8827
1547
3343
1441
3572
9447
2687
4760
7741
5992
1641
6248
1250
5099
1887
9592
9446
4807
801
7733
2902
2306
4602
2557
526
867
4816
6410
1879
188
8937
3423
9079
3699
8750
1348
5847
1604
4416
6353
258
3001
3949
236
275
5588
465
2051
7708
2754
7020
5752
598
992
8024
4335
907
9323
7479
4665
277
105
3230
4093
1188
6296
7907
9852
2002
8569
4680
434
1959
9932
5109
139
5867
9739
615
9211
9919
4118
2074
4123
8538
242
9064
7684
8164
2081
6479
125
1541
6143
1299
5925
1979
385
1688
9055
8845
9246
5486
513
8211
2459
9834
3403
6513
8903
9625
6680
104
3771
9092
213
7003
7360
3793
3188
6785
2253
2399
6352
5087
599
9808
3518
979
9127
2708
3287
2897
3802
9737
8712
9854
3900
1812
9702
9790
4625
9070
4210
2221
5929
176
8081
2592
8145
3645
4503
1193
601
2033
6361
5580
8105
780
6239
3813
6098
2558
6332
2533
3670
1859
222
2129
9687
9243
5395
2985
8017
1424
9089
7401
759
9175
8468
7153
4126
9874
2822
4677
2763
9451
9856
1236
716
9905
9299
1576
9753
1808
8660
1378
1546
2706
3307
7443
134
3768
762
2475
8686
4518
4446
3938
2237
609
1575
1623
9166
1865
712
5996
3723
2167
3229
9357
58
4389
975
2533
661
10000
201
6607
5853
191
3767
2605
3199
8768
3843
8187
9201
8775
944
1760
293
9046
7059
9417
4554
1595
8276
5542
1651
6667
2328
4194
713
2338
9852
1043
7038
5656
4801
8949
4584
354
6011
1590
1722
9374
8295
5297
4466
4445
7855
732
1429
9726
2959
3040
1146
862
8692
876
6825
1185
2458
4616
6833
1678
355
2474
1980
6270
5766
9915
5923
6292
7517
5542
6193
4153
2765
5302
9577
2670
1987
653
5334
9633
611
5780
8294
7899
8208
3957
4405
159
74
4745
2763
1235
7211
1059
694
1084
5855
9033
4854
4763
535
2774
6442
3417
9821
7713
3661
1651
8756
2955
8271
7494
1431
6171
8309
9690
3374
6682
4433
9774
9392
2253
9647
9655
988
2661
8805
2776
7285
2152
4856
9584
1456
8766
2718
6454
7023
5595
7110
7717
3883
9007
6921
5479
2899
9071
3072
4115
2120
882
1827
2422
3012
2827
7125
5411
2558
8617
6816
5771
654
368
7905
9931
1440
629
7380
1527
315
2795
1582
2554
623
9041
5612
267
5344
2888
191
9950
7141
4485
1924
2240
8527
1243
6100
639
8633
1894
7345
9005
9860
6631
7243
340
4720
8179
437
8646
3402
9482
1691
443
6376
1528
8016
7513
4085
6813
1305
4723
4205
892
2171
9570
4679
7526
5973
1764
3462
8165
7885
9318
8878
3608
140
3474
4134
5633
6777
1257
5602
5535
4390
8256
542
3804
8220
3547
1130
5286
3783
5162
4920
7903
9361
6501
2438
2483
4640
6104
7131
9197
6351
830
4980
5816
6829
6287
60
1606
6167
7322
6765
8226
9591
5457
1129
374
2425
4743
5175
1836
6257
5050
3966
7717
3470
1329
2227
3243
9564
3572
2802
9462
9997
9405
3822
257
7110
6626
8713
4650
3257
1007
5122
1772
2933
2406
3682
8445
4479
919
7140
5238
8622
7997
6328
9702
6586
9629
8390
4949
5635
3904
9474
3369
6496
8811
3285
3019
974
4931
6613
7718
341
2690
1129
2245
2393
9287
7887
1321
341
865
9098
6125
2039
1274
2828
3163
1212
2115
1959
6298
7306
499
916
6957
2864
96
5167
973
5214
4233
3352
930
9059
25
1931
964
3370
6108
2666
5012
6388
2350
5344
2072
8932
9208
4596
1803
3661
9546
6191
9537
4764
8279
2270
667
2068
3283
3494
3471
7885
8462
1595
8805
4236
1341
4126
2801
3602
6541
5546
5459
1108
7654
4094
8048
4685
4257
3063
3726
8965
8890
1029
9394
2223
3059
3450
410
8117
4606
8977
4490
2773
3064
2613
8567
40
2246
1004
8949
1015
8545
9896
7472
2332
9729
8556
5964
7017
8699
1038
6973
5963
3322
336
5222
2396
8783
5743
8195
971
9272
6248
485
7692
9921
9678
9073
8287
6252
9772
3079
337
8210
9386
8562
6613
6040
3090
6821
3841
175
6095
1216
6680
7764
2971
6085
6490
6450
7973
8733
9934
7000
2164
1465
8954
7967
7438
3578
8440
4151
2630
7951
7562
9750
7994
642
7079
257
1512
5169
7100
4454
1652
1598
8020
8878
1707
133
6978
2422
2036
3905
7493
8184
267
989
1369
1499
8077
811
9308
8479
5699
1574
8872
7207
5535
23
8969
7796
7095
3579
7235
9894
1428
9359
3462
6770
473
6305
364
1185
132
7222
9944
7726
791
3402
3775
7405
2387
2827
115
2444
1785
3812
2787
4443
4897
186
3477
283
9798
5401
1486
1912
519
8444
5207
518
3726
8782
6112
4285
5838
4900
9537
6739
3423
6599
6277
3470
5929
2690
4965
998
386
1472
3557
1756
9272
82
5600
3853
3501
7539
7285
9588
3253
9964
9263
6483
4305
3606
485
4160
7497
7556
7862
848
7307
956
1938
4532
5638
6793
73
3605
8757
8754
3924
8192
4924
9224
6293
5314
9844
7682
1631
9058
8103
9432
4821
1698
42
9297
1012
3075
9293
7437
4160
9115
2739
1474
623
792
5986
9767
2071
3169
9770
6803
7897
9232
3958
5363
3082
8754
8852
4301
7253
4586
1075
6759
418
4937
7153
7926
8181
1423
8482
9496
2550
9581
2240
8400
3460
5042
4517
2341
4169
1569
8521
5850
747
7413
1548
651
3912
1700
2771
2188
5375
5796
1251
4561
2238
3953
6846
653
6511
9418
2624
316
9266
4798
7785
7231
4537
970
4616
715
5525
2431
9563
2447
6243
3397
408
4409
1607
658
539
8616
1252
2136
3550
4319
4113
5474
7018
8351
4555
2637
5120
1954
954
7990
8037
8086
7509
2087
9969
2719
4644
8353
1367
92
2185
441
9090
4820
8334
6642
7779
2713
8637
5646
428
2985
1986
7972
5020
980
3825
9248
2441
2561
6374
2429
5582
798
1761
1731
7338
3355
4909
5377
164
2438
4869
4393
9216
8309
2214
4110
9571
6086
5314
9262
5718
6374
9450
3359
9356
9282
5400
8315
1362
2993
1935
6523
7996
7054
2404
1365
6554
4791
7354
9589
5037
7319
6318
6461
5483
163
7942
9260
451
9431
2026
5744
5250
238
2208
8059
3522
4787
553
3190
1734
5739
6157
1496
1237
1023
1351
581
7753
6362
7889
4983
2823
7190
8125
445
8428
5607
632
7270
8876
8693
6318
3211
6234
4730
3613
4704
4934
9807
124
889
6474
8758
5208
2012
1795
3192
1778
6026
2447
1804
4538
61
7051
6988
2074
1041
586
1496
4738
2290
2757
3367
1462
2377
6181
2705
4665
4901
465
7437
7913
2715
4343
3339
135
6175
1773
4833
2589
2478
1381
2022
5742
5072
7938
736
9516
4464
1405
159
7900
4681
6694
2037
7530
6544
139
3116
8476
9236
905
7094
1751
870
4406
1777
9636
2136
5499
8003
6719
4535
2210
7856
4821
936
2387
7707
4764
596
5101
18
7104
2083
7511
232
4785
9914
4532
3154
269
36
4808
3440
734
2913
6030
2465
1748
5953
6757
8309
65
4927
4590
1776
4439
8621
9526
724
8930
1908
8963
4972
6980
7272
5952
8104
5828
973
6089
8875
1221
8604
6341
7462
2456
692
7191
3730
7698
3728
6019
2144
859
1740
6785
6193
7675
4231
6867
6164
3317
6231
581
547
7041
8608
9449
8284
3450
1874
9072
736
3548
9686
7433
8158
235
2486
633
3837
2516
9471
3214
3915
4756
5655
131
680
2490
9454
9682
1186
4334
8455
1693
9439
1678
9587
7659
2492
7244
4594
3587
7432
5417
2536
8394
848
9728
3633
3245
9913
2723
7236
2189
4351
9749
4408
3500
6447
1724
8346
7164
966
3045
1594
3266
1513
2932
8217
1389
465
2530
931
8345
988
7109
2620
4530
6100
4015
2059
3913
1790
3110
8985
9015
4963
4022
2168
4373
4638
3096
7779
7959
9769
5617
9562
4876
3800
4955
7018
9207
2722
5892
3582
6827
8899
6552
7144
600
804
2975
6589
135
6469
4422
6724
919
8047
2559
7389
533
6332
9208
8065
1869
7107
5643
7789
1940
500
6779
6414
8065
568
7945
5067
1119
294
1018
2293
9748
2629
521
3104
9710
2581
2283
3134
2882
3916
8839
9424
68
4241
305
2956
6453
3274
3515
5372
176
214
7851
4108
7140
8858
7802
6034
8079
1468
5426
7691
110
33
757
2842
3510
5927
4429
5407
8273
1969
4839
1913
2442
8246
8750
9019
424
4888
888
1231
2842
5942
6964
6782
2294
6001
303
4187
5937
1422
7881
242
6510
2255
7354
7940
1016
7778
6243
4175
2685
6855
3798
7696
9120
5394
1781
5192
1948
6581
7916
2415
7337
6155
557
4555
8849
8420
9855
894
3231
5251
7526
290
3229
9320
9713
4822
938
2735
2454
4582
1165
6773
2989
8364
172
9902
7055
5993
5883
6536
3245
258
293
5421
2719
2058
8812
3323
1059
4579
1569
3523
2226
9923
8466
340
5730
808
1670
869
973
748
5449
708
5412
6407
5976
3153
4339
1080
9308
6490
9555
2529
2487
3781
2418
132
8111
1471
5315
6257
93
8439
6421
7437
9877
4137
100
3042
835
6652
4594
233
8425
3963
5331
2440
5515
932
8283
7387
3223
658
5255
1284
4997
138
7966
8594
7667
9943
2518
610
9325
9366
4967
2872
1806
8626
480
6796
7433
8957
2683
5109
742
4322
8273
4135
5309
8958
5644
8060
5316
7880
5553
9475
3673
3332
858
6234
2318
8300
1061
3837
4551
5609
4831
5244
821
5268
4094
7166
8000
6591
560
3656
6966
1426
1031
7291
4950
1815
9137
7985
2732
9477
8617
9877
1274
9373
1935
6357
3594
2421
3368
5801
2437
8103
7862
2545
7411
8009
5589
7376
4913
2763
123
3130
8355
163
3356
7534
7103
2328
2512
5491
2069
320
9414
3396
7024
1434
9685
2940
5246
8971
359
6192
1646
7721
3555
6206
1518
2649
1950
3242
850
7848
9218
5298
2852
3436
106
1382
7503
2184
8242
6186
9385
6066
8641
7991
9827
9861
243
4469
2178
5397
4217
56
4987
2502
9056
7709
4240
235
5889
403
4333
9391
6733
2602
625
8773
791
2413
7726
240
2607
3582
9119
5922
8258
5286
5051
6629
1859
5641
4286
5467
2855
5035
34
4886
851
9205
7200
2599
8614
5397
4185
2103
278
1993
5763
647
1723
2329
6884
2519
7838
4007
3471
2648
1488
1192
4977
3651
7658
2896
5387
966
984
4127
2973
1714
308
4589
407
662
2596
7350
2302
2329
1267
9398
1808
2617
6016
5427
9929
2214
2744
8925
8561
1485
2820
2519
6652
6
1187
1650
5983
8926
1813
5693
4755
2530
4749
6735
3323
7823
1572
2448
6421
6348
9837
4186
8994
9027
6972
1364
4885
9684
3781
9848
9966
2297
5238
5897
2964
1943
2564
759
6036
1001
1510
685
7708
8508
5300
4721
7638
1035
7773
537
4580
3144
7163
3006
7008
7774
1928
2386
2849
9690
7820
1728
7181
7427
221
8855
4337
7341
7862
6359
4961
8562
1347
9879
1696
763
738
2140
3422
6337
233
1291
5125
7798
374
5944
2226
2002
6715
6102
5220
4159
1078
1261
1926
2771
8818
442
2572
6785
9728
8025
8862
2062
7251
7716
2424
2036
254
8793
8509
2249
8174
6972
2239
5325
5942
4833
480
3942
3966
5480
6470
4955
7419
8582
9841
5010
6733
8904
7003
5258
8459
7079
7764
2743
7487
2922
5898
7777
5153
686
4651
3612
388
5205
5946
3446
755
481
1523
3842
2041
544
9679
5575
2819
1109
8790
7143
4774
6778
40
4912
1999
1048
6681
7093
3279
7889
3968
5066
8851
1108
286
6050
8629
8974
1039
8744
8276
9905
7330
9967
5028
4982
2696
2218
6437
9697
558
4651
6708
9192
7162
9532
404
9203
1783
687
7114
6531
8785
918
5179
1251
544
3201
8679
1087
3684
7740
7922
9095
6565
6900
6582
9538
9207
7181
6778
6945
9151
4869
7568
4938
9689
5605
1377
2562
1461
7117
8281
1959
2805
6749
83
2355
5543
7796
7586
8017
7587
1353
5684
1324
1812
2778
6088
3083
8742
999
4457
1663
9731
7613
3649
7097
3709
4020
271
43
795
760
6260
6037
9861
1144
9920
3564
3789
5040
896
7753
9523
439
740
5000
647
984
8657
7083
1132
3072
3275
4401
9681
1788
9745
6874
9455
2832
1782
6152
8786
9544
7330
7061
5783
7087
7629
4070
8778
2000
5415
1954
2108
255
8840
1346
1798
8454
8970
2825
6513
2737
9144
4688
5841
4314
4678
840
9158
4498
1021
527
2192
4947
9036
382
7781
264
9328
6504
5156
5449
3680
2099
8262
3224
8920
5028
3450
8445
7435
5260
861
6498
88
1029
8972
2893
232
8154
6425
8641
2445
7321
623
3699
1882
9482
3366
765
482
9708
2564
1253
7794
2260
3978
6171
2030
4149
6010
9461
188
6398
5993
5258
1778
5366
9288
8784
528
3336
2402
4822
926
9662
9750
8848
8708
7663
354
7542
6971
9801
4563
1596
2822
4637
8318
8623
1328
4093
3806
3557
2932
837
8492
7089
303
9692
3695
4024
7110
730
1305
6999
8983
2422
5325
4225
9777
6359
2401
5018
6786
3575
1400
5605
5092
4021
652
8973
391
9219
5086
9109
4332
4075
6318
4464
5559
6671
1320
8672
1090
2807
3188
3535
8481
1146
860
4447
4922
6824
3468
2018
5568
2333
5547
7032
4964
566
1723
5548
7674
4561
5858
6974
9852
1430
2199
2558
6161
711
2443
1869
6539
7401
1181
9956
8932
8656
9324
7681
9702
8443
3353
1764
3837
3589
3396
7646
8525
1479
4276
6613
3746
2429
515
7095
5147
815
7471
5412
4534
2428
2337
8009
4330
9398
3179
1726
1959
6753
2067
111
942
3193
2162
4651
1456
6597
796
7230
3128
7631
2429
2063
4055
1345
8440
200
8210
5503
3774
2537
6286
6950
4656
7804
3831
7352
3990
1478
5140
7908
8203
4242
6730
8408
5838
1005
4242
6822
7513
1889
156
6952
5072
6194
7232
8803
169
2266
7225
4124
8589
9541
9136
2845
818
7212
2906
6869
7654
7939
7088
4643
763
7825
3650
1249
5094
5554
7355
1473
8309
2974
9490
5496
2467
1543
5718
1276
8462
1125
7176
671
9699
7505
2917
3193
6158
8516
682
8919
6819
845
2374
149
6699
7701
9549
7004
4784
4659
8066
1196
1863
925
6738
4680
9648
1205
5137
6980
2767
4320
1542
8960
2424
1909
645
7281
9932
4778
7552
9828
9974
8797
4908
2130
7956
3189
6308
785
7302
151
4065
6688
776
6967
4308
2976
255
9285
3225
7572
1989
1251
5068
935
8996
7096
4680
607
6388
2614
2403
8517
374
4795
9019
1729
396
5465
8767
1368
2574
5494
7917
3781
5406
4804
335
9753
8230
5982
5365
6450
8950
9335
8225
8364
8112
8418
2261
3178
927
6656
5388
2034
2651
1774
8378
4604
6573
8186
5797
9049
1906
1321
4305
8355
1730
9995
6988
4201
590
6969
1822
1527
5932
4003
8286
1143
2610
1787
8277
1209
8404
2321
7923
4483
1741
2606
4307
5385
8494
1328
303
5020
6906
2664
8323
2498
6253
6116
2163
873
7424
4013
4972
1387
7438
4240
8251
8991
5636
4125
5263
7126
8666
1345
7152
864
116
1796
8540
2146
4855
8418
8149
5832
9484
4489
4412
1738
1094
7528
556
2449
4659
4354
7606
6358
1892
5349
2384
2526
7869
1213
5100
631
7180
711
9786
3233
8857
1015
2157
4701
6577
1000
9230
631
7394
6167
195
1651
6133
9374
9822
1433
2991
9633
1861
8512
1639
650
3444
9419
1365
3237
84
2101
7167
6491
2730
7310
9346
9103
1120
7380
5730
8635
7475
5616
5922
7000
7106
5717
2403
350
4417
153
4493
5889
289
6128
1246
8712
3760
5469
5716
3085
7391
6425
5772
2774
9687
5871
8809
9302
9035
5181
6612
9970
9772
3418
1734
7924
2527
1928
3158
9937
4527
7368
8771
6331
321
6464
7504
2727
3084
9070
819
8044
3540
4697
6828
1663
2859
4284
2005
7553
7158
7617
206
1669
9809
3727
3493
9811
5954
7251
5576
8399
1598
592
1275
1334
8734
1287
5591
5597
7967
1204
7945
7034
1004
6990
3622
1583
2940
6044
2302
1434
6091
408
4184
3950
7001
8821
6776
7934
8997
7632
6288
9551
1111
3768
7756
8443
5488
3036
2907
9317
8994
8217
365
4448
3295
2352
6130
1741
4658
9
605
5688
9616
1018
5674
5042
2029
9110
3621
7501
910
7990
1382
7993
4273
663
9806
2369
2654
8665
9074
3892
6941
1811
5498
6309
5412
4343
6552
9362
1239
2090
3657
2228
5326
3119
1261
3963
6836
7592
2982
8119
8597
9452
3634
9110
790
7639
6553
9457
4417
1332
4870
117
2151
9051
2757
3041
6164
4427
8240
7989
1633
1862
1273
7365
9532
2127
8679
8816
7399
9860
1346
3796
8308
7659
2509
1837
9931
6414
8501
1522
8145
5943
525
5101
697
6826
2935
5006
2007
6884
6771
1950
4361
3191
6343
116
5123
2434
658
2954
9886
6866
2737
8477
9473
1692
6925
359
1163
1302
8155
6476
7781
6376
5729
1206
2683
7382
4361
9729
7044
1130
1639
3590
902
3603
9291
8360
2635
1872
6613
512
2801
4923
9787
505
868
2373
2492
7947
748
1973
9394
4936
7687
2720
9625
9880
3940
8328
1202
9140
260
6629
7334
1572
6769
7683
1915
2682
7483
5553
7112
1947
4839
165
8200
929
8919
2271
1505
8657
3447
6229
6402
7453
7101
4040
2510
5050
1565
9864
698
2334
2751
9052
6727
2577
5970
2608
3553
2529
9965
2028
484
2962
1497
9625
6753
4124
2160
163
8484
1794
2516
8924
6435
3444
7375
3910
6902
9732
3918
318
7625
2808
8796
7513
7683
4068
1008
9216
3843
5589
8023
1595
6207
8350
6767
7391
1757
5474
2312
1031
1870
8518
2474
275
7053
2260
278
9347
4779
4959
3391
2306
5367
3994
6485
5635
4752
9830
1188
2636
3803
8415
1713
757
3219
918
3136
5678
900
6460
4902
1604
6789
9700
9106
8626
1657
422
9690
9111
4804
2546
5335
7644
7613
9258
7087
6017
6408
1662
8774
8892
9216
1958
1508
529
7143
1490
7125
9296
3870
1266
1411
3122
595
5300
9460
2145
3949
1617
1603
938
2329
629
1903
6899
3890
8066
6757
237
3346
2149
62
1064
1707
7107
7224
8137
3059
9979
982
8412
4499
8475
5431
4729
4559
6063
6311
9896
3475
1165
7960
8772
9394
2594
974
1537
1262
2586
3757
6077
2950
7425
2611
3128
5970
4685
6325
4243
5504
8776
8218
5786
1388
3839
9898
2849
2177
748
9236
2463
82
9859
4514
8301
264
8142
4461
1149
2633
7689
6768
3066
9292
4413
2478
8884
7007
4381
1154
6792
2932
9362
9146
9537
8976
7511
931
2881
8098
7203
3539
6862
9459
7354
7433
6957
353
7763
4
5150
1211
1575
3814
9709
365
3583
4215
260
8425
1354
4472
7169
6025
4000
4270
379
2007
9578
6763
3667
9192
8526
5788
9933
2060
475
7764
2843
7303
9960
9275
2782
1581
7917
566
716
4687
3423
9173
6240
1368
9628
2847
1268
6614
203
3662
4382
3833
4529
506
1326
1789
5826
1046
8339
5255
8749
1436
1345
8209
9558
5209
4179
326
7555
345
5312
3628
8742
8897
6703
52
3164
1566
1194
8755
4570
353
212
5342
4019
151
9881
8904
2073
1178
9642
2875
569
2025
6822
4087
2165
6471
9303
2637
2959
5815
6161
3547
9595
4499
1355
7302
3090
2494
5259
8728
1717
1408
1891
495
4104
1339
3406
7473
5482
3775
1225
5664
7030
2450
4305
5410
8635
8525
6240
4013
3772
5591
4903
3028
2358
2818
8027
7940
7701
2375
6287
1198
9813
5154
8805
1858
777
4590
9411
3888
7822
2158
5831
9134
861
8816
6108
2104
1682
7026
5671
5787
2335
2098
458
9039
1424
4727
7142
936
4157
1137
542
3051
2274
8417
160
4001
7197
2535
4386
6765
6108
9215
8798
4637
4725
9339
749
8019
6498
9967
8101
9600
9858
8176
9650
773
273
6826
8949
25
627
5283
8800
3401
4370
6514
6061
5635
925
8223
6561
8641
1981
794
3588
1062
8454
1579
2957
9226
4594
8300
2160
165
253
1544
6583
6877
2096
6978
1825
4783
5838
1734
5277
2511
3856
8800
900
3008
1152
6814
378
8739
4024
9542
723
1440
3513
9047
4741
5717
1034
4241
1841
5265
6295
7571
1569
2687
4709
4312
9504
627
6758
2289
1468
102
4801
3121
2733
2673
5311
5579
2019
5739
2678
1068
1617
8035
4069
1832
1547
6940
3363
1269
960
8524
6232
3737
3895
227
5641
1988
5547
507
4756
861
6775
5348
2064
5822
6672
7021
6929
4975
3877
7777
6398
5012
279
7255
5923
437
2264
9032
3749
1361
8693
8334
9945
5169
9059
8209
1507
3358
1643
3217
64
1778
7877
4115
1282
47
5957
4283
9471
2034
88
9678
4424
5045
541
276
2042
247
5828
351
4070
524
2344
4463
4481
9109
9836
7570
6940
6877
9302
7852
1153
5944
429
1721
8881
1899
9188
229
6336
9740
3764
2952
9549
7800
7131
6883
8099
5990
4615
3179
5297
495
1809
6984
1289
442
6905
3164
123
5658
8165
2116
5359
2982
3529
176
4836
8747
2021
3699
5324
4884
1457
8569
2580
6709
1833
4395
8629
5578
2745
6483
6411
9810
1271
3504
7288
8939
996
9305
24
5148
464
8481
9955
3557
783
8176
9908
1991
3776
2139
5868
7443
9767
1416
646
931
4559
8740
8104
1802
5010
8688
9950
9965
6884
5775
2727
9246
739
9760
9164
3756
3791
8028
1076
7053
2009
1103
5641
4294
8060
534
103
9504
3198
8605
1658
891
7813
3382
8165
4031
6250
7672
6466
6487
783
4781
3325
3660
7583
9449
8078
3922
5562
2140
5866
3893
8765
9334
9897
1282
2147
4173
7334
8036
766
6704
1545
1045
9459
393
4851
4817
7513
8005
2830
6169
1535
5650
1970
6589
8113
8285
8087
6582
1321
8041
4798
3222
8820
1630
255
8144
7595
9719
8496
423
463
666
9786
8808
2721
3845
1371
4359
518
8174
3930
1531
302
8279
415
88
8959
2866
9599
3935
9203
491
1048
3528
8918
8974
1680
267
9630
8604
4462
625
9256
5970
6645
1166
647
4723
8100
9434
9803
1659
8207
1892
2530
1171
5883
8326
4658
3714
5500
2214
9938
90
4959
5410
4780
1806
8854
5369
530
869
503
3017
323
6479
5939
8060
1644
8778
5351
7234
7807
5860
2116
2301
101
365
4463
3118
2562
3572
5000
7843
2381
510
8507
9885
6636
7254
9
8595
7937
6856
1827
9624
1350
8284
2267
3469
2250
2066
2299
9830
1481
4865
1202
1838
1949
3280
7714
3930
5159
1872
859
6813
5211
1264
6373
81
8159
9135
2464
4656
4849
7215
5275
4582
699
1390
8246
9863
6056
2019
825
4176
3987
2219
6256
2542
5140
9329
3293
2336
4985
1967
1084
845
5238
9399
4868
6773
1997
7952
3251
6762
9627
8433
391
6906
9544
8030
5579
979
7549
838
7208
4869
227
920
1623
3254
6560
6537
4327
4793
8016
9431
3
5691
9092
2267
241
8386
2541
3664
1259
3846
3224
70
5581
493
1431
7125
1219
9049
3810
9329
4896
8624
4082
5122
9662
1310
8458
6001
5577
2636
1972
6530
2729
5598
8767
1364
371
9920
393
5689
623
1647
9182
4758
4728
9655
9950
1514
8437
7568
1744
3070
4506
9799
5641
6737
1821
8077
8442
9120
1738
386
8012
2215
5158
3312
1613
186
1379
9559
7896
131
9032
1627
9174
5433
573
8048
7670
9029
2986
4065
3613
1780
1053
2099
3966
6059
2029
652
6712
5902
6370
3603
1810
7662
3968
2838
343
838
9944
366
3602
9780
7725
9283
1928
872
5798
6975
7831
8654
2473
1795
2578
2715
6722
5179
2634
8377
6070
1859
1596
1123
1274
6566
781
5199
2162
9451
261
2959
8218
4750
574
4118
8726
5839
7068
7386
3019
2621
3722
1597
2522
8048
3320
7900
864
2505
8661
2900
2206
9626
8478
5399
4345
132
244
6611
5217
9685
6496
7565
8290
8302
8086
4847
9308
6550
6810
2663
3715
6049
9301
2987
9542
3070
9717
6269
2768
3490
8039
8291
2256
3768
870
5187
6184
8341
1105
8673
471
5805
5070
440
1111
5960
8848
4825
8599
5169
3193
6391
2070
5972
3041
7407
724
3909
7170
1528
585
6897
1272
7134
7121
1974
412
14
1790
1809
3866
3776
508
6874
1832
440
7570
306
86
4668
974
6712
9155
2402
3901
3214
6854
1665
6813
1647
9207
452
7939
6364
5072
7005
7419
9355
3031
4176
6099
1567
7385
2075
8695
7686
5222
7798
5722
1572
766
606
4361
7458
4687
2065
7728
9015
7163
953
9336
4786
4716
5657
4551
412
2359
6633
2854
5057
5553
3345
2912
3528
2884
407
4720
4295
7344
4744
792
9336
3298
6632
4705
9417
676
4283
6469
1190
6602
991
7838
4167
7945
7295
8380
7977
7797
4200
3913
2253
161
729
1501
8483
1636
6765
6288
4021
1821
2120
9635
820
4600
659
4269
8626
7836
2104
4678
3508
6778
348
950
9125
2965
4127
6251
106
2258
116
1868
2618
8862
913
1
2106
1122
4134
4654
2682
407
3837
1811
3664
2265
7286
6102
2392
9470
576
9611
6312
1043
8118
5320
1957
1978
5215
2155
9960
3893
8708
6008
782
9026
7711
2020
4947
7796
9417
1859
124
8517
6880
1281
4854
1165
569
4035
6513
4241
3355
155
7596
8956
1783
5613
1759
7007
2697
21
1115
1528
992
7476
6482
611
6317
4495
5206
4323
6206
726
1923
319
5767
9173
9020
5148
4020
9916
8054
1710
7170
7903
5766
9055
6582
2812
6123
8203
9012
5408
2027
2961
7441
4361
6878
1706
7762
5369
3197
5111
3085
4864
7689
876
6396
8246
5675
8734
5072
1914
2574
2958
9051
6077
8574
1618
8908
5918
3904
8312
5208
6581
3263
506
7981
2142
3161
224
7847
8683
9646
3544
9790
1432
2756
6150
6661
3964
9210
3723
612
8980
9667
5495
9104
7840
8654
367
9071
250
2455
2668
9870
3435
271
2681
6462
476
7789
2203
978
1180
1857
1982
2746
1142
6492
3619
8605
8960
8898
8123
4215
851
1882
1122
3272
5214
9052
6300
5145
6377
3159
1969
4652
5802
8917
6984
8955
9178
7247
3508
9101
1236
3088
1761
599
2723
2299
4428
1801
4729
1659
1686
1684
8046
1342
2535
7803
8463
4929
3858
9121
1186
362
2269
9820
5147
7175
9885
2684
5008
8218
8131
2767
2700
3169
3192
1455
2918
999
9546
3362
8239
9292
4836
2736
4638
5893
2254
9250
6716
6324
9226
4143
2350
742
9449
405
5637
7902
6833
2633
1047
9716
2656
2832
2748
2349
5565
1801
328
1289
5299
4545
8091
5711
8044
6548
2714
1880
5391
2771
6268
8158
2026
1115
8324
5635
286
47
5841
8833
2252
4939
6694
950
723
3224
4026
219
7143
8654
6032
6520
7840
8604
53
2474
2456
6217
683
6911
722
1064
583
5767
1931
4861
8348
1483
8610
9923
5958
2586
2310
2425
3830
7927
5172
8175
3585
2324
5165
4644
7431
9613
6985
173
4292
8789
6495
9830
7736
2625
8543
5432
3062
3830
3749
4126
2447
2148
6382
2583
1661
4959
9384
139
3422
5152
363
7758
8406
784
5849
165
2708
9216
4071
1420
3680
5977
6488
3859
8313
9159
2814
1947
1505
1909
2336
2645
9732
6598
8154
2581
4717
2792
4823
7049
7223
5625
6016
5116
7108
5367
7153
6760
8063
8009
6864
351
2722
7470
8813
5304
3175
2377
7319
8058
2574
2745
5988
5306
9028
8459
3838
8612
5134
1647
8958
1579
2232
3610
2746
6465
5472
7952
479
8197
6017
7167
188
2511
3089
2652
516
4013
9401
4942
8433
8747
3944
5661
7513
9221
1014
921
5938
1372
1785
6426
3860
4377
7306
7402
8227
5557
9220
3604
1737
2164
7106
6363
1461
2053
6389
1946
3158
363
9320
5248
7894
2072
2148
391
391
8190
1619
8440
2318
2933
709
4145
7809
4476
1012
8258
8258
4752
5704
6730
3048
5806
8185
9300
8994
6200
5863
4497
7276
8648
3275
5716
5565
9160
5357
6016
8149
2702
7554
1202
6202
136
7883
5006
8061
5899
1006
4234
1230
6715
2211
6620
5509
5721
4126
5412
5387
9712
1919
6025
6844
4318
6235
7269
1133
6979
7208
7568
9453
2699
4619
653
7869
3964
914
8551
3615
6590
8497
1881
8129
9948
3197
208
1958
2431
7817
8161
9672
3189
7668
2665
351
7812
111
9321
9648
2801
2975
3886
5782
4815
3863
6738
1265
4632
7347
9204
2449
9485
9940
6248
8065
493
287
9310
1444
1447
1236
2275
2400
304
2318
2666
8029
9027
8671
2553
5980
4203
5098
9763
9287
5137
9886
8968
4621
6502
1893
1807
5978
3136
8112
3647
2743
229
6736
3392
1991
9433
4372
5444
557
567
3318
9156
8014
9009
932
1676
5898
136
5952
3799
3866
906
8070
4281
2600
8702
897
542
129
6624
1036
1653
924
4109
5736
1260
599
9741
8003
7690
2645
8260
6979
2911
8490
1032
2230
9900
7762
8784
2313
7777
2389
9888
4586
9179
1388
8966
8942
2778
2575
7412
8593
9107
7798
2923
7649
2138
8780
716
6457
9230
8066
6270
9550
9586
1081
5055
5916
3390
9757
5243
2590
1130
3938
5469
9151
5894
8063
5336
1172
2458
8893
5188
374
577
2846
2233
7232
7364
8718
1853
2077
1543
1578
557
8910
9718
9155
7726
8894
653
8193
9377
7894
7098
2103
3255
2271
7923
2298
6154
972
3943
7473
6328
7827
4662
3676
6206
9183
8688
9876
2104
759
2910
535
154
2876
8722
5055
5149
1620
383
9207
1354
3738
7640
9453
1080
8002
2794
9126
1142
3357
6473
4612
6664
417
1227
3256
2082
2597
7207
2392
2645
1952
7339
2111
1627
1967
9663
4567
2884
7032
845
9831
5487
5569
1293
9228
5160
5647
3763
3401
9252
3280
1400
3887
8717
2855
5864
4378
7405
971
1664
913
8572
5887
7333
7147
7386
31
4949
3522
412
2687
3263
6921
8087
7699
7009
1948
9469
3598
2581
876
6346
7324
491
2312
8925
1710
965
7962
2791
7736
5684
6294
8902
812
9430
8003
8446
1925
7404
5655
6668
8627
124
7157
1306
9913
3084
1573
9137
8264
569
4359
290
2010
4859
5880
1490
8797
1881
4752
1929
725
539
3905
409
4064
8659
703
591
5832
7499
9216
7276
8444
7949
883
368
3627
8229
2111
8746
6836
9239
7554
322
3793
8799
5095
6227
9485
3533
3620
7114
7705
9613
2552
8255
2691
1319
3863
2678
5409
5051
1427
84
9280
8986
5498
6337
4656
6037
9938
2338
59
4134
8453
452
5225
3185
6669
7944
9925
1032
6029
2642
845
1169
2789
9823
8364
2200
5923
2169
8711
7524
8490
4092
6298
9514
3764
7814
1520
2211
4246
641
9460
2063
1480
6063
7099
9303
753
906
9822
3524
6037
1417
6712
6656
1374
1953
5235
127
683
6834
5427
7261
5579
525
8207
7079
3800
2006
4372
105
4899
3837
7352
1098
5347
4540
1838
6089
7549
3295
4127
4183
5827
2183
9042
1329
6812
2638
3777
9652
2839
4744
716
4255
4079
61
42
2182
6317
889
531
717
9041
3263
6830
7807
6894
7409
3499
9057
5160
9985
9648
4681
4638
8453
4276
3630
6584
7628
2477
6590
1375
9811
1370
610
9886
4534
6544
4898
157
583
7253
4391
4487
8016
7310
7253
5553
968
1609
9669
8970
8071
2906
2419
5376
7881
4950
4109
7144
1061
3376
3558
6170
6251
8582
8845
2337
767
7083
1025
8446
6440
6196
1889
799
5575
3457
1301
8883
7352
4561
5965
570
8570
5044
1597
5231
7357
1838
966
1157
9296
2065
3364
4162
4120
3480
8057
5278
2273
6275
2092
745
724
3413
8848
2048
8412
6255
2006
1502
1769
3450
6403
530
1952
6919
4911
2292
680
1815
1747
5799
5381
2153
5615
5950
3779
4359
526
5998
946
6751
1962
3671
7700
4898
255
209
5687
4703
993
8920
2499
3773
1549
5624
8146
8474
785
7240
883
4454
9946
1686
4589
8031
8416
9189
8659
1147
3411
3529
1980
231
4693
6430
7471
1042
7045
76
7713
4121
5614
3707
8126
8192
2388
9910
1001
7669
1674
577
2372
3733
2867
1178
574
411
8367
6897
5264
9245
449
8646
3414
3684
5603
6359
5981
2174
3961
1575
2560
5077
4485
2093
5843
1006
9247
5346
6588
6018
1298
3704
2629
796
1000
5611
4754
790
8867
7448
3170
7380
4096
8335
3816
3165
4044
6154
9478
7485
1699
4683
9454
4460
253
4600
7609
6445
103
1173
4899
3046
4643
5077
9437
3954
6943
5296
9696
5911
6277
1811
7794
5288
616
5787
138
7211
633
5567
7283
1640
7533
5585
7074
2710
5759
2642
1224
1445
7812
2840
5383
7371
2419
4048
884
5919
945
2291
192
1607
8221
9083
9318
8802
9456
8706
1556
677
8946
2478
9018
934
6381
3903
789
2746
6179
7460
3096
9039
2878
7537
6942
7320
6603
7025
898
9340
2597
9323
4954
1725
9123
2646
2072
6458
6641
1003
6703
1972
2127
2895
2917
1600
3580
3774
5421
6576
6880
5654
7169
4962
684
5897
2402
5846
3202
1312
9247
1264
4676
9167
2151
898
6366
2317
9615
8423
4146
5568
5362
4751
6279
2650
7515
1501
6577
8310
5251
6993
2799
9185
4924
2118
5959
296
9578
8380
9489
6805
468
3140
2070
8041
9406
7309
8599
2200
2419
7569
3293
4263
2309
1758
1539
7399
1652
8437
2165
9599
1248
4805
1832
2603
1983
2277
9383
7622
1902
3907
2928
456
472
6351
1778
8367
8262
9927
1269
7295
2956
5633
280
3466
6240
3754
6539
6462
7241
7377
3088
5937
5531
9906
5906
3053
1508
8212
5443
5435
3334
7730
3319
112
9939
2218
1218
4315
2490
1271
18
2426
2307
7054
6187
7455
5307
9514
1175
6215
2032
7688
8666
4596
7980
4674
5446
8575
4194
3261
1812
5807
8986
401
3421
1751
925
8156
2684
4563
2543
9109
2819
7777
9086
672
2512
560
4351
6903
9374
8393
4083
3139
8634
127
2396
7805
2140
1496
4882
6231
8273
7017
659
3257
27
100
3022
7053
5048
8464
2798
3066
5075
6124
3287
9728
93
547
7666
9032
5256
94
57
2969
4841
2220
9265
8778
8939
5042
410
3099
2260
6323
5144
9490
1193
1854
6127
3430
5903
7114
2624
2477
1752
8371
9669
166
186
4161
3470
2566
5279
1004
8618
2515
9551
3378
5765
7858
7293
5028
3460
4240
6083
2724
7617
2003
5166
7999
1510
4510
6649
3354
9772
1303
6315
5245
1601
9561
625
7122
2202
7720
8857
6173
9806
2584
1603
4009
1295
8859
7143
2630
8087
4431
4167
1427
8246
20
5299
2109
2445
9150
4638
8998
9754
447
7956
2836
7217
2657
7960
9662
991
2726
6671
6007
1198
80
5790
4568
1943
6384
5236
6079
7579
8383
8583
6618
1119
6318
7904
8657
6347
605
1029
6535
6466
2669
2666
5359
6031
8599
2551
2685
883
2137
664
3507
1745
148
3480
3417
4949
5815
4042
4505
6600
5209
6284
6991
2549
4456
5020
9172
2633
4836
2935
1269
1564
1514
2166
1317
7858
9234
7944
1607
688
2984
4046
1498
2398
9564
3688
3426
5314
6088
4530
2394
118
1187
9102
4684
9999
3242
8256
3308
2093
9434
4044
6408
7857
1310
9440
2880
2818
8043
4257
820
2061
6924
8519
3698
5488
3966
3079
1980
1956
1388
4468
4060
6174
2536
9284
807
389
3341
2180
3314
5825
1928
1228
6903
4839
1632
1504
4806
6871
5673
4795
3692
9954
8093
7051
6420
876
5
3197
1600
4949
7754
1815
9173
8647
7102
2888
8217
8399
665
8159
9566
2460
4244
7934
2220
4232
1144
8333
8912
6281
2709
4973
7031
4935
1409
1107
5800
1499
422
465
7620
2124
938
6868
2766
8953
9901
4687
8747
1557
1909
3290
2264
9238
5481
794
5262
1675
6527
9471
7910
3153
1366
5089
4924
2564
882
6183
6102
3366
7899
3420
8817
8001
1317
2883
6928
1580
3118
6036
435
2384
89
3165
1432
6471
1901
8554
7909
7801
780
4656
9873
7126
3796
3084
4901
2322
5768
3503
4182
1092
2284
8246
175
5485
1747
1611
177
9624
8872
5933
3066
5622
6238
176
758
4775
4168
4836
1016
1624
9384
422
7159
6448
6552
1785
6233
8680
6106
1090
2256
6829
7824
1543
1190
5238
5866
1605
5322
3718
3683
1027
2632
4401
2171
2442
3754
607
2883
913
2721
4386
9674
4570
8561
9671
6121
3358
4399
1726
8256
9929
2364
3033
8703
3718
7566
4614
3637
7145
3299
333
5705
4542
2405
6840
489
6580
6524
5190
3045
7400
6294
6782
4234
628
9927
8419
624
5924
2161
9308
9363
2268
209
768
738
1132
3983
2116
5801
6542
404
6245
8559
8421
793
7748
5647
6005
531
3892
6822
8099
7825
3428
9201
6155
9697
4621
884
1411
7413
3194
4586
9923
249
8635
2448
2256
4097
1240
3889
1069
9989
1302
7503
1185
6252
5851
9045
9863
2601
6849
783
8919
1304
1164
8727
7208
7207
8811
6590
466
868
4609
2638
2133
8907
3841
1218
443
540
6635
210
1566
6302
1192
2192
6234
6214
2103
1172
8560
6613
37
4200
5119
5236
3519
3282
8338
6081
9063
133
2010
1143
1464
3014
7706
1358
1129
2671
1157
7688
707
630
4600
6183
9139
2219
7383
8782
1374
3300
1000
2878
9737
5208
673
7101
5171
6893
8131
6374
9288
8305
9219
6900
8358
1531
1180
6444
1086
2992
278
6124
1482
9029
5236
9063
6976
1575
7793
9342
762
251
121
5998
835
1879
598
3356
1330
6061
6433
9664
934
7835
3540
4708
9350
9252
8353
2827
7365
9372
3029
8178
7511
5606
2570
9736
6838
6957
1040
9485
1283
7636
7353
8699
5757
2222
3094
9431
51
6380
6052
1190
9594
4315
2374
8415
7949
794
6290
1765
1159
636
587
9617
194
5809
1426
8353
1165
1156
5579
7010
6175
6308
2624
3535
9998
5876
1240
6967
2686
1458
9366
3247
91
6040
5233
8077
1588
1555
550
5408
5037
7238
7936
720
4227
4175
3427
4889
1005
2437
9211
4231
9832
6214
9896
3952
4895
9650
229
2116
3435
1222
1709
6261
1392
8474
6509
2726
7156
3258
727
2965
9102
2341
475
7976
2690
487
8694
7450
2175
3462
2920
9666
1636
5311
8855
3223
2086
7519
8437
4470
7027
848
2449
6014
4467
8714
5473
370
996
5637
4907
1772
3762
3503
8485
9618
8120
850
306
6730
1865
1298
9802
812
2125
5113
3221
7212
6285
3395
5279
8132
9341
1833
9452
884
4428
3791
9046
7993
3372
6444
6906
1757
801
5452
7126
2852
2508
6615
913
6018
2037
7407
7832
1374
6826
684
7980
9911
5275
2823
1661
648
2945
921
4612
6301
1153
7905
9027
1554
9540
9752
4573
2673
4004
84
9206
8327
1766
990
8889
3963
6026
5957
7099
2334
2420
9567
3842
5136
9912
1283
2292
1305
2631
9478
5554
4130
7596
9657
9329
5991
3140
416
2556
7934
1297
3697
9644
3972
4030
6896
3874
4571
1936
5517
874
5349
5041
1162
5552
7599
4124
5885
9535
1135
7111
3051
1165
3292
8083
4815
1512
5215
2805
6844
159
8012
2610
9752
1009
1153
6893
9109
6774
7211
9248
1822
9006
3819
3051
118
6349
6300
4911
9216
6164
4609
7322
1805
4366
5297
6176
6314
4784
7649
1086
2693
4557
5973
9246
1651
7980
215
9097
4884
6987
8307
9440
9472
4527
2888
8729
7402
738
1135
2346
2721
4300
713
8118
3926
3805
2554
2346
4258
7696
9623
2759
7939
3119
8544
45
1658
2886
6014
1612
565
5177
2411
2602
1309
9813
3908
1043
1999
1719
4592
4036
7787
3710
1869
3813
8382
2162
1759
9066
3152
9217
4743
3752
6109
1709
3973
6920
7507
5703
4078
2093
513
3274
4971
7429
1802
4887
7207
1185
908
6324
4519
8965
7427
1811
7782
5406
2156
5076
504
4646
7435
3195
5595
4985
5979
2991
1404
389
5801
8519
7215
4884
2639
1700
2955
4617
9825
7422
4857
1500
5753
80
8587
3653
131
5363
8829
3353
1320
524
1741
3240
5947
5589
969
8531
5414
8124
8108
8510
8609
5533
1672
6553
103
9376
4227
3470
1417
7202
5138
2090
2335
4244
2598
460
3251
4310
7128
2031
9963
6674
5477
2071
1929
2776
8634
1453
4757
6764
5647
9642
4102
6898
5443
7589
7922
2021
4779
9133
2555
8890
5305
8677
3846
6872
4942
9283
6841
7939
3776
806
188
8493
2618
3131
5789
476
8102
9199
3440
9833
6475
753
5917
3805
5495
5167
824
1084
4891
8748
3614
4799
1592
4740
3188
4515
9373
8624
9824
419
4381
2968
420
3910
6659
2556
638
2056
5094
4977
1680
6745
5642
1883
9328
6168
7771
8687
8160
9277
5738
6373
9371
9353
4742
7679
2356
2222
2233
4525
1054
6334
5224
5724
9866
7653
3688
1251
1220
8533
4304
3147
7709
949
786
7841
6775
473
4425
8701
1762
7808
1090
5295
4537
7391
8938
1583
1355
9073
2460
1633
2091
9611
7095
8506
5751
2945
2384
3190
6680
3035
2173
7525
3310
1620
2140
4810
633
3624
2119
3521
4247
1916
7305
2946
993
5866
7342
2762
3747
9875
4348
4901
3359
7363
4227
203
1618
4275
6789
959
8865
9105
4117
4152
1051
4736
3601
2045
2142
1871
8191
9843
7318
2570
6105
4295
2249
6610
2088
8682
1108
3469
322
9583
5220
510
899
853
1795
1859
6301
7445
8488
6864
1760
7451
7053
1999
583
804
8015
4644
23
3820
7928
4769
4568
4613
1756
6335
9826
9030
1333
4423
2630
4009
2431
8691
6529
8258
1395
2712
5682
304
8964
2384
8469
9606
5451
841
6631
9255
3827
720
5673
6595
6580
2010
2368
7779
128
9400
642
182
335
4104
3344
7882
6922
8123
7812
5833
3545
9579
9514
4105
8110
5545
3822
3953
6702
1031
6185
7564
627
3754
7707
464
7330
9053
1767
7979
5149
2278
3601
7970
4808
6841
8200
138
556
9902
3188
7522
7694
9236
7742
8182
909
9410
1906
6053
9277
5297
7973
7277
8326
7819
9366
4411
9483
1922
390
6932
9004
1856
9511
4915
7771
6530
2758
1089
4062
2772
1768
5653
1305
1419
8438
2177
6745
1924
4712
5384
2433
2095
1619
1937
4004
6331
3938
9644
1431
2368
1221
503
8276
7135
924
224
254
7259
2402
6887
6407
3124
7178
2011
8163
5431
6730
1569
4939
5910
9818
884
1745
9448
6571
2000
7446
5889
5383
4060
9581
8944
2605
6554
2253
9227
1064
9792
6841
9915
3412
5685
2656
2231
2017
603
67
6305
8643
446
1978
6306
7167
8176
805
1109
405
7154
7300
9671
2173
2242
1125
3162
9940
1559
1857
9660
7667
4510
132
1115
1892
7010
7808
708
5092
9356
2369
336
23
4896
3215
2926
6750
5108
3990
2094
520
8463
2149
1266
8988
5462
4040
6101
9523
5061
5173
4841
213
3647
9049
7042
9306
693
4032
9588
6956
5657
5670
2317
2079
2384
2241
8770
4768
680
9227
5915
9678
7296
513
1917
6716
7216
5389
1803
241
4140
227
3291
8854
8700
525
1306
2477
6873
3431
7551
7138
3575
2426
5536
8610
7909
8745
3415
6398
8885
5229
7347
5998
5323
2545
6670
757
2152
4716
5569
808
4484
9442
1178
3790
622
2282
9849
8055
7059
6973
9853
4140
3871
7572
2849
1546
2311
2350
6854
3022
4866
1491
2430
191
2826
5564
2062
5487
9911
5118
6738
831
4854
9643
9549
3125
7052
8359
8807
814
1997
5563
7701
2675
9530
5132
7303
2638
9502
2616
1188
537
5991
1062
1238
1099
7620
4058
5669
1489
4051
6011
372
2510
8777
7589
4333
2242
2318
813
1118
892
9341
2809
8880
6431
7455
4379
8747
8998
930
3504
8940
5511
6316
7773
1265
4616
594
2453
1018
5557
4822
2058
2800
5101
3924
4441
9106
2735
7436
2484
8212
5479
1517
8413
1590
6376
1238
904
2757
3097
2187
6142
9204
4560
3817
3472
7880
7536
1242
6802
982
1761
4695
4243
7149
1523
9969
8526
6787
2402
2878
9762
17
2665
1252
4786
8910
1383
9463
5547
6172
1
8098
3289
1492
7740
4230
1864
1106
3705
3830
331
3313
7615
63
1567
3972
8986
7960
2572
3482
3557
8573
9825
495
360
2651
1501
6033
369
9098
8237
2633
7364
4862
409
5734
8547
8908
3597
3305
7868
1229
8967
6178
6837
4004
9349
8925
1128
9247
4780
4636
4718
8368
3401
2100
7373
4584
2536
8567
7393
9336
6918
3204
972
8983
7366
1200
525
4194
1173
9795
7361
6615
4735
7090
429
1824
8158
5088
343
2720
6678
3348
615
8334
9233
3016
6800
4533
9035
8695
2094
1591
317
1284
9199
37
1194
9275
658
5888
7883
4392
6577
9004
5130
1209
5597
2746
7649
5108
989
5874
5265
7592
486
8466
9617
3765
2633
280
9309
4554
6480
5665
714
8770
3015
3440
3322
1758
2138
942
5028
481
6338
2181
2049
1342
222
986
9959
7362
3411
2045
4709
2993
2548
977
402
2289
8688
9916
3302
3624
8143
9117
1174
7750
5978
9377
5120
8099
9900
1301
4698
7174
8989
4072
1787
5178
5000
6376
6310
1490
4386
6569
8043
4518
5689
9236
2684
565
9677
134
6431
1033
9810
7892
5544
5416
9777
9407
2356
7087
3394
7291
8069
6543
538
4607
7809
2517
1300
6508
5945
8395
512
6158
1002
321
8846
1604
9413
7368
4600
7935
2975
1252
8723
2924
8457
6383
8692
2626
5196
5165
2739
9770
8796
2995
4048
7857
746
8039
9464
2895
1654
4710
982
597
9258
5128
4393
360
488
4436
3353
624
9919
4706
6632
1839
8096
4836
2363
1202
6515
6419
9798
5209
6855
6667
713
7126
5630
4071
8813
6504
7013
3867
3116
4436
1812
6851
915
4472
3194
4766
1192
1343
5878
8394
3195
3412
3429
7918
7486
5911
815
7050
5413
7840
3007
655
7084
2631
198
3358
3179
2223
6383
7793
4058
6373
1440
5515
4275
5132
7301
5393
429
3542
6637
4197
8114
4179
4209
2343
4421
2298
9768
906
4934
280
1564
3159
9537
6586
3817
2451
2601
2700
4907
6913
9080
9871
1477
6024
1011
4685
3361
1843
1503
3741
7915
9947
1767
1828
6507
2245
3352
7281
2214
3946
4386
2903
2084
7034
9807
7049
3024
3856
561
3431
1282
147
3278
4235
6267
930
2170
3233
8245
5373
2984
7066
9832
4516
6272
6272
1644
4096
7055
9782
6930
9779
4306
4471
3218
7472
7760
683
1522
6651
7818
441
4987
3215
9875
9071
3483
2128
5008
6498
6841
6807
494
3414
6909
2727
5494
8573
1723
97
3666
96
1556
6893
1436
8735
1627
5395
314
8920
4648
3100
1340
904
9054
7564
1921
7061
6268
1931
8525
727
7590
7160
5019
8522
3601
8749
2273
2021
7937
944
6681
1592
3667
1423
1497
3367
1993
7449
2519
9032
5977
7580
4302
1454
1764
3139
591
9492
9399
7531
7928
7784
9715
7017
5669
1197
1533
4398
2889
2127
9493
1365
2187
2404
3543
1618
1953
5495
852
9851
4781
1364
5181
6579
1626
8178
3252
3915
9652
5188
355
3768
171
4526
3225
2690
4150
6087
1192
9137
8134
19
848
9047
8866
2046
329
606
9244
6168
7219
1776
7334
9330
1869
7001
7206
3853
3367
5133
5466
3277
5480
2057
5644
7263
1679
8986
1988
5376
4075
1775
5008
121
8313
4016
3524
7564
3104
9163
6018
1424
894
9202
1304
2188
49
5094
3916
7941
3812
7761
9752
1495
3823
2534
4789
3461
9422
1978
1608
7089
2237
4304
2255
2474
3448
3717
5563
4616
8117
2944
3899
1225
766
8295
2108
1193
6431
289
3602
6596
1540
6799
6821
651
6064
3609
3180
2807
1581
1770
2490
2321
5975
5291
2059
9341
1366
7937
4205
3626
479
2485
9023
2218
970
4791
1594
7282
9362
4130
7089
960
4286
2974
9114
6320
2818
7944
9210
4445
1300
6961
5010
2471
7215
6489
6652
2442
731
6650
9571
3624
6311
436
8197
7739
1963
2923
362
7853
4351
7507
4178
563
1643
6583
8896
8222
1869
6476
9175
8672
3580
4649
6600
2013
2288
8994
6170
7417
2685
6633
1606
3948
5060
2627
5511
6117
2216
5419
8212
1684
4080
4490
875
7157
146
8114
3789
8077
5402
6093
3884
774
5901
3191
5588
1259
224
1549
2492
9362
2998
389
2844
9772
8878
4235
8492
4062
8217
6271
9232
621
5629
1264
469
1948
5419
2086
6778
6213
2768
8562
3119
2729
2061
9446
126
3591
1687
548
2012
2830
9918
4455
3950
3810
7086
5316
3643
512
8311
7966
5638
4050
6013
1660
6920
2834
9407
7052
3439
6031
487
2228
5641
7664
1111
7068
958
9931
7278
1724
1792
9059
5244
3863
8180
150
635
3573
4750
6626
6090
4258
2238
2731
9416
8855
5932
1629
6533
7292
1940
4002
6712
1386
6418
3699
8416
9906
6956
9805
1996
4000
8946
8747
4329
7677
4150
2110
5950
1591
731
4716
3161
2928
6432
9422
1655
6441
2185
5143
4774
8349
8577
6901
7835
9678
2162
5642
5666
1375
2352
279
5241
5638
5720
3741
540
5152
300
2691
2782
6833
3324
6551
220
7491
3747
8261
8481
2890
2103
1336
1193
4264
2238
1811
3575
8390
8561
2221
4261
3389
8433
7025
9118
2551
4412
3649
6333
649
430
1358
1892
1645
4935
3353
5980
9953
2305
3686
2815
4321
8318
7622
2567
5877
1635
9953
9124
922
278
4389
224
818
7385
3249
4595
5531
3524
6464
6645
3183
9236
4486
135
8785
9717
268
9936
1891
2816
3211
1976
3431
2437
3642
295
6987
6376
9016
1307
1092
955
7017
9291
8102
1214
8000
8111
7481
537
7936
9963
4108
2934
451
7071
4821
799
199
2368
2304
1354
4651
453
8868
5046
189
2721
5427
5892
3601
6883
2058
439
9969
9055
5411
7290
3399
2202
4490
9139
9435
1096
502
6939
6237
1125
2275
7515
8898
2646
2529
6581
1663
2669
5855
8472
3046
2814
7525
2209
5843
7013
7396
3089
8725
9587
4175
8339
1869
7645
1990
1994
2856
5635
709
5421
1901
8961
8545
3714
2645
7079
6862
2523
8205
1912
33
1250
9149
8789
3641
8246
8182
2792
5564
6707
9293
7280
7090
9683
1674
4079
7524
9046
8479
1653
1571
8979
5033
3338
7608
9452
8873
9373
3631
5794
4079
9711
1922
894
4890
9647
2630
1210
8898
4180
4360
3603
8834
2077
2582
9232
8614
5545
4589
911
6041
1845
1190
2500
1835
9720
6623
3761
4468
5711
9659
1139
9388
922
4153
9426
8886
707
9077
1975
9344
9378
4769
2299
1195
1939
8641
5795
9866
1554
3257
7181
268
4155
6167
4538
8810
7971
4863
1881
8544
5830
267
359
7308
3104
2543
6776
3671
2538
4366
1235
1174
9914
9886
289
2448
5609
683
2468
141
482
1247
1960
4274
4544
9901
7931
5534
2357
9248
3563
8596
249
2038
6148
4087
6521
3948
2918
8471
2027
5608
9512
9118
2787
4920
1278
2585
5383
6462
3243
1686
642
1160
5560
3394
5291
5985
9184
4656
4307
1578
7537
7112
273
8358
1027
1814
7533
6711
1269
1965
9615
3948
8220
6511
2165
5495
3483
3822
9878
9456
1937
3663
7514
476
7269
9652
2229
347
1858
1894
727
5764
3202
501
3525
5568
5644
111
5206
5753
9757
2290
8221
9025
1368
1457
3849
9347
1326
2296
7421
1642
3259
1696
8208
7090
2582
7296
3669
9106
2103
3274
9081
3367
5
161
5646
8511
471
4444
233
8106
4214
1500
9853
8977
5556
668
806
1859
976
829
8197
3491
8980
8319
2543
8244
4277
8959
2548
2416
2504
3427
7839
826
8068
5878
3059
1593
1340
3348
8784
6754
520
6645
7304
5970
9976
8393
5940
528
2041
1703
405
5045
3459
838
4732
6055
3032
5032
1513
8922
1629
1753
4340
2231
2022
2427
5740
9416
9442
8431
5891
8488
763
3155
4149
668
9180
7487
3788
3265
1409
2189
5798
9301
4720
9627
3394
3062
9577
9826
2300
4075
7246
6261
5854
3779
5474
5736
4450
6145
8563
8837
984
3285
6007
1456
1981
2233
3080
1110
4358
7328
3872
5176
1375
7758
7843
904
9846
3911
2542
1576
4662
6281
4179
8029
1285
9321
2705
6726
732
6143
5078
5087
1738
3232
756
5891
1479
3855
6948
2726
985
7619
1502
8542
5993
8710
499
1189
1506
8131
3377
3503
1903
7981
2612
5675
5009
2047
812
7467
6915
6104
3490
5236
9150
8066
6794
261
1340
7223
5880
1639
8013
6690
8114
4089
8219
6182
1258
2840
1262
2898
8664
9984
5341
7343
8089
6422
7499
1102
2025
2257
1646
149
897
412
9695
9635
9345
5052
5507
2520
3100
226
3115
9207
8198
8607
8477
8230
2975
8522
6400
7499
2268
7620
9851
2102
5977
566
1931
4974
1393
4847
1590
4733
9754
7583
1474
7435
5377
210
7012
1195
1656
1165
2202
7480
7985
42
2440
5869
2169
3972
1379
1639
7029
9698
6622
187
9774
3171
8648
1495
9100
141
1426
6505
9572
1253
9761
3073
3601
2366
2440
8728
9955
210
7283
8701
5450
3026
9331
9684
7953
7997
2285
1597
9227
6194
9329
6326
8335
677
9626
7216
2610
8035
4922
8913
760
1767
2532
1342
3403
7608
855
6327
4535
1720
3069
2176
7547
7181
9159
3219
3728
2477
7910
6839
9654
6540
729
974
7571
9829
2314
2497
1131
9578
1095
3901
6319
5307
3858
842
1445
5944
407
6463
1755
4823
1440
7623
7435
3285
8251
6817
2092
9596
1446
1707
8078
6856
1600
1388
4292
7674
7487
8116
1775
8040
5281
4676
4607
2827
6051
3356
601
2375
35
2873
566
4488
8677
6875
17
4336
8184
6551
7166
147
486
2658
475
2719
3502
7784
664
7100
6930
6959
4470
3383
3599
175
6577
9422
4752
5549
9949
7515
6688
556
818
1521
8228
6643
6406
7256
1317
9757
1198
5225
5326
1027
1797
855
4313
4409
3145
1299
8522
5099
9816
2254
7417
8901
5773
2189
6608
6197
3082
5278
872
242
2181
4268
5172
1288
6691
8420
1866
2266
4565
3461
2357
5799
5972
8522
9932
9544
1853
2072
80
2415
7389
3526
9959
6784
1099
6830
1596
1724
9801
2423
3875
2225
4152
9680
2829
7282
5470
3661
992
3944
7465
4865
6211
838
1440
1359
4269
1661
6733
3217
9355
4740
5741
9989
6931
2086
4051
9355
5163
6201
6112
6238
536
4225
7123
9477
7848
1513
784
5497
4478
3148
2691
4213
7617
4887
80
1695
324
8800
3090
2680
2963
4482
703
1125
354
6031
4253
1610
4389
3044
2536
5164
6479
6299
4079
9524
5116
212
2417
3138
3357
2273
1162
7655
2774
4339
5518
4080
9113
4728
1586
5940
225
7233
3245
3100
3038
3877
3921
5749
6291
3319
3033
1559
8113
1463
7826
4915
5617
28
9129
5247
6676
3901
6392
3345
2283
4930
7584
9756
2437
7246
9942
8781
7628
5160
7149
9844
1343
9374
5095
6996
5053
5736
8843
8313
2629
6765
2069
7660
5808
9721
5888
7176
5340
185
4484
3577
5607
2812
5088
9418
2880
2649
2310
5595
3293
6384
4105
900
6875
7538
711
3645
3722
3888
9110
1161
8004
7749
336
1766
1009
5698
9406
3733
9964
1773
6902
5417
7683
9016
1348
450
6577
194
1594
8311
5275
5601
3079
805
333
4651
760
7066
3586
3479
3026
3599
1301
8454
5979
7081
2011
3712
2603
3647
3021
576
469
1768
7846
6687
3125
1388
448
4241
2666
4695
8799
5154
9248
8013
7658
2719
3364
1697
2030
7860
455
5812
2065
6952
8782
2061
5702
5467
5679
7868
2229
1467
1835
8607
9832
9384
8924
1297
7734
9342
6381
8357
3488
2268
1229
438
1117
7783
2002
5052
1909
8032
8540
1902
3391
2581
7280
7163
1675
9242
6737
1270
8863
1653
8543
4980
7314
13
3455
391
1386
1312
29
4904
6134
4583
452
8215
987
9914
9977
4946
2175
1570
2331
5431
1927
7635
9211
4217
9457
8198
1163
948
7745
5768
5192
241
5596
4660
5943
40
8981
4464
7953
6857
698
9082
718
9864
1102
9377
8723
7804
21
4772
4155
9414
642
3979
1062
5361
7441
8679
548
686
8947
778
4511
9581
2684
5989
9052
2139
574
2678
5393
8734
5540
398
5875
8897
1614
6004
9494
2048
1503
7740
8083
3555
2216
6436
8520
3034
6722
6372
2691
8189
1630
3843
1821
8496
8220
7082
9958
9736
2542
25
7412
897
1723
5275
8747
5515
2386
5355
1675
3016
9844
994
6093
7014
8415
6632
1563
1053
7260
1846
7138
3383
201
8925
7800
8322
9012
5897
6509
9799
2044
7378
1668
2313
9175
3640
5598
6604
2370
7021
7242
8043
8204
9936
207
103
4562
9148
5525
2464
7256
3317
5175
118
8156
8478
5721
700
1803
2506
3833
7057
7024
8569
1175
3950
7760
1999
4436
8510
4071
6323
3532
305
1376
2076
5890
3663
1222
2603
1104
4461
8238
6648
4299
7233
4240
6223
1449
340
7738
7399
6034
4621
6211
6997
7079
8152
4512
4501
2245
8728
776
9844
7703
8818
6855
8111
7583
1381
8053
9643
4354
1770
9973
4281
8215
9184
7981
1607
1742
5028
2360
3174
7888
595
1884
1792
7578
7567
860
5717
7753
2515
8254
8202
2276
134
6538
2544
1468
7473
7191
5877
1157
2193
1093
4605
7905
955
5226
879
7649
8387
8381
80
1450
7003
7108
575
9001
7916
942
9557
3127
9045
6896
7739
667
9414
3952
8600
2706
4539
9859
3713
1055
2138
2935
2591
2258
8683
2607
3247
1114
8810
1218
7708
4986
2557
2962
2237
3036
5222
7758
350
7817
1416
2342
6063
580
9353
5330
3311
2665
7404
8065
4054
2345
11
5698
6389
210
5190
2005
254
6673
6063
5150
8835
8503
5426
9615
9696
1195
1349
4242
9000
9173
4946
8249
7584
615
8487
1303
4124
1689
346
9066
3533
2523
8365
2286
728
1369
8294
7155
8102
4221
220
7162
8349
2680
3232
2482
1601
3119
1233
7733
2362
1829
1645
7361
4132
1964
8424
6903
3369
1866
4335
9205
2814
3373
1753
7236
3520
9855
1426
4274
5324
712
8887
3101
482
8247
289
532
7863
1038
114
8269
9405
2159
209
437
2643
5642
1076
9867
8251
7028
4258
2843
6592
4807
8870
556
4788
5996
1315
8665
6187
9529
1050
1520
8185
6602
4828
3516
2428
2545
6304
4754
5672
1677
8788
6253
7479
795
1428
6794
861
1679
7227
5123
5292
9329
412
8349
9437
1864
7535
880
6217
5576
5996
8138
5451
3658
2841
7506
4966
2287
1188
8796
5429
245
2223
2674
2566
1926
3071
4221
3701
7603
7042
4742
7834
4803
8451
9423
7251
2971
192
2256
9439
4652
7782
307
2223
1536
5937
1055
6413
1346
4757
868
2282
7328
4811
2811
4793
594
4365
1387
3084
7256
1424
3947
7170
1685
2596
6987
5661
2109
5005
5985
1141
7919
4606
8084
7791
4098
714
4570
1739
2321
1771
9682
9183
7975
4767
3329
7847
4793
9510
861
4042
3141
5852
235
4747
8558
5526
1416
4212
2741
5454
4970
7874
3591
2206
388
9089
8649
3230
940
8870
1476
62
45
5038
5136
5299
4443
1145
4033
8546
3450
8182
5668
1422
4652
6046
1064
8528
255
96
77
1707
1203
7455
