10000
9389
5898
3649
3652
7537
1402
4858
1785
5578
6316
3408
5600
7937
1849
6596
287
3778
1952
2121
8207
1602
2417
775
170
6608
8473
8034
6802
1965
7435
9143
4897
9947
7474
7227
4468
2567
121
4980
5847
6230
9095
3492
1935
7009
2188
2616
5577
4272
6908
261
7605
4184
8493
2862
6770
7140
5730
1669
3720
6020
149
4775
3465
6552
6631
1830
3733
5147
984
6293
8415
4256
2085
2789
4739
605
6292
3346
3363
4842
4480
6061
2198
536
2804
7832
9904
625
8618
3011
1408
4787
945
7465
9868
5196
9264
6505
2333
3253
445
6629
7994
5022
3756
8637
1813
4749
9945
5274
8583
3734
3060
7577
5740
7162
5038
4333
1054
7231
1719
9251
6914
9202
3526
900
8405
3615
3493
2157
4117
5757
8034
990
7967
7338
2038
3620
3916
8057
4771
2054
3819
5406
496
4722
3244
9765
9028
3718
1042
7174
1843
8366
3014
2793
7436
5936
9946
8521
1358
9401
5268
4122
814
4309
2135
8986
9850
1105
1377
6201
5466
3441
6535
8824
3020
5424
993
1107
604
6202
8340
1342
6949
1883
6515
4448
2523
5062
5780
2834
4356
7941
4932
5174
8921
388
874
2264
2960
780
252
8517
7031
192
9077
6397
7393
2857
3761
3771
9744
242
3533
5135
4454
2115
8257
2879
1707
702
2075
3986
3437
8266
747
8328
3868
5731
512
138
433
7582
5093
1397
305
1933
1435
2278
8757
4823
7589
4004
8423
7621
389
160
3996
4925
9274
462
980
5214
9878
5616
3475
1648
1617
5591
9165
4009
3952
5625
2483
8302
4483
2129
1968
2688
5713
6825
4482
6066
7012
5112
7225
8364
6484
7003
6369
6961
164
1093
2175
9825
5118
4806
8797
2910
6016
4333
6934
3294
1747
9645
3248
9445
5503
5057
700
9184
1665
7679
5855
5953
7831
8525
2574
1358
2577
5223
4588
5656
7256
5099
4659
8460
1371
8683
5955
2124
7070
7280
2366
6059
2097
398
9087
3834
6497
2652
2094
9781
3921
384
3621
6333
7110
8269
2895
2659
4309
8891
1125
9225
8141
7098
3640
9449
1557
5046
9886
5683
3011
9753
3725
7479
8081
9524
5816
614
1536
9980
973
2776
1993
532
746
5373
409
8190
755
3796
2200
2753
9604
6669
1677
9833
7398
8288
1779
6209
3284
3530
2265
9665
6811
1594
4892
407
5940
6944
4261
4695
6304
8096
275
1619
4120
9257
7319
3033
9025
9625
8881
3295
5874
6076
7981
1407
4518
4872
4717
5154
9999
3625
4518
5822
3265
2382
8138
5407
3113
5232
1272
2583
1825
1142
8037
4421
7318
490
5929
134
8115
472
7401
1519
5237
5244
2904
2517
2190
9033
9005
4915
6102
7481
9026
1321
3333
3752
2
8628
1521
9743
432
2018
7112
641
2200
8690
604
6823
54
3885
4273
1068
152
1863
9687
3831
6324
6452
2376
2236
9849
1962
8817
4626
2471
154
2033
4018
8621
7614
963
9988
871
3969
4811
9097
1795
4850
9234
5097
312
5110
6817
538
7173
4976
2367
6741
6618
1858
2875
1416
106
8976
3129
907
3867
8905
220
5891
1475
1653
6231
9032
5746
4765
644
6807
3504
3372
9616
7399
3045
8921
909
5180
8922
8786
4181
2429
6194
2744
95
2374
279
3149
2404
188
2423
3982
9054
9252
924
9008
6037
722
8412
3324
6169
7843
1652
5402
4847
9369
1397
5790
9244
3994
5196
7429
9954
135
419
5711
7981
5309
5754
7881
2236
9886
1378
5457
1072
1149
9743
6921
1318
2459
4555
1159
4948
9604
9914
6595
5782
200
8706
1549
358
4843
678
8481
1196
5420
6998
9949
779
5894
1257
5548
7672
8200
8006
7690
8040
5796
7285
4374
6929
2426
2824
678
7452
2194
2376
8814
8893
7100
7874
158
5859
2759
462
6798
6109
9091
8291
2779
8579
1432
4700
7502
7680
4115
2536
3169
8640
7347
8853
3793
4413
4055
3130
4113
6154
2886
2471
2900
2876
3596
7533
5401
4891
5479
1757
676
5116
5509
1761
4113
7308
859
3340
9607
684
2934
4771
9741
3551
6050
3560
2112
308
5403
6651
3520
2132
3351
9583
1438
1419
1232
7581
3654
743
9603
6650
7387
2561
2585
5065
3687
430
1352
7617
5631
4564
2441
7469
5080
2061
392
6470
2477
2302
4238
5825
1851
6772
2430
4135
450
3827
9569
9176
6652
5933
4433
2111
1483
9477
6248
9891
2132
7249
8951
4547
9390
1121
2277
7423
7753
3763
493
1991
7006
4769
4647
1588
1882
4529
6130
5272
3241
7162
22
1975
1493
4359
907
9986
2652
1886
8745
9191
9906
7374
4094
8793
8140
7146
1794
7153
3383
4087
874
9410
9564
7079
4270
6141
1749
2931
4859
8714
6556
9642
6487
4129
631
2989
2665
2539
3397
6966
7572
4412
56
6251
9928
5437
8112
5047
7734
3210
2956
6003
5991
8432
7455
2519
8763
2948
4947
5346
8962
7828
6113
8938
6413
591
9116
6325
2210
4148
4128
1348
9314
8267
990
2402
1226
8900
4516
528
1020
3411
8350
1086
4698
8105
5263
5529
4568
3969
7566
2679
3183
3631
6609
4947
800
2041
1818
7480
4751
1299
5300
8352
5803
4731
2011
4650
2702
1257
7070
2141
7193
6836
5734
1216
3022
5124
8244
1077
1674
9660
1053
8904
2200
2019
4484
1483
4199
423
4506
7103
2662
896
5272
3522
2421
6277
6713
2123
6236
9458
8936
6199
9816
5524
2173
5809
6920
3834
3398
5283
6395
7276
9447
9375
6792
8232
5154
9052
6410
6176
2773
1681
4418
1957
6918
6323
8107
3873
6814
5326
5339
5336
2248
2933
7694
8316
4553
8426
1218
691
2237
956
7523
7033
9382
8675
8740
693
243
381
3554
3773
7569
774
2265
8376
4852
2905
9810
5287
9396
2298
3459
1138
888
4799
1493
2548
7891
7393
6212
9798
9713
7590
169
5949
5616
8300
8694
9939
3119
9350
9766
3413
5207
4246
6243
1697
9899
1646
804
1246
1361
8614
3981
2921
4942
2637
4357
9587
7027
4112
3829
7372
9754
9675
2997
6766
5502
8979
1702
1385
6125
2063
5503
2098
1823
570
169
8346
9091
2073
9609
6511
7742
1228
9152
5461
6243
5047
5749
3763
4929
5822
397
45
8031
82
9920
725
8985
5582
2747
5328
5047
4080
2004
7018
4449
2984
1186
9625
1205
1474
1064
9874
8932
163
1157
7342
5599
1782
8685
3433
7157
67
2181
1025
6426
9444
3937
8633
8599
519
3981
9712
2948
7650
2990
7701
7173
570
1910
1719
9527
8290
3561
318
2377
212
2115
3099
27
7584
4198
992
1863
232
5380
9471
8562
6775
3296
1491
5009
9269
4725
4593
9099
8940
9572
6637
2211
1015
3822
5691
2482
7647
741
6396
9190
4773
8547
1077
1053
2815
1335
1790
9791
7235
5059
3888
4270
6085
2567
7099
4239
384
5931
442
6214
6342
9806
7576
4371
6775
3874
254
4078
4131
9795
2388
4771
320
1372
8339
3646
1130
1000
5212
2581
606
8985
7659
7896
5301
7099
1753
9369
2720
1253
4308
7051
2168
3605
2766
1052
6147
7880
6232
6227
1781
4236
6605
5416
3628
1446
2991
1749
1801
6579
4674
6161
176
6559
1817
4454
1807
7494
7476
1607
3742
5982
6423
2276
954
3360
1257
552
497
1595
2097
2585
1325
55
3088
13
4545
1258
9087
3820
3557
5005
6551
2890
8849
7116
2274
6241
9675
3439
3093
7521
1217
5339
1898
2599
3925
3320
5055
8222
4267
5168
1200
5783
179
7869
9909
7274
8759
3232
27
1754
2885
9536
4020
6650
2601
7160
9822
1762
9665
5407
5923
6271
3216
8950
5190
3869
8991
212
201
2005
4968
1458
1774
199
7984
5237
3635
6807
2263
9726
9629
1959
1888
8675
5984
2215
4945
7596
132
2959
4762
1885
1784
2376
3654
6375
1171
4750
754
7085
6766
743
3184
2182
6931
3648
2763
1575
9332
8043
1352
1967
1051
4283
4896
4479
2613
9723
768
6495
3757
9057
1869
7682
7754
182
6744
6037
2360
4578
501
7770
5015
5866
7035
6230
7430
1226
3068
1548
6093
5776
929
6648
7869
317
5693
2556
8105
9132
5262
9098
6129
5488
4578
85
4945
2160
9775
4600
7854
7202
4513
6883
2012
8632
6018
7962
6144
1468
5835
8908
1513
7389
3436
9331
5773
631
4749
9296
2388
5764
3923
5044
3095
3892
1473
1007
7431
3373
8644
2057
9933
9908
220
2593
8853
5655
7163
7833
825
1888
7456
2654
4446
5625
9921
2744
865
7535
1994
9109
6656
7529
5319
6678
9848
421
9522
2071
3314
7015
1246
9407
220
1728
4512
1084
9593
8912
576
9003
9640
8972
3779
2570
2245
5822
8966
2318
3058
6783
1274
5491
3363
3236
1090
2439
9228
4667
686
1221
4731
3332
9621
8211
6292
3440
964
2090
2321
8507
2200
6265
2870
953
7341
4760
3526
1442
2229
5117
3751
5869
8663
7185
8998
5981
1485
9008
6186
734
8076
2722
6777
702
577
1036
6765
9259
5376
6134
3620
8833
5516
7114
2907
2272
2901
6114
936
8542
7205
5374
5385
1266
1384
3719
240
9756
5983
9160
8859
3398
2564
3317
1349
91
6762
9314
3439
7913
7468
53
4108
7944
2610
679
2558
9111
3603
1533
7316
235
4461
4488
816
1190
4422
942
3338
1145
3744
1143
4727
250
638
8839
6071
7828
3897
1646
5761
1570
3648
3169
127
953
3108
6023
9512
6631
351
9475
7841
3295
2104
1028
3316
66
1143
5486
3036
9324
3160
2070
3381
1252
9314
367
2598
2834
773
3800
2524
9677
2549
6658
9285
1100
5241
6610
3569
3432
7969
9179
7881
1555
6843
7961
5500
1292
7141
1997
9805
8829
1232
1756
367
9179
1225
8070
8316
2155
6486
1479
167
9588
3954
4175
3224
6984
4777
305
2177
5394
5202
6206
2370
2511
2928
8192
4865
4477
7463
1446
919
9556
798
1650
5034
246
6761
7363
7406
9896
5972
9251
12
8701
5407
5696
9310
4263
556
7676
4895
1837
3017
1364
9204
2411
5981
6256
6554
9277
1077
46
9375
8457
9468
5903
9921
6879
4700
7215
7015
1057
4471
7157
3793
7858
5604
1982
8943
2256
26
922
4468
3825
1838
9011
313
6703
3628
9393
3361
484
9175
335
2208
8916
3457
299
9674
8780
1577
7377
1085
462
3064
4100
9822
6873
7161
7345
9253
4571
5404
2179
7447
1398
6009
7061
6119
5123
4868
6476
7420
170
4102
8401
9408
5836
2053
5023
1054
3558
7848
1153
9289
8295
3133
1689
6828
4540
455
4111
4166
5711
280
5216
6337
8036
6562
1442
1079
8303
9006
6313
8515
6614
3192
2811
536
5019
2080
5731
6773
8870
5122
9864
5331
99
1904
5931
1188
1393
7013
8163
571
2774
3016
6504
2986
7267
6754
1633
2608
3931
2880
9342
6848
9842
4935
6757
880
7623
1739
4174
3350
3042
2765
3917
8642
1244
1368
4466
8619
1409
7818
3394
2155
5446
7811
4148
6890
522
6528
3435
2155
591
1940
1478
1961
8853
2810
3144
4223
1866
3997
4808
7722
1683
4067
6201
2687
7993
4894
407
2492
8612
545
2790
5567
1545
4706
3419
2424
9283
2515
2358
7968
3922
7473
1958
8279
6086
4217
3963
8382
9626
7662
9258
1705
1073
6235
5923
9426
898
8920
8498
3821
2162
2319
1815
9791
3173
4043
9525
6077
164
8037
8541
1255
462
5535
1032
7873
8495
3245
6455
9669
7073
4614
779
1994
9236
1469
3075
2082
6942
4656
649
5734
1267
6957
7788
8467
8867
6472
2075
4753
2599
8638
4598
1719
3801
8022
7812
464
2006
668
6947
5659
1269
2573
8100
166
5940
5890
8434
5144
7399
4684
407
9009
1343
7732
509
338
1452
1248
7844
7467
6690
1012
9465
3097
1197
2670
5809
652
8757
2256
9784
5193
9103
4027
3276
5445
9929
2304
9096
1596
1667
1894
9553
9300
8478
1835
3331
4341
7414
2395
5241
884
7055
4081
95
3156
4192
4752
1239
9612
2626
4928
4557
71
5591
2841
6603
1934
6155
5745
4636
2917
1740
3942
3201
7144
1576
1450
3157
3443
4762
8081
913
3780
8980
3452
9759
2626
5228
915
9183
4473
3702
5060
5482
4429
8341
414
10
3082
8546
2396
3718
7388
4968
5394
4703
7956
213
2681
444
1878
7936
5707
2069
5347
7802
6957
9745
6265
6567
7039
192
4475
3818
8484
6488
5362
4785
1218
5361
8289
2773
665
3023
6249
1296
5588
3506
2034
2940
2784
3663
9604
5664
6815
9692
1352
9530
812
9358
97
3066
5916
9219
970
3780
4953
591
8462
3251
5565
3382
762
3486
5648
2782
7540
6028
4162
7298
4551
55
6776
4838
6149
7570
487
8095
3516
1914
8993
9758
8644
3245
5106
79
2957
3373
6441
8821
3355
1891
4072
7508
9662
1540
1898
6780
2260
9828
9366
7096
1102
3597
3592
1242
1235
5870
8874
1525
134
4451
6629
4583
4920
7145
8010
9293
9853
5821
1614
2997
927
4217
3193
1104
725
6766
3422
1280
978
3185
6983
2156
6621
6277
1624
4771
8612
2604
7200
6934
9919
77
8303
1028
8741
8468
8331
3316
4882
4396
3055
1252
7795
6333
6922
3637
103
3510
2611
4402
4453
1945
4174
7828
925
5321
416
4264
6064
708
6530
7371
3695
6240
8055
2602
117
7975
2844
236
4451
274
5573
4204
7375
2471
7858
40
1595
9554
2387
2283
246
2853
97
7707
7014
9695
7272
417
4337
173
5462
4123
2702
3828
3845
8068
1390
7322
4168
2542
2617
1911
3430
7093
6042
3918
6137
9651
2810
1659
4054
1843
7181
4172
2522
1478
4463
9040
649
1943
3741
1889
8438
4575
7523
1008
8625
9735
7865
5220
5220
5426
2780
1202
2044
4870
6973
2860
7735
3438
76
1098
1138
8016
9810
600
5056
1535
3265
3044
1226
8337
7549
3798
2969
8814
6391
6622
3732
3469
3341
1279
1993
5710
3219
1789
1822
1575
9071
1303
1701
608
9064
5349
1089
4829
6716
3888
6075
4670
5524
9300
835
2648
296
4742
9639
1329
2417
4021
8260
5918
8419
2162
3552
157
5399
6287
4324
6497
5274
9385
154
929
327
5333
6346
4319
2212
8380
5331
4842
991
2678
3532
8707
7783
615
9336
1007
9131
2764
9691
4513
6659
8197
2032
2692
7360
9055
6102
5243
4244
7064
5518
5178
9296
9250
501
6544
4642
9315
7345
411
1531
4259
5597
8362
9842
979
8789
2208
3867
1389
496
7470
8420
1231
5409
6109
7557
7895
2092
4206
1445
9662
3289
2994
9053
1508
6602
648
6381
1759
2475
9674
2192
4099
1694
2550
9265
6912
5028
5389
2681
174
7068
3790
2560
6778
6427
1440
6559
2350
4991
3329
5303
7857
7571
1185
4788
5491
7153
1022
9998
3366
9691
5326
1830
1230
8712
4686
5643
3159
8159
942
5439
2841
5253
1560
6429
172
6439
5812
2582
939
8645
7805
8272
2154
4468
3729
4877
791
1347
5611
7629
7154
2728
7232
5252
892
2994
43
7065
4288
4125
1961
5187
3156
7589
8581
8643
4879
9867
9057
8721
1159
9128
9145
4073
6721
4229
4535
1506
1512
5062
5909
4370
4265
1162
2423
3842
2837
340
3604
7346
2996
6407
4873
7086
25
6067
4508
9083
4185
4209
5408
2954
2251
6432
9645
4921
14
1869
1917
41
5198
6404
1431
4884
2901
7642
5099
2170
3024
7702
4978
9872
1801
9859
7107
1175
2398
9367
4245
3357
6739
4496
9032
902
6893
3
2386
7065
5849
8244
3050
7963
1136
1860
5238
4027
2156
7886
1093
4146
9159
1489
3484
8217
1352
1339
2193
5143
2668
2857
6249
6641
3782
4368
2962
7536
2278
5978
3999
9713
8938
50
6119
399
3128
8447
1181
6225
951
688
1709
1331
2385
3099
299
5525
6585
6309
6363
8790
4971
4129
2528
7070
1912
537
5701
8238
9038
2718
9133
6104
8281
1520
5403
7358
2876
1563
6657
6092
798
5143
4346
165
5589
5086
6310
5134
1636
6075
7480
9563
9651
1928
3105
4045
5858
7252
7386
3273
5085
9734
8755
6280
6542
9956
5119
960
9366
8834
7084
7813
1337
3419
1876
4735
6173
6689
4261
2714
2160
6709
6112
2560
6028
4453
1556
8230
172
4600
2552
7785
9003
1530
1850
7703
6209
1272
6650
3741
5020
1803
4198
1300
2032
6293
8804
1242
9439
2140
7681
1361
1943
5657
4460
9450
702
4895
2242
8784
9230
5741
1207
1797
3888
3762
953
173
9594
6147
5781
7580
9544
1470
4982
7728
6011
2075
6801
765
741
1287
2577
6509
2896
7905
4659
7860
5409
7601
3074
1669
1072
6907
6688
7446
9044
1543
3849
6451
9904
6637
5463
4774
3312
1059
5508
6770
5154
9383
4708
4802
8869
7275
6814
6548
6754
1507
478
1988
1933
3600
2748
3034
8026
7402
570
52
2751
4975
2945
3329
173
9566
5816
2498
1214
7714
9865
2129
541
8208
1300
1423
1592
1631
6271
1135
7847
361
5620
9219
1033
6149
7977
1370
6083
9603
6062
1510
5032
9780
7593
6095
1559
367
4129
7274
4344
2500
7388
6007
4772
542
4217
4653
5654
9803
4845
1189
8629
8666
958
6281
1375
2425
9025
2587
1061
3420
3539
4133
2121
9437
1770
8532
2280
4775
4858
1572
7
1472
2038
9098
4111
2521
3804
7859
2311
7767
5519
8895
1382
927
1763
4781
4438
1827
2475
9398
5831
7375
546
7881
1993
8578
9163
8457
4214
1598
6857
1672
5555
7374
7486
6130
4645
2281
7573
6522
3492
7115
3757
2165
6512
254
6012
9512
2373
443
159
8546
2464
3059
9026
2057
8831
4060
2549
4950
3531
9948
6153
4272
3476
4102
6493
7561
5056
2103
1898
6538
5635
1663
1344
8479
7021
65
7775
1842
9078
5513
230
2504
1786
2368
860
846
5797
2193
5487
50
61
313
5935
6482
3538
3312
7066
645
2150
6266
1398
8682
1389
220
6384
8276
8499
4079
3831
786
7423
9270
6087
2240
5516
271
9559
1616
561
443
9554
5366
5157
2413
6565
4758
4485
5045
6301
2830
9793
7658
6782
8611
7913
4441
9460
493
4667
1856
890
241
9258
3401
7451
2754
3501
7574
1339
1079
1468
5729
2645
5466
9371
2881
2803
7670
1269
1564
9311
3902
5511
9471
1468
6861
3041
6510
7476
865
6301
6028
1760
7287
5405
745
7593
7541
5414
9855
4049
826
1375
9963
3440
1718
4775
3116
6576
9736
585
4589
6455
3835
6657
3505
3272
8848
9116
2531
8120
858
5073
2299
258
2811
5665
3600
7801
1362
752
4065
5472
98
4880
6209
5868
8449
4337
7590
9748
9285
5339
2528
2718
9406
408
6329
4409
2099
226
5297
2634
5966
2479
3910
3527
8119
6046
6486
148
241
9905
7460
7793
3014
7256
4220
2944
6787
3617
3847
3048
5060
7410
477
2795
5886
2066
350
9799
95
1130
4286
271
7413
8143
2708
1415
2160
9837
609
258
5929
3090
7601
363
8575
1055
5971
5701
3590
767
8039
5443
6222
3189
7453
7703
7044
2296
3816
3227
123
1102
8436
3841
457
1513
3613
939
3233
996
8331
4538
6979
1419
654
9703
661
2269
7358
8722
9744
6531
8319
1998
8507
2510
230
2009
7912
1586
5279
1181
7121
8388
8906
9704
1616
7397
9081
747
48
2460
7002
2948
7671
7524
4789
6732
8032
5866
9269
7376
1866
2549
4214
7712
8067
4179
6738
1065
7554
1320
6363
4547
9206
214
5240
9466
370
5963
176
4957
6198
7212
7896
3465
3548
469
5085
2306
7095
1326
8208
5046
3372
285
8324
4754
3165
1518
1592
5472
7993
9938
8997
8616
1077
2778
1975
3826
5769
2738
5499
3788
154
606
4508
7616
1419
6374
8622
1682
9139
4337
1207
1437
3405
1026
785
5227
9714
8517
8864
7686
5286
1240
3715
1377
2308
1258
333
1493
2587
308
2257
2925
2502
3577
4255
481
9356
9487
8320
4515
332
6795
6451
7036
9606
6958
4805
99
1273
6449
2083
2642
2289
7154
5823
9688
8428
7036
5460
9198
1329
2152
2426
6923
1472
4965
4007
2389
1159
1112
2940
3166
6185
2340
8811
347
6414
2856
2201
275
748
27
4231
1596
9281
9432
2000
341
8773
3241
7491
2754
4834
4341
2126
5803
2944
5354
7326
2756
4659
8985
1544
1626
931
3587
2615
8963
1231
3319
2324
9362
1457
8473
9446
9357
6111
5185
9231
63
327
1977
4946
3227
6135
8308
6709
5687
4912
4303
4459
1781
8952
2361
734
1056
9842
2130
4415
187
1023
1076
365
7065
6064
4452
6855
5980
1123
6887
9266
9982
489
7092
4105
8001
2296
2542
8440
8167
246
5886
5110
2144
1632
1394
4021
2551
1373
1303
1915
8716
182
1448
4591
5791
3187
2372
6738
5073
1156
9601
771
91
1539
3106
2401
2475
8877
1961
1581
6466
2234
4845
1207
8382
8785
6058
1382
8840
8862
5116
2276
3421
5438
5113
799
5117
5248
2849
1600
9333
4315
982
1641
1389
2335
4587
9488
2833
5469
3006
6238
976
3510
438
3063
3046
532
7227
6935
2586
522
7623
2113
7798
6477
8112
630
9018
5087
3779
631
1168
9968
9584
1148
8205
4915
9543
3408
4348
4625
3014
1122
2026
1584
8127
5980
9473
2721
59
5106
8085
6684
3554
266
3360
7020
3541
4333
8639
3194
962
2481
2073
5978
8245
1636
7570
6200
9422
5496
2003
1232
1911
6945
4343
7152
5121
1952
1782
767
6148
7853
5106
5322
9379
1191
9635
2050
5393
4155
9522
9399
7477
2485
1560
4242
702
217
6452
5221
5720
9936
2639
4836
2218
5796
4288
256
4837
9658
7646
7511
8604
5746
5048
4829
547
7104
9702
2280
250
6488
7150
6719
9846
9899
5462
2384
516
5380
684
1427
3372
8673
1111
83
7351
66
3692
3046
2433
1698
8287
8129
4204
2425
944
7404
7018
6910
193
9686
57
2492
4169
4745
1868
6203
7626
9291
2141
5916
8802
842
6292
4801
292
4581
2246
2450
3251
859
9278
8433
180
7988
6780
1832
1297
1201
6656
6199
8525
276
3813
6399
4859
3486
5246
2334
2685
5117
7090
920
973
5442
4599
6410
9373
7204
8271
4254
6366
8374
8484
5837
8883
9257
8292
8216
6244
6481
4605
4485
2897
8553
4184
8282
6205
598
8966
379
1590
4044
2235
2563
69
3778
5692
2739
5562
5318
3849
4318
8069
7920
9371
416
2436
2600
3293
1666
3088
5623
2217
3503
2294
286
889
4052
6822
313
8218
185
7773
448
9808
1618
7827
7587
413
2484
5156
323
2766
7320
3327
9473
5771
4289
736
7176
1692
877
3533
8649
2588
4445
9251
4202
4544
4389
2494
2814
9940
7218
3755
1042
4633
3630
8686
2413
5808
3798
4162
2117
4165
5477
4276
2353
4956
7336
6158
6178
5996
6545
1988
464
5022
9656
4320
1366
52
8581
8942
7630
4506
4702
2839
5498
2430
2752
1487
2519
6206
4287
445
9090
9782
2382
1917
6295
3174
590
167
1294
4068
7974
4492
3620
7799
6470
7142
5802
3215
6220
3518
6400
6805
9779
1882
4752
439
3439
9469
1514
6608
5481
7116
899
6712
9162
5489
5916
1184
7305
2242
5475
6364
4773
4254
2780
943
6145
7069
2798
5192
9971
6277
6717
7934
6283
220
1003
2331
3219
8576
2350
9292
8363
840
3999
4645
17
3096
7944
3188
4659
9879
7402
1468
5157
1649
257
685
9392
8076
8905
6966
8337
8907
9981
7963
269
6275
7716
8836
2692
6385
1162
4443
605
4600
5039
1395
2220
12
6754
5129
2051
6895
2555
2251
4877
4222
475
5003
844
6619
6404
4882
125
265
8008
8709
6177
2025
6851
6041
5531
7639
1735
5061
2103
1092
7467
1835
3345
1442
1603
1926
33
657
2142
8019
2760
6684
8274
5312
123
2707
7143
645
4450
9142
261
8196
8975
1926
1631
2625
8478
1483
1661
2050
1138
405
459
8966
2346
4228
6627
4709
4149
1014
1402
2363
699
5380
7837
307
5238
9899
5929
8549
9029
5963
8317
6192
2015
2289
1009
8166
8583
9765
7251
826
6516
6802
7222
1146
174
7913
3609
9116
6632
2437
8536
2538
3663
9357
3764
4893
1958
2539
1603
5483
6351
1087
8632
5905
874
4674
6273
3758
8733
5963
8627
5781
2663
1940
2229
2096
6389
906
9214
6997
864
9111
4079
7322
2461
9295
2769
7415
7202
5756
8733
9231
3049
2042
2542
7823
7814
4194
6134
9699
2121
3495
9090
4747
1762
9955
5679
9824
3623
7086
9450
6406
5223
4307
5993
9153
8204
8579
1978
727
7346
5462
5919
1866
7754
7989
4566
3105
1789
3977
6105
7803
545
7409
4059
5603
7149
8533
1806
8770
7580
9198
740
9912
4772
6546
4572
3064
2308
2224
2328
6662
5455
1120
3024
3586
4938
792
264
193
1206
6237
194
783
7806
2688
3828
1367
1617
6148
6104
7662
4269
2689
7157
6291
8495
667
304
3911
2029
2415
3474
6029
9583
5746
8409
5488
7681
6713
6686
966
1162
8441
3673
1176
1849
1484
6342
7870
7412
4824
7029
8892
2769
1872
4885
527
7601
5062
7711
7447
7695
8503
1650
5842
3404
7605
1697
2955
6599
6419
1918
6279
3439
1602
3077
2412
8153
350
1657
1615
3472
7368
2607
9140
8000
9298
4988
2116
9984
3372
5343
9246
9939
7009
3502
4862
8349
1280
8241
9501
2613
507
4465
8734
2047
7522
671
4980
5270
5774
4708
8084
8188
7372
3820
5982
2418
847
3409
6762
7462
2788
4712
4709
5231
1620
7790
825
7002
2140
193
1229
5250
1212
6014
9905
2145
1553
5518
4728
2057
5874
3616
4499
3872
9213
1220
9586
7087
5104
3741
9145
6842
6823
6900
2900
349
7656
924
7675
6939
3568
5433
2371
1574
3467
9295
7578
3885
9830
2412
2864
3208
1476
3076
9830
2293
3586
2785
9943
608
3356
1687
2921
6084
1468
3177
9939
676
5910
8653
3867
9656
8036
5872
4215
25
3842
5754
4047
1339
6505
7406
5956
9261
2268
5434
3715
7441
6436
6057
7943
188
220
6136
722
2604
7340
4384
7306
829
3269
9916
1299
570
3265
1919
1712
1043
1609
647
2281
8035
2051
7823
3163
8287
641
7912
5843
1694
26
9845
1529
571
1319
9784
9692
8811
1998
4320
1840
5102
2094
5760
3610
7320
527
5245
1336
3677
2134
5183
2529
1422
7723
9477
9007
1430
6156
8150
3806
7955
4637
5916
2308
5109
5606
5743
4878
2728
4858
818
2975
9793
6376
2112
3416
7002
1876
3252
8757
45
6260
7146
1245
1171
2794
9449
7831
5674
4
366
2477
4744
6868
2839
642
1922
7504
7540
1378
7371
585
2974
8270
7037
44
2548
5076
632
155
138
1169
5341
1993
1968
8326
874
2855
6083
2107
1076
545
4726
166
5573
5800
4910
8857
4971
3069
8048
7727
2444
2930
5612
5108
2042
8657
9990
3624
1450
4521
8599
1122
2292
6205
8264
3716
6347
4283
8986
9666
5226
6076
5207
9698
643
5135
457
802
9590
1062
5019
8668
7107
894
355
3467
320
7712
7772
1370
1081
2153
7061
4833
5003
8472
5691
8031
94
1469
6263
5398
4326
2060
8968
105
4072
8292
6303
8454
349
9107
3852
6227
7208
7028
1788
1449
3223
2640
6879
9604
4444
1008
746
2806
2344
5539
2625
3631
8540
2357
1746
7853
4879
5594
5282
6626
2206
5005
537
9147
423
4762
7596
5866
2516
1901
1294
9752
5176
4969
4870
284
9307
9832
7839
3674
1797
3014
1249
1851
332
5676
1603
9873
6461
6477
1069
9015
844
8562
9742
42
1596
2758
8643
4794
7790
5168
5986
1662
906
4468
2490
5419
8430
3689
6091
1427
8377
4744
9701
237
8038
6473
9425
7960
1721
3373
5361
3231
4171
3036
1768
9195
421
4988
9801
3659
1710
1734
9776
1365
981
2536
5363
458
1261
5658
8983
7114
5708
673
5458
3612
9218
5045
5605
5675
3609
7651
4837
6978
6897
514
8493
8950
2056
518
3221
390
6876
54
6768
4563
3505
2206
8457
4287
6705
9603
5723
2679
7718
3450
883
4704
9816
5239
1798
1938
3687
5079
1058
8631
2120
6636
1989
8083
3663
44
7008
6353
881
2136
7865
625
7958
1981
9923
8611
7584
173
2319
5426
8639
122
5982
6288
769
1688
8157
1030
1050
1360
3231
6616
5158
595
6666
6890
2081
4197
3073
1893
2467
773
8004
1511
5821
4766
4490
270
8948
1103
3274
9714
8544
2138
5644
1814
6931
8111
3330
2589
634
1062
9909
2795
8021
9599
9890
9331
614
3545
6513
1866
8140
4004
2313
4541
2717
2328
69
6152
9764
1378
1589
801
7808
3649
9636
6472
2616
5172
9997
8848
7679
4226
60
8010
9404
7175
293
9189
9479
289
1768
1800
19
8958
2720
4091
9037
1907
3918
6585
1225
7997
4295
998
5415
440
2608
7200
1591
928
9333
1863
498
9755
7532
2075
4692
2099
541
2842
890
1028
3694
7271
7984
3546
5184
5433
1016
5144
3707
8105
5673
9816
4153
6281
5117
5462
4085
4372
8776
3147
8243
7353
3242
9258
5516
6552
1491
2236
9024
4793
2905
7835
9258
8990
299
6465
5857
3663
5187
8078
1988
1759
446
5404
723
6913
2042
8835
1246
2877
6852
5915
3198
5328
366
5974
3157
9207
4099
697
5399
9369
9419
1645
3077
487
2989
4426
7693
4773
3927
3918
659
341
9566
5185
3757
1288
3319
7848
6145
6579
6881
6875
6400
3923
9401
3079
6175
6785
3499
1378
585
1796
4632
563
1878
3193
3229
461
4906
1810
2685
5807
2030
4546
5443
4829
2574
5924
7450
4189
2951
2783
2153
8912
8543
9402
8176
8150
7937
542
4595
32
9535
1584
5817
5396
2807
8588
7650
5619
7441
416
7212
5754
3293
2349
3781
6331
2223
1631
6013
9480
3480
3303
5411
4005
1587
5084
5900
8698
9461
9638
7283
2123
7393
9143
6084
8584
2350
3287
2343
4500
9273
9894
9100
1238
9290
3472
3130
6928
1784
5647
8119
6980
4427
6164
6087
2143
8758
2419
3782
6636
3872
6049
5380
6666
1639
7471
3315
4200
4643
9492
81
5254
5644
3835
7477
1372
1435
8305
2572
2950
6064
9501
8721
5414
137
1134
7534
4104
1774
8214
1637
5508
1949
9655
9388
1765
2712
2161
6765
4556
4240
1769
7561
1284
4751
6729
80
9667
4329
1754
9569
3205
1136
81
5841
9608
7066
4189
8094
1448
9155
6332
2353
7096
9346
2080
2037
773
2317
6933
5994
827
2267
7503
6472
5075
7133
118
7715
5107
219
7697
3811
8356
7104
2404
7809
4322
6549
280
4497
9285
2383
1534
1890
6514
6600
2228
7206
593
653
5331
866
1357
7501
4751
2421
7133
748
9212
5960
2773
5162
6223
4441
4316
2568
4076
8792
7019
339
8873
1230
6282
4200
1173
6512
4346
6358
4139
3768
8914
4722
3491
4317
1658
1901
3311
7704
5978
3125
737
1766
448
1166
9165
1756
7779
1855
5298
6030
4027
6764
103
3933
9117
8615
5191
2788
8343
1685
4668
4513
1439
7250
1213
7892
7180
1236
4728
4073
6449
7520
622
9621
317
5119
7329
1042
8996
6094
1630
7067
1611
104
8618
7702
5254
3667
8893
1429
2353
525
8577
1691
2961
2229
7049
7902
2232
4458
3986
2736
4170
1220
3547
2621
4499
484
4964
8741
1765
4908
1224
2519
3202
1214
8041
7090
5709
3125
2943
9611
1233
5702
5137
1468
6287
2149
8751
9267
6600
5398
581
1590
8318
4474
624
8631
3979
3910
6366
9052
7902
6418
7591
6075
6633
1367
8206
3336
7819
2021
7829
1422
5935
9383
2595
2238
5009
760
1127
4443
1700
7234
7449
2450
3316
9866
21
6890
7980
6925
3735
1791
2775
7240
9605
4494
4135
6714
687
4367
8632
3883
9399
8486
7345
6921
8177
6313
3504
3078
8809
4494
3346
3555
2038
9356
2677
7403
5266
1406
9054
400
6551
1766
2537
790
5961
376
3413
2752
3270
7569
9819
9038
1629
2732
3521
5780
5313
995
9699
5385
93
789
61
2836
5236
3036
2392
6662
2479
7563
5226
8392
502
3242
6892
8979
3483
6625
1034
8161
8249
7014
5532
775
1087
4694
6919
8303
1948
4741
2307
2455
7562
7767
1994
8427
5211
3674
310
2947
8676
2745
1687
7068
4716
4401
3559
6680
1586
6449
7966
965
1361
3460
3476
9182
1397
9678
9930
4483
9467
2696
3591
7561
7466
172
6468
5793
3571
5375
9526
5594
7929
1249
2494
1942
8368
117
6578
5565
2280
6129
650
2371
86
2661
7674
7306
2615
1595
9347
6424
996
4995
3832
774
3107
1356
736
3582
8131
1697
6688
6898
9670
3833
7174
7244
8540
7485
2470
1337
8467
551
7157
7396
8113
5984
4631
2228
6317
198
6361
3877
1408
158
4093
2359
5919
9439
6456
7017
1221
8426
9229
8724
8690
8171
4120
8247
2359
7521
2378
9893
4573
4909
2728
7008
3640
5325
2706
7828
7742
5
4868
8707
6247
7233
4526
4916
7156
1149
2452
1739
4144
9729
2597
5895
2375
6702
1659
3406
4856
698
9927
6697
1452
1930
4234
1518
8308
8196
5508
5409
9188
1378
7629
3194
1105
8117
7764
4005
6203
6287
9179
8268
1643
7535
4094
7268
6236
7706
824
6058
1113
6942
9524
172
7017
183
1252
8887
5501
2637
196
5844
1077
515
2875
1729
9478
2465
5527
3681
2269
4956
9797
2003
5743
7690
739
2963
5608
2536
5974
1651
4112
103
1898
8311
4540
6842
3293
1955
346
2305
1946
5733
1963
3922
4935
6354
4910
9388
2013
2033
5456
332
1867
7689
9141
9964
1401
8828
1188
78
6941
6048
6886
6252
1328
6530
2654
3853
5965
8441
1413
5846
2255
8475
1916
1175
6376
8450
1617
3616
6049
8412
157
8663
2884
8790
9043
6348
7434
7510
3497
598
726
4459
3140
5381
4574
2580
2581
1767
7581
946
6245
8598
3402
431
7442
2152
3094
9820
8326
3173
3400
668
7196
9270
1977
9809
1634
5522
6510
4618
9485
4663
8728
2505
8320
6938
7485
7174
906
5904
3621
6950
9666
2584
8452
9225
2099
5343
1994
7142
7207
1697
1692
7911
8917
4543
2673
1204
9307
5622
7084
2560
4857
7609
6748
693
9619
9828
6693
5056
9573
5728
3964
4349
7171
2053
8484
6513
7576
9538
3308
4745
2171
590
9333
4981
1328
2716
3972
4
6196
1472
1164
2239
8982
8917
521
6101
7669
9642
6844
9466
350
5471
8426
7614
8770
9635
3667
5214
5385
1067
2739
3533
1641
6866
9978
3520
7493
6788
3739
9196
2646
1817
8775
288
3818
5601
184
4530
7614
5891
6141
4907
3133
5206
8456
4402
5142
5724
6648
1209
5166
401
391
361
4715
8071
3603
3662
8604
1135
2542
5570
745
392
3493
139
1150
4983
3040
1124
3574
314
6333
7148
7641
5308
2669
1712
9782
1863
1932
7177
1919
7245
8001
1430
2231
133
969
4039
1212
4902
9812
9103
1557
2084
2444
951
6426
222
6329
370
3109
4100
9958
7684
1724
1993
2385
6961
1323
1820
6502
4295
4932
2677
8
587
9543
1202
6388
4549
1695
8607
7685
1882
2354
4008
8006
3149
6614
318
6156
2709
8291
2362
4800
4812
5821
1781
7789
2445
2910
3283
894
5003
9925
851
8021
1026
9905
1655
2186
6350
1788
308
2698
877
2151
9961
8875
1189
9577
1807
1328
5157
7400
6901
498
2556
5731
4264
1769
7036
2197
3396
4733
7469
9674
6222
5279
1889
6622
7485
4245
9099
8586
8364
8554
702
8942
432
7298
5254
1309
4298
5054
5145
7691
4508
1940
6204
7080
7643
6076
8325
281
8760
122
9428
9547
6318
2190
8896
3670
2443
6461
947
1779
2511
6125
853
6926
8134
3540
9562
2089
3237
477
4986
934
359
4799
2307
6386
2116
702
481
4466
2662
2718
6041
5807
8971
1867
5417
2306
4201
1817
6847
9181
7253
684
5708
4814
4162
8647
4054
325
7146
2374
1872
9568
4622
1066
5914
4459
9261
1736
5320
6569
5078
1728
7572
4544
622
3517
2466
7224
2656
8546
7479
5666
5703
4671
1753
4760
4604
9990
2709
5320
4848
5456
2338
544
1385
7982
3337
8537
957
2433
9537
7380
5440
7144
1708
4437
8013
4589
3172
2097
8854
8431
4787
7000
5740
461
5892
658
5004
7415
5229
668
8240
6068
1641
7024
4193
1874
4919
149
2157
1522
4709
1132
7100
9743
170
2293
8194
1395
8310
2341
6069
1272
9210
8776
9387
9294
7143
5382
4827
5394
887
855
2288
6025
6077
6678
6045
7087
6734
6184
8115
6594
60
9336
8403
6621
4246
1978
4052
4645
769
2347
4260
8726
5221
1946
671
651
9400
778
224
8111
1915
7427
5034
6007
5126
7852
1092
5980
3347
1656
9929
2409
6925
6946
1612
7353
9879
1018
8779
3293
3853
9949
2843
2160
3020
55
4989
7339
6975
7672
9570
6072
9040
2822
356
3863
3147
3400
1249
7233
6129
6942
1766
3664
4289
5121
143
603
5351
3998
1408
9619
2978
258
2386
9263
9606
4773
2510
407
3526
5862
5163
3330
7023
9305
9672
144
9381
5155
9577
311
2174
6706
8098
6687
6016
5069
708
5820
4667
3631
1273
1374
1207
1826
1217
1274
4940
7597
4779
6998
355
4125
8755
1959
4655
4501
238
1499
5179
1157
8597
2694
9843
9276
9237
508
850
3133
2867
7699
3102
2451
784
5174
8181
7716
1585
217
3013
5383
8107
2497
879
213
8784
350
3690
4160
2380
5583
9542
3958
4750
8180
5991
5572
3031
3026
2414
8475
1173
2793
4422
1123
8188
5876
2259
1666
6889
6133
9083
346
7414
8383
4465
3622
3148
2144
9910
8323
6731
613
9118
6782
9467
1355
4275
3570
8705
7606
9212
8158
6864
133
3660
135
2037
1664
8378
1922
5521
5382
4132
7296
7924
6072
1522
4520
9197
4533
363
694
6996
3044
9899
133
8100
2051
8543
7677
7482
9251
166
3757
638
2303
9879
871
8420
6192
9122
5710
5329
2339
8713
3632
7933
6917
5642
3123
8205
8259
7827
7569
5486
3732
1060
723
5457
4723
2211
1055
4730
4590
770
5825
4342
8208
5105
9003
7567
4750
9187
1996
8081
2164
3569
7650
8810
3901
8065
3087
899
7621
1876
2300
9281
2398
1122
1472
267
772
7190
6063
585
8497
6937
1123
352
4768
8160
3867
4480
2562
6452
422
2234
9106
3477
1933
4994
2713
9374
7044
1928
2160
7815
6367
4070
7001
6253
7044
712
685
8353
9348
1023
4708
2227
921
3893
9685
3596
1855
9998
2019
5374
7906
5698
9892
7245
7195
1228
7904
5034
3833
3698
7742
2211
2146
5843
4366
7500
1079
7202
1270
140
5688
2325
1357
9543
9932
7947
1450
2767
254
5265
7146
3593
7577
5843
4802
6640
5042
867
3963
3693
2344
9771
1015
129
3532
898
8484
8024
8960
4064
6280
2718
9681
6609
2055
2206
1844
2188
7636
7214
642
7265
4670
5324
8771
6724
438
231
8604
2028
5313
3342
3832
7626
9410
3433
855
4138
3284
4169
6745
2314
6858
7520
4057
1837
6504
8416
7625
7439
5533
820
1026
3286
183
7968
5336
6318
1413
5082
7439
4208
8010
6854
5136
9735
1143
9715
8730
771
7093
1622
7768
2425
6629
4474
6902
7968
7112
5716
3379
2284
1517
4888
933
6457
4750
1037
4560
359
3129
6753
2628
4440
8047
4749
3770
2490
7983
2294
9900
6309
2640
8184
1575
4323
2768
7539
6129
9107
6223
4835
794
9228
5515
3057
3557
7441
1066
6155
8243
201
7305
2067
1684
2827
5815
9658
3452
1740
9713
1291
9703
2104
2588
7607
3916
4626
6004
9172
7779
6892
2278
8613
3926
1925
2703
1927
1912
5510
6228
8129
4393
2187
8142
9113
9173
2545
1643
4630
5184
2787
5206
857
1601
2581
6769
219
7825
3869
5080
325
4946
3269
1957
2001
9647
1793
1810
9364
1608
240
7267
8344
7226
9349
1695
7243
5024
9842
4723
4825
636
2089
5813
2570
1651
2467
9416
1227
7004
4812
2292
5981
4391
1557
8035
368
5501
1399
5116
4494
6379
4279
1151
1367
5470
4175
6501
1536
1757
6807
9717
282
8761
3861
9206
340
2966
9562
9160
9024
9670
9672
721
9621
9930
9844
5992
1194
776
2767
8451
478
2554
580
3713
8343
4060
3073
183
1105
7252
3062
155
8690
1951
703
3842
1039
5088
7506
7338
8577
4711
1815
4230
453
739
2058
8477
2374
6503
145
2898
667
9054
7934
721
6368
6910
1908
8382
3557
4749
4073
7805
9849
1575
208
1729
5573
9082
7475
4149
8039
3832
9603
5772
4485
1354
2431
2537
5614
9924
8934
3086
3518
7389
973
7878
9114
9675
8767
289
534
80
1143
4994
1207
743
1118
5657
6108
9676
2022
5266
2138
3871
2547
8010
8988
4439
1036
9621
1335
1717
6757
2737
2143
9968
6329
2520
7900
1450
122
344
2170
4437
7576
2290
5091
8776
4403
3669
3308
8654
5697
7992
8786
1717
5151
2697
4195
6945
3784
1112
6540
5380
5157
2515
1990
6255
7546
9152
1695
5845
7437
2076
1562
1604
3589
4662
8710
9506
7718
5658
3567
8696
7198
1263
5238
2161
3071
9600
7137
6722
1355
5563
8643
2311
7904
475
1466
3842
169
2213
4347
5442
8864
9796
6909
7956
1396
1477
4151
204
943
4003
2843
9538
7220
2256
9167
2813
6955
4808
576
4209
3037
3157
4405
2888
5454
1617
3012
145
5580
544
1815
6266
9244
3065
3836
7999
4591
9272
1151
9888
2343
165
2824
1812
5068
1474
357
9184
5836
9656
4069
2437
8422
9550
3770
4765
2181
8334
7563
3476
1005
152
7708
8854
103
530
1999
8827
8765
1750
1558
3781
2404
858
928
3206
3116
7662
6239
8530
3737
4568
139
5336
2943
6495
3257
9039
7455
7193
7321
9202
3971
1445
514
9948
5195
6088
5085
130
3654
7016
4868
1619
6608
9114
4137
2304
6814
1195
6358
2618
1370
2449
5336
8352
9566
8448
5339
3014
1795
2155
5748
821
5079
4768
3600
8037
2191
2722
2511
6954
3762
3109
2688
3809
6050
8748
2396
4745
1913
6850
7906
1122
3367
5290
4709
3367
9869
7031
6296
1274
2409
6891
4804
1652
5231
2096
7983
7817
8220
5896
7725
6941
2202
2469
9811
809
9586
8824
6912
7067
7237
6570
2954
6529
9352
5868
7338
9315
2963
5502
2823
9075
4265
4162
7715
5910
3941
8110
6791
5728
7096
163
9903
3089
9621
7473
4837
977
7224
263
2927
8396
7450
5004
8456
9230
102
2206
8030
493
3801
9821
2033
8953
715
1975
8967
7637
8256
1890
799
7186
9325
5323
2252
3759
2506
9361
2317
9955
8429
9232
6943
4918
4752
5663
6241
1363
5848
1417
5627
6558
3173
7579
7614
1348
7336
194
8777
6231
1064
4146
2896
1047
7634
262
6477
7135
419
4844
6148
9589
2119
2684
5656
6479
2720
1995
5792
2342
9046
5860
7462
9756
9409
6305
3669
9516
6390
5628
1392
918
2789
1064
6386
679
8671
1887
5546
9530
5992
2266
5106
7936
6672
3890
867
2753
4161
4617
8699
6720
3304
6983
2138
4928
1140
7926
9183
4617
4063
9708
5093
1816
7999
7692
6685
1193
5772
2347
3690
2614
2159
9907
5615
7565
4383
1370
9032
3234
1563
8544
1435
1865
1686
8715
3981
7810
1142
8770
8020
2323
1530
9115
1120
6102
495
1781
4088
1143
4497
8421
3638
2348
2162
4913
1746
7250
7004
2733
1711
1083
6646
8729
3655
282
2249
6839
6888
1194
4191
638
6155
7281
3888
1312
1976
1848
8220
9947
6540
5288
7095
3826
9381
3892
3384
9897
4148
1976
208
835
655
3748
9738
1755
1593
7289
8663
6852
4946
3232
903
8657
9981
349
2919
84
9735
6951
3885
1511
4096
8435
2501
6908
3409
3926
5209
9109
2188
1239
7425
2083
8881
2342
1472
6911
6359
8879
2362
8873
1812
204
503
8964
8002
1357
2633
4462
3890
4665
8813
193
1694
6066
3571
8491
2240
25
93
3965
6275
3511
473
3669
6205
2263
1087
2348
2249
20
1465
2735
1334
5445
1446
1022
3602
1883
957
2566
3508
3607
1857
2415
7452
2635
921
2949
8123
6823
1868
5815
2769
7936
3391
9106
8170
9808
2591
1690
136
192
2477
4589
9696
3189
1868
9768
580
5245
2507
7765
611
2217
7714
7931
3298
7112
783
3749
7337
2615
1903
7646
142
3706
4139
7153
8817
1097
8600
7426
6844
2314
2428
6907
505
7491
1905
1769
4849
5437
1355
6979
6792
4294
4153
1965
7114
1903
9918
4064
4659
5520
9100
2375
8977
685
2901
122
6218
377
2034
1979
237
1052
9504
4642
9706
7766
1997
6297
1665
3729
3797
7911
6603
1768
2013
9676
3354
3929
700
6161
6129
716
973
93
7507
6016
9318
6646
4173
1722
1653
7710
6898
45
8575
1834
6203
6024
9497
1489
2235
4834
7282
4585
5859
9158
2438
5089
6890
782
3267
317
6282
2577
3641
2517
8843
4749
1413
7837
6049
99
986
5842
9988
1909
6739
538
7395
5167
8219
5416
4344
5208
1481
6274
1641
808
2412
2163
7476
103
8906
3134
3687
1465
2457
1305
6515
1979
4970
3894
2639
4764
7704
304
3083
5467
7780
6362
251
2389
3357
3319
6191
283
2754
5801
5061
1957
6456
9258
9742
7434
8362
9228
2640
6938
6915
8049
625
3473
6925
5801
7070
5868
4247
9423
1871
6825
6632
163
1931
3008
3174
373
858
1699
1381
2310
190
2135
464
7439
433
5600
1833
1230
1469
5614
4049
3204
1693
2281
9206
9791
2663
8925
8895
5928
9687
2757
8761
7420
6394
7705
9007
7851
3535
8376
9866
4658
7901
7301
7870
3865
6708
6401
8977
860
4229
9467
3962
9930
2353
2121
2125
1183
2306
3733
233
5250
1979
9017
2477
557
6097
2521
9726
5264
9830
4370
170
9093
4794
7702
5177
3937
608
2309
3369
623
1777
3066
9830
5788
8419
3995
3755
3314
1847
9294
2683
1685
4613
5867
9390
1087
4760
3318
45
988
4697
9321
5404
1574
1500
8947
9193
1918
749
5843
5273
5502
697
9107
669
5505
2284
9573
551
303
1165
3358
975
2234
2795
2548
6723
1306
1830
1321
3282
3336
734
5237
3672
1613
4380
7541
5335
2008
7234
197
7177
2338
1604
7342
5800
978
3987
2272
6729
2590
8637
7342
5676
1064
2150
1741
3925
9829
788
5882
4760
7788
958
9710
6998
5043
6594
7042
6553
2808
8441
306
8257
3218
5307
1187
4845
5734
1217
2788
2121
5864
6671
5255
7658
8440
7646
7868
9898
4984
9146
3409
8404
4223
2192
2699
4094
2943
7030
6371
1641
86
8696
2849
4378
6550
7717
5578
3270
8773
6542
6953
7088
9365
3402
927
3634
5633
202
4330
7468
6956
7376
1206
3983
9689
2749
9750
5897
5481
3071
9808
5230
4009
7207
716
8091
8759
4940
4651
2378
5192
4641
647
372
8652
8231
9087
7850
12
1779
9039
1682
1176
2749
3633
8802
5635
9213
1541
7261
8075
8902
6993
3952
217
2527
3002
4172
7053
7110
1294
8241
8327
7844
5958
175
4533
1822
1519
396
1648
3056
579
4276
2165
2730
5946
3236
8980
4120
6034
2500
9690
4434
7390
1352
447
856
8850
8549
7727
2860
7595
5540
7609
3356
1182
2456
1369
8870
903
4431
2245
1291
9278
906
9690
9886
3224
6268
9972
2117
163
2613
80
8076
8591
204
6370
8810
2541
2142
6789
4853
4393
2025
5174
3268
3591
3255
7071
7032
4207
8955
3444
1386
4440
9453
7071
6979
5909
1653
4332
5501
1538
8056
5316
2268
780
198
6827
2348
2868
7024
2104
8714
8962
5754
4791
82
2201
1908
7567
7996
4831
7736
1284
3125
9880
4483
5645
5263
9799
1748
4948
8679
7813
5974
3951
714
9501
7485
593
7847
5901
7490
6783
6867
5629
622
5699
2879
7772
8904
5107
1945
3231
5919
1742
6710
88
7254
5836
5562
520
9218
6339
941
85
197
3624
5613
122
7897
8076
8259
2849
4523
259
2999
6849
8061
466
1155
4503
1418
7184
5865
2454
6182
5193
8915
6831
5709
547
1661
4590
2568
193
1989
8426
4015
9992
7662
8907
6498
6853
2487
2200
8566
7211
3760
4903
8111
2669
9285
8340
8849
384
9697
910
4279
6414
9700
9780
2784
4538
1376
8355
5069
8135
3639
4652
171
5030
8821
9175
6961
1667
6012
1418
3976
1407
2595
200
8349
1980
6526
1434
4520
6538
7420
5134
1801
116
8371
1425
9800
7818
1019
7981
4137
6188
9821
4019
8097
3195
2313
9608
8796
7199
4730
4175
7338
1864
4219
2970
4957
8006
7014
448
1204
3799
8736
1485
7876
5412
1878
9388
299
8410
2630
534
1956
7545
2109
9063
1146
798
2627
9780
9053
9760
9417
5887
9157
3917
6302
4342
1657
4755
2532
5488
8366
5566
150
8917
3009
8581
4822
4111
4515
3426
584
8436
3783
2565
2495
2992
4892
2167
2747
3557
619
5599
5728
946
6624
919
549
2501
8008
1708
6977
8400
4927
4328
3894
7276
2470
5839
6682
3936
4903
7995
9449
1168
3481
3240
9549
3526
1601
4111
6921
8465
6686
2595
1432
7184
1923
9773
5464
989
6643
1672
1893
2777
6494
7820
6231
6235
7373
5035
6283
1721
5071
797
5059
3570
2449
7035
5021
7361
224
829
7892
6322
3519
1333
7480
6945
1158
8168
9742
1479
496
160
935
5652
8131
99
9154
5291
1901
1184
2865
9296
851
8527
44
1378
7929
278
8
7400
9169
6234
2436
2606
3220
9564
8633
4316
4354
7343
6112
5467
5577
5387
5409
8567
1590
3236
5918
4834
3310
9239
3316
4702
1996
1433
9997
7384
4697
1999
6021
8293
3532
557
3059
7086
967
1136
5603
6827
3757
3787
1334
2577
3732
4434
4264
6507
2543
2855
6581
7849
1929
5783
3867
7723
3248
548
1773
9740
8903
97
3917
895
7866
7583
6295
3194
9471
906
8446
981
8305
3075
7895
9489
9883
8780
8567
8968
1655
8133
1389
9912
5620
105
8399
7119
7737
455
9029
1958
1469
5169
4968
5037
642
3575
9945
1418
7284
7057
2097
5025
6389
1567
9548
3778
6486
5377
4260
8886
6277
3493
159
9191
3625
3124
1207
626
6350
6523
8381
5678
9153
2217
2558
7833
5323
6654
4769
374
6030
3246
4677
8953
321
872
1309
8382
1835
42
4936
3709
2145
2448
5666
1982
2719
2928
397
2188
8360
4903
477
6827
4557
6177
486
1529
3759
2955
8326
8502
406
296
882
3427
4637
8917
6689
524
7300
1294
9066
7093
8291
989
7487
1637
5518
7542
2791
7493
5261
5299
4460
2231
7817
848
9129
1190
2790
9398
9441
5138
947
5128
287
9160
7794
7183
3233
1091
87
6518
7236
4437
6595
6965
8158
7940
2174
6621
9021
1205
8007
2664
739
1305
4907
5503
2046
9785
5942
920
2665
3906
2956
2901
5653
2001
471
2397
6981
797
2174
5801
7676
4583
3930
3471
4246
2195
8680
2526
2905
6963
4237
1038
3754
8824
7644
1044
4911
4792
3433
1544
6584
4862
348
408
1852
3380
4500
376
2468
5713
9680
6400
9034
882
9390
7155
9120
3834
6867
6480
369
7385
8279
5243
8136
2158
2613
2778
1042
5436
9398
3311
8276
9581
104
8840
331
9866
6705
2183
2728
4502
7958
7202
3768
126
457
5450
3572
416
8870
2412
4989
4062
1149
5354
854
1265
2237
8711
3103
1613
2965
9044
3317
537
6745
2093
4027
2539
598
2434
358
1189
6502
7031
284
9154
6834
6571
7962
2095
7131
8649
9687
4793
3319
528
9068
4234
316
8483
6944
3267
9950
2351
1317
8329
6168
2928
6916
1455
843
2066
5385
2391
2346
9112
9102
9944
450
2287
1145
3309
9930
688
7797
4660
4718
7944
9505
1746
9882
8902
4987
1014
4553
3161
378
5076
1804
6808
6157
1182
4329
1727
167
2850
8361
9372
88
4518
1615
2381
474
468
8617
1192
7536
6645
9192
2791
9086
1535
8112
9481
5608
4446
4271
3882
9868
9332
7389
3598
1023
1424
167
6688
2793
7135
4955
9836
9056
5573
2867
5726
4564
5962
4850
4457
1999
1013
2815
9351
4299
7770
4181
5828
3761
7667
9446
1545
7653
6703
5267
329
8434
4701
1389
7469
7079
5174
1144
7999
8398
318
1733
3673
3297
8617
8891
7484
6395
4237
8347
9920
4591
8907
1408
6254
2044
8221
952
126
91
926
5318
8433
7422
6972
4947
8143
872
9487
3481
2990
924
7703
1357
3895
5047
7079
3006
1672
9116
4531
2466
4809
8979
4298
651
9007
706
931
5276
5458
3111
2794
6031
9279
4666
3175
18
8029
6053
722
7124
6640
8784
4585
9875
7615
2222
5357
3603
5590
7898
784
1309
3418
3903
351
302
1200
2106
8527
6667
4156
2832
9529
661
5867
1727
7221
2464
8303
230
9351
7539
6878
83
7868
2111
1305
192
7283
4624
2205
2588
4700
6005
396
8139
1602
2895
9880
3485
1016
3291
853
9407
9876
6608
3900
7812
1997
375
5390
9506
1206
493
7103
3964
664
9578
526
3891
4817
319
4422
6219
3119
3297
3942
3422
715
2968
2032
5267
1845
2774
964
1484
3475
3272
3482
8707
2137
222
6498
6786
4711
7594
5115
1060
2293
3243
3317
1215
2512
3542
6776
3935
161
4921
3040
5521
4642
6431
3503
1684
1744
3891
3457
4511
2558
5893
6350
8914
5711
6237
5153
7934
9186
755
5883
275
1051
762
9575
1326
278
7455
6507
2991
6154
2069
228
8699
1230
3966
5614
2919
4879
3178
853
4127
1949
8320
6943
3977
8073
1036
134
8381
1006
7726
6006
2001
9746
6479
1675
182
3387
8289
2488
1060
3170
2622
1591
8486
3689
7629
1316
2965
1627
1091
6456
8309
1832
9167
6870
8162
5245
4996
9303
984
1909
6565
2021
7669
1858
4194
1082
6704
6937
9813
758
693
2257
2842
5699
8904
2282
4242
7961
4533
4109
9238
1584
2457
7751
2892
6602
2307
7764
6876
5772
3703
6222
1167
3167
4664
915
7164
7275
1075
1383
9937
7294
1020
5135
2291
2975
5241
936
9238
2838
1376
8955
6988
3880
1538
7842
2558
2083
4900
2375
428
6205
1921
9168
5732
2013
2482
1116
2563
7750
280
2541
5807
2471
9887
3571
8912
1860
6819
5101
8354
3170
5966
702
7628
8997
6249
2832
461
890
9311
7564
3324
819
592
261
4764
2134
9962
2871
9793
9092
1495
8819
1478
1066
1719
5543
105
8810
5916
6655
7629
2278
7351
6702
8366
3378
1318
1579
5810
4998
6554
8028
2692
5078
393
2675
1376
434
1897
9403
9405
3132
1463
6752
238
558
5819
2465
9959
3831
1612
4535
4479
1721
2226
2211
1402
9780
9968
5529
5348
1856
9757
207
9581
6301
503
6643
8982
2058
2423
6303
6943
5255
9890
9934
2287
4524
1908
3035
2016
3253
1485
3038
8320
4692
4936
1461
2856
6213
3920
3188
3354
7775
9698
3981
29
7056
4128
526
1304
8246
7787
1980
1872
4397
3278
2851
4289
7547
4586
9387
9278
8652
1605
4586
9945
6014
1937
8732
8305
2541
6158
9490
5486
3468
9263
9278
3998
7928
2973
5274
669
2941
4654
2747
3111
276
3859
2585
9821
4771
7796
2635
8664
5155
6540
5892
4913
5984
1797
6208
4476
5570
3697
3661
4936
7886
1757
3929
8135
8588
2774
1664
4174
7255
4568
4962
6267
630
5130
3270
9994
2349
8668
2865
6550
1442
428
100
2927
3761
1803
585
5857
6735
6514
5819
734
542
2595
280
8544
6725
4994
4136
7521
6700
3952
2890
3638
6747
1851
5475
6224
2528
903
7446
1536
4210
7595
4642
2925
1209
7515
4766
8088
2713
1385
373
9450
4723
9307
6882
8018
810
2362
4186
2256
3958
4111
844
9744
6234
46
1289
5767
261
1392
1650
607
3707
6402
5078
755
4593
447
3401
9033
971
3581
932
6258
4277
2602
6798
6035
100
1638
8670
1921
6106
1229
3806
3023
1947
4234
3694
1719
4899
9133
5261
5738
6499
6472
9560
1495
1808
4221
113
477
5290
6872
7086
9408
1293
5307
3766
4301
170
9773
7036
1438
162
3602
8505
8605
3063
200
1035
9177
2963
5239
4271
5593
8869
5926
4368
1603
8991
110
1965
890
7472
9056
396
4683
6722
9588
1569
8439
7380
8824
4092
1567
309
2709
3413
3840
4005
2224
4248
147
2604
4006
1952
5524
1718
6916
5606
7837
2837
4265
6071
3738
101
3661
1174
3708
4221
798
1894
3529
571
8271
2773
2298
2364
9375
442
2
5518
3081
1325
8639
214
9073
6712
7571
8432
4554
1969
31
3819
2184
4677
3636
9312
5480
3396
1177
1845
6401
942
4108
3206
4393
5841
537
9311
2071
6016
7818
1897
5117
6690
7268
2746
1729
9775
5998
5947
3519
3051
1089
2968
2545
2848
4656
2025
6105
3630
4860
9283
8740
6658
5862
1230
1967
8647
722
9604
4150
2766
7473
2687
3633
1823
6187
927
2606
269
8990
7518
4220
5499
6985
2324
3372
6321
327
8713
7320
8268
2828
1694
5040
7656
9473
4138
9801
1902
4831
5030
1076
2302
5837
983
2432
8027
6922
8814
8287
7370
4186
1649
2793
1320
6768
7256
3106
9806
863
7863
7708
1829
1761
3103
173
2601
2308
4979
9662
4448
6215
5610
1497
5207
3704
8969
9344
272
5771
398
1933
8157
3146
397
4941
3420
9791
1371
2299
2528
5938
1516
4350
1427
339
7469
6658
8061
5655
7584
7352
4947
8531
234
7868
3808
4089
1310
3466
581
2101
2376
7120
6992
2422
9369
9329
8989
1245
4374
6383
4383
6375
2495
5590
2301
4155
5920
824
652
258
9337
2700
4656
2969
4958
1366
9411
9464
6222
2389
9105
6656
307
9535
4442
9718
4958
5885
6116
3858
1440
1205
5315
758
9945
8267
1210
799
3985
487
4894
9086
103
1269
5728
2099
1309
6975
6758
3453
2703
4970
8590
2180
6920
2515
7282
4963
4339
1336
2714
4502
2146
9190
5940
6056
5489
486
6884
6473
7127
4503
2587
6257
7138
2649
4601
3256
1375
94
5107
1905
8844
8561
4370
25
414
1508
9569
2004
8241
5371
4821
9282
4931
5946
8618
4227
9839
4383
6801
4912
5211
4911
1739
8117
1872
6625
1380
2384
1021
3772
2688
2890
2442
9010
7143
7384
2317
9610
3264
6913
2639
1710
8302
5676
3707
9192
4685
3921
1724
5053
2107
8460
2500
8632
9334
7697
364
8085
3225
5731
2206
3169
1175
98
3155
1732
195
3448
9630
7564
7605
2450
2597
9800
4381
1470
6787
1530
4453
7705
655
1625
3768
6998
426
4697
1332
1949
3915
2108
5424
2617
1291
5557
9518
512
8655
9568
4944
1553
6520
5459
8041
5295
1196
5890
2410
7519
9651
437
4441
7603
5233
7259
5345
6244
3126
2555
5437
5586
151
575
8625
5435
107
1391
7342
1196
1861
4926
5396
2571
6020
3798
1764
1585
2300
1956
8797
7752
9410
3812
8451
7863
3769
8075
8526
4992
3600
8230
2792
1702
9176
5558
532
6880
4886
7704
1551
5279
7549
1477
2616
446
6633
7966
9407
2446
6091
4006
846
9167
5880
6125
954
1118
3664
4224
7592
5105
7551
930
9055
83
2949
1464
6977
8256
725
4711
5257
1503
8512
3086
4100
2195
5728
5459
6112
4624
772
6543
5685
9070
3278
2265
5397
7759
3101
9891
2181
1519
2315
1974
3320
1040
8678
5662
1920
5635
8192
4741
5012
8070
2789
3185
1632
673
3376
1421
464
2622
2556
9800
5802
603
219
4767
2509
2097
3817
2219
8990
3938
2397
3099
1965
7733
7124
6784
9145
9233
9486
2234
1880
2635
277
3701
2356
3504
4049
8643
1095
2096
3981
808
6276
7216
5255
8281
6459
2366
26
2386
8379
8979
9468
2617
4804
1083
2599
7493
5028
8499
3975
2046
8669
5078
3351
5059
4312
2456
6620
6494
9004
927
8367
5097
7549
964
1339
9564
7621
1790
571
2830
532
5257
7905
6487
630
3160
7429
3414
4072
7024
964
3912
8859
6432
3476
8947
2596
1297
7128
294
777
6450
2585
9457
5420
5904
8591
8563
885
4743
6770
7255
5456
9996
8179
3854
4444
8262
7496
2507
607
3168
4156
9681
3210
9951
131
5549
4896
2403
4318
4706
901
4384
1523
6408
8280
234
1530
4564
113
7827
727
5094
6825
7956
3466
438
