10000
6658
6692
5661
5563
2406
7216
7999
1239
5483
2674
5056
6419
7192
3149
965
8055
8390
9465
7079
3614
4055
3774
2433
8993
2615
1938
1454
9556
467
946
7775
7923
6668
5123
3887
7802
2058
966
4215
2423
2448
6700
7520
1136
2275
4063
5773
2468
7098
4557
5204
867
9829
5555
3488
8189
5229
3853
7672
1803
2928
3295
7709
5279
8120
1922
5477
6124
6208
8943
7355
1797
9446
1613
3443
2311
799
2763
9550
8774
749
2461
4850
1448
5201
2855
9622
964
8353
2442
17
7960
7160
6672
3616
8188
2336
5417
6137
1562
816
2692
98
666
5253
1933
432
5968
3154
969
4481
6629
7384
5698
728
9253
8499
5986
7100
6061
1098
7265
1488
8834
5700
719
4880
4594
6843
2321
656
9804
5506
8524
2292
2446
7621
3330
4111
3858
5093
9007
9917
2264
2321
6242
6639
1138
7875
2796
9353
7105
7087
5643
7565
5427
9212
915
3590
1785
912
4337
1844
1641
2494
1359
5418
969
6046
6470
5353
1766
6656
3047
9611
9560
6017
9991
7166
5222
6841
2510
1446
2600
8922
8814
5585
5536
8184
8580
697
232
2793
4321
525
8058
3820
3653
3660
4946
6232
5935
9653
9508
1547
6791
18
44
1744
2296
4910
890
1501
6351
3914
5930
5409
1940
8132
2692
1232
2571
9858
2520
9708
2889
6609
1303
2419
9238
8369
5202
91
5767
9452
7091
526
4249
9226
4590
678
7965
6022
8789
6086
9687
3390
894
9870
7940
8573
4453
6796
350
3592
3345
5091
6273
2491
3191
1053
6715
9761
208
6815
1158
1813
1324
8017
804
2492
20
1274
8495
2975
8065
4654
9886
4745
637
6295
5350
6596
6876
4212
4151
9892
7818
4116
1234
2416
2964
5073
523
3525
550
6268
7826
9049
3047
9964
9377
9471
6966
5430
2068
720
1892
3852
8460
6179
5950
5957
7699
9906
4513
2640
7581
8381
5932
936
146
347
6659
7958
5406
9748
9994
58
7108
1487
8828
3207
5958
2524
9246
9553
6326
529
6406
1223
8922
4133
5275
3569
7969
9758
8715
1064
4552
5851
7023
8679
379
4865
4351
5782
1948
7382
6116
1536
5333
1311
962
2714
6845
5642
18
3491
8364
9995
7312
4137
3390
6679
6394
8353
3066
8193
3795
2131
6512
6263
3610
9450
5988
4268
6302
4439
3805
853
2446
264
2748
418
1314
7740
6941
9986
2858
1603
6431
9189
3274
2552
7058
6287
7507
206
9349
8034
865
11
3517
745
7558
4327
486
8708
5113
722
7705
1750
1853
4777
9057
2560
4707
8439
1454
3883
6224
1691
997
1736
4220
1789
5421
5368
8928
9072
7098
2890
1228
8071
8696
2056
1147
599
1303
8048
807
1248
7913
531
2092
8122
3420
3968
9998
7553
3128
5598
7914
529
4759
347
6878
2529
7048
727
1383
2799
1586
9920
8525
1198
5480
8428
6000
2834
5329
6776
8514
759
68
7587
1330
1253
1686
2730
7307
3188
8851
2257
1681
4943
1566
2982
935
8042
9113
1878
4944
6515
9235
9836
2124
5178
7605
6958
4158
6271
8907
1861
8016
1056
1810
3247
7078
5168
6389
6646
5250
3270
280
6463
2316
4123
4721
8387
7343
6961
794
1661
101
1556
1463
8599
4352
8385
7415
4677
9773
5128
5069
3822
1433
2067
4923
2238
7264
7076
6755
5373
938
6625
9374
9678
6100
78
6984
8855
1088
510
2642
3923
6684
5465
8069
1256
2642
9020
7559
5785
7413
900
767
6732
3846
1848
5960
3689
9162
7626
1463
3815
5516
6363
9469
3302
353
8257
5036
7468
2880
5273
5513
1376
4942
300
3845
8104
1850
3412
987
8883
8221
5755
7945
5446
7135
5511
79
3895
3226
1976
1418
3195
8624
9261
8669
5904
8347
3082
547
857
232
3194
3335
3901
2
1556
271
2990
864
3247
6493
6971
6526
6372
2468
5605
8908
6296
9978
1857
9257
4263
5906
2753
8397
1919
3686
3219
2697
5186
3575
6439
3615
3273
3108
8545
6337
2008
2748
3315
2603
2806
8708
8520
8767
2873
6887
6400
5268
7267
1424
2670
1934
4831
9208
9746
4236
762
1537
5383
900
2481
1935
2413
302
942
2137
9525
4371
2338
1667
4494
5716
1729
4264
8098
6266
2656
5978
2271
9120
2384
8793
6902
9122
5768
2293
3286
2341
8644
2308
6934
8100
3551
1827
4996
525
385
3565
8224
1103
504
8571
1032
2882
6712
6705
5746
7989
1027
5669
9515
9096
5431
3998
6754
2493
8138
48
4963
9103
9942
9161
7877
7088
1492
7211
2259
1316
4985
840
427
1183
3444
4463
7144
2511
5347
1576
367
2248
6104
4112
4139
2324
5552
4789
1593
4135
1981
2353
2691
4947
7160
5559
1550
1
8376
431
9218
8202
9648
6018
1853
4137
1532
9796
6134
9808
586
259
801
3309
1145
8916
6776
2731
1714
9224
724
9319
776
241
5166
4329
8161
3575
2296
9390
6946
6056
8282
7976
2941
3155
9854
9909
9657
1715
4859
176
7973
9980
3057
2010
6684
1607
7769
9973
1015
5662
7850
4358
5285
6966
9099
7432
6171
2815
556
2689
2764
8109
8803
390
487
452
1719
5020
6147
6821
8190
4117
108
8266
3079
4071
2234
3171
6551
4972
8677
3839
1076
1516
2475
9706
7523
8474
4237
5961
6705
6672
9293
1766
4756
299
8808
875
1903
9174
6611
5633
1784
6792
3254
2950
2906
5630
6283
1279
569
7142
4214
1027
5673
2400
5522
2324
4252
7396
767
1532
5520
1300
1740
2731
9829
4448
1478
6002
2031
1419
95
895
2080
2929
733
470
2818
7701
759
5828
823
7164
8032
4803
6849
9035
2113
6444
1121
8177
5064
1120
4480
5876
9827
6788
9567
7453
7434
4944
2590
8450
1856
2039
1838
8519
9528
7572
4728
644
2102
7864
9098
2517
3132
8582
1445
2789
610
9306
3512
3287
7954
1085
2698
121
3944
5786
1993
1353
3741
5422
9541
4612
4430
2417
1835
2515
5374
1303
2179
8005
2960
661
7961
8107
7875
8851
1773
8213
9419
3143
361
6463
3923
4699
6452
5867
1765
4420
6987
4989
53
2690
3243
6361
3793
374
3631
669
3209
1783
4188
5438
493
1410
765
1172
443
5173
3471
6436
7621
6873
1389
2705
53
4467
6425
2593
4400
5146
4142
8465
1387
5078
1225
7801
4896
2636
5105
7229
5023
4972
1402
712
2533
5063
7182
1912
7149
177
422
9002
3273
6106
4331
5508
478
4268
5999
9125
1938
4340
2138
4844
7047
9521
2645
7915
4437
3693
2153
4938
5401
2670
1638
9242
4192
9420
2130
4560
4129
4032
8135
2334
1709
3137
3243
6865
5767
8286
7422
7468
6212
5066
438
3991
5537
491
6602
5031
5319
1952
8688
572
7055
8678
7111
4094
4021
2809
4083
4612
1183
8283
9292
7737
8938
2486
198
2800
777
1009
8415
1745
8028
9845
2058
7034
9649
5532
2126
3431
2190
6974
7709
3869
2522
8171
2741
441
2318
4711
7833
524
6863
2009
8205
1395
2712
9826
3588
600
8490
2765
5561
8186
4403
651
2495
8061
4767
5260
9881
6737
5905
6077
233
6899
2464
9397
2313
3878
5586
4061
3419
319
8921
4594
7425
7140
9759
3051
7051
3282
1715
4187
2612
3440
6865
614
1868
727
9939
6132
7700
686
9066
503
5291
1927
138
8140
5082
6571
4840
9251
7201
7750
2165
6798
2832
8147
5783
9515
7782
7894
1388
4514
8794
6267
382
3389
10
1649
1269
4907
582
4197
3247
947
1003
2481
1392
6024
9169
1105
1770
2593
788
5065
1226
4149
8547
777
8232
489
9290
7211
6573
7754
6656
306
8898
5481
5840
4242
4684
8649
3463
5536
6234
9257
738
6120
7434
514
9861
7712
5342
5855
4875
1312
1634
8016
4785
733
762
9469
338
810
7854
6523
4224
9614
869
1152
6294
2116
2546
3030
2912
612
7553
5041
1416
1669
2064
3840
2383
8735
733
3030
8175
8498
4276
70
7235
8600
3237
1104
6003
3995
2247
3741
3921
7591
8191
1356
1861
1213
1502
4026
5433
220
5709
6292
3507
3679
9978
9612
1894
1399
2096
9261
183
2663
7095
3358
3216
8146
2801
2264
9383
3333
6592
8168
2572
2516
7271
8195
1045
437
3559
7918
1929
30
8182
5992
8270
736
159
1741
6882
576
7021
1915
3948
8345
6165
2931
7217
9715
7269
9279
7126
6657
7552
3333
9704
5854
7959
1535
1436
2726
8855
6824
7704
595
8661
1047
2206
7150
9721
1675
9612
6017
3149
2283
533
4110
148
2442
893
1298
8971
2396
6663
295
2689
6907
3710
8413
1846
9624
3109
3974
7348
3170
767
7347
2576
7816
3677
1265
1135
9471
2908
9587
1560
6642
7323
7023
5838
8620
301
1304
6442
1319
6210
1839
9386
8562
5685
3112
2267
5700
5221
2413
4360
5219
3525
6133
4336
2115
6291
2691
9464
5488
7833
798
9542
9657
9716
9875
9849
5730
4199
7485
9961
2440
7536
2912
386
2114
8358
3288
3232
6925
2183
3701
3337
1540
19
2146
93
912
7207
2298
2366
5925
7083
6810
6127
985
3899
5028
1390
9411
214
2472
3249
4375
424
8099
1027
612
4391
9925
8795
2681
4720
5828
2016
3771
9760
994
6671
3400
1601
1150
8391
7288
523
6894
9323
4201
5142
5032
565
71
1440
9314
7307
9661
3747
8783
2003
4014
851
3351
3685
738
1578
6978
4565
2162
8356
4860
8173
994
3738
5417
3149
6385
5184
5203
8882
5105
1197
2007
1766
3958
4301
403
6573
7521
1624
2078
9371
4282
1968
1541
7143
6623
7821
2137
9440
6192
6888
9114
2145
9030
362
8689
4838
8630
2498
3536
763
649
3369
8266
3050
3161
6229
1315
4464
6635
8959
6358
1780
1983
1910
120
1847
9785
3760
4783
3225
5021
8068
4001
3410
3996
7303
4127
5323
6977
1066
8574
7136
9
2049
8457
2295
70
754
4201
6141
2371
4209
4031
468
5221
9246
4055
4990
6358
8795
9661
5096
7041
4542
4652
7464
140
8412
618
7989
2984
9424
9109
7448
9050
4573
7420
2741
4615
4105
1630
2970
5090
9382
6003
4804
3477
1407
8731
9972
1936
4807
4474
2357
9252
593
5537
8778
8399
1086
1083
2650
2981
507
7117
9050
3091
5670
4026
7454
867
4148
3817
832
766
4501
8904
3980
3765
6833
7180
9169
1566
5531
2031
9368
1727
3202
4313
9106
859
7975
8634
3411
4671
1651
8381
9344
4140
2548
1180
7625
7666
1451
7555
6279
369
3142
3398
2548
639
62
9010
3933
1448
4416
9796
8617
7609
988
747
870
1834
815
1487
2504
527
7361
4638
9168
893
5966
4746
7038
4157
980
2820
375
7090
2434
4183
3188
2794
5563
7012
7360
2774
9533
4801
720
346
2500
9488
8239
5091
2125
5281
7521
4395
4844
9736
8340
1502
4700
4620
4837
3626
6570
1700
5928
9737
4752
8913
2868
3694
2210
6091
1522
3425
8666
2573
580
6458
692
64
7126
8318
2441
5225
8646
4893
172
6866
5650
808
9383
1961
5525
8595
290
3930
6417
4878
1560
2045
4988
2643
1578
6031
9163
5199
1456
7137
9535
1073
2916
6883
9649
1428
5852
2255
1422
6476
9354
2405
1635
3106
7590
9193
3432
5727
3079
1359
2604
3002
2339
994
7236
9250
1340
4263
5842
9354
7255
6549
7671
1320
9226
4768
6905
5483
7229
8570
8451
2208
2798
2073
271
6612
1521
4470
8244
6454
5806
3482
8688
6820
7353
2745
5428
8961
7407
3100
2257
9369
37
7360
4278
5701
1313
656
1734
9309
4997
2099
8764
4385
847
4773
5583
1766
1393
2742
5011
816
6513
4677
612
7428
7649
7242
739
298
4556
4198
1919
9876
6261
1851
2930
5794
8031
827
417
7345
2827
3106
5681
4984
8245
5986
9497
5696
9902
9154
4139
9158
4872
1430
6066
3682
7827
8461
1403
9316
4730
5164
3475
7732
8700
9102
5333
710
8172
4744
6512
1791
6248
9278
7881
2443
6905
1608
5686
2218
4367
1185
8629
2127
3258
3413
3408
5590
6040
8873
2082
679
2578
183
8391
3711
8148
6688
5781
5402
2160
6752
4252
8768
6035
2336
4942
2116
5906
9646
9566
1837
7356
6509
1306
6210
8447
4108
8280
5384
5687
2215
1730
9356
8842
1087
3265
815
6181
682
3931
5124
3125
3307
2380
3850
980
800
726
1354
8729
8525
5529
7280
2222
2364
8656
969
1616
5713
9760
1985
2025
718
1889
3386
9741
7356
4747
1499
3462
8420
2031
3742
3056
5744
5850
6535
1732
8917
9995
8885
6021
6013
4174
5195
8636
6182
1456
9036
1108
1469
1442
8232
7253
647
7769
3880
3121
3349
5691
3835
3136
8501
4921
2655
9419
5816
4125
5774
8650
3896
99
8206
8367
7526
7847
8918
8751
4964
8610
577
2436
3335
3124
9189
963
6762
1632
5024
9534
2771
5162
1959
7433
8022
8337
9103
5773
1851
7341
2743
3951
8049
8215
1419
7982
8895
5099
6778
6574
1438
7150
9906
1047
2616
3583
6608
2460
2319
8335
4073
5629
5277
1200
88
3836
8111
2303
7862
1151
8129
145
2538
5098
1112
5183
934
9786
9761
8993
5485
1362
6828
8396
566
4021
9960
571
1697
7368
9069
3630
1356
6293
7100
6357
2965
3375
2856
507
5084
6216
2737
3395
6944
3108
2388
3363
2230
4796
8483
3267
3977
3154
9157
100
245
8375
1966
8048
9585
2094
8333
326
4735
5278
2120
6625
6485
634
8680
3693
1690
1569
2484
2458
7200
9780
1374
1548
6627
5035
7231
8936
3413
1078
9410
1534
8631
5525
4580
4486
7623
9366
1623
2125
3452
6274
9097
9740
8771
3749
6664
7965
4439
9441
5217
3373
1233
466
9901
2816
213
5856
8587
3223
6105
9511
2603
5633
9556
4054
8623
7333
4315
1625
7250
9788
4282
7366
4438
2414
9092
3338
2991
7555
3162
7537
7505
2229
9198
1303
9994
1144
3221
5314
2783
9561
1053
3612
5016
2391
1621
6946
5338
7477
3157
5934
9256
2202
9841
1044
2200
7567
4481
1870
4039
6518
3534
9656
9724
251
2396
9211
477
331
650
8634
2164
359
5018
4862
1424
5463
2032
9890
5307
318
4333
1837
5710
3617
7513
5267
247
9863
355
7067
2982
4272
1528
2302
2666
8709
7124
1893
8670
9539
572
8207
6723
5303
375
2756
5099
24
2767
205
6763
4696
1948
7967
3183
8104
1595
6860
5162
5710
1585
200
8724
5591
658
6380
4770
5084
8063
605
7620
519
9667
5289
5793
4754
7260
4807
6115
4916
7177
2379
5586
6730
9560
5436
9505
5095
2846
9814
2874
4955
803
3326
1435
5077
3042
9962
9357
5832
7652
4620
7176
3151
9383
9377
9129
816
6961
382
7502
8801
6151
5302
9767
3214
187
7211
1005
2150
1705
5290
4191
9192
721
2053
5313
8224
6642
1054
6323
3617
9483
2297
5682
7138
9776
8831
4129
1801
2990
4097
6325
2937
6415
563
2179
5450
3532
5972
5274
3884
7846
4383
4800
1755
115
3
7518
7586
4185
6531
4283
2848
6604
4476
2745
314
1207
9178
7537
533
11
1353
911
2242
2235
1388
574
952
5988
9024
1169
8579
9549
2589
8039
6654
3378
9890
4780
3841
7008
8734
8430
9674
1519
8318
934
7565
9875
3114
6515
6044
449
8334
5318
389
2018
936
5887
8974
3401
3382
8810
6033
5396
7037
9353
7943
7125
4138
6785
262
6749
8873
8836
922
6189
1767
2385
7445
9516
3271
333
3574
7879
4774
7632
7482
636
4000
5631
2214
1077
7919
4045
2480
2581
327
4609
352
4659
9794
7253
8249
8122
8092
5988
3463
3724
9086
7729
5560
2474
6683
376
5643
5333
6732
9973
3450
2641
8075
4966
3414
8239
3986
6753
8438
5831
6690
1781
351
8743
850
5634
6258
1677
7470
2487
4841
2230
4251
559
5648
1397
2011
3979
5443
9763
2741
4654
811
1818
2290
3931
455
3567
2024
5311
2556
2946
4758
3726
6157
8822
8691
942
873
2737
6951
8581
1576
962
5863
6803
8499
6470
625
5056
7909
3114
427
787
7446
557
172
215
1265
2429
4951
2127
1611
7566
3100
8179
9426
1033
4413
2386
1270
763
9184
3862
7467
1401
5001
2581
8570
2020
1061
2396
6955
1248
2662
1516
9363
7092
3490
3618
7213
2417
314
5336
2201
867
7451
7758
9095
969
8198
3205
1985
2756
1216
1105
6988
1713
9066
812
141
7143
3485
7978
8236
9487
5869
2944
6857
9958
7339
1588
1409
2276
5367
4339
751
2634
715
5493
2002
909
2713
673
5682
485
4496
5199
9121
2292
3473
7377
7316
1239
8004
7584
3615
7070
5560
2440
3890
5227
2287
9220
3174
5741
3686
2568
7349
2953
4661
6528
5036
2589
2475
555
9313
2628
5943
3143
3524
1913
9958
7723
2327
7852
9120
2951
3934
2693
6960
1404
4245
7580
7767
8187
6340
7700
9632
9182
6371
2218
9297
5352
8524
4433
7254
1582
726
2635
5806
2354
2667
4344
8274
260
5534
2527
1273
5159
9007
7277
1613
2500
7066
7535
8682
6112
5410
2497
1116
4606
3089
9428
726
2405
9004
4322
370
2048
360
7026
2572
9592
4160
7273
1724
7426
4353
3878
535
167
395
2892
149
1351
1320
7614
8801
9965
9402
9468
6835
528
8135
1120
7756
7471
291
4054
8694
8746
1249
5391
825
4801
2889
613
1629
157
4328
4667
8451
7120
8635
6604
147
381
6873
4480
1827
1592
9075
3566
6268
2668
6428
9668
6364
5213
9641
7655
4346
4196
4551
3163
3390
36
2719
962
2860
654
827
6885
9893
8970
7701
6628
1036
512
3411
2333
8633
3257
8629
269
6911
6937
6554
7754
4157
7944
3286
300
8535
7717
4020
6079
9186
6698
954
6074
6610
9613
114
1133
7972
1852
6082
636
5802
1158
5984
8445
7258
3801
1239
675
5349
1584
9688
1129
8680
2856
6433
7693
7716
4358
462
2946
9838
9371
2178
1460
6550
4530
5508
3849
4664
6783
1242
5756
7141
8536
2230
393
7374
5248
4595
871
3413
5048
6829
4153
4644
9253
8804
8387
1898
431
1119
2876
1369
1982
1647
3784
5441
3092
1227
9011
4650
4123
4085
8573
2372
9053
7919
4359
8590
4502
2591
3634
6488
2570
4339
8722
1161
6854
789
5924
176
743
7517
6357
6972
1644
6361
9166
4058
2557
5773
6433
4241
7416
2795
9589
1295
8687
3105
4065
450
7811
5333
1194
6277
7886
6705
4268
4512
4723
62
6074
8591
6903
9313
3110
4238
4813
7832
3183
6729
3138
1316
9005
2454
2317
8996
8766
2799
6372
7045
1838
4128
1838
7435
2473
6965
3228
8238
7136
8145
5110
4965
2988
7806
3479
5987
9766
696
2824
8244
8098
5799
1854
2614
9919
4400
3826
6056
5519
8251
7844
7747
4775
7971
5359
6954
309
9055
2091
8611
133
9907
9605
8355
8578
965
1838
683
7724
1040
1894
4293
95
9932
1447
4252
5437
664
2897
3550
416
8108
4568
6883
8578
256
7568
3691
7000
9372
2004
89
5747
350
7449
4832
373
301
3542
833
8690
1601
1423
1651
350
3038
3158
6175
7665
8997
9824
2800
4554
841
2040
8717
2025
897
6999
9188
9834
4451
6223
5830
2930
8891
9994
9669
6427
6062
2484
9229
5744
8641
4618
4965
6727
8119
7794
3685
9009
6015
9784
4101
1875
8474
1484
105
6962
9742
2605
1198
4481
5452
9267
515
4778
4881
6239
2648
3182
6510
5523
9559
9500
5592
7873
2325
5475
6191
9124
4679
4951
1039
5601
3956
6853
3816
5387
495
7
1038
5449
913
8839
8784
6921
5256
4692
7608
2833
5298
2069
9000
3545
2567
3648
287
2457
6329
3368
9053
9412
5181
4043
7788
2210
615
2343
459
271
4695
1920
1737
1476
2341
7490
8870
3465
8221
6375
5225
8535
2587
5672
3361
3167
7125
4946
7725
8989
1323
8336
9290
4954
1039
675
9919
4964
1300
3425
2778
3917
5641
995
4888
1510
7394
1708
6455
7210
2938
6602
1356
9755
8459
1567
1283
7804
4697
3228
74
1267
2321
7762
3037
3309
3461
4008
2719
1326
2213
7404
1469
4304
3324
3066
9010
6791
6960
7757
5834
2197
8295
5224
8488
5011
8602
5714
9702
3834
6570
1398
6671
2436
1621
2950
7214
3302
6247
4579
8645
874
5760
7198
9709
1742
5866
875
4256
670
9207
283
6552
3730
8540
694
9045
471
447
9066
6337
4431
7698
5430
4020
6056
4957
7429
2294
6716
8557
3227
88
3598
6094
6257
2529
2272
6745
3632
713
8612
5742
3391
4472
1144
4977
3469
2620
4417
4868
2030
5228
8499
7319
1605
256
5030
9810
4181
9532
2137
4911
1096
1072
7138
9112
9180
2977
7661
9267
4688
102
6497
4383
6178
9010
2272
2573
8150
3204
8311
7248
6166
5664
6208
5571
4812
6219
2679
9868
112
8201
9411
2420
2402
1094
2944
4148
23
9351
6478
2094
4932
9614
2316
225
6123
2063
3442
3354
1336
4726
193
3642
2490
3252
1756
5180
4706
4382
4435
3331
8813
1124
4114
3558
7202
5746
1182
5051
9530
1800
5787
2020
1090
2537
8942
9035
5698
4614
2246
4703
3771
2745
1289
156
7010
4385
5071
8700
2319
9920
609
4607
3332
4678
3088
620
8622
3323
1365
6341
5134
2958
1148
5659
196
4864
9663
1095
1295
1200
7539
2131
8199
8293
6629
796
4119
6238
7347
6809
3451
6874
4698
4312
1710
6022
7203
6797
4560
9289
5116
2586
6489
4544
9384
4988
5121
6987
4342
2891
8763
8836
6674
976
5973
5731
9966
9620
432
6772
1038
2780
2511
1987
1238
4806
4833
3100
3060
2339
9823
7972
1708
9026
9941
3527
8584
4576
9041
9233
8796
2657
636
6395
1035
1932
1515
7659
8859
1354
9253
7498
2632
8013
1442
3635
6252
193
4119
4641
1290
8388
5683
9174
829
5412
5753
426
5331
4349
5436
794
5417
4831
1676
5228
4965
1057
9555
8308
6821
2471
574
712
8811
964
3563
2899
6805
8017
4903
156
1022
5913
325
7092
1511
4938
3645
2082
243
2364
9163
9102
7012
5598
2258
3008
9609
4229
7892
6310
3940
1188
9379
2263
8589
8218
4196
2491
3145
7566
9209
8246
7112
8475
9467
328
433
2539
5562
582
9661
965
7076
7687
8502
7350
8823
958
7374
5457
2934
3002
720
9159
9037
3246
1175
8948
2805
2289
399
7103
8517
7222
6751
4992
6367
1882
9156
7662
4598
4335
1196
3392
4641
2778
9687
4223
7889
5550
6398
1341
3089
1351
9776
2553
5138
1078
9808
461
852
2112
5809
6638
8228
7253
4557
5281
5656
224
1351
429
6075
6996
9254
8245
3161
2241
783
9329
6506
2345
6079
3841
910
1493
1373
6514
2732
6726
1762
9884
8411
3405
4260
9617
5965
3754
1943
678
2270
9925
1108
2703
2000
8541
5669
6715
1476
3876
1349
1988
104
2150
7081
7509
3716
733
654
6858
8018
9175
2802
6937
1392
7555
8291
4002
6039
5693
1592
8951
5914
8255
7392
5323
1069
2499
4606
9820
4266
2649
8594
496
1877
2094
1334
9489
4667
3543
4877
2217
4957
8192
1659
2236
7709
343
9780
1191
9453
2823
4678
2156
3202
6886
1286
874
1435
7645
5964
6703
6516
7931
7373
7661
6168
4552
2028
7821
9995
4330
1712
6359
5891
7098
9395
684
2186
7491
8256
9866
6660
1216
874
477
2752
7426
1516
917
7936
9076
8133
9099
6281
9023
4655
9731
4010
989
5316
4833
6236
3598
3711
331
5390
2764
35
3619
1645
6351
3663
9377
4805
9422
1116
9458
1787
348
8923
450
2102
2671
770
6874
4689
4096
5056
1930
8657
8116
6917
3749
8535
92
2772
4159
7476
78
6099
3896
8751
6977
5288
3589
489
5084
371
2
2299
4364
4763
1754
452
5095
7562
6947
1476
6787
5304
6762
7287
8965
1048
385
6802
4187
3973
6842
95
4713
4138
5266
9241
1060
7300
9806
1463
6623
6568
71
3192
4281
2404
7781
5122
6563
694
7133
8378
5138
9774
4634
9299
7353
4885
380
2327
660
1738
819
3415
8660
4737
6842
4690
4686
4282
2612
6007
482
7203
5752
2602
4843
93
3227
8776
5307
5310
2305
1276
8821
7723
468
8013
5112
2404
3040
1165
1454
8141
276
8754
1928
1440
4793
6978
2183
164
7263
8017
9418
2731
1260
4506
7963
6494
68
9695
344
1658
1000
8048
7443
6055
926
6205
392
1612
4724
7980
1217
132
6676
2426
8076
1822
8949
8289
8439
2056
3527
3613
1441
7641
637
4255
2720
4081
5416
3917
2546
4641
3272
5184
548
1017
6114
6108
6596
710
1615
4973
3462
9544
9386
7429
1449
1956
6199
6648
6583
879
148
1140
879
4917
513
9201
5363
4044
3663
8636
6960
8732
2842
5011
6545
2042
7878
1104
6209
4697
6331
5718
1637
5856
9519
7917
1638
9178
8791
3150
4143
6272
9310
7324
2842
8806
5650
5304
3771
6920
945
6035
8794
9666
6022
7394
9313
7906
7043
2339
9737
9839
3006
8561
6357
661
2700
265
2859
2087
4334
9194
278
1684
477
6655
3229
2053
630
1597
8529
2588
6838
6683
200
6141
1716
8035
1597
2265
3410
9340
5700
5358
9441
4917
2638
5967
5223
5842
1809
549
3026
2022
9620
979
3785
4772
8718
8666
5398
4646
4620
9649
9894
6138
2420
6419
8652
176
6076
9190
5753
6627
1705
2814
492
4810
5433
358
665
8862
8735
2921
428
9178
130
8436
6649
6772
2309
6685
8027
9629
1428
511
408
6650
4707
8956
9222
5663
2598
2097
4593
2641
608
1192
1912
5801
1325
8369
8810
4071
1902
6062
4691
1276
775
2144
9927
4437
2250
7109
6411
2025
8274
5230
4886
7153
2639
1778
2874
9418
5412
7588
1122
5276
8818
9044
3739
1288
6834
1113
2882
132
8661
858
2097
7542
6620
607
3449
4545
342
507
1039
3154
8877
4277
7110
3273
9808
5867
4416
6665
1470
8837
9348
9118
6294
650
2446
7745
8417
7350
3385
9629
4381
3926
8749
9198
5432
5513
1561
9487
1937
7638
3295
9104
1358
237
6002
89
588
6239
4016
2930
1051
9437
5647
8206
3781
4322
6025
9179
8626
3487
7031
7370
2445
5914
3343
6078
6612
2357
2045
2183
402
8831
1619
108
6540
7806
3296
9370
2910
1944
1665
2351
8211
5092
1979
500
38
4099
8900
974
8252
813
9508
4852
2558
1501
2702
6621
2263
7052
1662
1169
8193
7374
9811
8396
9648
2095
1401
2338
5483
2220
1021
6598
335
4689
5440
3417
7378
5285
7015
514
9719
2728
9944
257
2438
2792
9012
1268
3353
389
1685
2742
7479
587
9798
4810
4769
329
1702
4139
7806
8644
7259
3185
4742
925
3173
9363
1664
7218
9977
9328
7084
279
7514
3995
8896
9762
1512
9065
3555
8042
6824
4348
5051
7053
3334
3261
6999
4612
2861
7676
2924
2983
1986
2695
8688
9679
2996
6364
2312
4960
9988
6478
9874
4931
2068
7625
8450
4277
337
2134
941
561
768
8429
7414
1085
298
734
1995
231
1447
8701
4671
1038
8332
8785
1062
8945
4
203
1219
376
6303
1334
9250
1956
5197
4931
6708
6071
5448
2898
3517
8914
4485
5808
159
3795
7626
4515
6421
3515
1308
3494
7663
2641
3087
5413
3456
4361
7196
584
2137
5521
1841
9103
771
9809
7468
3618
63
9536
4934
9621
8157
647
6847
5069
9663
2022
3149
2198
5804
9512
9732
2256
7299
584
5636
9613
9093
6447
7622
1131
1296
2021
6580
8066
2701
1827
8427
6380
8458
1402
9473
871
1669
3718
4006
3180
317
3871
61
2750
72
9845
8519
9105
5299
4458
7955
4256
8365
7837
7768
460
6787
4457
8622
6805
7705
6226
6592
7067
9853
1355
6802
1057
3564
967
5554
2102
65
5942
5840
2675
1857
6556
5677
7619
5864
2352
1845
2518
8833
8809
3099
1108
9175
6984
8665
2514
79
6101
9460
1750
225
5884
1090
2121
2219
2884
5595
4946
404
8866
1632
8781
5425
6562
5422
6365
5049
849
10000
647
7992
7292
3592
2298
2582
6712
9995
9919
6822
6662
3504
7653
7406
1668
791
4617
5945
9299
1673
2584
845
1773
5635
3716
7741
6130
9250
9528
4159
7799
4941
5195
2203
557
9893
8246
4680
2018
1262
4054
9334
762
6938
6992
1707
7724
5258
9400
222
461
5843
4272
7221
5052
9714
3201
4639
4706
9328
1818
8049
9544
7316
4091
529
9061
4395
8784
6692
2542
6472
1327
6184
1676
4187
5904
9760
3260
899
7631
2163
8729
3603
1490
611
7594
21
6027
4655
3851
9570
3565
2359
9228
7597
30
9203
2604
6770
1505
7858
9187
2226
2912
7571
2018
5883
2747
8982
4283
5018
6308
8815
6880
2192
2407
8416
9549
8068
4058
7955
7237
2862
87
3514
2957
1616
8780
6088
5865
1826
687
8203
1354
484
8594
9167
9285
7170
4267
4804
2531
1974
5505
9931
4266
3361
1877
6051
2334
6264
9462
4646
1719
3838
8930
4258
865
565
1949
8984
3942
4419
1764
1302
9707
3030
5694
8277
1389
2168
7735
1747
6537
7025
8364
8590
3423
6768
4214
5253
3092
6839
7479
1998
730
6104
486
9814
1584
995
4217
2860
1272
5613
5159
4284
3405
2544
139
3837
2817
8437
8808
6810
568
8018
8335
8881
1766
9347
417
5773
8537
1850
1957
1683
8117
3942
1209
7262
5012
3748
569
7083
2714
2680
7984
9524
8409
1530
5393
3022
4010
8049
5364
6081
4614
9857
4705
8219
6056
7011
3710
915
5571
4248
8745
2541
2610
4446
404
8931
2307
8863
1828
8190
8002
1868
1271
8487
3639
5084
760
9104
4752
9284
9205
897
8236
1109
4299
9492
700
9113
1238
2000
7898
6811
7834
581
5047
9849
2368
7932
3126
667
6354
9884
6217
6705
5509
652
2047
6430
8617
8060
9706
2166
1586
1682
6722
168
2547
9989
3292
6747
1295
3899
7720
442
3984
6211
9452
2432
852
3698
1156
8850
1115
270
9623
5854
3409
3516
2312
1383
1643
7497
8417
2926
5987
1339
6623
784
7955
1397
2462
5522
5475
7805
5731
3101
7795
9774
3659
7913
760
3676
3046
5690
6151
155
2595
797
8835
3661
9915
5585
8357
7728
845
9542
7040
4628
2988
6535
6562
5341
5562
1718
985
7389
3891
6411
5708
6014
8682
989
9220
1634
2244
4364
9039
9211
8854
3685
7875
5690
6063
8339
4818
696
9061
3428
1601
8790
2129
9123
248
7844
9290
6127
4489
5411
962
6286
1697
6844
418
8100
2817
1053
694
7873
425
9815
840
8413
3305
2217
5997
468
8455
2745
18
3282
3215
7384
1621
2845
1197
9331
2452
5749
4876
2648
3126
9532
2812
8575
9642
4662
2054
2804
1603
9039
2335
3206
2032
7854
4589
9410
3453
9230
1469
8460
2780
1238
2112
1986
7537
7357
2970
2929
1504
9328
4952
3428
6135
5551
4708
7456
9243
9531
6890
240
6676
8815
6024
6097
1863
1089
648
2525
7895
6167
1901
2985
6827
1178
7982
493
9981
4908
1125
630
6088
9048
9751
94
7007
6333
578
6902
2525
8842
6743
7496
8880
6281
9660
9600
6341
1708
4321
3764
8354
3721
862
2471
9286
3188
7201
1585
4784
5872
9832
9899
9650
4373
5456
1310
5716
6464
6684
1962
9368
2173
4949
2261
9681
7573
6180
3689
7425
2280
6208
2716
6823
6922
5304
6398
1094
9101
2831
1957
1812
4914
6330
4296
6055
974
475
989
1807
8654
5131
387
8371
843
4298
5774
1805
6955
8823
6582
884
3278
2525
8687
6558
7859
9715
5255
4674
6957
161
1857
9422
3130
5396
2852
4046
5197
2672
2130
2247
8208
8328
8793
9175
5148
9808
7292
2012
8515
2204
2591
8438
756
1712
68
4846
5052
4423
2857
723
9308
5632
2318
1705
5904
412
8999
16
6201
3832
5750
1877
3022
8986
9269
139
1591
7645
2390
2792
7237
8477
1499
8383
8675
4434
7732
7472
8541
61
5724
1425
9378
7907
5155
5083
9515
7836
570
2469
3817
5194
3648
7425
9120
1193
2766
664
8422
6203
1892
663
7929
98
1954
6662
2739
5274
7175
5948
2030
331
313
4
439
5106
1273
3405
7301
1658
2564
4789
6855
4685
8408
723
6814
1038
173
1638
95
7794
175
5105
7991
8129
5309
9636
7628
8272
835
1353
1815
7547
1944
5635
899
2037
1287
87
3493
4480
4381
8007
8633
2460
8935
3794
2848
8751
2313
4989
5579
6952
702
2400
183
3939
4547
240
9766
8620
8547
7728
8480
8788
5872
6839
4750
4661
7669
4272
4915
6437
8126
5268
3144
9820
6613
5463
1022
6566
1643
3060
51
4903
9418
2858
5392
9201
5357
7364
9016
2038
4316
377
1809
9743
7289
9784
8352
3928
5372
3601
5446
3506
303
2899
1661
7526
7448
282
496
5322
7786
8612
4893
6789
3050
6984
4332
4194
2290
3702
9756
7095
9544
8635
3106
6402
3020
5517
881
248
8436
2513
5400
4733
6279
1038
8894
1331
4395
9602
5790
1699
7534
3749
3234
9980
7415
2081
305
6734
9835
7902
5337
5653
8111
7568
4571
7831
9824
9967
2184
5180
1683
8410
6607
2240
2430
5770
1300
5370
5027
4968
1248
4377
4848
5454
7178
5763
6344
1182
1977
478
2415
5189
2550
2426
7448
6269
995
3397
8862
3942
1087
2508
2420
5490
4565
5682
5693
9762
4311
6003
2170
7491
2109
6181
856
8361
7805
419
1686
6887
6138
6616
6086
1203
2701
2653
5771
9565
2532
1076
8461
5897
3693
2705
5340
6449
1824
6091
1243
6092
2335
6278
6664
6781
7903
237
1085
1979
7939
1378
4375
1988
2173
486
6841
6464
3300
2727
4849
9078
6389
9148
1349
6401
4009
5697
2086
9713
1833
2035
8657
5490
8756
8699
1204
5404
4588
4443
8231
3471
1076
2762
598
6076
6523
6655
5072
3604
3605
5726
7233
2161
3437
3429
2959
3670
6092
2566
615
7736
5096
5155
1910
5257
3166
2459
8198
8265
2414
838
4926
2107
760
3682
7321
4472
6522
1067
8338
5670
9078
6956
6260
7430
4373
1112
355
3568
4671
2151
5209
4239
246
161
6610
5884
2437
6204
9143
459
9755
6230
5436
2040
1207
7170
600
3759
4867
9970
1367
7822
6929
8408
6049
1996
2486
6924
7768
8534
6216
1676
8164
4205
1273
4839
6606
2737
8577
2504
6319
1115
348
3268
3958
5069
8377
178
8972
4555
4078
5452
6055
7334
572
3226
7040
9772
6422
1433
3830
6961
6176
6125
9791
8347
4762
2812
4610
528
9177
3383
2788
625
4986
438
9094
7875
9974
1882
60
3202
2035
4370
8700
4660
2400
5082
7690
4861
7422
2743
2646
3816
1744
8867
9490
1409
7121
5240
500
4387
6967
319
2401
644
8123
998
6612
9250
9909
915
9504
76
1978
7723
2763
2369
9317
3264
4471
937
7623
7566
1647
7252
3550
5493
9142
3862
2886
9124
1327
4320
1954
4249
9787
8558
1272
9579
9446
8402
1072
7060
961
4051
9739
8511
1646
2372
1667
4821
173
166
679
2919
9273
1997
9507
1051
9714
2980
1952
1766
1304
5216
7585
7262
3132
5780
4073
8349
7703
6650
2557
7861
9943
5261
974
1110
7612
6998
8770
5184
1143
7677
9447
1657
4525
8731
8199
1741
2958
4529
9577
9080
1817
4074
4590
6437
1404
4993
8758
2548
5885
195
3510
9246
4440
9570
7770
4664
8398
8991
1690
2009
8970
5397
8303
1403
179
1941
9954
1523
5876
5
5304
4513
5882
8312
4367
6
7122
1835
7383
3257
8432
5653
8209
9367
3231
9644
3737
9694
3372
7671
467
5176
1569
9287
9751
8392
9570
6532
6843
2741
7321
7705
5109
1817
1986
224
61
1193
822
4283
5668
1859
4184
6215
8215
3065
6946
3873
610
4255
9068
5
4117
5717
4865
5499
1654
4693
4274
7824
7148
2732
5863
8885
9255
8889
250
1450
9329
7143
6593
505
3621
2809
6382
8258
4065
4634
3161
7450
8252
6707
9193
610
7864
6889
1108
9752
6
2683
4732
480
892
9983
1925
1601
1672
87
2424
4047
7729
1686
9306
2700
2146
6406
8202
270
2501
5060
6844
5758
3585
6786
1848
8982
8675
3098
562
3495
2318
9507
6855
4045
4307
7974
1180
2404
7806
9453
8503
4951
8102
5344
4618
1565
4738
479
7219
2850
9244
2014
9908
982
4423
8996
5075
9496
2496
6514
7042
6672
2534
9220
2652
5711
2600
1337
2852
6343
2307
3026
1805
5978
2264
3628
4504
4596
1951
8701
945
9783
1758
9857
6121
6570
8408
3682
1314
8641
1477
7688
2380
3259
4421
7878
4066
7549
5493
6928
9715
2498
8573
9918
1122
6591
8239
434
6189
2248
768
7817
8525
4197
3715
7939
4498
4466
8538
4258
2940
3321
2284
2165
1961
8495
4341
145
8513
6513
608
8292
2563
2908
6437
7849
2414
2831
3027
7419
448
3474
2460
4874
1806
4099
531
3998
375
5109
406
9982
3961
5319
7787
9407
4720
3349
4012
8222
3970
4432
8387
5660
5740
1950
20
4844
506
9458
5372
7389
4377
9562
6429
5528
1501
5147
6598
761
9873
204
4964
2109
5554
5764
9836
5568
378
2820
516
2915
2189
789
9940
8720
4373
8656
9872
6461
2926
5040
226
9842
7553
9223
4665
2971
1025
642
9748
7644
4359
5486
8524
1575
8830
6200
3717
9022
9438
406
755
5338
5481
9942
2588
3848
4375
7162
5298
2406
1601
8560
4285
3729
1407
7970
4521
3467
963
467
5093
5215
7058
2421
9991
3013
2070
3050
7535
4836
420
865
9762
9674
1630
5596
932
4108
7976
4563
9266
1614
1163
1114
452
2994
9852
9811
5942
9121
762
3220
3952
9034
3673
3735
859
733
2417
387
1762
1991
933
221
5162
411
8357
4638
5778
4789
2659
9219
104
7165
9573
6984
3377
7197
3119
18
6998
9572
5342
1310
1087
1350
6229
3420
7984
3817
2487
1627
2455
8928
1065
228
9937
7878
9477
8838
4143
2329
2222
7988
3196
6908
3030
7024
3914
891
2225
5126
50
3068
1256
4793
8536
1098
7533
6734
3584
1648
6529
7834
804
6312
5527
6668
9664
2705
4278
6538
4787
8162
8481
1756
4822
65
2135
2507
4665
8082
1737
168
6658
8161
2223
4140
4549
1134
3945
4659
5234
4986
8727
7719
5282
5957
5975
9357
2511
4134
3681
2034
5446
7639
6804
7140
8317
630
6351
4048
7204
6700
4239
8671
7134
6475
9132
1936
812
2074
7074
4979
334
6592
4896
2107
569
1905
3154
8305
4774
8940
8542
8967
64
32
576
324
683
5666
3383
8217
2085
1360
3100
8197
2686
2707
38
2876
9063
5686
7615
1208
8876
600
788
2237
320
7652
1359
3086
2573
4203
1348
5857
7097
2374
5037
4915
439
3613
2566
2619
3298
6134
8008
4799
2650
1855
7398
2074
1708
7659
1513
888
4515
1452
2092
8694
7169
7844
134
1773
156
8379
7291
1640
5672
80
2370
4090
2536
7680
2100
6353
2116
7319
9434
5800
6186
7529
3603
3984
132
8671
1031
4524
2429
6659
591
9710
5491
9354
8112
5397
4363
4693
3196
4595
4967
789
9383
6752
8984
4145
1194
9553
3252
2362
3098
7014
2277
8104
5445
9014
232
6092
6450
2187
4224
1269
6309
8397
5870
8511
6405
7327
1857
2207
5822
3419
4829
1599
2597
8607
7149
5130
2383
2772
5928
8166
3809
8290
805
3333
6885
1382
4110
1209
4369
9678
5798
4474
903
5514
7865
5562
5212
3891
200
3059
6330
6152
4081
758
3155
5549
6993
5826
3676
9746
2809
3861
4390
5204
1473
7734
6283
5718
79
7535
6636
1293
1173
7467
429
3934
2782
211
5517
9912
6775
2456
3047
4018
8829
4272
1914
274
6602
1729
4712
5250
1071
9726
8449
4595
4880
4437
1933
1535
963
2500
1420
5360
9734
47
8110
6945
8131
8850
6321
4248
4325
1446
1469
7584
3079
6534
1585
6744
3889
4175
5068
13
8562
1034
5915
7336
3148
6872
6534
5992
3026
5762
7673
1470
690
9550
7106
4410
402
96
7407
9785
956
3078
1493
2299
889
4161
4593
7413
4895
2037
8719
4107
410
4207
1964
27
7595
4313
9947
8362
7044
8128
5129
2176
1375
4688
7746
9378
7825
3715
7648
9603
4594
7310
5719
1258
4217
456
5217
3234
8250
2793
6810
8019
5183
5127
8091
3300
8295
800
6439
2797
7232
8166
1543
6829
4486
8941
9221
4241
7609
1701
8395
3583
1296
6104
5610
7974
5072
947
2985
6422
2411
6997
4884
4351
8728
1897
3808
6282
1750
4515
2975
1097
5088
60
3752
3279
9775
4397
6196
4575
403
5501
88
2869
6943
27
2566
9767
6135
9547
6514
458
3962
9968
1189
3348
4799
6541
2180
6597
4289
8412
8157
7173
11
8522
3846
636
5122
681
2198
5299
1365
7716
8416
9869
1077
9951
2388
7141
1828
7926
6900
2854
4847
8402
70
4605
7195
539
9822
3135
2065
1281
7753
5354
1449
3881
233
9276
6535
488
6228
6213
7400
5936
5387
7182
1995
9821
3579
2711
1088
8910
1557
1314
6834
9300
6878
896
7619
6524
1366
1582
2124
2220
1929
2079
9521
4224
9336
5305
7078
7890
6149
4767
6084
8907
1024
2513
9961
9419
6275
2278
755
4778
1456
3109
2587
9964
294
4342
5057
7655
2230
7819
1339
6164
3560
8669
8861
1559
8363
1625
7943
1727
9761
3287
9505
363
8903
990
1223
6067
5013
2681
4949
34
42
4008
9057
772
1701
7478
7467
2708
4147
1758
1942
8354
7147
1324
7539
1814
843
1332
2913
1143
2033
8982
8727
7962
6153
7308
1229
2924
7033
6714
3998
334
8157
5506
6862
3475
6884
2185
6251
8219
6871
7342
1525
9868
4365
3892
908
5909
8320
9860
1134
6659
9564
6708
3790
3279
7917
1893
9715
8990
1206
2047
2742
790
817
5900
3673
9057
1562
759
7319
9108
937
7012
7504
2092
6819
5100
7761
5917
3120
5599
4341
3562
1659
664
942
2883
123
3662
4545
8033
6340
8464
3925
8739
4893
9214
5289
9879
5855
7608
24
5287
3202
8935
2654
9481
4983
8557
3096
8900
1125
974
9629
8516
9253
5467
5406
28
5020
5570
8943
5198
5644
7863
338
2668
809
7968
104
1371
7052
7555
999
3357
8537
5313
649
9563
4801
9983
9194
3076
1767
4136
9456
2953
5987
3380
9688
9124
104
1831
3189
395
6725
8090
983
6057
8702
4249
9100
6503
4072
2001
7546
1069
2599
2376
2216
5706
3848
5513
1775
8884
2493
7270
3332
6913
7132
3245
4195
2338
4726
5158
3994
7682
2664
801
5531
3538
3331
338
1391
6850
1308
5530
1482
6703
1827
6548
675
6047
6868
3396
2767
685
8768
1056
4435
7972
5128
7084
6614
7454
5182
6758
9592
346
9868
8070
3701
4735
4705
2547
5911
1524
2015
2069
831
1387
8982
6591
7473
2864
8542
2296
4146
5061
7911
7438
2995
9547
2352
1801
8075
2784
2393
9104
6341
284
2985
9615
1423
7657
6383
8451
9725
5477
2154
8731
2593
6777
4839
4223
9420
439
2413
4685
5792
2518
2490
2391
141
893
43
878
1448
7793
2526
5932
1499
766
5528
7269
831
5303
7174
6891
9722
9502
9316
1972
8280
5682
3726
2428
3146
1659
4730
1754
2097
5783
3090
2084
1289
6034
2146
6513
8583
1399
5302
2242
6608
1530
3713
7743
3038
129
7741
5203
8148
9157
8261
359
76
7596
7988
2688
3413
2484
1676
1272
3661
8736
2150
2252
2752
7602
2540
4715
3070
3676
8456
8761
1342
6454
8155
2630
901
2975
3996
9219
2612
1380
3686
5645
4676
7009
6288
3281
4803
9179
2764
8654
2828
7481
1823
7129
3432
4070
1202
1907
1942
5223
6045
5786
731
2492
1102
6706
9018
2441
2636
8802
3314
7874
4687
1694
4986
9561
2539
8216
7261
3846
1281
6965
918
7578
6116
9441
362
8676
3579
2162
1207
5024
2908
1037
2400
1364
4739
5787
9894
8280
6676
2313
8582
1719
7527
4482
5653
7578
2508
9996
8859
6127
1075
1381
8226
8508
1517
412
4862
502
9520
8896
6921
4288
1901
7337
6565
6164
3953
4408
8849
2466
7149
9375
6568
764
102
3168
300
1149
1676
5158
7494
4269
7003
4726
1258
1974
3603
5300
1915
7235
3272
5940
7508
5373
9433
2167
1571
7525
2496
6450
1875
897
5870
5341
8016
1463
8549
721
8761
3211
4610
8734
3652
6824
7248
4703
5492
832
8734
623
6331
8563
6251
9240
4208
8401
2695
5343
8352
1920
8521
672
3940
1692
8208
2363
1797
7810
2331
8828
2610
9995
3895
4252
8718
5417
2699
1129
922
2930
5749
8629
8277
8319
9810
9617
1701
4643
7968
2408
7669
3356
8420
716
1756
6892
3082
1089
6609
2404
6384
2986
2401
6117
8434
2039
1132
1974
6947
1468
3746
36
8112
5600
7745
5101
4164
8314
3643
4827
8475
171
8410
7217
1912
7868
3779
7991
4661
662
2043
8149
7277
9107
2124
2881
2379
8152
4693
7033
6913
831
6373
607
1768
6310
2854
583
7770
8681
2666
6370
2065
3936
4822
3656
4189
8296
1905
5943
6200
1491
7514
8254
1514
7983
5820
6584
3435
7143
1331
8665
7756
6443
2956
5322
8980
4032
7086
7812
5179
3415
378
6142
4601
271
979
1431
2076
282
2541
5619
6203
5247
2264
4533
2766
8053
5434
4672
5625
4827
29
782
3500
3176
6621
8780
28
8837
6511
1836
880
3932
7363
7705
7195
7007
9080
9608
2332
5288
1
1347
6727
2100
9195
3572
3569
7102
188
9587
8222
1053
6203
4832
8106
8013
9473
5040
8745
990
9795
6311
6528
2687
8716
4074
48
3241
1149
322
8886
1355
4180
9679
6147
712
5501
3330
4700
6098
2747
2152
6817
4165
4020
6407
5470
5587
2592
4843
2515
3091
8192
5198
3715
8089
207
4953
4143
3796
7337
3245
7297
6938
2877
5551
8088
6547
9268
6535
3030
2584
287
5415
5018
8234
1314
332
8350
8178
8802
8390
1201
700
1088
8296
2898
7890
2114
6734
5713
7529
390
2193
293
2606
5638
1660
6957
8031
8409
7291
904
4521
656
7417
7218
6901
8508
2806
9445
7409
1599
2570
2059
7872
3225
8476
7237
7489
8159
8034
2845
4560
5642
5750
6075
9343
8213
1852
6251
386
8965
4471
9529
7517
1750
1812
6897
3998
5849
333
1384
5321
1759
958
9290
2696
6404
3381
1522
7167
2108
5851
3340
737
6559
8341
8939
4708
3636
2201
4713
7333
9566
5553
49
9291
2137
4482
7246
156
7250
5257
1202
6066
9034
9354
3413
7291
3321
7560
6020
2084
2866
7715
9621
8707
3659
1925
348
9446
2841
9930
4639
8319
8669
5555
777
9676
9360
6298
6081
4504
8144
7458
328
1444
3848
4710
1269
3971
6496
2030
7088
5047
9386
9537
1057
4079
8359
7070
6
6413
6813
7256
1878
6825
2858
8100
4425
8920
8245
6516
931
7434
7625
9889
7364
5366
9440
8971
4945
1846
3809
7488
3793
8209
1290
6685
1639
2029
1900
7416
8178
6113
9976
3081
4757
363
4077
4348
3639
9383
4287
3848
8411
7834
4614
4109
846
2161
1420
5231
82
4060
8500
1093
9596
6906
8251
3984
607
5156
880
6907
599
1161
194
231
8997
6637
6862
4068
8238
3840
4725
9231
3154
5855
3391
1982
940
8268
978
1580
5871
6719
6401
6917
2363
8586
7845
5712
7986
8397
28
2560
173
1822
8147
3753
4493
2918
8341
4562
6899
4412
5777
287
6111
2914
828
2908
7753
5009
7212
4489
9520
7189
5936
1032
5429
40
9392
71
7351
2416
1128
1693
6973
3240
2419
2615
8534
4975
1001
6208
1008
866
5401
5794
3482
8922
1925
7663
5786
8582
960
8190
1790
6870
3657
8118
8227
4013
6724
7484
5831
6372
4092
236
9935
2670
3338
2473
8119
7071
2692
5221
1885
619
4999
2287
5020
2288
1506
1792
2250
2835
4808
8067
9760
8428
8707
5928
125
2592
9881
9527
8569
3458
1424
1652
698
553
2976
6744
6569
1967
8317
889
6945
431
481
7454
4029
988
6987
9445
446
6498
7546
1729
223
7485
56
2516
3193
9979
2343
2768
1494
2594
988
8014
8070
1137
2381
4458
755
6455
9211
2805
1845
7478
3968
8440
7363
422
3912
5080
9152
409
6943
7935
1826
6466
7566
1780
5602
3556
4869
7696
6853
9499
3239
8928
5260
4621
3273
9641
5565
8591
1000
863
8335
1047
9324
9076
4361
5557
3185
6224
1544
8592
2512
437
1234
6290
8159
5152
8221
51
1661
1486
2142
2854
6763
7076
2643
550
187
236
9440
9390
4666
6337
3642
3611
3854
5417
6212
9858
2766
6246
2429
8881
2739
6907
8662
6374
2417
9902
9092
3841
1430
3538
6714
5371
4431
977
7764
6116
2797
6411
8835
9437
9323
5266
3851
1450
9372
7441
9358
2517
4278
3280
6551
2290
9553
4473
2342
2934
2446
9143
655
4182
6327
9940
6864
1026
5547
9455
2566
3390
3589
2255
6527
2276
3905
2298
525
1259
6671
4579
6559
9525
3635
6840
1359
4716
9394
6951
4059
2378
4012
6292
2517
7978
250
700
3513
2290
6470
4406
8929
9325
2957
1310
6075
5482
2710
6849
1317
7383
9983
184
5822
2603
411
6741
396
4166
7678
7614
6381
681
5476
2300
1454
1477
3301
5282
2828
5668
6154
3566
366
8521
5803
1042
1823
664
8160
9712
9357
6278
8052
9830
1476
4735
5704
3103
9911
9065
8797
6421
5426
6780
5023
2263
8643
1342
2865
2607
4530
623
4445
4976
5861
4921
3241
6674
6133
9622
2504
9213
9405
2047
8597
8551
8631
168
9808
9118
551
4413
582
20
8101
6410
8963
3277
2427
1885
6999
1050
6354
653
5480
6979
7725
2887
893
1814
7682
956
7814
9522
620
3675
5548
2530
3186
7184
4540
6586
2901
1161
8147
1747
9323
1037
3433
3815
3855
1228
2733
139
2357
3284
9828
6527
9278
1656
5056
2294
5936
7297
9826
7878
402
2258
4576
175
4586
4252
2613
2076
9176
9607
43
2699
334
6155
8233
7115
70
6209
1612
7162
7378
4540
9575
8108
7169
8119
9306
5099
1142
1470
1332
1825
6712
9307
7561
6582
298
9415
9329
7995
8760
4925
3798
4050
3158
2988
1915
2259
3688
3013
4156
7791
4273
3407
7706
2050
3517
5738
7892
7740
4333
5866
3252
9212
2981
5680
8126
6304
1335
6439
2585
2590
3742
9939
4219
3042
602
4026
2231
6934
8958
2703
1557
7155
9451
1203
2565
8986
7610
1162
5108
3344
92
1374
9098
9261
2578
2646
6105
580
9499
357
5637
4416
5073
9586
1252
2530
3490
8555
3988
3596
7296
1224
5055
5373
2871
2208
2320
8155
4833
3151
3155
34
1020
1842
2206
8734
7734
3592
3072
106
142
232
4333
5094
6410
6450
7655
7594
1735
6055
1820
3310
53
2168
6562
949
2510
9200
499
797
1578
880
8744
9847
3268
686
9575
1926
618
2316
9581
6730
9399
8090
2649
6553
3040
763
6862
2770
7729
5576
4022
1906
7445
1239
9734
147
2663
8985
8758
5064
7564
102
333
4280
9308
7049
2495
45
565
1963
2390
60
4190
2753
1617
9330
7420
2100
1279
3747
2950
9124
3177
9362
5161
7324
2739
4847
2875
2404
3041
1108
751
6985
9817
4286
4093
1340
381
764
1311
557
4
8088
2220
1541
5933
8728
4709
3222
595
3972
9665
5508
5535
421
520
352
1649
4690
1777
488
5724
2153
2428
5344
8068
4736
1663
5231
8008
5897
3761
9305
2671
3799
4744
271
4581
1427
6163
3465
9634
5277
8151
6495
4399
2899
778
1739
2583
3234
481
6606
6239
2800
4890
8340
3237
9958
1305
8889
5514
7566
8754
5992
1312
6864
3803
6023
7440
4411
1279
5348
6036
4486
2242
654
1200
452
2056
6708
2335
729
9188
4318
3841
2416
9298
9549
1382
6504
1395
3747
89
5426
1531
8818
1357
8107
2220
4373
1448
2201
5649
736
882
2343
3786
5049
7195
2577
8714
900
2208
2414
8882
1216
4220
3441
8443
4658
5838
9310
5558
9733
9822
509
1731
862
9983
3344
3604
7696
9972
5155
7567
9141
1458
3513
3718
5240
9001
769
1207
2067
2481
9146
8561
6155
4582
6923
3357
7004
6148
1073
3737
806
2626
1383
6163
4549
574
7847
5114
1330
5131
2243
2500
4955
6796
3186
8222
8050
1360
7899
9927
5608
6875
2307
8012
9256
3033
4215
3937
4803
834
5640
1124
2191
7307
2457
1570
8255
9954
5273
7462
7408
2711
4432
7541
217
7674
9404
9803
1568
1609
9913
7971
1804
6391
8899
6104
6366
267
4203
7247
8383
7390
9083
9232
9304
4194
2905
6329
4163
4994
4268
9377
8261
1086
6835
9725
1848
1075
734
3444
5145
4140
291
4530
8583
2699
3681
4191
7367
2342
7153
7518
5719
2289
1394
3125
9896
2815
3281
1519
410
3240
170
370
8551
3993
6562
481
6111
191
1360
8754
3863
9777
3887
1501
3216
4752
5333
2713
3400
5136
8096
8918
2436
979
9253
3114
4680
4218
7208
9852
4476
3979
7771
3506
5903
4993
4870
3947
2455
2726
5995
7820
6832
864
7559
7947
6160
2175
9223
7357
1340
2658
672
4480
6269
7885
4332
5831
1168
347
5846
1209
1488
8243
5781
5400
1972
3004
5016
355
9672
5359
4965
6282
4428
641
6770
7333
4447
1870
175
131
4857
4276
1594
5475
2603
9173
2224
5925
9832
2970
6196
2637
5919
503
2369
7917
4143
2307
8863
8175
6970
5444
9128
565
2757
7708
56
290
8293
4182
2470
1060
584
6414
2340
6503
8934
7220
2440
7131
2407
4751
8328
8353
5425
6977
2392
2008
3832
2542
1347
4746
5668
379
2187
645
4721
489
1793
4618
25
8431
4307
6487
1953
9161
8536
7637
406
3378
6716
2898
198
2642
2620
2508
9774
5623
2929
6641
951
5941
7709
1801
4735
1006
1142
49
6184
2768
1125
2518
1316
5681
574
8005
5356
6891
573
3349
9810
7975
3476
8529
1932
26
2519
5351
845
611
2212
1569
9443
4560
9027
9319
2483
9907
1378
4785
9812
3688
3037
3357
2557
8740
3919
3525
9520
7644
4683
5278
9283
3082
601
7344
5906
9041
81
5369
6471
5083
3465
96
8981
4119
3919
7833
407
340
4965
5486
3995
7755
1119
6440
7949
1087
2606
8976
7829
3750
7402
9464
8609
6981
2657
680
6144
1022
2130
2682
5524
1160
1065
773
500
4626
2376
8889
2116
8375
6201
2495
1158
6528
3733
2702
2108
716
7124
6605
8773
8432
3875
6348
5219
6927
902
8961
7934
1592
4099
9043
59
2706
1610
6776
6202
6984
6390
2895
3330
5221
8837
8013
2220
5230
7846
5784
1762
4594
183
6676
1030
7506
6780
1841
1426
1920
511
7858
595
1737
1723
4443
9781
7025
8390
994
9549
1923
2097
7426
184
4902
545
3951
3830
8911
731
8189
1286
1432
5649
3006
7313
9380
1871
720
4422
9935
7188
6595
3640
567
3810
2203
3737
8702
1380
9866
2501
8298
7634
9994
927
6578
5685
4077
2204
2441
9962
5125
2705
616
2377
7427
1597
589
7971
4928
3510
2390
2254
5180
1685
7019
9472
3882
8625
2991
7244
6152
5516
2020
2511
9744
1455
2225
842
176
9286
8821
1725
6201
7387
8808
7608
5321
6356
1959
9744
6345
8411
5211
6483
7175
6769
8158
6429
2673
8787
9661
7639
629
8616
2667
6546
5755
2543
8955
6518
7583
2747
6411
9739
8192
7115
8882
6340
5627
2555
3512
2159
1252
8189
6072
5645
4153
4965
870
2705
631
7912
7455
2603
7625
9250
6869
7090
4276
4312
3928
2675
4115
9828
8932
6332
2275
5786
9916
4727
8062
733
4026
6022
329
2324
547
3891
6780
9145
172
3861
3588
2871
8559
7170
9483
1665
3852
2871
3186
2834
512
1496
2211
728
4390
8600
6793
4944
5504
8376
3132
6080
5939
6911
9727
7943
7029
3133
8200
2373
904
9600
7937
2649
2436
7523
4867
4142
6502
154
5838
757
5515
781
9560
9681
9994
2248
27
1013
2676
9583
9357
1661
4284
1777
8926
5983
4583
3668
7876
4512
6034
8858
2774
5574
9222
4838
458
7921
1996
1041
1679
1144
3024
1627
1865
6645
1704
8818
4656
5296
2977
2868
4344
5196
3917
7876
2879
6099
1247
782
6056
6691
8354
4715
7130
5925
6332
1443
3719
8273
5639
5174
5629
9172
569
7976
3919
1148
9144
1856
7761
3977
4159
9439
949
3972
591
2769
937
7293
4038
3685
3773
2997
6016
5020
1669
4559
1856
4659
1203
8968
5325
8032
4241
4896
189
4302
5761
2912
4530
6281
6357
8122
182
1657
8349
3774
7112
9854
2388
674
7252
8272
8378
4319
8068
8995
4224
2748
3929
188
9173
571
7079
935
1234
8790
4595
6228
983
5687
2670
85
1860
3673
2286
4104
968
1650
1649
5605
2617
5005
3089
2663
9704
41
5078
634
2562
3876
5822
4264
2981
1077
3981
5507
7497
668
3780
8834
9498
7258
3731
1565
5623
6991
9615
6358
2316
375
3266
4029
8016
2228
1029
8898
3902
3579
1277
7000
6083
8974
3624
5966
1532
3580
7
6445
8317
762
1177
1121
3697
1136
475
6551
7861
1012
1361
843
1155
9526
8083
510
1072
5328
1224
8473
3444
8540
3491
6533
4124
1187
1328
4902
8977
1369
1725
5980
1687
8650
1960
9847
5061
2098
8253
5021
4263
4623
7388
3277
9797
4407
7580
2432
4209
3241
3873
2341
6051
869
1135
2441
3189
4074
7436
1833
5789
1764
2759
487
7230
7090
282
4622
3085
6184
544
1718
2148
521
2072
4997
6873
8818
8596
4092
7020
7014
7082
5373
2995
6702
3448
1005
4181
3309
2197
9742
456
3348
396
8345
8970
5418
2040
8349
818
7929
654
7226
3237
4585
5996
2332
6264
3358
565
9017
728
2576
9002
4665
6330
1742
3336
4344
5172
2210
6531
9996
5016
434
4518
6535
3636
3388
3800
2316
9323
5902
2781
2433
4721
7577
8722
8297
2632
7124
1046
9342
4798
735
5688
1233
1667
1886
757
7650
1403
673
1407
4493
5063
1366
2060
2346
9588
8398
9411
7267
5984
4399
5414
4068
2656
9599
1552
9828
2500
2171
4654
277
2021
7179
478
5549
2627
5366
8264
6419
2513
7316
2927
3512
4205
2983
8085
1675
5120
4424
8929
3403
6202
1748
706
1929
267
3939
2000
6085
9330
124
4135
2870
7893
8011
146
4774
6389
7837
9306
9219
847
7329
2780
2326
9601
6158
5787
2417
163
1396
1386
378
1697
2004
7863
586
714
5999
6552
149
8442
1103
7591
2935
5079
8679
8750
8291
3678
4524
7153
458
4844
784
7789
4589
9195
259
5412
1076
114
8584
4790
6234
6668
8792
4222
1518
8787
3289
6210
91
3173
956
5720
7666
643
2281
8248
6636
6008
9147
7670
7617
8416
939
9292
1719
1716
381
8106
2764
9240
141
6125
2306
4403
3160
9711
5438
1985
3738
2644
2366
410
9562
4576
9021
1584
6791
7882
2569
5675
1153
4849
2943
9876
4856
368
9051
9444
8421
2067
7361
6202
7866
1350
10
8974
5723
4082
4432
9433
4617
9271
5656
5057
8066
41
338
9302
5066
5866
5538
2989
6791
5274
60
1935
5552
7537
5841
2673
4771
3624
588
7906
5673
8171
6827
5239
5594
751
894
197
6383
4019
865
5571
572
3353
6953
6830
7609
1089
4448
4585
8037
5353
2896
7242
5386
9062
3569
790
5551
7233
8468
4584
7887
7731
3083
8835
380
190
7518
4973
8836
1025
7279
6728
3519
6649
1112
5439
4270
5255
2121
7877
8131
5158
5684
77
4367
4953
3172
2888
3680
1639
2865
1938
951
2917
4100
3420
1723
999
5610
9928
9423
5095
1948
3014
6308
9121
1529
9729
847
5204
839
1065
1576
6281
1262
190
4615
1425
9505
2689
575
3712
8715
7307
3415
1131
4653
4506
4221
6066
1242
4558
7706
3854
302
3544
4067
2553
6594
2541
6948
5056
5105
5901
6909
6746
8
663
8666
3669
4112
9161
3379
1221
1258
7960
7016
443
670
83
9275
7479
4628
9368
3658
5598
2767
2675
4259
2393
3933
2811
5366
5139
576
2155
2857
8864
5369
2816
1167
3086
761
6519
6037
6222
8807
5572
2834
3439
304
8930
9548
8846
5218
958
2138
366
6454
2786
4541
2841
2545
7714
8237
