10000
5702
1463
8930
6996
7895
8337
2489
8544
3520
1331
7120
5462
692
239
5642
812
5751
9250
2980
2533
8443
8534
1165
4523
702
1531
1989
9935
5343
8594
1590
4033
1685
5263
4709
6701
5806
8108
9223
5531
8455
733
1299
453
2161
3496
2844
7015
7326
8448
7467
1592
8255
2454
142
7146
4413
3358
9714
227
2344
482
6226
4266
3091
921
1405
8337
9740
1398
9561
1524
748
368
889
1269
6883
8436
5055
7700
1889
9181
1074
2785
4724
4879
110
6915
85
8790
3823
2836
9073
9730
9515
9554
2264
9166
9634
1638
6856
1845
3926
2722
1399
164
2154
4796
1042
1885
7020
5741
9831
4080
7523
9193
405
3162
9175
716
383
507
2834
1609
6259
6025
1962
4305
413
2838
7292
1333
5098
513
5335
5629
4734
9392
334
148
4372
1928
540
1545
8713
3426
7812
3351
8631
3150
8031
4671
2371
4372
7013
5386
2645
319
2199
3232
1450
6888
179
7767
3195
3572
4933
9821
7787
9436
717
4820
7396
5152
5541
4129
3263
2379
3614
7250
3524
4725
9968
9043
279
5595
62
1391
6063
366
4218
1350
918
6685
1374
9043
6194
7380
918
5178
4758
4866
3727
4069
4183
2171
80
2811
8143
3747
3882
2340
8292
9029
3632
1632
8278
2565
7430
1840
4058
4108
1835
5051
4297
9709
167
7185
1624
2330
2387
2957
4246
9592
4299
1533
9591
6562
6501
9985
4115
2449
8238
8453
3086
2934
3032
6078
9397
253
6309
102
3262
9058
6994
2727
4236
1088
2053
906
6100
4541
2725
6413
4787
7943
1883
8614
9260
1469
3580
1114
179
1053
3587
5947
5450
114
4768
3557
9375
1273
99
7303
1089
5687
4231
4147
2246
829
9807
3908
7023
9702
4514
7410
6550
823
3830
7862
9613
2995
1613
9198
4198
4241
273
6336
2641
9967
800
3854
1113
8658
1176
189
8510
8500
674
9381
8080
8285
4111
8281
9808
3693
9091
8116
9639
7855
7539
8519
626
4045
4559
1381
3972
7107
7616
7818
1002
389
2912
4287
1917
7552
892
6031
1738
6033
8811
6039
353
8759
5691
8336
3424
9194
1456
9307
8556
2472
3851
2048
292
483
6204
6807
4470
4092
9448
8051
2126
3310
1016
786
3491
2442
2343
7718
3311
7014
3722
336
4850
6900
5949
5073
389
7380
6433
6528
7743
5753
9815
3834
8459
2205
2923
3229
5059
52
273
4146
1156
1920
3152
6814
7474
6537
4833
3128
6549
2506
5846
1560
4522
9468
8027
1716
1242
692
4206
3929
6040
6428
9757
1483
1917
370
9219
1469
2276
1954
4643
9904
2325
5140
1648
1676
2674
4085
6642
6831
5555
3766
3753
2071
2257
3639
9582
2641
69
7298
319
3200
6686
871
8678
9293
6548
7402
9422
9889
2592
1647
2245
5811
2344
5921
6960
7746
2300
2517
7794
81
5217
6082
298
1766
2576
4236
6175
1681
1742
2165
2907
7404
5626
4802
8859
5479
1784
1455
5987
2688
8576
1394
5585
1813
8709
8480
7672
7706
6727
4146
4520
6361
6744
8773
2000
6380
9935
2660
3412
4891
4686
8758
5468
1606
7667
4359
482
481
5072
4711
3961
2675
3803
2805
7838
1773
8005
2761
2191
75
3500
6164
4798
300
9359
6888
5204
4721
420
727
7574
2247
5340
6268
1321
5012
7553
7788
6548
1427
7413
619
985
7424
7945
7902
3923
1779
2064
9971
1519
909
1794
642
2810
5987
303
6739
8847
1437
8361
668
2221
413
6464
689
1913
8832
2733
8218
729
9366
590
8354
7292
7585
3379
8053
7738
7375
1805
8120
7551
7640
9025
1765
1718
6967
3135
3133
7223
1480
8646
8524
1585
8277
6067
971
1286
2880
3982
6424
2905
7568
4403
8358
4008
2413
1345
5044
9385
8026
7860
8174
9238
2468
3170
4133
9192
9006
2200
7679
2757
7338
4402
6287
4410
8648
1245
5635
8838
47
317
8063
236
8763
7741
7869
2086
8700
1322
2769
3481
7114
2717
2365
3662
6202
5981
7226
3578
3490
5393
2177
2161
2876
390
5292
5647
6557
1573
6160
9331
3522
5153
903
554
6830
4739
7087
2302
9078
6118
2772
8083
5785
4114
6958
7725
7185
9768
2635
7730
5098
5858
762
1348
2261
1305
1756
1994
8187
8483
8059
7347
5106
3538
5896
1738
642
5854
7477
6328
6484
6781
1479
5757
6334
8872
3945
6460
9601
5086
6833
6249
1359
5828
7763
2212
7197
6243
2311
9122
1949
5888
2572
2831
8600
457
569
9574
221
6789
4535
8428
2460
3225
7424
5280
513
6297
2118
259
706
4116
3939
4407
327
2782
4308
5850
7996
8701
5701
6143
2936
6787
7738
1088
1946
5294
2867
4357
585
9568
2253
2690
552
2527
9560
1636
6763
2012
460
6571
828
6213
8490
1989
5676
521
4485
413
8043
2110
2781
9448
8469
9429
95
2780
626
136
5613
5358
668
7000
3118
1330
8447
4473
1718
7089
2978
5194
292
6506
600
7894
8830
521
1605
860
1949
6647
8256
4303
7592
8871
4253
5613
9136
1164
424
3167
977
827
3328
5445
883
1924
8601
478
4308
1807
6512
3035
3126
5465
9261
81
6487
2204
698
9168
6085
3423
8165
3047
749
5986
3751
3459
6696
9320
2962
812
7076
5218
6413
9278
3332
1872
2079
6359
6455
3238
5868
3509
7273
9744
8050
862
5100
6517
7763
1596
4772
2205
7601
7743
3285
8579
1579
3568
4797
1224
5705
1126
5841
4733
1689
3659
1209
3933
7479
636
3866
7806
1774
914
6775
5463
2354
1028
8726
6382
1529
7849
7156
7048
6700
7726
3880
6176
1809
5627
2264
3444
3654
1030
5150
4546
7613
69
2057
6229
2011
691
9891
5375
7183
4794
2469
6870
2322
7467
765
9230
5714
5646
6411
138
4206
9500
558
50
7970
109
6417
2371
7648
8451
2228
8810
4866
5235
1916
9471
418
9383
9995
321
6197
3780
5390
804
9483
2540
2264
3165
2424
6259
1441
3482
6400
3970
8990
2145
7508
2734
303
2527
8831
4645
9179
7885
815
7741
8092
9730
3284
1197
58
459
2378
1753
6136
6699
7366
7470
9152
6339
1522
4513
2415
4447
5401
9207
2497
8918
2865
1076
6539
1023
4187
6341
5755
9411
3980
3116
847
8440
1497
5023
839
3655
5973
6144
1036
9346
874
8954
5005
7575
1256
479
765
5762
3633
452
3743
8567
7632
2425
7933
331
3773
4666
6587
8933
7873
4280
2782
6855
4554
2453
2443
2908
2222
5169
7681
3360
5215
2551
2742
7443
2099
6086
1955
9980
9360
7344
8575
2733
4857
8693
6860
2746
5179
5149
1187
6505
5463
1096
6688
4360
3949
3942
926
8497
1981
597
7696
7023
8669
989
8468
5485
6745
2973
4409
547
1150
9460
4954
2032
7045
8735
5889
1462
1839
485
3949
6695
8101
5284
2159
163
8092
2650
3383
9680
3867
7747
2897
5669
7053
2469
7631
223
6276
4637
582
736
643
775
184
4360
3386
6031
9924
9493
5792
539
4143
1977
4898
6581
4513
4369
4622
8906
5631
9151
414
7188
204
7228
7557
1287
3327
1919
9531
9821
4194
6411
5320
2433
288
8284
9762
9310
4060
2448
1078
2342
1458
2102
8888
5506
3102
1368
2556
1901
62
6887
6384
3039
1192
7754
4911
1673
3531
1510
966
8053
7463
1565
196
9979
9563
4118
1508
852
7426
4064
5882
7327
9389
3030
7023
6132
5775
1985
1212
6300
2251
6304
4920
5740
9774
5896
9682
5030
3868
2748
8333
5182
3867
12
8895
1661
3793
1149
3416
8183
414
667
386
6861
153
9697
1245
546
1644
8564
2984
1166
1583
2563
4158
980
2822
2895
9974
9923
2073
1754
2233
7839
5383
3697
5345
7358
2569
7641
1430
690
4680
8410
3384
9480
2542
6014
7420
7157
5549
4345
566
4427
6162
4262
1691
3535
1239
885
2499
2091
7996
230
3793
673
8018
7155
1011
1350
5901
833
9255
5770
7607
4341
6739
2585
5764
7639
5330
2388
1897
7928
8032
2252
7900
50
3493
659
7194
6291
4274
8899
7434
5017
9756
4651
3509
7516
1499
622
8674
6943
1745
6073
612
5333
5387
9047
8370
6434
2521
3447
5289
7736
8686
9673
1892
3711
6070
5931
8583
3665
8154
421
2766
3003
4629
5990
392
7267
4419
1021
659
1161
7678
567
3606
6384
1801
603
2097
3241
4921
6631
7125
323
9974
8889
5347
1845
4309
3708
101
5687
1763
1129
1246
1748
6833
9993
163
4256
8754
6635
9270
425
6357
4539
7767
9551
2595
7228
2489
7874
3448
7947
7301
9296
6882
2036
7584
8956
5322
4673
6637
2093
4101
2662
547
3324
1481
7213
5581
6154
5488
4881
1268
7877
2703
8525
8300
5017
851
9459
6577
1895
176
5260
6976
1927
232
5651
1109
4059
141
1983
5415
747
1704
8292
3221
8778
5910
1753
8975
8763
2517
1415
3829
5638
3858
3846
608
1096
9328
8839
9666
3070
6631
1681
5806
9775
8386
3437
7768
7916
2023
656
6619
4873
9717
3996
1163
2600
5839
1269
97
474
6970
5220
6240
4804
6424
8141
2425
387
18
3009
5780
8144
9335
3875
4713
8066
8311
6266
4289
1958
911
5420
1696
7518
8050
149
9454
3789
7516
1434
5498
2270
118
6288
8206
5448
3687
7067
1680
1922
6289
5080
5518
8373
3191
4825
5879
1846
48
9411
7817
4896
669
90
6126
9860
5225
4296
2518
320
5573
7007
2995
3265
8001
3476
1543
2152
5625
9831
3101
6252
1813
7028
2665
2917
5328
9995
9985
3220
8403
2544
7608
1652
7385
4802
8351
5666
65
8380
2427
6379
4098
2461
1668
5161
2499
39
7410
173
1670
6426
2679
4827
567
766
4813
3752
9560
1170
6206
3493
9562
808
5030
3353
3835
9405
841
8527
7234
4281
6132
5124
9404
1355
3556
9487
5796
1938
5688
6511
708
7627
6599
7221
5134
5373
8273
758
9161
3686
520
2719
12
979
1866
5638
9483
66
2869
5701
1701
8280
8233
4229
1722
802
268
8667
1452
3996
7297
2678
12
4994
3381
4532
2866
7098
3167
8327
4090
893
1861
4619
9313
8698
2014
7588
6018
2042
3899
8730
1504
1057
2676
2036
7972
5929
3604
2182
5028
9277
1876
857
7383
9176
7273
7054
2491
3820
2796
9827
995
9698
8733
5505
4561
612
9783
28
3511
300
194
7287
4989
3226
6587
1402
4530
2648
7699
7638
691
4174
106
7746
1772
532
8250
3837
7506
8891
5347
4834
5980
7786
7065
1513
4228
9466
8832
5524
2562
1664
979
6405
1875
5342
6439
4160
9996
7656
9650
5236
2913
3319
1387
6248
1587
8511
5857
3127
2781
1760
5578
1899
1837
3631
5121
6907
4323
5171
463
85
9387
5439
7814
6474
1114
4050
6351
1116
4122
1200
2281
3304
2006
7438
1694
3778
9157
576
2597
4693
7958
4579
6970
6856
3583
2025
4125
1311
3925
3112
8093
1463
5195
7249
2450
4943
8571
1473
5325
9287
6117
9849
752
9994
8587
2734
7421
1194
9032
3280
2239
9199
8516
6667
4043
672
4617
239
9332
1405
7954
2000
8321
9154
7880
6269
672
156
2108
6896
7239
7433
7412
2650
3182
8817
6342
4268
7069
5559
2454
5654
2583
7133
5775
1744
36
7130
6099
7401
1727
1997
1634
1555
7092
6094
2028
6923
6760
281
967
5705
3621
3290
7823
7740
6188
3111
4801
9810
4025
3984
118
282
9925
9879
8591
7931
4766
7920
341
5120
1862
8791
493
2058
5230
9731
8910
2724
9025
1614
1923
4292
8113
802
7694
8502
3185
9875
1027
1528
9319
1486
9408
3301
6288
5877
1661
8819
5696
2008
9111
1324
481
9010
8668
4796
1207
3721
2022
5199
1508
275
2056
2376
2000
8425
2986
4640
551
397
692
5989
8864
362
1628
4399
497
1695
5519
1329
5172
1803
3634
7491
5127
3544
598
9922
8374
3464
8780
3892
9513
512
7054
5149
8685
8054
4649
3875
1460
4092
4236
2466
3452
6346
306
1279
2639
6493
5471
620
3184
4225
4588
352
9072
3104
1027
4755
4964
7800
3289
7436
5143
9165
5678
2204
9214
3331
325
247
2048
8506
3476
9093
8754
6919
5659
2429
2996
2023
8196
3484
4604
9635
3807
5720
6854
993
539
6552
6857
7312
4644
9711
695
2898
4222
7532
2285
9639
4341
3043
789
5469
531
3945
5323
5769
7358
2657
4182
5397
5143
1114
3650
135
8114
4661
9807
1413
22
4200
9276
7098
324
5380
5265
9270
4824
2294
1471
3033
481
639
3577
3247
7824
2259
1358
1097
8995
2021
1773
9086
9134
4637
7720
6806
8254
4559
9460
2850
8973
6523
7862
2924
36
963
6445
2899
5459
7585
6927
6851
9218
6660
3108
1622
854
6446
7173
4541
3618
9662
5379
8156
7763
2350
6327
9704
1657
8045
6908
4689
1654
9514
367
5072
2937
9925
3090
2064
8872
3365
4755
636
4942
8281
576
4043
954
6079
726
2254
6499
7206
334
3029
7229
4180
3862
7861
7981
6839
3441
1675
939
3564
7726
28
4876
7585
5321
9332
9181
7835
3172
2907
7039
3462
1203
3782
9765
2368
4858
1059
1295
8133
8774
9491
1268
5528
2366
2053
801
7910
2681
8374
3
6234
4684
6026
8390
48
6217
8168
5276
5291
5273
3929
1580
6484
3173
6704
2000
6457
56
7830
2189
5634
5797
380
2224
7889
3223
6496
3149
4545
8444
1947
7863
2251
9169
7504
2702
8665
1196
9093
187
9963
6267
4639
3021
6875
4240
6799
8210
6657
3385
110
8980
7525
529
9433
2745
5464
1001
7149
4745
817
1347
7682
8301
744
1220
647
2028
3876
5864
3521
6180
3254
1778
6019
9115
7714
5114
652
6483
8448
7861
7187
3695
1335
8899
211
8552
6852
9611
1718
4765
6045
7734
6227
6479
776
5758
5079
6200
1370
9861
5461
6895
6497
2310
2494
460
2865
7772
4671
747
1711
8611
7324
579
6447
1490
9936
5668
589
614
1346
1842
1405
5213
8054
627
8580
8119
473
2810
5923
4093
8745
9042
9895
7710
4696
8186
5281
8221
6160
5234
3493
108
531
5033
4725
6759
4585
3189
9612
3217
4456
5759
3322
5423
6227
979
9251
215
4403
3371
2022
726
5334
6870
6349
1011
7769
1804
7625
966
5014
5553
8011
8
255
4682
4355
586
3798
1587
1256
5973
146
1292
1772
5733
7474
7447
6125
9909
8958
8850
1547
4888
2546
468
3165
1820
5833
282
1650
6239
8187
6543
3880
8079
1687
3837
7070
2883
2575
566
2794
7850
9254
7137
4746
7543
42
6405
8635
8874
2434
6903
555
4045
7526
5763
4815
8467
6448
4812
7123
3840
6294
9956
2421
6200
4532
730
9856
361
5740
1206
3129
2696
4366
8678
3788
749
5845
5606
6148
4733
7638
4642
2493
5851
2778
6219
2938
7550
1686
506
132
9296
9775
6776
1049
9436
6399
1353
8784
7157
3477
7660
6638
6470
7040
6292
6763
3742
3850
5875
737
1687
820
331
521
1995
6165
1140
806
7157
9827
4701
2014
1096
1661
2131
5420
2195
2174
7315
2407
9743
8562
1615
3792
5549
2277
8737
6782
6178
6688
8339
569
4352
9971
2763
6888
5428
913
135
7164
6418
8126
5884
3193
2832
7578
5918
55
3764
5722
5214
1132
7550
1899
3367
536
2885
6821
6999
510
1747
8513
7198
9285
2224
9291
3576
1858
7599
69
1419
6851
3179
8353
4767
9340
5519
6812
9408
6641
1080
7115
1108
7848
6811
1447
3516
4445
149
1929
1517
8162
2631
7139
9725
2156
9678
7491
4940
9246
1220
2041
5207
2948
9096
2947
8750
6911
9742
173
5872
9571
5958
5401
2204
4530
3950
8832
5735
7495
55
2295
9420
7970
6743
208
9030
8854
3203
6725
174
884
7499
596
8630
4630
9011
8859
4689
1451
6277
2131
9961
9332
5096
8604
7934
8403
7726
2733
3999
7135
8496
4360
1754
1719
6026
718
2995
4524
2471
887
2055
4925
1675
7632
813
1009
7106
2019
3361
983
5467
4215
3856
1885
2836
6492
4419
3010
9860
4421
8123
6908
6251
8004
4561
4744
3690
7030
875
3174
961
2851
45
7536
7485
9331
3957
3902
7982
1793
533
2619
6153
6081
8350
7589
5634
5041
1
9911
568
8834
997
3063
1742
386
7800
398
4205
96
2230
5978
874
4463
298
8438
7160
5543
1639
1221
1118
7598
7589
1488
2903
2746
1772
1205
4828
1971
1410
4219
9633
2426
5813
6247
9970
9340
5351
2816
7771
692
9692
4051
8218
9316
3957
5366
6965
402
4970
6348
5339
3987
9209
734
4316
1816
5521
4660
9400
3978
365
4597
7032
5318
1601
7044
9118
2745
3318
2455
8621
491
661
2902
9417
1675
550
5145
6124
4477
2598
4302
2653
5558
2921
5356
258
724
9605
9818
3215
1198
2506
4958
6773
7455
7699
439
9483
3617
29
7786
6715
3755
2218
5214
5774
3082
1829
7078
6197
2625
4547
7264
7180
3120
6782
2834
9086
5030
8800
7408
5016
8278
8465
5533
6896
1371
6513
3048
9009
7787
2197
834
1581
7340
5138
832
3473
1290
1770
6789
6167
2292
1145
4589
5151
3689
7230
4201
4891
8422
6490
6397
1196
1612
27
107
8400
499
3525
4190
7752
8993
8757
1638
2938
696
7109
1238
6348
5795
2734
3455
4587
7359
3025
2794
3215
6025
2931
4040
4095
8875
3596
9082
7491
5494
2894
7711
1854
8095
54
353
6183
8249
869
9326
4539
8630
3355
3383
341
9533
2072
1499
5737
3226
6657
5569
132
7864
9236
4952
547
5263
2413
5998
53
7038
3300
3698
8017
4471
4957
2426
1351
13
8077
5507
4168
1310
2172
3084
6277
7184
1056
7202
7929
3421
6051
8234
9541
3150
954
5856
4894
9049
5
6546
9913
4026
3092
4203
7218
9139
5696
5696
6256
483
4917
8108
5337
4264
4929
8861
5396
5172
414
3787
5202
9600
6590
1580
2731
7571
2347
3688
1818
7057
9276
61
2984
3220
1879
6146
2745
363
4505
5388
473
2069
2614
5842
2821
2843
6065
8096
8281
6129
330
1871
2860
475
1195
2495
8637
8559
6065
8937
3421
5934
3434
279
7289
5890
4883
7232
1918
71
4991
1125
1227
4457
6310
8204
2660
529
324
3648
3165
1662
4909
1781
241
2886
3088
6108
2773
6986
2514
107
9679
458
4296
873
1270
6749
7858
8716
3320
2782
8298
9699
6158
5240
6143
1011
2160
624
1058
7234
5927
5125
477
7397
5175
9032
4103
874
6601
2699
6024
4788
2458
763
1213
9914
5477
9485
7706
2639
4032
5610
1410
5071
2249
9290
633
2558
4351
1794
6387
512
1793
3309
52
1688
1223
939
6375
3490
8162
2828
379
3055
1492
6811
9376
9875
5342
2298
8021
4592
9630
8258
1616
8368
1365
7687
8826
2997
6298
829
3040
2306
9169
285
569
101
1512
8758
2344
2283
5911
5171
3281
1297
1173
1152
4284
5931
3947
9596
4619
5415
9721
5789
2042
5119
8554
7719
2619
4961
6329
1578
815
8607
5807
799
8420
7173
9364
5232
290
7213
417
6506
7428
9461
999
7235
4502
2123
2018
1995
2
2269
2410
1397
586
8019
2671
8418
1669
170
1267
1554
9818
9807
4341
4105
2222
2687
4896
5699
1565
6481
9896
887
3898
5504
5120
8333
4439
5194
4091
4623
595
5866
7065
2560
2055
9701
8526
560
2319
5591
6433
9787
3224
699
585
5669
1742
7212
6727
853
594
4383
211
276
1533
8172
24
3076
8808
3520
6192
6048
2279
4933
8781
3192
489
4428
268
1129
7601
1744
3946
1742
49
1546
4163
2697
1739
3171
4735
6751
2104
7917
3804
6679
7556
9761
697
9921
5392
950
8151
6582
5925
8982
2224
4259
1305
6401
6932
6085
4467
5469
6120
9939
6846
5941
653
1374
895
2701
7297
9274
3895
5718
9064
2777
4184
6117
7849
8220
2279
4660
7449
8281
789
1078
2247
6554
221
4219
5196
363
4861
6088
7600
2258
6005
8483
4973
1324
1810
4257
6821
5196
6839
6351
962
5762
7551
1107
3457
7149
8933
7297
9213
6640
5584
604
509
4534
495
6418
9389
7877
4648
4774
461
9171
2992
9868
6924
9451
2074
2615
8674
8350
416
5555
7648
6266
483
9377
6296
1244
6818
8677
684
1669
1244
6657
9928
2477
9526
399
3183
4282
6379
5185
9109
6510
6342
7961
3953
3332
3201
5032
5025
696
6107
3463
6619
2201
795
4663
5336
7633
6007
249
9518
6814
2627
188
6385
4488
6714
1801
7897
8673
2062
65
914
8235
4895
6098
8390
589
6157
5083
9306
9554
6767
7381
251
9383
7455
413
6342
1571
2411
6164
5483
37
1276
7397
2559
5567
7299
9593
5268
4660
393
7404
1737
8129
3332
942
7440
6750
5832
9897
7908
9300
2788
1781
4103
3676
8887
4701
6349
2604
3942
6670
458
2736
6495
3573
9628
538
5130
982
3607
2057
2292
8749
9781
9802
9403
165
5962
1857
2105
4617
6792
7974
5938
8302
7544
1616
204
5308
8115
9475
2656
256
6740
3593
436
9252
30
2353
8822
4809
1644
2425
2600
9193
7900
525
1166
4768
922
2157
3241
5172
2110
7904
7217
2984
3126
7019
5972
1876
5665
2447
913
7042
1504
4726
3011
5752
1933
1019
5599
7081
5753
3533
76
4619
8519
4625
9748
1222
1401
8410
5262
6577
9582
2314
4537
9036
1048
7141
217
3756
9823
7146
8610
1547
1272
4464
821
716
3074
4674
221
5439
1654
4891
1239
1688
2557
4560
9349
7631
2431
7584
5346
3560
655
9788
7811
9601
5319
5445
8114
4925
1604
2858
1481
995
8514
5647
4385
9797
1381
2349
8824
2994
2717
9452
8228
618
4967
2608
7242
2036
5619
86
124
2706
8042
5965
2790
6688
8667
2677
2599
1839
1593
393
1104
8707
9510
7323
6447
2205
8814
1828
6776
1722
9956
4680
3704
6873
893
9179
6537
6877
222
6374
5684
8614
2950
4615
3834
7776
7627
252
7761
4504
566
4221
6590
6242
3726
284
3671
5164
1364
94
6358
6304
6500
9783
8716
7772
7815
4503
7884
1761
376
4806
2034
3901
620
2096
2839
1977
4688
9633
4374
6482
1634
8639
2892
4025
2736
1530
4945
4985
753
8421
4617
3051
5892
1873
6537
347
3404
9709
7770
696
7864
1024
4175
7502
2020
5666
2006
5572
8914
7421
5440
2117
8102
536
800
2415
5764
7037
3078
3228
9962
6207
4441
8212
8253
878
7126
3487
2133
213
2987
395
3815
6874
5489
9138
2150
4099
2141
2009
9784
7497
7878
6536
74
2158
5876
6172
4148
7293
333
2238
6010
5446
9022
2434
6887
1862
9899
4095
6969
7864
1703
9201
2541
413
1586
9312
7273
2605
1590
9134
1660
5483
832
8419
613
3882
2287
2761
6870
690
8429
679
8871
6256
4624
3533
7210
2704
5424
7092
9378
3260
1318
2627
465
6978
297
6545
9382
678
7304
4734
8244
444
134
4463
5121
5908
7273
2974
7795
8436
241
7997
5322
3046
6120
6494
9517
1958
2030
3717
4854
6202
609
584
3356
9807
3374
1212
1733
5943
3771
3758
6424
421
2769
4916
6419
1028
1146
1377
2898
2410
6398
8891
634
6656
381
701
1753
7151
9195
5995
4621
778
1423
5689
5702
6653
6490
633
1613
4152
1320
2793
7969
5196
3480
808
6902
162
8986
3101
1340
702
8685
4374
8576
4982
8423
8241
3973
322
3089
3965
3937
1971
5912
2189
3031
9780
7539
6753
2039
882
581
8356
1223
3530
930
9494
1920
6822
18
1511
8857
8678
5575
1784
4180
8513
6030
7298
6650
4185
7639
3987
9320
9055
9300
1500
4054
2124
3875
6763
2827
1531
796
4137
482
391
4937
803
6394
7111
1001
1609
8832
5148
531
937
6510
3095
4826
4297
6832
8730
9621
438
250
2197
9883
2207
2364
5597
6769
1408
6752
5164
5972
8224
9385
8027
3077
3657
2667
2495
1767
2795
5067
3430
5401
736
7589
5473
2276
4525
4751
7391
6339
8477
8545
9693
9030
61
6432
2159
6949
9447
623
7900
8725
5872
9221
3821
9612
7760
8189
9797
2452
7172
3472
7518
9793
5333
6242
6678
610
439
5518
8110
9018
2353
675
6894
1180
7983
6844
6138
1832
5961
9744
1221
1975
9505
3390
7975
7192
8063
7830
5664
1800
5708
2071
8682
1700
5201
9788
5872
3438
4430
3590
2272
33
8793
985
1746
1077
3292
1830
7445
1056
4045
3450
4734
1715
8716
5707
8592
6224
1374
6030
7642
6092
4844
6537
1635
4104
1595
1277
342
1903
522
6607
237
2288
8078
8474
3087
2073
3245
7270
3898
5415
347
6807
2335
7007
264
9333
3824
3804
6982
191
329
7446
7116
190
65
3911
3788
3323
1664
2990
8212
1552
2414
1535
9575
4479
2351
5056
3961
1157
5056
7924
2300
8908
4352
2757
2542
7844
9726
8180
7726
7279
3687
8288
3298
8462
4940
7480
4603
1502
5077
1217
3091
290
1577
6822
2364
528
8024
3986
9800
9131
2222
1055
888
7348
8168
8636
3877
6927
2404
2592
2767
1686
8570
4113
265
1664
7900
7859
3185
9888
2879
2482
688
5101
551
5581
4614
7717
2260
1432
1219
8944
2910
5664
5109
8213
3761
2924
2533
2687
5864
4201
9280
142
2891
9026
7590
3293
9561
7553
3925
2119
1028
215
9234
377
8368
1933
8044
101
4265
1961
1377
5995
6374
3136
7518
1624
9233
2510
8407
5036
1396
9622
5226
5101
7155
1897
9251
653
5051
2984
1999
4796
4238
8154
5826
8157
3035
2221
9623
8537
1376
1517
5067
566
8079
6005
1448
8965
5282
744
1331
5374
6494
2158
2116
4748
2760
208
9160
1464
2938
5570
1672
5782
9187
8643
7495
9826
1538
2245
9871
6840
3521
1884
9784
582
5234
3497
3789
1811
7962
3428
2767
6140
7631
1804
9478
6834
931
1742
92
1093
6302
5110
2455
6974
1309
1560
5674
9951
2604
6189
90
2860
5988
4079
7425
3318
8485
4291
9445
6843
3154
2825
6886
191
3024
773
393
2072
8252
1819
295
7020
4430
9164
7413
5996
6930
2627
1730
2445
8401
8766
674
1243
1121
6028
1517
6460
5761
3755
9639
932
4867
2575
9485
798
4327
7970
7029
5206
3899
2671
6882
4375
2820
6444
393
1735
7739
3402
8663
8868
5608
3070
4495
1293
7696
429
8293
9809
1198
2250
3611
4984
2467
6623
6303
578
4941
3452
8496
9475
2408
2994
9668
396
1479
5119
8796
4345
8016
215
4946
5660
4347
4423
7976
188
8777
5817
8384
3580
2372
2982
1386
5629
2379
1983
241
7027
2778
5034
5765
9385
907
8397
2870
9972
3854
43
5269
8007
4633
769
5146
6908
2016
4832
1093
2526
5556
3800
9590
7334
1371
5225
9307
9067
1923
1513
3069
8057
3654
1684
585
7933
1883
6487
5103
5638
675
5530
4316
9868
2590
305
6536
8813
6689
2993
1839
2475
1817
6291
1344
1047
9259
1098
1735
1692
1011
5604
4795
8155
3433
9058
2726
2154
3186
3480
4920
9276
572
5347
5690
1102
1175
4365
787
2455
948
4290
61
1629
3935
1040
1317
4039
6076
4945
1045
6694
2147
488
1522
7762
1419
7805
5508
2038
5255
8664
5272
412
2226
9951
9927
4150
6108
9871
6740
9329
3587
9100
2552
9450
9184
3337
510
6045
838
6103
8702
5762
3195
2701
4826
6662
5891
9723
3034
9914
1121
8863
6279
8990
7758
948
1114
2716
165
8510
3170
276
2372
6182
5191
59
9122
9845
2626
1682
8769
2290
4185
1847
4610
7388
5148
9518
4107
6070
2960
8302
9178
9510
5230
1531
5494
476
4123
3463
4250
578
7718
3784
9584
9288
7411
7143
8975
1996
1306
7678
4068
684
7758
3630
9442
7227
2863
8643
7834
325
959
985
408
9107
3812
507
1043
6285
7379
5392
6323
6675
727
5988
5407
3322
9427
2887
8253
9830
1821
1176
8217
3452
470
6591
1634
7972
8284
8461
6743
4352
6254
8548
6693
928
3650
9430
685
1121
7321
4927
2471
7706
9709
2369
73
8180
6704
5203
134
924
3843
5897
599
1146
9689
1938
2185
1214
586
3811
3324
544
1622
4535
6967
2388
7999
531
2444
4416
6709
8059
9680
413
1041
1591
22
7679
1024
8803
2080
1461
9749
1512
7877
9310
797
4910
7457
6082
1649
8879
7967
6907
622
9289
2759
2904
2820
8155
1624
2288
3552
9277
3684
4614
9338
1661
5134
5089
494
4126
7988
5161
6315
4271
157
4640
9965
6476
9169
310
522
1030
2810
6443
2063
3347
3726
6034
8472
3222
5897
7546
4946
8797
2189
3196
2545
5468
9801
7604
5696
5645
3275
1584
4715
3604
2053
6057
4142
1635
7168
4708
5117
1443
7267
8839
6608
2349
7650
4572
6948
2603
8519
2455
3234
3634
8881
9351
9613
9084
159
1871
6302
3559
4251
594
3296
8288
1622
1936
6602
1117
5591
7618
8816
12
5891
7703
169
9358
3836
8221
5711
5284
3418
8734
4312
6533
6649
9344
2822
2389
248
9530
4465
2102
2589
7895
3103
1978
8664
7341
1401
5216
2239
458
9406
442
3283
1635
9443
1472
788
8685
8321
5126
729
4791
4861
1502
5438
5277
9925
8446
9691
7838
6960
4000
7017
2264
1282
8747
4724
8488
5074
7188
1966
3252
3532
6852
249
7620
4677
2584
8530
6276
6579
8108
638
2955
7880
3813
7782
9560
306
5200
482
1809
7507
3245
7159
2780
7681
2011
4784
9354
1549
8787
525
6326
8853
1012
1038
401
2440
4017
7982
1610
8380
7852
1232
7776
1618
1
4346
440
516
5474
1892
381
4451
5095
2463
1595
2083
8370
8341
2297
8931
5795
7956
313
3582
4031
9946
8642
9011
2193
2656
8376
1557
8399
2342
496
642
5099
8386
933
9811
1438
4936
6409
8616
3300
504
1165
368
999
1099
207
2716
5260
731
8918
4177
208
9173
4927
2527
3729
8655
3333
6645
364
8314
1810
7536
2634
5750
8200
3544
1210
4072
7741
7145
108
1452
8090
3889
723
4970
8819
8110
5496
9610
1684
1494
413
5431
1296
1907
6505
7445
9081
3045
7549
9698
6334
8437
167
414
4167
2538
6718
5498
8914
7966
4569
5298
5435
1166
1549
9146
1629
9411
7773
713
8459
8020
5935
7176
4781
1320
2432
5849
5756
92
327
487
8140
7496
3754
642
3836
9249
5844
4391
5614
7024
8689
161
407
9581
1294
3490
6053
6163
163
1056
2164
6179
2942
3536
799
4021
1919
3282
9334
8754
5029
1954
756
7954
715
3898
814
3303
3042
2136
8523
9350
8509
9523
3285
9224
958
9612
8964
6997
2004
1943
1557
5564
2481
3686
6989
8514
6637
1754
8864
5472
1789
8809
4399
8299
9633
9166
9013
1489
5952
4627
2240
2456
1332
6687
9120
4583
3653
863
3921
3026
1126
8341
5704
166
481
7476
7679
6856
3988
1399
6464
8317
9464
277
8740
569
2053
3557
7113
537
8792
1201
821
175
191
316
1565
7313
138
9570
6707
7216
8322
2276
3972
3913
518
3729
3885
7422
8170
9411
1792
9762
7950
9022
7371
7590
1855
9545
706
1574
1728
5706
7778
9891
4918
9971
4581
6239
518
1503
1493
7786
9487
1131
1569
5135
5512
5780
1615
1069
1879
3876
5879
2214
326
6684
3340
5738
5878
2193
7385
4593
8737
8198
544
7003
1073
6733
737
7352
5313
6941
7436
966
5175
417
9543
9325
8798
3175
2494
7740
3541
8244
7294
2482
7321
2183
9151
9404
9459
1924
581
7825
6978
2173
6005
463
2711
8112
4600
8276
2690
2371
3153
4844
1040
5472
3710
6381
1360
4432
8673
5396
8378
249
4907
7309
9007
2343
3997
9300
4734
1756
9566
1135
5724
3943
507
8
3457
3141
7650
6572
162
6026
8413
9988
162
4222
8495
3366
760
7048
688
8316
7343
1292
8968
5071
3103
1268
6525
1387
6799
63
1148
1554
1895
4956
4313
3389
7126
52
599
2503
2889
2347
2439
520
5190
5493
1393
7281
508
7496
8531
3260
2651
2597
4492
6849
4978
9270
9302
713
7549
7814
743
7747
7290
1171
2679
215
1568
5829
2768
9662
6446
7516
9447
6877
4500
5163
2972
9526
693
1222
4418
6077
551
748
5103
2587
9344
2868
4355
340
4608
1338
1304
3849
3055
3062
9246
9805
5893
1120
9315
9880
219
3926
2037
7517
4964
7241
1336
8667
1819
5419
4486
3398
3019
2153
9193
7700
4097
5864
5929
1351
2402
6785
1622
2860
6284
1772
2644
568
477
9165
5706
6621
2309
5713
7801
1680
253
8327
429
4906
6501
719
7093
9872
526
6884
9298
6468
6476
9961
9425
1143
2777
3972
793
485
649
188
5427
6159
1426
3028
4940
7750
1863
3221
5484
9388
2536
7613
36
3915
2236
2266
8985
3698
3114
2069
9955
340
1370
4142
9700
7902
5454
7003
6521
4059
239
176
2370
2090
8874
6669
4161
3835
9511
1306
6053
4220
4173
5187
243
229
9703
1412
7433
9397
1013
4660
4307
6235
8546
3601
3833
7828
4808
878
1278
8087
1254
8110
9401
3586
1453
1104
2514
9843
6926
5496
9932
3301
5395
5425
1444
8321
3392
1253
5325
1200
1255
5272
8570
7169
2653
5272
2824
6208
2017
7653
8913
9776
4774
1040
4673
4958
1829
8244
4981
9606
8964
5831
8697
1778
1091
831
2638
2597
973
8325
3310
7964
6601
4347
9264
6095
3219
9532
7129
810
2287
280
8040
2431
2294
7756
5792
1303
1160
9827
5156
5197
2592
4095
8916
8344
5717
4805
7594
3564
2230
3676
3187
1023
3843
7684
5981
3133
7420
1270
1125
1259
6554
4303
3117
4827
1887
8795
4288
5732
3567
7412
1398
319
2427
5512
1078
2481
9457
2267
4222
9964
4597
4561
6211
8036
8269
8138
4154
8338
7311
1580
1410
4122
4252
5089
1671
7373
7577
901
1144
7678
5505
8990
675
308
7964
4281
5125
1685
6526
1801
2436
2173
384
2750
5864
7441
6430
4999
9517
630
7061
535
4042
3360
8843
6136
9839
411
9963
2563
6800
1820
6391
1307
7491
8741
813
9116
4923
2539
6869
9046
7987
4967
1247
682
6778
5694
6143
9073
880
1634
8486
2719
3460
5412
5055
3531
2987
8688
62
8475
2848
1926
6905
305
4959
2522
228
2167
9327
9643
4461
3308
2467
292
2028
2540
5807
8340
952
4833
7354
141
1049
620
4632
271
578
8721
3397
1346
1002
5078
1409
9781
1759
6217
6494
1258
3113
100
5578
8382
4543
8178
540
2793
2445
7022
3729
634
8432
6576
6660
3808
3559
4006
911
8712
5434
5748
5348
233
6327
5020
7449
5185
8624
1867
5815
4493
8486
249
1442
2155
8083
5375
4406
8752
8795
6262
3542
5224
4656
3956
4052
5762
5240
1621
5103
5063
9839
1242
4496
8830
6156
2693
3698
4256
4741
3744
2484
6172
241
10000
7537
3451
81
1981
4874
6080
6093
1374
4936
1703
2496
6454
3396
3531
195
1185
2242
1669
5275
2733
4033
552
1026
8696
6803
6669
7541
5390
9133
1870
9922
7407
5006
2773
1264
4898
287
8162
396
5212
4286
5983
5016
4446
3323
6276
4641
6626
1279
9961
20
2035
2991
7679
1888
5375
5636
4573
4026
2942
8696
7100
3955
2271
3377
1409
1929
1927
7597
2782
6480
9609
4657
3063
2079
5364
1073
3092
2442
847
622
1084
5315
1861
7939
732
6271
1281
222
1978
6922
3432
7183
7309
3642
600
9938
4200
9796
7924
8524
9354
5697
2605
8567
7655
9277
304
4190
3012
5110
5730
5367
8037
9199
4748
4052
9095
2119
2245
2807
8140
221
948
9209
9578
5168
8451
361
4002
4920
5874
8932
10000
7046
3984
7994
3560
1772
1882
8826
3932
3500
434
7299
1837
5441
4126
6809
9319
6720
9237
5097
3098
6413
7706
4158
921
2364
4246
9775
9989
3086
1351
3918
8472
1640
2506
8833
5361
2146
6378
3134
9218
8885
9254
7656
4283
9073
484
7533
5124
3313
504
9947
5980
9248
1281
7254
2757
5639
9226
8299
6588
5806
5292
5489
8457
6542
5907
6436
5659
2552
2664
6641
1104
4648
6536
7136
7959
6391
2438
2309
167
1715
8805
2437
1163
3742
6307
9561
3668
4121
5303
4437
7308
1391
1225
7653
8044
9858
8131
8379
605
3638
6667
9179
4526
1822
62
354
1770
2186
8428
1370
9735
9390
4805
7104
3807
8945
8311
9680
9406
3514
1668
1685
912
6650
5270
258
5255
5642
4866
622
2671
4547
749
3652
6051
6319
2129
6919
2636
2515
5022
6949
9052
8681
3681
2402
2622
4095
5413
2049
124
7169
5419
227
5245
6887
4443
1760
9749
7294
776
4118
4042
5688
8789
6036
9415
8931
8474
2053
5491
7466
1379
9885
7744
6813
9583
6245
9875
8001
8324
4182
5909
3319
931
1400
7869
8669
47
2615
1116
8632
9501
9274
4294
8732
8330
5380
8291
2561
3807
1510
1594
2854
2021
6858
2600
1426
5640
8768
8611
5198
3118
6663
1250
5076
1556
1530
968
2598
4284
4656
6116
2814
3656
7650
9946
1081
3974
8266
751
3298
4585
9424
8518
2992
1291
9316
4814
9503
3956
8491
7128
1487
1225
378
570
431
6853
867
9205
9463
1945
18
5909
3416
4835
262
6606
9701
8447
2656
2033
3806
9008
4925
786
8991
4429
4548
1049
2909
5611
8926
5578
6700
1134
2056
4389
7793
5360
1882
796
2395
413
3909
6057
6128
836
351
3435
1752
9838
6813
1780
9932
8716
1061
307
7693
3730
8448
1298
6692
661
7506
9360
3629
7766
8730
4236
2146
7355
3735
7510
248
5202
4609
7589
4284
3973
7843
2072
8428
3292
3770
6797
4101
7093
4798
1475
4432
9620
1682
3792
9707
8138
6653
7426
1865
4791
3271
502
1657
6560
6739
4666
7607
8878
7935
4867
6101
2764
3820
8781
7719
4847
3469
6598
1921
6499
866
2234
4113
7881
3521
8396
3995
3282
4409
6745
6729
5082
6087
7980
3839
3973
6197
65
5856
4907
1077
3258
1906
4707
7121
6771
5042
3136
5088
9559
3879
8270
5143
4078
9063
1355
774
6605
9244
8613
9341
604
7572
5799
6194
1397
6620
4035
4100
6130
2106
6575
1533
1459
2444
6272
4970
1106
916
9383
9178
1223
7040
2717
2967
3754
3947
6544
8855
5388
8950
7323
1170
308
2244
9462
2913
5418
39
2931
9130
4997
7502
2532
4334
3638
7803
2908
2351
7633
518
172
6595
7070
4420
9130
3593
7092
3621
7009
7949
3344
5328
7115
3534
712
7087
6719
5866
3570
9017
283
6655
7891
8915
6784
352
8361
1255
1807
9865
216
4128
4679
1267
9749
1146
5772
1270
708
2508
1670
2385
6241
7171
9135
7835
224
2477
8042
3287
2086
8890
2996
1497
1284
19
5932
9068
8598
2647
3602
5870
3504
2217
208
194
6307
1692
9882
1396
3698
5226
7575
8490
9784
918
6270
6623
5269
56
9263
3711
8829
1570
1414
7938
735
212
9168
4728
7253
2244
667
5416
8464
6523
8351
7913
8193
943
7678
1597
2551
5956
1597
1200
8540
659
5919
9140
5823
4422
1574
3210
4367
2152
7625
1408
9820
7391
3812
7422
8861
7958
9891
7470
4081
8348
7132
3103
6790
1438
4350
8952
7931
7381
3198
8524
9782
2592
6156
9617
9877
6975
1527
9233
901
7845
9925
5101
132
6251
7008
309
7895
7044
8833
7689
122
6420
1630
6444
7883
591
6836
8925
5125
5139
2739
8772
7949
7797
9563
671
8975
381
2729
6762
7798
736
1122
593
9582
4449
4028
9621
5993
7175
9567
6719
2675
6268
2287
4456
9959
2395
8278
4740
4669
4439
4867
562
9114
5004
2165
2676
982
262
9686
3855
1595
7795
4696
4450
4098
6441
9968
1894
1966
5366
372
9130
5845
7452
2134
2267
7602
6794
8029
3541
3420
6217
7896
6653
2052
587
7267
4394
9009
9043
2261
1639
8763
3635
1406
4393
8697
2410
8052
9505
9020
9051
8504
641
1752
2492
9562
9774
8101
3075
2722
1929
713
2672
9961
6269
4404
7498
1611
9576
2488
7643
4605
9850
7407
523
5454
3135
875
6573
1327
7900
4763
540
195
268
4370
7939
1093
5479
8679
8175
2427
7655
509
4501
1790
5546
9280
4643
8150
5894
3333
5479
7304
224
2798
4529
2783
4539
1679
8874
971
2833
6739
4258
8956
7107
158
8842
7533
5424
5425
3910
3425
8999
6479
6432
2238
8157
8659
268
9884
476
845
8767
5228
5874
144
3214
1080
4693
8477
3289
751
5895
2430
5044
669
782
6353
4281
3355
1488
7130
6975
6508
7089
8616
1688
9987
5308
7219
7501
4949
4371
8506
3915
1378
214
6286
5178
8707
9141
3886
2289
4258
6214
8177
9851
9564
4838
2054
9063
2856
1392
4219
1715
1444
3581
463
9222
9076
9585
1272
7120
1529
3618
4419
6898
4115
9734
768
2204
1302
1812
9609
9611
8750
1527
262
7743
2243
9505
6066
2029
5690
390
7051
1818
6977
1284
3580
7554
8904
3875
4299
4779
1248
8176
1937
9421
4389
8457
4764
958
715
7160
9831
254
8537
2640
2132
967
2584
1705
6287
515
1338
6812
3155
4155
2523
2461
3080
931
1464
8602
2483
1015
242
1927
5195
1683
8513
4552
6621
2981
7768
5259
7823
4948
525
2363
7172
8349
3444
3350
8629
353
176
7592
1690
2175
313
8832
7626
9330
4109
5567
8104
8475
2550
3743
4650
686
9855
8185
4616
9164
2262
6708
4873
1219
9744
3183
7630
1894
6655
1966
2555
1406
2404
4437
7288
5278
485
3269
1131
9527
9549
1336
1683
225
5030
9182
1541
3620
8215
5366
8663
6345
205
7723
5822
2323
3819
6820
8456
2957
258
5610
1081
2035
3582
424
678
9439
454
3636
6594
4026
321
3855
7068
6974
2441
2190
2357
13
4913
710
1378
5173
2117
9513
3526
5550
5734
6371
6236
3304
4035
3491
9704
1863
1862
634
8059
5516
8307
4485
2264
2130
4321
3067
9114
3245
6822
5
2673
2355
4933
3601
1472
2247
4727
7204
4392
3914
1065
9698
258
4048
6747
1504
5775
1779
7988
7060
4496
314
6646
7057
9940
8872
4805
292
8773
2276
3655
2717
6081
4396
3083
2031
8665
3512
6505
918
1148
1695
7980
3275
1441
9485
6130
5001
4663
5631
3600
924
7756
1684
9813
6511
4975
7779
3157
9922
4166
1116
162
942
6958
1152
6762
1528
8774
2560
6595
9158
9003
7207
2775
9413
7874
7718
3360
8790
9751
6835
161
4828
7239
3424
58
5767
6272
3645
5049
1118
8884
9997
2545
910
5999
6137
1500
6229
4783
2327
4191
2652
2252
7256
4338
2424
7579
5572
9660
4368
3511
4534
8961
1676
5050
8679
5211
3361
5215
5291
9817
4415
2615
4030
5978
9382
6381
6893
2648
572
2378
1700
1924
4353
439
7147
1381
7996
2983
6447
6928
2685
896
9137
2183
1906
4925
1009
5473
5590
5045
40
1085
7884
4985
7672
1846
8735
3135
6693
3685
6535
8881
6144
1402
5595
2198
679
3512
4890
908
8622
8803
5847
5945
2315
4602
103
535
6085
1093
2668
1481
3706
8909
5440
8319
5795
3277
9104
9310
2840
685
7469
6012
8771
3209
2708
8638
1221
163
9401
5346
3562
5133
3717
715
4238
820
5620
4416
1692
8525
8733
2100
3370
7633
4064
1043
918
5144
1777
3201
1135
9542
7031
8194
340
6904
5939
2729
2333
3357
6432
225
9307
277
4543
814
6336
3563
880
7345
8797
434
2912
6957
7376
6960
8277
4284
2138
8525
7498
2192
5874
7050
9179
4252
3724
6561
4992
2686
1607
6016
5657
6643
1544
4805
4334
9864
8537
920
4147
6193
7714
3996
8253
2428
2563
4724
1208
6339
8967
7941
9236
4452
8153
9823
947
7409
2210
4154
1795
4742
666
8115
892
4557
6378
8259
4712
7811
7571
8036
3989
537
3633
9827
7261
138
9804
1347
9056
9903
1333
7960
1110
6165
2027
2606
2438
8057
2896
4477
6661
6984
4095
4989
7951
9401
9257
6393
7831
9847
356
3717
4815
7120
2163
287
6358
6335
2931
7079
2789
2073
5739
6590
9463
9833
2817
4431
2364
6525
4364
7456
4892
9981
509
7335
1260
8238
3277
9469
4226
251
613
1060
8568
4318
1023
6712
6962
4210
5344
294
287
5416
6338
8046
4562
3211
5410
3530
1437
4772
9007
3068
8482
7852
2557
3978
8313
5301
6413
3960
3889
8552
6093
6825
3031
444
46
9413
8872
8811
3402
7497
5894
8597
7697
8290
1660
368
2120
6887
1746
4695
4096
7498
3342
1038
5847
8028
6912
1990
1522
8083
1804
7828
1973
2060
1830
978
2248
7680
6880
435
266
6713
867
215
3729
7793
4398
8931
2057
7919
5681
2589
2856
368
7608
7994
2787
6262
7929
4103
9107
724
1340
7482
8533
1477
8893
5799
9988
2544
2466
5697
2055
5164
8461
1574
8762
4930
1409
1769
2829
4327
8708
4686
2319
5815
6105
7960
1512
5281
5306
146
1785
820
5320
2160
6245
6844
5682
9187
507
8476
3799
9230
8922
1595
3308
75
3700
8127
5244
5308
6078
7482
9362
1619
7165
6951
343
961
1423
4275
8829
7487
7052
747
1559
7294
2380
5289
7807
894
1461
1694
8501
9217
5051
5646
7576
5821
5398
6479
678
9524
1938
271
3715
8420
5257
3096
1292
3340
8720
565
5816
6197
5588
1857
1796
7404
4403
2068
2874
4002
9850
156
5350
1858
7586
9549
6505
8853
57
825
6410
7943
6273
4782
9216
7287
1036
8082
6607
6690
7026
8527
2197
749
1880
1710
8916
9491
4881
2260
7101
2596
3089
5264
881
2442
7702
896
1176
5306
8757
6518
7821
9344
1749
4623
847
3127
6589
6413
632
8922
2303
6201
1435
13
3601
7914
800
2411
3807
3539
9776
6862
7939
2928
2783
1505
7840
7103
2971
9557
2993
2351
9753
1588
6756
4297
9434
9706
1653
9873
9936
8733
3468
1450
2835
32
535
3212
4785
4731
741
4472
7721
6920
4343
8037
8198
365
1703
3714
9116
2077
838
554
9268
5022
3719
8134
6104
728
8076
3685
2237
5602
3476
9196
8771
6780
113
398
2126
4107
8203
682
9137
57
1591
8920
3728
3897
8725
8865
4370
8811
6316
8944
4584
9075
789
8588
2289
9833
5354
4819
7481
9793
6541
790
9157
633
1880
5703
7999
1748
2744
8691
4225
7961
3849
8415
9891
3290
9600
6051
9334
7333
26
4937
3372
1197
2919
709
797
6758
7862
1986
2299
2355
2608
4640
5280
6367
260
1566
5340
4109
9413
2073
7328
2257
8469
2803
2201
4986
1824
1362
7678
2390
2985
1533
5529
5156
8021
9367
6437
9479
4857
1801
2779
655
2884
1745
5964
1464
2860
477
8237
1199
7290
9766
4790
1736
6613
8412
1786
8977
3087
709
8916
8660
1089
2404
2101
9967
807
3099
5391
4835
475
6466
1697
78
5378
1235
3105
2265
3865
58
235
9345
1182
8832
7099
1287
2623
6706
3068
6038
643
6435
7326
9687
9577
7430
6362
5430
8948
4730
4149
2370
3731
3315
1285
6791
1058
4828
4439
5052
7875
751
1565
7356
2698
8928
6744
9573
2955
6429
6089
497
7476
2406
5798
1720
4106
3771
8271
3202
9685
5210
2270
3261
1290
6965
2160
515
2156
6838
2471
6040
8834
898
9147
5895
3638
2302
7588
5818
4483
5301
3111
7467
7836
612
292
8174
748
2027
7244
4650
3217
852
6851
5851
1928
5473
8233
8985
2167
9703
3848
3078
1101
589
2125
8106
5370
6562
1030
7487
653
7249
5856
76
1697
1174
9838
4097
9383
7310
6617
7463
3778
560
6362
5653
4836
8637
1800
6258
8620
2920
2754
3950
3917
4422
6331
3454
4989
9140
1544
907
866
7947
9963
7770
8604
1269
1006
7242
5842
2636
1950
5648
4094
8598
6813
8114
1320
8002
9077
7173
4771
9650
909
838
1401
3206
1517
2187
856
1132
6674
2343
5561
2042
529
784
1060
8967
6202
6993
2534
3836
9956
5693
8157
9054
50
7546
2025
1320
6809
7354
7907
7339
8641
328
2554
1189
6892
8103
2594
5154
2570
2459
6667
7621
2104
131
2834
2165
6444
2669
2282
7416
5106
407
1225
4144
2691
3734
3554
2551
7354
442
8277
1564
2119
1708
1256
9899
3887
3021
8324
254
154
4621
9920
7286
5930
381
4494
1351
7515
5222
2792
1622
256
6150
1512
8676
8264
8094
4617
167
5298
3628
5697
8797
5045
5897
9035
7072
5086
2306
198
9768
8952
1063
1472
5379
2702
8582
6800
5141
8272
8309
9414
912
3254
65
2338
5585
9527
9209
3271
8848
7448
3193
2942
4262
1429
3752
6762
3884
5297
9344
3328
5160
3262
3953
9586
9686
4268
6405
7311
7511
8945
7217
4076
1484
5868
4544
1681
2097
618
63
7988
2250
1764
5128
9589
2383
9423
7759
8494
1559
8785
6607
9625
3253
1524
2626
175
6965
236
770
2084
9493
1768
7170
1892
1283
6555
1068
9851
1867
5975
6345
4887
5773
8430
1746
942
4640
3641
3113
7631
1993
8196
1814
2266
6233
9712
818
4030
5721
1366
6614
8439
3015
7580
562
2852
8926
3225
9132
7353
2838
344
2606
9433
8257
1551
1678
801
5105
8380
9404
7988
6057
6708
9005
7387
570
1339
9434
9593
3434
5107
7960
2191
9828
293
1414
9060
307
6016
1785
4258
1084
1540
6103
7505
3053
7454
1572
2533
5977
7169
7856
2726
1905
5880
4701
691
1938
8526
2082
7414
9329
3898
6849
3189
9814
4123
3688
270
7531
3447
2858
3599
8035
8756
5723
7097
2491
6386
3325
6931
9282
4911
5165
5421
2824
9496
7277
843
4759
6464
5696
157
532
1331
3336
9777
9908
9127
8511
1112
1678
9031
6967
5208
2181
414
3058
1079
2338
822
689
7122
5171
6814
4125
1760
7685
8029
3126
7771
9891
3417
8223
3672
9756
454
3798
3258
7941
2895
4180
8330
2804
2966
2281
1877
8440
1852
1333
9971
2873
1615
2662
6427
6387
8390
5765
5081
498
8637
9423
5434
5244
7953
6468
5917
4849
3771
5394
41
4339
4397
622
1854
7173
2142
2215
3197
3253
4869
3707
1943
586
2918
1799
7734
8268
992
7215
829
2549
7938
1361
9057
4091
8945
1641
6964
8171
475
8836
3958
2116
136
470
5418
8329
134
9274
7257
3956
945
2205
1737
3707
1732
1433
9659
4276
6274
1074
4871
1335
9235
3219
4056
5064
6640
7654
4535
1057
6445
7317
2872
9650
4152
7987
8711
7720
9974
6745
640
3246
3560
7090
7281
9445
48
8454
6545
4932
4502
6039
5181
561
5288
7293
950
9387
6053
50
3996
6589
7017
8652
1448
7907
4630
7374
3532
4073
4150
5933
1196
873
2034
7491
1385
8448
9314
534
2305
1653
707
9046
1848
1209
5546
6664
7684
3644
8042
4309
2828
1286
6983
370
4542
448
1752
7230
1027
5094
9070
8925
8035
7486
8760
9703
8967
8645
2130
3360
3811
8445
5761
3125
5375
4936
6143
5195
9002
9779
9303
312
6158
6180
2287
1854
1042
1730
9848
6091
8289
1926
599
6898
8765
3557
9201
7191
9828
1402
8856
8940
1966
9141
6376
6782
1148
5142
5441
303
912
9560
1298
7874
1227
5742
6633
4969
6635
3263
5245
4126
8993
224
6824
739
2260
4917
1893
3354
4183
7064
5469
67
8939
5701
2337
153
6661
6971
183
187
5149
115
6869
8444
2923
8958
4878
666
7202
1920
111
1438
7225
1854
4217
5960
8654
5528
5676
3224
1593
7719
2936
7548
2626
2677
8195
7773
7058
1775
7641
6600
4714
6700
6390
3405
1014
8250
8565
5145
5422
9933
7991
2532
6418
4886
7010
554
9347
6405
2462
1770
9266
4431
4449
5744
7722
2749
9878
6883
5132
9882
3471
9309
9406
1627
3311
8542
147
556
8694
8159
9704
4894
1659
4615
3188
7442
587
6064
8701
6692
2772
8359
9290
7240
8816
5334
9116
2885
850
6353
251
3364
2785
1635
9218
871
9688
9574
2619
1786
8489
5780
5256
6987
2501
992
3494
2776
7021
7587
3410
8124
4661
9528
4168
2393
5373
2247
4032
6485
3183
4994
503
7733
2920
7681
3710
4698
2343
3853
2837
8525
5095
9327
246
1755
508
438
945
1425
6142
1002
363
567
9257
8980
2981
5116
1841
3194
2653
1237
6486
6012
5015
5781
2363
5103
5402
4266
6709
1436
2859
173
9574
3672
2409
1800
3208
594
4029
2902
3400
206
479
8171
7992
4820
5225
7912
5394
1207
6428
189
3437
9783
1636
971
4594
9574
845
561
8523
1242
6851
1267
752
7240
6906
6153
5665
7338
8881
2925
9234
8182
3175
1522
3674
7855
5275
1188
8202
103
8069
52
5326
3851
9254
4049
4245
3085
7856
9925
3824
4896
9397
3621
3068
6470
8465
5366
7087
9881
982
8959
773
394
4667
8258
3880
525
5156
2634
3584
4482
8784
9060
5440
162
5477
6429
8172
2877
9979
4064
28
1189
4427
796
1490
4122
3077
6422
1451
2901
6228
1908
1831
1395
4131
8613
2024
6903
3468
3377
1549
6958
6580
3571
1211
7825
7256
6809
9920
5277
7557
7272
3783
546
6283
4256
6603
973
2463
7827
5804
2710
8163
9956
2914
3753
4774
945
4596
9301
7530
6288
4327
6470
9658
8075
7608
5890
3656
4555
6952
1862
6663
6438
1418
3326
1421
2745
6749
5815
9607
1747
3034
8325
6906
4727
9517
819
8301
3439
1155
8893
5703
3216
8072
2735
3018
9650
2669
7804
6924
3549
4492
7759
4633
9346
5723
4290
3947
6750
1426
9295
5988
176
9101
4857
2993
9588
2752
2265
4911
7943
8798
4026
2299
7754
1159
6259
2923
2434
4740
1416
5885
6645
3380
1648
67
8068
868
8133
75
7433
5121
4541
2656
7696
269
5658
7378
4117
1491
3012
1606
5057
8763
209
3741
6932
8652
8330
4134
4225
772
1742
2547
5676
2216
226
60
8340
6860
3951
6438
465
706
1002
5312
7020
8643
177
7587
2401
8526
1531
8344
4581
1524
124
8566
9527
9535
3787
7138
2648
5253
6500
8262
8682
753
6508
2973
186
1244
5241
9011
7726
3277
6141
7535
3452
6630
6102
8797
6432
6106
2614
1885
603
1695
3619
5726
3291
2248
5486
9225
687
8512
9508
4797
5447
965
8759
1197
4526
1866
5434
4187
5607
155
3742
7555
7657
6942
7216
3832
1017
398
9070
4719
2571
1430
7709
3517
4952
4688
9836
6177
1151
3947
54
3265
1963
8750
4330
7317
7640
2416
2363
470
1174
9810
2839
3173
7353
899
7239
3163
4406
2562
8955
596
829
3185
1042
3418
2982
4206
9564
5042
4974
5264
1825
5193
8734
9459
5822
6253
2864
5188
3795
1243
6001
172
8781
3452
3925
125
7060
3839
8285
2142
4947
4532
9
790
4971
6254
2061
2074
9879
8598
8453
2006
142
4223
9704
669
9386
3117
4430
7248
1898
308
3409
1392
7706
418
5813
9317
4734
6091
1623
6442
9441
2809
5638
78
2480
496
5845
1788
2308
3651
4940
1253
5795
1641
561
1106
4727
2588
3625
1499
473
8039
7391
7543
6533
125
9584
3473
5485
5033
6829
3919
3915
201
3070
8258
9255
6730
4198
5228
1932
8274
1450
8693
5675
6383
5969
8956
9564
5075
5403
3918
1560
7996
9217
9383
2967
2661
4400
3435
8938
5119
821
2484
7865
9981
5783
2841
9850
5953
4264
4803
4614
6266
4825
3087
9372
3963
6800
1857
7937
6714
9002
783
526
8620
832
4362
1031
1075
4780
3114
1885
1222
3960
6736
1571
9452
9851
1643
1521
8512
6626
1303
4234
996
1728
729
6414
3075
1205
4139
9135
440
4560
4216
8211
4927
4228
7686
7230
5215
5068
9495
8285
3093
1118
734
1634
4415
3936
5553
3155
7933
846
7746
8225
3256
6951
989
2425
4527
2474
2354
8765
454
2035
9408
2624
653
2070
7413
9923
3425
503
4328
6498
2597
607
755
2670
1934
2064
4065
3577
4321
2690
3835
4803
3406
645
4610
1271
6777
9478
1436
452
6684
9517
1855
7868
3341
8764
2127
9951
2544
3383
6279
7589
4782
2483
8696
78
7569
849
1445
1545
964
7976
8731
8503
301
2788
7105
8445
391
6224
4083
6907
7553
2148
125
9056
952
4927
4330
7241
7910
4131
6011
8717
8503
5778
6982
42
911
2268
564
1918
493
422
2744
6341
1294
4250
7056
1077
3586
4001
1373
3323
1054
8737
8627
7395
6326
2918
7680
6969
4424
5762
28
5283
5801
8500
6420
7835
7281
3658
7366
7790
3190
5494
6716
7189
7768
193
8889
8998
2225
7538
2148
1211
5371
5148
2071
1261
7183
9611
3591
632
4417
6653
7906
1550
3596
401
5578
8440
6031
4945
5331
1121
6980
398
4333
5169
4069
2207
7330
6441
8749
8841
6399
2867
5487
2605
8243
4503
8890
7013
7401
509
2551
541
2293
8951
3688
7441
8640
1466
2240
8650
3779
3808
9138
1319
9813
5182
4106
3405
2949
7574
8782
7823
3575
1372
4883
7692
7998
7065
6159
2716
8365
6897
6451
984
8910
1621
7220
1788
318
3464
7789
2653
5103
2146
118
7881
5756
8454
4754
7796
9385
5427
2828
1676
9810
3357
5535
2353
2497
1593
6888
6679
732
6411
2236
6903
6548
9792
1289
121
941
8379
285
194
4766
9599
6953
9757
6984
4224
6915
1978
5047
1274
3502
6569
698
3471
683
5588
1506
2370
8315
4448
9900
3684
5595
2578
4302
9169
9566
5330
8596
9866
5834
7105
1304
6800
7090
1753
547
2517
9990
680
2485
9715
1069
4876
1286
2681
7598
2829
2331
6377
2561
6702
3495
4131
5176
7649
7111
9855
3373
2045
2523
5133
7338
4577
6325
1549
5626
1494
9107
9677
7411
2918
9021
821
7904
5182
542
7204
9281
1028
882
2233
2161
1400
3060
2257
891
4348
212
6355
1675
8340
4186
7709
3430
3628
1741
1580
9769
1740
5858
62
5570
4140
7814
6297
6801
583
6890
9575
7227
8033
5073
8487
4533
2711
5131
2277
3915
7499
4686
3108
5555
6797
8969
1905
4005
8937
2537
728
8839
834
5144
6050
426
1314
7864
549
2662
3150
5443
5882
2502
4283
6959
5325
3666
6548
4628
3031
3921
7286
1918
6187
6507
6209
4481
4514
7456
6703
6768
8294
5339
9490
763
9105
8131
5072
2939
2388
5271
1165
3535
7462
6359
5580
8901
8403
2275
2261
1463
3072
7380
9253
3595
1599
5372
7113
5017
9719
6207
4024
1098
7985
8350
5699
3204
8706
7175
8638
5416
9484
9294
1883
9656
1971
4089
7547
8025
9472
6878
3715
2237
39
958
8768
2781
2520
638
6251
6025
5881
1177
6122
6959
7902
136
1965
2412
5118
3468
2291
3510
4981
9809
4304
7285
7848
5010
3935
5605
5756
4412
982
4701
9589
885
2095
76
6527
5673
2112
713
8751
1783
2511
4391
8855
2304
5927
2250
2156
2491
7209
204
6423
1240
867
1054
4317
1403
3857
448
3344
6693
5878
4367
929
9121
2553
3617
1132
1492
6624
6209
3793
1473
6365
971
516
4111
8043
1574
1652
8219
9927
4324
5756
2893
4062
7820
8619
2348
6250
1666
1027
416
3660
667
1283
8892
1592
2914
2710
1223
8995
3561
5560
2191
7918
113
2492
2460
6671
3160
1759
3126
4036
534
4857
7254
1511
1125
7081
5420
2640
4211
9229
2694
6861
4185
9732
9148
3250
5017
5877
2876
1873
6042
3852
4376
2760
8307
1559
3601
221
3705
1412
8177
4026
6568
8
620
888
1203
4047
6693
8220
6108
1080
1679
8692
3266
2300
8410
6929
5581
4114
7641
6882
6379
7555
9733
1844
2344
1662
6964
5003
2127
2028
8375
1439
7700
1888
8006
3303
7741
1878
3500
2470
8451
8569
9778
6872
173
4098
925
4619
5031
5300
519
158
8452
8040
3998
4250
392
1144
1326
7378
6804
2414
9982
1484
2273
3882
8237
1613
7115
9254
4444
230
2642
6394
441
8097
6626
3790
6670
6442
5165
19
9693
8509
8365
8528
8634
6114
9852
8286
342
1611
31
1090
4991
3658
7
1006
7785
7651
2389
5638
9387
4469
5920
6418
4761
5271
5497
825
2421
6804
2552
3256
5460
6022
1679
4725
6370
8932
9498
231
853
9244
3561
129
6658
8351
5390
5442
6306
9455
6084
8510
1154
3513
5829
9370
7021
3041
4650
9898
3449
6546
9601
4395
5764
227
7872
8655
1197
2328
1180
