72 72
951802255 909
1925123253 -301
-1334002408 922
-126409195 -528
628301555 -687
200810502 -961
77631135 -629
-1697848252 480
-1094657483 87
-268400524 252
-1428035786 814
-326676500 774
-634258324 377
-1534843497 -995
-833912952 -937
919750150 413
-190523837 -537
1898512263 721
757863645 106
-704471888 27
-816499401 -711
1375235275 -203
77052168 991
-669576015 -34
-1429105724 -308
-1219514540 -810
958148314 -16
279300354 -877
-1223400835 -941
-1781707977 125
-1509384670 670
-707726345 716
-1857213034 -834
-1970232978 -170
-1951898414 -792
-843669373 -132
-83896004 154
-1614421699 939
-1301193996 -233
-1786442365 -383
-897758193 -864
898657952 885
-829025598 -163
-792560638 423
187319233 803
1448976624 181
-154261017 -523
511549991 -562
-1620798432 -973
886418444 708
841274431 -722
-1623527049 -823
1840812401 -328
1225423696 -523
-1747646420 -474
-407392832 -547
-390928414 998
-932133093 -93
-1489706102 535
1562783368 421
-1769720635 457
-1776927193 -613
-1013090588 -109
-904328069 641
1199164368 -617
1769449846 820
-389802761 -735
1581865413 589
-1379872889 996
73036990 271
-1928085676 -775
-1639468632 233
1581865413
187319233
-1428035786
628301555 
-389802761 
-1534843497 
841274431 
1769449846
-1623527049 
-126409195 
1199164368 
-932133093 
-190523837 
-829025598 
-1334002408
511549991 
73036990
-669576015 
-833912952 
1840812401 
-1614421699
-390928414
-1429105724 
-1094657483
-1639468632
-704471888
757863645
-1223400835 
-792560638
-816499401 
958148314 
-326676500
1925123253 
200810502 
-1489706102
-1776927193 
-1509384670
-268400524
-1697848252
951802255
1898512263
77052168
-1786442365 
919750150
-1857213034 
279300354 
-1928085676 
-1781707977
-1970232978 
-1379872889
-1769720635
-843669373 
-897758193 
-707726345
-83896004
-1620798432 
898657952
1375235275 
-1219514540 
-1013090588 
-634258324
1562783368
-1747646420 
1448976624
-1951898414 
-154261017 
-904328069
77631135 
886418444
-1301193996 
-407392832 
1225423696 