191 360
-1969 762
17475 -1873
7858 -1346
9330 387
-71062 459
-57600 -1903
17666 935
1667 -462
-5950 1881
-44813 429
11267 1395
15177 1722
-65352 -1945
-267 -1554
-222 -458
19320 121
13069 -1021
4506 -814
2128 374
-1088 811
-26379 1542
3262 -1955
10578 1983
-35568 -1055
15522 -463
14249 1557
-45788 -523
-27064 1433
-90206 1313
12646 134
7337 249
3119 1658
-1821 1781
36 93
-44767 -281
-9136 -1832
-6122 -1392
1546 766
1333 584
-77 -740
-9834 -345
3745 -1054
9375 -1807
-72977 1490
8842 -1886
-14980 -576
18968 1268
8617 -1209
-2407 -880
-69038 -1761
-7899 -74
-845 -732
11371 1578
-18389 1741
4544 -1358
5387 -1265
7939 953
14545 1459
4531 -1838
-25004 -207
-33994 285
9913 1060
2537 770
10002 -325
-367 1391
-99523 -193
-30475 873
-99756 1998
4302 -1913
-98892 -756
-2740 901
14969 1370
11940 -1686
18629 -56
-192 1747
8893 1849
14174 97
1746 -1332
-2560 -1306
2473 677
-1870 1659
8341 1157
-3097 892
12894 -946
-19096 -1088
9643 -851
13817 -858
-94603 1388
-37587 -1038
292 342
19426 94
-8061 -1289
12312 -1258
3626 1529
7167 453
-21499 778
-1156 -830
19233 -268
3609 1915
-42666 -504
-3978 -1674
1762 138
-1917 -176
-32346 741
-31049 1278
-8861 -715
-3135 -96
9191 -68
1457 -294
-1295 1196
18917 1519
18761 -1474
19246 514
-6956 -940
1698 -1559
18402 -1526
-5528 -251
-49650 -374
9783 1019
16156 760
-26123 1607
2143 -1081
5473 738
-5170 -1193
-34449 -745
-56083 -1486
14687 -1375
-53 -1095
9345 -213
19089 159
-5493 -1684
-2161 -853
15876 -1931
-888 970
19400 -856
-3455 711
-245 418
9287 -1799
-4034 1393
6919 -890
15056 1642
17440 1846
-6755 964
11708 -831
-8271 -242
3889 -1558
12208 -657
-58866 605
-598 -1932
-98134 1429
-1931 1502
1894 817
-49796 -965
3113 -1178
12413 -579
2373 -761
-23392 1412
10640 1874
4766 -1681
-7475 1291
-21534 228
11146 331
7360 201
-50831 1026
2436 -963
12625 942
1377 -1705
2399 -861
3868 1889
-4685 -1948
-2556 689
16784 200
12605 1440
-59644 -1704
17788 -1362
-684 1014
11627 -1849
-775 -531
-68941 -900
9037 -1539
-8548 -1053
13969 -320
-64032 618
-23528 332
-71958 1065
-31494 1169
11586 -211
-3912 631
-34233 456
-5823 7894
12067 1234
12067
12067
12067
12067
12067
12067
12067
12067
12067
12067
12067
12067
12067
12067
12067
12067
12067
12067
12067
12067
12067
12067
12067
12067
12067
12067
12067
12067
12067
12067
12067
12067
12067
12067
12067
12067
12067
12067
12067
12067
12067
12067
12067
12067
12067
12067
12067
12067
12067
12067
12067
12067
12067
12067
12067
12067
12067
12067
12067
12067
12067
12067
12067
12067
12067
12067
12067
12067
12067
12067
12067
12067
12067
12067
12067
12067
12067
12067
12067
12067
12067
12067
12067
12067
12067
12067
12067
12067
12067
12067
12067
12067
12067
12067
12067
12067
12067
12067
12067
12067
12067
12067
12067
12067
12067
12067
12067
12067
12067
12067
12067
12067
12067
12067
12067
12067
12067
12067
12067
12067
12067
12067
12067
12067
12067
12067
12067
12067
12067
12067
12067
12067
12067
12067
12067
12067
12067
12067
12067
12067
12067
12067
12067
12067
12067
12067
12067
12067
12067
12067
12067
12067
12067
12067
12067
12067
12067
12067
12067
12067
12067
12067
12067
12067
12067
12067
12067
12067
12067
12067
12067
12067
12067
12067
12067
12067
12067
12067
12067
12067
12067
12067
12067
12067
12067
12067
12067
12067
12067
12067
12067
12067
12067
12067
12067
12067
12067
12067
12067
12067
12067
12067
12067
12067
12067
12067
12067
12067
12067
12067
12067
12067
12067
12067
12067
12067
12067
12067
12067
12067
12067
12067
12067
12067
12067
12067
12067
12067
12067
12067
12067
12067
12067
12067
12067
12067
12067
12067
12067
12067
12067
12067
12067
12067
12067
12067
12067
12067
12067
12067
12067
12067
12067
12067
12067
12067
12067
12067
12067
12067
12067
12067
12067
12067
12067
12067
12067
12067
12067
12067
12067
12067
12067
12067
12067
12067
12067
12067
12067
12067
12067
12067
12067
12067
12067
12067
12067
12067
12067
12067
12067
12067
12067
12067
12067
12067
12067
12067
12067
12067
12067
12067
12067
12067
12067
12067
12067
12067
12067
12067
12067
12067
12067
12067
12067
12067
12067
12067
12067
12067
12067
12067
12067
12067
12067
12067
12067
12067
12067
12067
12067
12067
12067
12067
12067
12067
12067
12067
12067
12067
12067
12067
12067
12067
12067
12067
12067
12067
12067
12067
12067
12067
12067
12067
12067
12067
12067
12067
12067
12067