507 509
1424691575 -43472
1907755480 91258
602855213 -86096
316045034 -40565
-540007163 -863
997100394 -60008
-1088838052 42962
405436413 28183
325514227 -52904
1695080625 4408
1844750798 54932
700578045 49022
796724389 -53900
-738383460 -81557
914263686 -69147
1219149155 86943
-1852658615 20401
995533093 -82872
-1288162244 -56553
923385351 79142
-1847263473 -67661
704842037 22966
-1652982734 2928
-1056092396 -39419
316424478 -17844
1058718817 -69294
-401283559 -29220
1180047524 11448
577647574 -4676
-1103064371 -20363
1681349871 19951
1157895925 -99394
-1313888526 41541
-674679298 -68132
1411018320 -65762
374500906 -93356
1758237329 -88352
415891499 -63074
925438946 11215
1547376268 -47014
1249539538 -20575
149607888 78557
-692615150 -37678
287870824 -47548
-787319569 -53019
-385619746 -99662
-627967846 61088
50203910 26642
1483468321 54684
-302258905 -33483
1009622122 -40502
232813402 -68937
-1339547058 -27438
1876571631 -28978
1582271190 89682
670675514 78673
-1635858376 33251
-1873325806 -71246
1812021723 -35412
-251595706 -22433
23812879 -5353
1360281985 -87353
868513672 65180
1414091757 -60075
849575691 -26528
939290856 -60283
1963890648 3561
-423026272 -65106
-581271015 -45419
-739206130 79811
1300021482 32644
-296180608 -43214
-1718911146 66837
-292315330 -5315
1216297193 77333
893878158 -17260
1693375358 -30593
-1380964732 42389
-1680078614 85756
-1003697136 -54175
1132120311 -80470
1703360602 -24135
-314821559 3916
-1105334682 -89366
-1623636064 72969
1327481277 49096
128192976 63018
-1429771527 -53043
-211829775 26470
-768869906 -96372
104753420 -2402
-327987406 2792
1187965857 41821
1921564168 88122
-335508184 35171
-1696100691 14931
829121110 74977
-1147858327 56620
1945450409 88544
-718478523 -34871
-1273093273 -54885
1335890932 -34197
279440299 -76825
918960243 -20737
-1747318332 69805
-1340541367 -95755
-256510222 -22343
1813986572 -88228
1329938787 96871
-415249957 -39179
697722513 -27624
-1926732327 -40048
-1642480190 -98052
466134541 -40898
-686543825 -71345
-38589747 61580
-709137100 58499
-886453028 77586
-621037095 85059
1723180882 78256
-225194424 -49951
17028729 -67208
1696320447 -50300
407958931 29068
-585593142 -42683
1527697908 56558
-1802961378 -63568
-1968615356 84452
874778517 -50568
-1997137882 -78242
-1439922318 -28634
1149328724 6574
-1535430670 58906
-1561541540 -9889
821522477 -66897
1363029917 77177
-1801288127 90580
-1324790852 18111
739468248 -76135
1020968191 -78172
307334774 52465
1852387427 -75757
-7342507 -80806
341593543 -44946
1130267874 29935
1146824748 34856
1049425762 71344
-373139884 -86465
-1896663489 61004
-945239037 87125
-1804864055 59371
744385338 -8738
1306281236 -46322
473814320 -50066
1677671207 -46929
644356148 -55535
-47617538 -9062
410480685 -62352
1416244753 49785
-1594379440 -88785
562009857 -32287
795166460 -18384
1648417495 -13823
1379327259 67951
-1105578151 -40916
-1481918409 22497
-1822318294 -21923
-1782265695 -6325
-1419864747 6576
1306648040 -82050
1218703146 95597
-946715154 62335
306865013 38411
-1167335388 -5263
1816376846 64671
1193532725 65808
1603492259 11810
515096512 58223
1385679174 -78903
-1755495080 49240
1200623591 -56462
48888509 60616
-1387334860 -8802
80386094 -5100
-605431316 40998
1349720331 -99961
-1077934282 -84904
-1479044093 83681
-1718371781 -8076
1528685583 -90371
-1433521055 5831
-702194529 -41836
582542837 99522
491696865 11276
-390572762 -37446
788147466 -79131
1455768771 -58574
-1152103816 -90902
-305665410 -82620
825702132 -8890
134771985 -44192
748453688 -15629
-929681711 -38522
237169807 82185
-111070929 -11091
-565844889 66033
-1162411573 -62187
-456410551 42008
556447087 -30730
-1462627048 -78640
-648166304 -62622
630587032 30012
-646592524 -615
-264788525 -58964
-316445586 -3444
1077543378 61411
577532019 79840
1904636064 48483
498765053 -19104
-1763545152 2519
-122955153 -44373
1841137991 83477
-938864736 -16348
-258399564 73876
451618155 -20896
-1589894485 -55331
164387551 56692
768253 53286
551449096 98375
525458656 55790
-729624787 -96779
1734572886 62874
683428275 70300
357378914 24862
-1076403227 -48792
-1541699363 87400
138977038 95933
-1838321677 47635
-236107935 53387
950373589 67081
1640954647 -80380
1292446886 -8128
-830010599 35932
1876900535 26571
-676110847 23862
380500817 -50631
-284515788 20879
1378354655 -38530
-1722221260 -35173
-79481103 82962
-774509247 -91278
-1406962938 -52281
1836774349 91615
-312852478 37588
-768053146 39333
264574758 -66741
35570118 -72587
-995991016 65
-1523610669 -30689
1197453992 27116
-105493137 -88258
-1930934790 86815
-951209817 -21144
-1230165893 13223
-1000882762 -61097
1638927934 -16580
500638269 -46782
-1137711063 42359
-211616066 39296
1299174820 41144
1031003997 -12031
-1132188003 29024
579030016 49247
-1266412356 -23834
1882988570 86658
1974522856 -68801
625749327 -10735
852254840 -29527
-592902057 28994
1776901225 46727
101455910 3177
-1495032599 87482
-1869884765 48595
446614085 -65897
-1670726958 26290
-657939579 -39171
-915869828 40023
1612170097 27940
-32529670 27765
839979424 -62182
1418290959 -49470
-763572468 1282
950024124 37993
-1286649073 51115
820585757 -70279
-534235987 18800
1704146013 85017
1447890898 68506
399550636 -54097
-557403744 87283
-712066198 -62994
-1939384768 -93390
-678002350 6551
508380774 -47485
-560514838 19910
1832864601 -44372
-1107638837 -81479
1232736124 62765
-1335996032 -66538
87624047 51738
-629618537 -17774
866887458 41005
-145452132 18644
1032673109 21209
-1705761659 40425
1090393822 62093
-1548623553 -19693
-1109125727 73933
1317281698 -94748
-36102784 77432
1155004700 -56521
-1858733659 29030
53847459 -80851
749989434 -62499
1866292456 26281
160201781 -86999
-1687442504 -66630
-87088591 97521
-1515674889 11474
-640396368 -69626
-1412942764 -40287
-592934136 12992
-721850516 94377
1461526932 37320
-156521565 -14095
1866646400 -71216
-839563846 -22799
443331500 -1936
-1208166833 -58900
359517426 -95258
-782246086 -87496
-441491065 -44923
-1138530917 21425
-1520595227 -27000
957301799 67818
1139261685 -77454
1365007674 -62389
736876533 -70154
783414577 88940
-1396579935 -22153
1551178174 17715
-287248233 13850
-187087083 12504
-249108161 -2449
385215419 56190
-1062585612 24496
-460474031 27108
1533616885 52368
437869761 24272
1244045162 -26315
1273222513 -16367
-381710806 90983
564132664 44655
392871475 -11835
-408406839 -12122
-1148791213 -98986
-175778371 11704
952831937 -32667
134155018 28987
1183664630 -20405
-105529398 -57271
-1975096798 19293
-1613337008 61754
-76795713 1317
-129566957 96174
831324306 19826
-951902568 18364
1244305526 88117
479379576 -25911
-1535952180 -43420
214212747 86338
-1512423577 -18855
907216019 -25394
305214683 -85297
-1742406133 61598
-61658840 16902
1842286730 40068
1189818402 -61690
510515262 -44906
599612284 -50794
-779255401 -62955
997840223 38454
-1854748762 -85303
202788014 13021
-847000868 82201
501894204 39378
-781990038 84859
-938058901 -87060
1901571479 -44605
-568944722 49051
-57935892 81886
1240662035 -72228
980845990 -49180
-1541256096 -11601
-1532242513 -72539
-1562866672 -11717
-190257782 -25909
-744743188 -13010
-152874964 -70740
552997833 -51180
269772512 -61636
1159821385 23731
608882845 10542
1360958349 -92968
-143231098 17997
1416228754 -39057
1550755301 66476
1858840131 47960
1020818881 48002
-656679912 78268
138283142 91645
303206583 62461
-1079336367 59354
811549669 54433
-1910817802 -2016
-1495860400 437
-489100204 85201
-1342303774 -55937
970647894 -47518
1881389417 23333
-1176430802 -78454
-248071080 79556
-1148664053 -41522
-745644296 86129
903853132 35279
-575788813 -92595
528725778 81975
1022726504 -91884
249604892 -38696
1331874600 65711
41546235 44684
-376213975 42468
-1264434730 -9669
-127612117 85931
-747172837 45069
1773311115 46267
1899787364 -84957
260507697 30888
1557777062 -28300
1937718386 68900
-631494790 39882
1453891927 -10503
978504593 60662
540718831 -5767
1583485167 12003
1936043657 68798
-879384670 85692
-1706500633 -65078
1075505173 3775
1168849063 51959
-962418443 -9105
1698314359 87601
151934878 -68418
-1031763978 -97992
1500091020 13407
1915627124 -22237
-1795485144 76364
-31518274 -74561
871962411 -12692
-1352765473 68941
1693672299 48133
-66577614 27833
99713155 97643
-1011131045 57423
1771617457 -7557
-1263335189 72857
1857204801 9597
-810751714 -66384
-578126667 46102
-415110946 -57420
993414909 -47558
-599130832 35221
-1197033353 18961
1457099083 48383
391021128 -93325
382481247 -74914
940837303 18214
-1817060805 -68810
-778123700 91849
1153928411 98890
-555735789 31713
1636667440 20436
-1527510630 30530
-663790490 -14782
1625393533 -8537
-931003289 -52044
-695770051 -62625
-370129992 27447
-842114185 23114
-708452336 -69271
751645606 -67507
-1277173898 53084
1705570964 49666
-677320402 26656
535523385 4160
-418658418 -20741
804849472 -24980
1453891927
237169807
-575788813
-1541699363
-605431316
-929681711
1335890932
1461526932
-1520595227
644356148
-1380964732
556447087
385215419
1582271190
-729624787
-839563846
1022726504
-105493137
-145452132
1331874600
-565844889
849575691
1842286730
-1705761659
751645606
925438946
316424478
-175778371
-1387334860
1681349871
783414577
392871475
-1817060805
316045034
-1623636064
1698314359
1300021482
1329938787
562009857
128192976
1816376846
41546235
-225194424
-327987406
-460474031
1551178174
-1105578151
1771617457
535523385
-560514838
249604892
-1680078614
-931003289
1219149155
-1062585612
-32529670
1625393533
907216019
-36102784
-1148791213
1640954647
630587032
-1147858327
700578045
-1433521055
1378354655
-1495032599
-585593142
1183664630
1907755480
-1031763978
-1288162244
-1340541367
-1548623553
-1896663489
23812879
602855213
1197453992
451618155
374500906
866887458
1159821385
1866646400
1705570964
1483468321
-1462627048
1882988570
-1968615356
-1802961378
-1561541540
134771985
202788014
893878158
1704146013
380500817
-568944722
739468248
-1858733659
1858840131
149607888
-1910817802
-57935892
1677671207
1180047524
-415249957
-1162411573
-1148664053
-1109125727
1155004700
852254840
-938864736
1899787364
-1541256096
-915869828
1603492259
1974522856
-1594379440
-1763545152
-1670726958
-248071080
-779255401
-847000868
-66577614
-1479044093
1557777062
-1718371781
997840223
1457099083
-312852478
795166460
825702132
1187965857
683428275
134155018
287870824
1528685583
-251595706
-305665410
1776901225
1363029917
-211829775
-768053146
1299174820
-7342507
788147466
-79481103
-1088838052
1963890648
-555735789
104753420
-249108161
1349720331
744385338
-1852658615
-1003697136
-945239037
405436413
-258399564
1232736124
1447890898
510515262
-390572762
87624047
-1335996032
-678002350
1937718386
-1696100691
-287248233
-946715154
-718478523
-686543825
903853132
-768869906
1921564168
-787319569
1844750798
914263686
-685631017
-1652982734
-1056092396
-1535952180
-1011131045
1696320447
1758237329
-810751714
1857204801
1693672299
1648417495
101455910
-1266412356
-1197033353
768253
-1138530917
1550755301
-1847263473
1852387427
-1515674889
-152874964
1168849063
1149328724
1031003997
1533616885
-1481918409
-1642480190
-264788525
-1926732327
796724389
1032673109
995533093
-1873325806
99713155
80386094
577532019
415891499
-1152103816
-738383460
-408406839
957301799
811549669
399550636
53847459
-1801288127
1249539538
1132120311
-31518274
1379327259
-747172837
1693375358
-763572468
952831937
804849472
997100394
1153928411
-1589894485
-1208166833
579030016
-774509247
821522477
-879384670
970647894
-1176430802
17028729
-599130832
-674679298
466134541
-962418443
1636667440
1416244753
-627967846
164387551
-1000882762
-105529398
525458656
-1167335388
-1352765473
151934878
-695770051
-1107638837
-376213975
528725778
-1429771527
-256510222
923385351
1360958349
748453688
382481247
303206583
1049425762
1901571479
-1439922318
1915627124
-1324790852
-951209817
446614085
-284515788
-187087083
-1930934790
1009622122
625749327
1360281985
1547376268
-441491065
608882845
232813402
443331500
1244305526
1866292456
-1079336367
-1105334682
-61658840
1385679174
359517426
1058718817
1703360602
-708452336
305214683
-1419864747
599612284
839979424
473814320
-236107935
-646592524
515096512
820585757
-314821559
1146824748
-1495860400
1876900535
-456410551
307334774
-1900369258
498765053
1723180882
1414091757
950024124
577647574
980845990
1189818402
704842037
-581271015
-335508184
-540007163
-1137711063
874778517
-842114185
-712066198
437869761
-995991016
-1535430670
35570118
-370129992
-1263335189
993414909
-656679912
1734572886
325514227
-640396368
-373139884
-381710806
829121110
1841137991
-938058901
1306648040
-557403744
1881389417
-1687442504
-38589747
697722513
264574758
-1838321677
-1782265695
-1975096798
978504593
50203910
-1264434730
-886453028
-489100204
-830010599
1904636064
1945450409
-709137100
1836774349
-1706500633
-778123700
-1822318294
-1804864055
341593543
-745644296
-648166304
-1406962938
-1939384768
564132664
1193532725
-129566957
-657939579
-211616066
-692615150
1411018320
1832864601
1292446886
1365007674
1273222513
138977038
-1132188003
138283142
1090393822
-401283559
-143231098
-578126667
-663790490
-629618537
736876533
-415110946
1327481277
749989434
1020818881
-721850516
-1747318332
357378914
-1412942764
1418290959
-190257782
1157895925
-1613337008
1130267874
-76795713
-621037095
-1718911146
-1722221260
-1286649073
-1277173898
868513672
-316445586
551449096
-951902568
-47617538
-1230165893
1812021723
-631494790
-1512423577
-1077934282
-782246086
479379576
160201781
1583485167
1527697908
-592902057
1216297193
1612170097
-1532242513
391021128
1218703146
1424691575
-385619746
-739206130
-676110847
1455768771
-1313888526
-127612117
871962411
-111070929
508380774
-1562866672
-418658418
1077543378
670675514
540718831
831324306
-702194529
-87088591
500638269
582542837
-1342303774
-1854748762
48888509
306865013
-1273093273
-1103064371
-781990038
1936043657
-302258905
-1523610669
1139261685
552997833
-1527510630
-1339547058
279440299
-1869884765
1773311115
-1997137882
940837303
-292315330
1695080625
-156521565
214212747
-1076403227
269772512
1244045162
501894204
950373589
1813986572
-1742406133
407958931
1876571631
-423026272
1500091020
1240662035
1638927934
-1795485144
-1635858376
1200623591
-534235987
410480685
-296180608
1075505173
-1755495080
260507697
-677320402
-1396579935
-122955153
1416228754
-744743188
918960243
1306281236
939290856
491696865
-592934136
1317281698
1020968191