1000 625
172440105 -1182978850
74154762 500108215
-166309524 -1550722063
-453895994 1464543481
-998445147 672619384
474516094 487141718
1350922590 205389138
-1108262755 773587491
-1527890226 1205763143
1937354029 -284856768
547784791 -908793145
-931688821 404039545
-1654692851 1745424547
1797972497 -771101543
1648547408 471038706
-694620454 -360946612
-1399544608 -125671599
1971908454 -540513086
-424410780 689508004
106247138 53761750
-709444842 1583077198
-321561484 -1471561754
59183524 1434793663
-720595323 -167889747
-622019671 -1927220792
-859927994 -1070371719
-1957406606 -410843335
421785213 818407195
-713238087 -43070899
-789652308 1403388748
1327212797 1807289028
-815013472 -1334986180
1636030263 990809791
148599123 -1276544570
1816256848 1936874307
1824022917 1309794535
535493248 1304493284
535076260 -1803049023
-635957818 -16502207
1236666961 -1826493009
447679558 1404583108
-1265639295 535493248
-456968346 1035427881
-1898850467 1975440709
256724697 356824219
1460589626 127894677
-578997688 244693896
1730653815 -1796946142
283476514 351999293
-167889747 -1651507222
-1555137501 -490736659
687943168 -561433180
227309614 723403609
-97040002 -1023517674
-634319426 -1194474847
-133133926 -1933490226
1082487598 -465574062
-521413329 -133133926
1567430115 -148870424
-1462227994 72451356
-1192242978 478599526
1944477856 -1525073636
-1512040162 954702944
-1435855412 576084210
1736668225 -1451225557
-1760150930 607492859
-1855462583 738354008
-445319489 842767497
-918987132 1900033875
544708734 1092274917
1805620304 -286913077
1343255910 -769388487
280805014 -578997688
658136116 -622019671
819223280 1764190742
1411105701 -481786782
1198014637 1440281309
1653259158 768623447
1263734778 -1385852945
-1524545611 -703552746
-1994909975 938151862
-1132793782 -1659116151
-115183199 1441144587
480553627 440776559
244693896 -599558282
-1970300212 -1734812356
607492859 830839917
616028991 -1453623981
634867814 -1454543622
844867674 -978987547
258515932 795858788
1337893178 844867674
-465574062 1866928047
-1455293650 -437104976
-1983026929 658136116
-1385852945 -945876339
905497680 1036802024
1119928035 1617941887
-1115288433 992367534
-1214915366 1978120866
990809791 1055814767
528163641 -166309524
1490860571 1903681406
298464271 -1798144050
888969501 -1476324069
230463241 430633005
325499601 -1760744467
814385009 -670351506
-914799570 -1034609991
-224118998 -810274375
1220706663 -564091809
-652400968 -1587403938
309664785 -1524545611
1023423552 -1508023731
-1381467767 -695326221
-1755171101 1944477856
-948540011 309664785
-147467158 1688617990
-1762017047 -1581028207
-628988925 1119928035
-1373602686 1271292183
487141718 1305348193
-407498018 -806077013
884036285 -1187553978
-1477166060 -1366400669
-752472338 1314241341
-596208426 -248414673
-1651507222 1712198761
-1324995133 1405222362
231090633 857405740
1734757819 -1955028231
479120834 -1674721899
-452364684 -327775018
-1419393 -1100912887
-701832312 585949409
619009303 -1137286776
1321178803 -725211062
-934663900 -481234095
690160279 723516589
1586695384 -1807865657
1168000218 985966165
768623447 -1089051081
-1657119687 512701297
-705786491 1086708753
-1525073636 -224118998
-1659893397 1878413225
-1580278063 534849573
-1712034090 231090633
1747086191 -450443331
74224742 -1112555694
-1309059794 -1954716822
302077193 -1455293650
1387475798 393933223
1441144587 561401548
-781586764 1520263491
193970903 -1905554069
-125671599 1137696491
-1770066551 -1014374632
1916658309 -1872564203
-253254574 -1098356332
1696123986 -1501547943
1137696491 -1188363728
-1468135521 1663391321
-809598542 -417623323
-152397039 620365306
266074279 -525174006
-1110352984 -1379720558
-1325656720 -635957818
-1798144050 1111955175
384605243 -9166974
-605271370 1460589626
136994461 -465584905
1638337316 -1430029313
1411822274 -404981029
1115631852 1446575591
-1156149955 -33713525
-47615358 244419228
1285041356 -1365985943
1288665375 -115183199
-1903851427 -385132886
-328141032 -244942464
-1836041010 -1070476110
-1083698054 1716633621
-1477779920 -1928382670
-1270592416 -1042471357
190131009 -1214915366
-1713611457 -957313278
-1425042842 -1192242978
-336347241 -521413329
-757017127 -1240992719
-1387354454 -1462227994
1093006202 1181663285
-1966895454 1153658898
1285793727 1787355481
229498374 -1115288433
127894677 46268310
-1436027318 -1394474869
-461734690 -712724969
1421975187 634867814
-97520117 -1779721155
-731912840 -677299079
-1305904371 -328141032
1284282907 182244368
-85590220 793510942
-105536399 573961992
-838845163 298464271
1460568975 1653259158
-1388208527 1919409631
-871495177 -720595323
-1977704215 -1488492379
-1805093429 -502011659
-558878203 -1083070474
1878413225 479120834
-286913077 800191775
1686170528 1248910212
1764190742 -1990243193
-823148884 -1149949933
848711857 1467885614
1651225853 -173075306
1309810355 1276408428
1035723987 41988348
1131192684 -634319426
1550327999 -97520117
-1235125926 848711857
-1702490112 -652400968
830839917 -86639145
-1574814124 -1712034090
-1355046951 -1343812236
-1000083109 -1507742168
-973043992 1274330387
959675831 645148755
-1936113667 1869455612
-248414673 1676843833
1081507815 1480250999
1398243130 -534184037
-1858084498 1140041995
21031267 1770273441
-1649968775 148599123
769015095 -1555137501
1958602088 1874316738
-244654831 1601745447
-1990279938 1635774658
1574189870 -242794862
-1520172905 1473573612
-1379818394 -1720420836
-1303798551 -1082725024
-1034609991 1894587456
-315770348 -948186947
938151862 -176336709
-1086934000 -835911460
1181663285 -1859103919
-9166974 126493339
1867699565 378388433
1064287433 -39862722
-1905554069 1810229001
803641446 528163641
1589464081 -1477779920
780236499 640215872
-1541941593 -997201213
-1392161529 -1086400660
-1001795113 -1064861025
1787355481 761012682
1969075506 1696123986
-945876339 -424410780
-835911460 1082535003
640215872 535076260
1358333960 -1713611457
766009526 1969075506
-1334986180 1460568975
766800647 1596587144
243563578 -845366609
-1130643280 1689747548
131099924 1636030263
1464543481 -832053691
95151047 335266202
1884892090 769015095
1668269630 1350922590
1716633621 509981941
1784279582 -1324281089
-1093756189 301963371
1077642732 -1906416497
-525174006 766009526
-1959686365 1050240461
-581356708 -1108262755
-957313278 -10824820
-196226155 -229978565
1540000798 1002449357
-657739962 -1236893175
795858788 1830932891
137338725 -732668850
-1431328337 -1373602686
-1083070474 -3781007
1497498066 459013198
1010805663 1103428242
738354008 -1966748138
1748912548 1441328996
-55174298 715737906
-1485235881 33142389
1444499451 -789652308
1957152042 -1225055142
-967511737 -1093756189
-1990243193 896278915
919938220 -1726244157
-1658708285 -1658708285
-366406604 852196100
-1009812589 -1435855412
-1931057379 -1876728441
-540828246 873918694
-403130354 1285041356
1187777373 1944490644
1304493284 959675831
-1890010255 -107588858
1730523941 95151047
764186990 -1541941593
-1471561754 -657739962
-1908382618 1764775169
1745424547 -1983026929
-839772050 -659932533
1894587456 -1836041010
1176243657 1216238100
478599526 1894147905
-873341736 -873341736
-1507742168 646604166
852196100 622585723
620365306 -790109137
1835018656 472787345
-1112555694 -1598887
-346210511 986904545
-703552746 778401055
-640859988 990100601
1743160093 1634727773
-468810619 -596365039
-784643252 -1991643095
236982249 1327212797
-1552441632 -468810619
430633005 922935974
833374678 -366406604
-388824372 -1148901988
1944743685 280805014
1995390384 1285793727
-1788111201 -1016861430
1855762076 1398243130
-1250076408 766800647
1467885614 -1580278063
-553587672 1748912548
666385268 -731912840
-1939494033 158293969
-559501375 1321178803
1035764246 1104447364
1299665085 1668269630
681580291 -55174298
535909908 -1458542599
873918694 -1963197843
1688617990 814385009
836993750 111569782
1406694719 185680048
1200270485 -809598542
-908793145 240720949
-1545272611 -213409082
697801073 526991146
471038706 1490860571
-1726244157 -47615358
1712198761 921539631
1309794535 -270265884
-832053691 -442700641
1775739648 -949642299
-1617758967 -757017127
1271292183 887497652
1596587144 -1659893397
1493339863 -424180045
-465584905 143910568
46268310 -1235125926
500108215 -939229812
1002449357 172440105
-242794862 1937354029
-1807865657 -1062154214
-1927220792 -1426949741
-39862722 1957152042
-1803049023 -1283687590
-1353443197 420990851
-1939700218 286084058
286084058 -1305904371
1869455612 -1487580486
-1649163686 919938220
1702380388 -1270592416
-329761477 697801073
-1064861025 281948711
-716918737 -213555245
-1826493009 -315770348
-1487580486 -1657119687
1188230621 -1425042842
954702944 414307880
1276450 -1734174783
-43070899 -1265639295
1967098766 -857285387
-987754137 160342934
334910649 1403880932
1092274917 150130526
-936661665 384119186
1036802024 1123032424
898923235 -1994909975
-658312207 60821579
-602754222 1274574280
774002038 -1503295185
1807289028 -914799570
96952542 708513428
-1604058354 320085660
-123939459 -1876348521
1630579250 -1649163686
1898683380 850790917
-417623323 -1406748476
1285737644 1799599536
-855754723 -1436027318
-1904195593 -1957406606
556217948 519001017
-1016861430 535909908
-1726522940 -708400932
-478280410 794618364
1630092324 -244654831
-1042471357 1557439235
1680444894 -149892056
-502011659 -182634501
-33713525 1451118002
-845366609 -319927362
33142389 -640859988
-1991643095 -1527890226
778401055 780236499
-817375758 -831858838
111569782 -1762017047
-1137286776 258705489
163213079 -452364684
-374139932 1421975187
-1209925106 866701217
418571480 700650958
978427673 -1086934000
1723253958 1406694719
1037429338 1461172225
281948711 -1327597714
-997201213 1263734778
143910568 854732547
-921119255 -1003187978
-1813965807 188338473
-1655746300 -785205748
794618364 1758955277
57191954 285976778
-978987547 -1392161529
400294432 -1092407860
1404583108 -1007008724
106624471 1910951151
1451118002 -542729953
1407526824 -1545272611
-1859103919 -420676524
1810229001 -1239001476
-812790452 -319870694
302129981 421785213
-333787733 136994461
1440281309 898923235
-1734174783 -877099500
325059875 -1221916072
188338473 344655606
244419228 1643828230
-433980507 1630579250
723403609 -1399544608
1082535003 287192387
285976778 -223579355
-64770583 -817375758
715862475 299306772
-831858838 -445319489
833019402 149981883
-450443331 463191730
-1225055142 1867699565
-563445712 463677799
368576020 -1381467767
185680048 -709444842
-1598887 387247821
-1259031773 1638337316
-540513086 419696993
-877099500 131099924
158293969 1209636659
472787345 -433980507
-539297700 137338725
-696974160 166989540
-1869481019 -539297700
-244942464 -1831742680
205389138 -1939494033
1314241341 1870837175
-1334014389 1944743685
459013198 -578777311
1253979267 833019402
1403880932 -1184151609
-149892056 -1397957606
166989540 -1000083109
433866187 -1603075514
-1430029313 -602754222
1860851397 1835600780
-1760744467 725406731
857405740 266074279
149981883 -1309184270
854732547 -540828246
1307899948 -752472338
1248910212 -521114551
-1023517674 1496205157
-439426035 -658312207
1634727773 190131009
1733532778 -1690502204
53761750 -871495177
-1422814313 -1287299367
-299245809 -683179184
-1052144431 1835018656
1936874307 -465175932
-1136499348 -922154506
1830932891 655590538
1168569579 819223280
-1734812356 1680444894
-1298507738 1785059181
1069545148 -1394469451
387247821 -205328919
463191730 1288665375
-1466894696 -815013472
1835600780 619009303
70870408 -105536399
-1100912887 -1959686365
307339501 -1939700218
127372274 -1654692851
1111955175 -1908382618
-1503295185 -784643252
-437104976 903191963
420990851 1816256848
1009144653 251091049
-235692240 -1675855280
-1909523489 1253979267
-65266988 -407498018
1874316738 1103660110
1601745447 -64770583
-810274375 418571480
754526105 -1099934484
347890474 1534159383
-1202531714 274488064
-1106201003 500287211
1496205157 687943168
428338014 888969501
-1148901988 283476514
384119186 1797972497
1473573612 -823148884
855297864 -1512040162
1595540242 1941256827
-1082725024 243563578
-455797795 -628988925
440776559 -1132793782
-1365985943 -1614575188
-1397957606 301055316
-1720420836 690160279
1074984425 -54075858
-1364038987 -1259031773
344655606 1528053248
482438423 884036285
1483081126 -1388208527
-571072498 828525904
1293609101 -455797795
-410843335 -696974160
-182634501 1866581683
1528053248 447679558
945543606 1550327999
-1876348521 1971908454
-771101543 -705786491
150130526 -1325656720
-3781007 1389947015
1140041995 863312340
1894147905 -523745714
990100601 733829676
-1044490913 -478280410
541739884 1724950724
-1327989885 1081507815
-1690502204 -936661665
-945550398 1824022917
1856794798 -1914987002
461364173 1009144653
573961992 1589464081
-1014374632 1493339863
-424180045 -1106817781
-1954716822 838002898
-1287299367 1491822328
992367534 -704067451
509981941 236982249
-741007029 -716918737
-291500553 803641446
-1659116151 -918987132
-1987136414 -1156149955
-420676524 1198014637
1479944367 556217948
1932574079 -553587672
353852344 628995537
41988348 -1904195593
-1872564203 -65266988
1470734307 1131192684
-61680107 368576020
-1523710159 1898683380
-1912526797 1747086191
-534184037 -948540011
-321675748 -832344120
-592898315 -1355046951
-1603075514 378354496
-1675855280 106624471
655590538 -713238087
-721837054 -1957025510
-1833321896 -1448508241
-1426949741 414483703
1480250999 1236666961
-169467858 -1520172905
-1324281089 652239815
1495955203 1023423552
-1796946142 1299665085
835998452 193970903
1324642009 70870408
1403388748 1337893178
922935974 -1574814124
-1394469451 -913336687
1664197112 1556384800
-1188363728 -1795593849
1676843833 189225323
-1608584120 -1512455146
897177276 -973043992
-1070476110 229498374
-1182978850 -855754723
335266202 946338041
-1149949933 -235692240
1906009969 -1890010255
-1963197843 -596208426
1305348193 1995390384
1866581683 -1633577251
1851839019 24541618
-1062154214 1743160093
-725211062 1730653815
793510942 57191954
-1820699827 1309810355
-1327597714 -713856883
1216700259 325059875
-312817831 -513980810
-1000433257 -1514744033
-869877582 1250146884
1866928047 1255680411
688532602 1497498066
-148870424 -170547079
929608704 -1477027293
-481234095 1372144707
-944621687 -1387354454
863312340 -962841188
-1394474869 1851839019
414483703 -1360369215
240720949 -987754137
-1851167247 1624992357
628995537 774002038
312171118 754526105
-442700641 -781586764
1944490644 1035723987
492738579 -456968346
-1538330035 -1450796969
828082103 -581356708
-1184151609 1276450
1491822328 1548656014
1434793663 -1970300212
-16502207 -1298507738
1123032424 978427673
-1488492379 1855762076
-732668850 -967511737
1086708753 688532602
-1343812236 -1805093429
983177151 1561406144
1764775169 510041852
1103660110 -839772050
-1677729919 -461734690
-649336714 1884892090
1799599536 -1052144431
-948186947 -1523710159
-708400932 -1990279938
1675610856 -1303798551
212904491 -1760150930
-1501547943 -559501375
-1528181290 -1376513163
-1783536092 1723253958
-542729953 -505329138
348817482 1733532778
933419584 1216700259
-270265884 1424758534
510041852 -563445712
985966165 -1987136414
118334007 983177151
-1550722063 1479944367
1441328996 -1136499348
-1098356332 1757929746
-1614575188 317366689
-941168259 -147467158
1274330387 666385268
-176336709 -1931057379
-523745714 1978846908
1055814767 -152397039
1249193709 1444499451
-1086400660 1659131827
-1360369215 -169467858
301963371 1187777373
512701297 -1813965807
-619738876 1082487598
404039545 860000958
182244368 -1538428274
1770273441 1037429338
-1795593849 -721837054
1276408428 -1608584120
274488064 764186990
320206479 1675610856
-1221916072 348817482
-1623260970 384605243
-1175253147 -1327989885
-1581028207 541739884
-213409082 681580291
-1316733613 -315889526
1201750770 -1278311595
495748723 -321561484
1617941887 163213079
-1070371719 -934663900
-1187553978 833374678
390227330 1554163350
1554163350 1629941708
1389947015 1574189870
-212915476 855297864
1372144707 -1275120110
-426247737 390227330
258705489 96952542
-194902542 -1419393
-790109137 -194902542
126493339 -1869481019
1758955277 -291500553
-1538428274 -403130354
501361880 1115631852
-695326221 -299245809
-1276544570 -558878203
-319927362 -336347241
-1195757334 -1195757334
-1309184270 -329761477
-1366400456 492738579
1919409631 1284282907
-949642299 1906009969
1437622154 1402644869
415414457 -403869440
-1007008724 -1083698054
646604166 -32067808
-962841188 -374139932
-1694873703 1035764246
287192387 1343255910
686142861 -1422814313
-806077013 347890474
-527950332 1358333960
-10824820 21031267
-213555245 1642035451
356824219 1586695384
-1674721899 -1110352984
1103428242 -253254574
561401548 1124069429
-481786782 1168569579
-1902562255 616028991
622585723 -592898315
-1810547745 -471681586
-981813060 1630092324
251091049 715862475
-1906416497 -188964813
-205328919 -478378889
378388433 -1431328337
-1085204548 1775739648
24541618 -527950332
-331597479 1502021704
733829676 1205195558
526991146 -741007029
1393878948 1297421499
-626097799 -333787733
-1933490226 -626097799
986904545 -869877582
-473170401 1010805663
519001017 1465608704
-1190141622 686142861
-1349431013 1958602088
-734076619 353852344
534849573 1856794798
-1914987002 495748723
-1955028231 835998452
-465175932 1220706663
252773853 -453895994
502467300 -197863623
1461172225 -998445147
-145271794 -85590220
-1514744033 302129981
801263281 -1623260970
-922154506 -1694873703
-1621101694 1805620304
-832344120 -1546293197
1534159383 -1316733613
-32067808 -196226155
-596365039 1664197112
-1458542599 74224742
-670351506 1916658309
72451356 -1364038987
1424758534 -1225441158
-1089051081 461364173
1635774658 -859927994
1281232345 -1977704215
-1477027293 -1810547745
-1512455146 1281232345
1099939787 -1538330035
838002898 1036319532
1557439235 325499601
414307880 334910649
1402644869 -1309059794
-521114551 -1909523489
390275524 -331597479
1615971048 433866187
-54075858 -473170401
723516589 1092826515
-599558282 1200270485
672619384 1072340676
-1454543622 1495955203
1376487036 -1353443197
-607576295 -571072498
463677799 -1902562255
214370530 1686170528
1629941708 -782404579
-1876728441 1387475798
-1448508241 258515932
1274574280 1784279582
1209636659 -605271370
887497652 1540000798
-1831742680 74154762
-1366400669 415414457
-229978565 -1245034416
-223579355 -321675748
1446575591 1324642009
-1453623981 -1898850467
1255680411 -944621687
-1230254852 -649336714
-857285387 -1788111201
-1633577251 801263281
1072340676 1064287433
160342934 1293609101
-1278311595 1176243657
-490736659 -520464148
896278915 -812790452
860000958 -1485235881
-1376513163 1237665779
-1379720558 -1833321896
-1245034416 -1409564654
1036319532 312171118
447886767 214370530
1663391321 1462134925
725406731 -1282477792
1643828230 -1130643280
1642035451 1411822274
-1409564654 -1814420860
1978120866 1483081126
-1508023731 1595540242
1459908354 1651225853
557594390 227309614
-677299079 828082103
-704067451 1615971048
-1225441158 -945550398
1411711631 -1770066551
-1282477792 -607576295
-170547079 1201750770
1910951151 400294432
921539631 1188230621
1237665779 480553627
-939229812 -1001795113
828525904 649656331
-173075306 -1044490913
576084210 1376487036
-284856768 1967098766
652239815 929608704
-1966748138 -346210511
-1057601907 -145271794
486545500 1070894144
1250146884 -439426035
-197863623 -1912526797
-471681586 933419584
-1779721155 -61680107
-713856883 -1936113667
-683179184 945543606
-1092407860 836993750
-1106817781 1249193709
-1239001476 1932574079
-403869440 59183524
-1546293197 -719643458
850790917 -1617758967
866701217 486545500
228260966 1074984425
700650958 1645284264
1975440709 436716488
301055316 -73846893
1092826515 1734757819
-1194474847 -1202531714
-1283687590 1470734307
-782404579 1393878948
-1406748476 -701832312
715737906 761208780
658657943 -1057601907
-319870694 -941168259
-505329138 1285737644
378354496 1736668225
-1476324069 1648547408
1705605722 -1726522940
-913336687 557594390
-769388487 230463241
-327775018 -838845163
1050240461 428338014
-404981029 -1324995133
842767497 658657943
-228699012 1730523941
1978846908 -694620454
-73846893 -1366400456
1465608704 447886767
-478378889 106247138
1900033875 -1466894696
1757929746 256724697
704108153 -1851167247
903191963 -228699012
500287211 -1190141622
299306772 482438423
-785205748 1099939787
-1236893175 547784791
1785059181 307339501
1583077198 -981813060
788516182 -931688821
761208780 -1702490112
689508004 1411105701
1659131827 -1349431013
1645284264 -1942641584
1502021704 1705605722
-1451225557 302077193
-1629559131 320206479
1689747548 -921119255
-1942641584 212904491
351999293 -1334014389
1548656014 -1855462583
1068263747 1860851397
-513980810 1168000218
189225323 -1085204548
-1240992719 -1528181290
-1450796969 1944024516
1297421499 -1677729919
-86639145 1407526824
-1497858974 -312817831
1205763143 -1209925106
317366689 544708734
-561433180 -1755171101
649656331 -1858084498
1104447364 1411711631
708513428 -1379818394
1153658898 -1477166060
761012682 -1009812589
1561406144 -97040002
1216238100 -1903851427
1124069429 -1497858974
419696993 -123939459
-712724969 -1175253147
1035427881 -1106201003
773587491 -388824372
-564091809 -1468135521
-315889526 -1649968775
-719643458 -1820699827
1870837175 1093006202
320085660 -619738876
-1275120110 704108153
800191775 1068263747
-1928382670 228260966
645148755 -212915476
-1587403938 788516182
1070894144 501361880
-659932533 -1552441632
60821579 -1604058354
-188964813 1307899948
1724950724 -1230254852
1556384800 -1250076408
-520464148 -1655746300
1462134925 118334007
436716488 127372274
617093899 1077642732
-1099934484 1459908354
1624992357 1437622154
1205195558 -1966895454
1903681406 252773853
-107588858 905497680
1944024516 474516094
1941256827 1702380388
-1003187978 390275524
-1814420860 1567430115
-578777311 -734076619
-360946612 502467300
393933223 -1000433257
1405222362 -1629559131
585949409 -1783536092
818407195 897177276
1520263491 -1621101694
-1957025510 617093899
946338041 -426247737
-385132886 1069545148
799475778
-170547079
1567430115
1629941708
-1477027293
1711796228
838002898
1134280906
833019402
-297974136
-1677729919
-1309059794
1205195558
-64770583
1705605722
1081507815
-1538428274
-1327989885
1215063486
426813442
-1366400456
1642035451
193970903
971594057
-1831742680
-1466894696
-1814420860
-1939494033
-705786491
-1325656720
1700864331
-921119255
1941256827
652239815
-426247737
1540000798
378354496
212904491
616028991
-491442960
-1303798551
-1904195593
1648973622
-1977704215
-1655746300
1898683380
-1957025510
-1833321896
-1931057379
-607576295
1932574079
-97040002
-1795593849
-1376513163
-336347241
106624471
1187777373
-299245809
1554163350
557594390
-1514744033
-315889526
1958602088
229498374
1686170528
666385268
-1044490913
1775739648
704108153
-941168259
1318804364
1645284264
-1287299367
1866581683
1483081126
-758344875
-124903406
1944024516
1437622154
-619738876
-145271794
1255680411
1497498066
-1650994977
764186990
-553587672
1072340676
-1360369215
-1184151609
447679558
85616926
-1866150826
1250146884
1880471119
163213079
-1914987002
1496205157
-403130354
1574189870
-1930833316
1376487036
-658312207
190131009
-871495177
705424864
1037429338
251091049
983177151
500287211
495748723
1337893178
-701832312
312171118
-974756801
-987754137
384605243
-1936113667
-1702490112
1757298663
897177276
1237665779
-1855462583
-321675748
-592898315
258515932
-1523710159
-205328919
-1202531714
1010805663
-1916326300
1387475798
433866187
-719643458
-1890010255
1692862969
-1106817781
274488064
1216700259
1343255910
933419584
-1987136414
1236666961
1276450
-1309184270
-669780215
1589464081
-1633577251
-196226155
794978088
-1912526797
-1770066551
1407526824
-1085204548
-581356708
127372274
1465608704
-312817831
-1681160759
754526105
1309810355
657854750
-1546293197
-1755171101
1730523941
715862475
-471681586
-784643252
869658582
1655181774
1730653815
-1603075514
-1623260970
1784279582
1816256848
368576020
440324929
1493339863
-472000430
1736668225
628995537
1372144707
599843407
-455797795
1595540242
946338041
945543606
38064760
228260966
-1379818394
-1990279938
-1052144431
-73846893
810780530
1077642732
572589841
-578777311
-931688821
1884892090
1967098766
-1903851427
-528771298
547784791
-1029780110
461364173
-1783536092
795196397
-1353443197
799370732
1101598952
1249193709
-1422814313
-626097799
-981813060
502467300
1548656014
-188964813
1944743685
1462134925
1299665085
1176243657
-506234119
-1642032552
-1130643280
-85590220
-1939700218
-1675855280
-1902562255
-197863623
1188230621
-331597479
1069545148
1099939787
836993750
-1278311595
-571072498
1103660110
-934663900
-1614575188
347890474
-1099934484
1659131827
1470734307
74154762
59183524
492738579
-1217591992
353852344
334910649
819223280
-1942641584
1680444894
-1324995133
1675610856
325059875
1743160093
1870837175
-194902542
1221539522
-228699012
828082103
-1512040162
1624992357
-1132793782
688532602
349461445
-1797016381
1389947015
-1334014389
-1483451530
-160741905
-540828246
-741007029
1651225853
655590538
-1477166060
510041852
1220706663
474516094
1240452000
-1760150930
1072017803
436716488
-1259031773
1068263747
-1349431013
-253254574
1586695384
-1394469451
-815013472
418571480
1723253958
761208780
1293609101
1724950724
1855762076
863312340
1797972497
-54075858
1444499451
-473170401
609463207
-1448508241
439663290
-1996760401
1358333960
-527950332
-704067451
-1298507738
415414457
-539297700
-1858084498
-823148884
1459908354
516473655
1036319532
1556384800
1550327999
-795190493
320206479
-1225441158
214370530
681580291
-812790452
189225323
-61680107
186416790
-1195757334
-750313939
1995390384
501361880
1562167916
-1368843822
-1000083109
1200270485
-505329138
835998452
1856794798
-1913911239
1285737644
1502021704
1685892626
-147467158
-1504279725
-169467858
617093899
-1050169186
-1788111201
803641446
324603950
1209636659
-1959686365
317366689
-1635039512
1916658309
788516182
1198014637
-1694873703
-948540011
725406731
-602754222
845251617
137338725
-973043992
1615971048
-478280410
-1690502204
833374678
1835018656
1733532778
1528053248
-291500553
1938499902
-520464148
21031267
800293951
-734076619
-1629559131
-945550398
1132337220
256724697
-781586764
348817482
-1431328337
390275524
1035723987
-859927994
-1250076408
1828704155
-1136499348
1509510170
-1869481019
419696993
-439426035
-1190838699
1438130315
-869877582
325499601
307339501
-1854054261
-696974160
-1528181290
166989540
888969501
-1908382618
-513980810
1284282907
-1813965807
-649336714
-1621101694
-1805093429
-374139932
-1000433257
1860851397
1201750770
-721837054
1534159383
-913336687
690160279
-1388208527
-433980507
266074279
302129981
1495955203
1411105701
1074984425
-838845163
1561406144
884036285
855297864
283476514
65410849
-1468135521
-1820699827
512074220
1734757819
1092826515
1638337316
1428072529
-388824372
400294432
-944621687
-1364038987
1491822328
-605271370
-967511737
-1355046951
-1520172905
-1851167247
-1083698054
1035764246
-1512455146
-1175253147
1288665375
-146161568
1070894144
-1409564654
-1450796969
24541618
428338014
1824022917
543201802
-1117066335
-123939459
1023423552
-839772050
1978846908
390227330
903191963
1253963468
-1316733613
1410275653
929608704
1168000218
-1001795113
-1608584120
-453895994
-855754723
-346210511
-1970300212
1805620304
-407498018
-1497858974
-456968346
-1652775839
1009144653
1488725173
-1898850467
-1617758967
-596208426
-1230254852
-1009812589
131099924
302077193
1253979267
1377835102
978427673
-874114970
74224742
905497680
-105536399
-1387354454
828525904
1064287433
227309614
1663111753
1664197112
-1485235881
64428221
1115631852
1393878948
-130089461
1082487598
1851839019
1324642009
-918987132
-936661665
-1654692851
1424758534
-1282477792
1411822274
96952542
1757929746
-1209925106
-329761477
1168569579
1402644869
774002038
733829676
-212915476
649656331
-1156149955
528403081
-523745714
748275465
1479944367
-1190141622
-1909523489
-1275120110
-465175932
541739884
-683179184
-713856883
1648547408
243563578
-832344120
1281232345
-1245034416
236982249
1297421499
1835600780
-1552441632
-1810547745
-559501375
801263281
-563445712
-998445147
-962841188
70870408
658657943
-628988925
1124069429
1702380388
1971908454
-1827735880
1093006202
686142861
-1397957606
480553627
486545500
556217948
-1538330035
-1106201003
-1057601907
-321561484
-1726522940
-752472338
-922154506
106247138
-204499398
1411711631
1906009969
1630092324
-1649968775
447886767
-461734690
-953297114
619009303
1307899948
-65266988
1785059181
-1923554090
-1604058354
860000958
-716918737
-558878203
544708734
414483703
1747086191
-333787733
-235692240
-478378889
687943168
425959044
1131192684
-1110352984
-782404579
-32067808
-713238087
678464630
57191954
118334007
252773853
-1419393
991105117
-403869440
-482449776
-521114551
301055316
482438423
-1574814124
230463241
-1314257630
-152397039
-694620454
-1966895454