390
-13922510
7100604
-3132928
7443525
371219
4995187
-14093173
8308201
-13219710
-4951870
-2667014
-11851886
12025569
3639412
1420017
12055073
-14238032
8732827
4827059
-14686955
-5641188
7643062
8427372
-5922932
-10945952
-9772154
-11111823
-11773794
15417241
-5116385
-4281526
-10305444
-375402
-7660532
14475996
-3592629
-14482749
-1867663
-11706042
-5393068
-68114
10282252
-5196015
8378060
10355827
-609764
6550332
4559810
-736295
4774479
-4609238
7496779
6108538
10167900
1200197
-15427742
-10370112
-6173634
-1267743
-9467962
8686299
13967322
-5141928
-8159685
5013217
6205082
13101875
4709382
-9297287
15523971
-1150660
2996317
-2622959
8808800
-11312906
-2057856
15186485
-4472553
-13949656
-15248366
3560874
6983398
4308413
1774845
-7364461
13780022
2194662
-1432770
-5452632
-4747211
1048331
15181044
-6893264
-5981411
-3671146
3192192
12102969
-9694935
-10488260
9775999
-5654361
-10864567
-12441341
10799077
8816659
-3056616
-4394371
13867286
-6687744
11321388
-1043457
-5375764
-6080349
8493520
-13436278
-1115841
-6038875
7800246
-5820009
-15079336
-895711
-8984849
-2323327
-5097879
1040556
15487645
6692293
-11704311
12123725
-13321286
1264173
-4855619
-6800705
1061762
9816320
-15363042
9583117
-6376211
15483976
-4186514
-6186570
-9965377
5954677
-12251501
12873943
4470958
2957577
14901903
4344043
6410700
-13817564
10959304
14520489
-14867920
-14800609
10686669
-15076972
359626
1383210
-9052651
8033776
9966939
-14296817
694861
13992983
7899408
12667947
1765704
-7343603
12566549
-2240576
-12578911
13907283
-9557556
-4948170
9960083
13667072
5010569
14115100
2622863
-4140360
6695948
5754515
11761719
-1314849
2403097
-5158557
-10322926
-13003486
-2093650
-11287749
-4813188
12823792
2378041
196639
13273910
5328219
3029609
-5646047
12655790
-103835
9060359
5509060
3899464
-7940949
-11981556
8386272
-9824505
-11125332
-6240370
-15014856
10063547
3401143
-15146364
11144642
-405935
-11978320
-11207058
-9096936
11943647
-10784639
-1902100
6407845
-13401232
4497776
-3408527
2824052
-14376817
-7289823
-5420297
-6473268
3734968
-15240248
-6822331
2973291
1967760
8265359
15275232
5040415
199696
-8070658
-7217181
3731879
5250642
1389446
-1128597
2664884
1672656
-6982319
-8888512
-1020525
-2627609
-627660
9223864
11949313
988638
7279395
12409870
-3896030
-9778359
437853
3050747
-3884324
13725650
-14038107
-12556365
11687670
4901815
-10436456
-12670461
2205539
3802386
-11872544
-11951321
-14071421
-1684361
7402743
14992929
10344000
932715
-2411486
15490653
5153401
12933975
10349383
500063
-10732339
-11664785
3496267
7806066
-11102385
7752912
-1373990
-3698212
11731443
14552530
-4501897
-13895235
13790730
-12963167
7996191
5823532
-4230827
-10584429
7654714
548873
2261075
6347576
6839233
-15270569
-5242445
1813163
-7654493
-12924057
-8441843
-12247508
-10659268
14076190
5180080
-15331187
-15525722
12929275
10685172
-13578116
-8746879
-10523269
-13980991
-10911454
-6039714
-10751453
-2500996
2979679
-6075244
-11273867
5834936
4800640
-7005712
9936325
3426388
-79959
-9040195
-9983276
5076784
-14622427
-8254594
-6901935
-10555557
-10171991
-13784190
-170284
-11522716
11755939
1291092
-8928724
11936852
-9149316
-15023456
-9368743
-12585925
5290184
-13794882
2805818
1136792
-1993189
7456308
-7893708
12189433
4984115
13909909
-8132817
-9211673
10087608
2645491
-2603021
-4647850
-10311046
-5578678
-13890988
-6607619
-14478823
-6325400
13069818
15477202
5943312
-11389509
-9537191
-7277886
13552759
-13140718
7406771
