781
-27675524
-11998557
-26590979
-26150804
-29588979
-11573860
21563805
-17254304
-20486822
5136484
26218159
-5725824
-23109594
1118815
-18676194
-8982261
-4109539
3459236
-30905018
-2538881
-6756214
-6778528
16893852
-30879944
-15417315
19276990
4281346
24488979
26495802
-15880033
11632968
27339710
-12499991
-19729130
-30817522
29848885
-21599542
-22605941
-13375974
14869555
27991838
24734911
29345537
-22963476
20679409
-21822421
30821972
2097193
-20143612
7555576
-5967444
7738694
-4929877
21134711
9709800
10268552
-30689620
-83862
13717273
-6234858
-19349413
-29380762
7078146
28537275
-5928622
23837674
-31046363
-20065398
23123274
-963993
28591032
-21915082
26864244
9785735
-16630777
16139852
7767125
25443064
8476372
-12206952
20227657
-20143805
-17882248
3916856
-25109109
66264
-19586933
-30202002
23442144
23413104
4569417
-6208987
-14914090
-1204481
11689766
16238105
23713804
-15763389
-10948043
20409803
-28494513
-25912893
-11006202
31121477
-24938506
30745026
-9652499
-839630
-23812082
23822980
3858399
4912554
7333578
-2438169
-4613348
22186963
662099
-13233707
-14150294
473134
-14439039
7860405
-28753566
29085475
28987879
-22731617
19176106
-7654837
6782611
21802775
-12935195
1798120
22366057
8391159
15692280
3645133
17782481
-29848223
16731721
-5311441
4349565
25984728
-11857338
-14743127
12577390
-7104919
-16384448
-7347007
6202440
-29845520
2133754
-20466471
-6804450
-23175720
-1230319
-4758492
25615965
21971214
-6839614
-14493342
19707016
17626996
16478586
21017643
-4882568
1121742
-8652204
691086
13264221
30586096
24809658
-7178977
12652337
-18626686
14903809
8494109
-15556564
25372281
-18781261
4179274
6683272
-3347115
-13115049
2985448
-13688690
9767247
16042366
5642054
-24344210
-21561216
20937191
-25841658
-4147858
-14087016
-22359273
-5633686
21622529
10525255
14855130
9120005
-15889993
-14067643
-21377388
8451501
-17244086
-25368661
16092076
-29259235
-14835891
-1175690
-9628194
18549017
-18566653
13794782
-17767410
-23180769
4871541
-6846066
512235
-30116234
-21658953
265134
-15556677
15519015
-8089338
-30628551
-30852300
-15069434
5676987
26815095
27777449
22995392
22033299
23388286
15011150
-29132439
-23040082
27396259
31106984
31069643
844649
-10161418
-698462
25645437
-4694609
-25201492
-21606191
-1081348
27964633
5985591
-14295388
7244721
6845756
-23319036
-27142278
-2192686
-13271560
11622102
-10393365
-12117921
-4419842
-5136944
14516624
-17052631
11550601
11293583
-16760644
-26181366
30285139
13571390
7313799
22699618
13526250
-28583410
-31237014
3281355
20922153
57051
12115425
12843937
21599825
-18995690
-17254168
8771928
10256254
29798515
1550112
-25335806
4384721
13171211
15578589
-10315258
-8374618
-7721498
24404162
9427676
17704254
-19773913
-4944257
-640943
20606319
7482183
16694296
12989777
-17985112
8598049
-7839895
17640281
-14344855
-7362020
-7705083
-24214474
-17623585
20413239
7456852
-14323734
-1576234
11532022
23737829
-11458550
-13548436
-25231448
-18884737
-19497192
9312256
9216529
6862266
-10316251
21272559
20456181
-9503150
31090695
26438832
-3360136
-24224816
-16091880
25008232
23911433
20697661
-9742786
-12903099
13183510
-5020912
22895152
30894042
-14913066
-26214135
-30289918
25003488
5163768
8822866
-16906320
2630627
-22740003
-10667864
10823032
-19537107
25504119
18941952
18983602
985455
19938982
23428635
15652278
20872856
24156134
-16446264
30009231
6448617
-20491764
-16185669
-19111230
-3432423
-10200746
-19317466
442631
-26469740
11415948
3301084
-30615716
-14939969
21520012
16735855
-24161616
-28223933
-8563062
1160250
29607957
5116628
-19010447
-14096868
5414391
-24846706
5814193
-9907007
-25958250
29215901
17913856
35346
-13702600
-1716630
-16254231
-25370667
114675
1618948
-5363318
24722118
-26502182
13741799
-3776251
-3551608
-15709696
-6162141
-8231768
1320444
24548837
-10756939
29352341
-25244508
-24075016
18078877
10278025
22191004
13470910
-3503854
19916790
-7087452
13605082
7457213
-19455818
12026270
-28587577
-4469241
-14899059
-1529890
-7256108
-759554
29762079
-18901200
25524785
-1040940
16383524
-6410487
30810442
-1652007
17609709
4038195
6257674
-20206067
29907940
12192752
14840718
-17659931
-8939011
-7736351
10672292
26890103
8858761
874946
11059050
-29303575
-3877403
25205522
15813293
3782014
-1105585
-23298171
8717089
-24526581
-29117359
-778486
19526856
20156843
475927
29200465
-2490391
-12287024
5126147
21877851
-4822614
6523799
29264994
5529957
29938051
13051753
1508161
17365941
9771875
15315060
10724747
6481157
-11364460
19501696
29350420
24168110
-8756134
8510730
-22738725
3745003
-21981557
24485089
28518477
9619286
-30648841
-24216555
12119427
-22998272
27182725
-2012525
7399420
29564666
-14718558
9688381
11845461
-10060190
22091330
-24310432
-6118933
-27119048
-21564428
11407314
24501630
-13895067
-27175452
-12600306
28013852
-22848237
6152368
28724837
7194962
-26378223
3683980
7516759
-19641580
-23867914
11637814
3582443
-366383
28591466
25521149
-22125988
-30665354
22080839
14744712
-8255128
14200231
-20290962
-11110695
23379895
29275953
17497293
30811627
-12925625
13162010
-1801321
23802943
-17687795
29941184
-9587517
-14491076
9129201
-19263107
-19299883
-6945998
-14187778
-16414095
-11426074
28324218
-24591248
10119644
26142617
3436092
-4058591
4823075
-7898932
-9719013
-27242772
-296629
-10798330
16535454
6580593
-14013152
-19232661
12905459
29693109
2824069
20140693
-11732085
-22839352
-14217735
23222581
9869824
-29943566
-30895810
-26266055
-17740845
7154136
-18836318
-27789238
1369422
-16034238
-4883769
-27918615
7677847
-25719034
12110195
6356734
10141121
-3420194
27935554
24073210
2414064
-18548772
-1653586
10071072
-16556539
-8632741
-21569028
30523921
-16215042
-26291796
-12522249
12826110
-3584923
-688183
17874804
21621852
25535344
10721380
10668520
20622049
-10724951
24555317
-30123177
-21479729
-21927643
9770892
-3708369
25159026
-30918794
10238301
-2617535
-4585692
-8199722
1526671
-6303965
8562332
2917604
30874561
-16754896
6291323
-23154790
-2218993
-12269575
-10823494
14318470
5743092
-6302147
4891272
18631201
23180316
-21084016
727619
-20083070
6370736
16863154
25055456
-28896551
10441049
8010088
-11275022
-25037800
-6959611
17715406
-5161226
1376266
-12211342
-7423808
-27585667
5701538
12498793
29870067
20559197
26580375
-9982893
-3509402
2478461
7568482
13433809
-23819715
-947935
-22748735
26153818
7269690
-20908619
3768471
-2599010
28239576
-21022335
20144972
-15286716
28242107
-25510815
-29773723
-3120785
23744522
-28481233
-7599040
-19798079
12923268
-6628502
-16463136
17994717
3627191
-14774502
-14578442
28892905
12357886
22501345
15092644
-1924757
-7486219
-26996676
23061825
20520361
18515045
-15440555
-29648566
-9178402
2102867
-118774
22510277
7369504
28933871
-6832110
-3365539
30930956
-9657243
-26313308
-14193553
-14939937
-29984681
-31058843
3852259
-1412790
-17255363
-20001415
26440828
-29578458
-1347441
24481160
24609206
-17210677
-19599684
-5879707
-29567089
13779487
21878347
-30406980
-6927676
-12721352
-5633771
-24763341
-28676300
24875317
-26658507
28927668
-13248313
-24950240
30677244
-6627246
14445724
9533814
3827034
15502981
21555295
-20247821
-24357648
-2096317
-17095611
19569043
