390
10176389
454862
4961299
11579271
11970000
4820939
2318562
2903327
2235928
1906146
15452225
5222746
5638658
2637651
7584617
3955298
14983314
5981854
556594
6841201
1939899
5084908
7737703
12894067
5183076
11945433
12930721
7467863
11034892
10043251
7404827
10150195
5475398
11506395
10814799
12837099
8369552
85815
2605435
4696044
7140070
3054870
12098992
14729902
5210021
3706629
10269130
10862895
14298752
10117765
3139897
15505396
7198398
9264347
6464926
12160020
2135752
6746450
15337267
5543492
822171
175177
9545599
11250638
9918009
8655832
4102796
14636592
8864977
7057856
5055234
5406662
8293896
15334556
4337537
4791806
5942738
9361928
13801115
2941796
2546576
12641861
4954736
2359106
1573586
13151540
12163935
6248886
5582440
14680066
4439924
13411746
7251805
5093528
4742517
12002953
1077927
7215744
4763178
11657577
4872213
259385
7325409
3295547
6614197
5231965
8290022
15487299
11105615
1940761
13811456
1135214
8401424
5352655
4383648
8300587
12661948
118048
12545771
4595124
15485471
5685991
4689600
2807067
10738148
1668161
14185201
9998986
9245047
15195493
9935759
10965330
887977
13231362
15005480
364709
398242
13095540
260563
7950795
8460726
3261770
11773917
12736984
649222
8117803
14742686
11706978
14082577
8651278
4113187
14032062
6655422
1505051
14699991
3010235
5306548
12733568
14580323
10267810
14803522
9078299
5708984
11107436
10638431
13631110
7116602
8968815
5201737
2628942
1293536
6728618
2148285
5373794
14160216
8956333
7869598
14384457
10426058
9280932
4958878
14076521
7719907
12285342
10516150
9714278
3815600
1802643
11949525
2877246
2229198
4662797
291508
12785112
9466024
225993
13323694
7569407
1804255
2188484
3239708
13721744
2398925
6824044
10963908
1095386
10012346
6073570
9178527
609368
4139979
5071343
4546772
9632329
179222
4372875
9252876
8751938
11889287
15381479
10282679
7871121
3750981
4176168
9630790
10387410
8463833
7209390
9099233
8604923
4293172
3343541
7263229
6462609
7458947
12366797
13724567
8264157
11398098
13954008
5830705
2900236
7989766
9291463
5836536
14609506
778106
1516283
13594221
10213631
2572384
1459443
8870396
9665916
1856950
1817705
761510
6932518
11459548
15240841
12924829
8236298
6570278
15596929
15488798
10338967
14215107
12927510
8020758
2424980
1960452
9513413
11660476
2240630
11633996
7087139
5929254
13616028
15021442
5528873
849283
14641927
1313622
11755193
10672814
5663915
2498666
11585075
8045075
8898062
10933883
11178818
164116
5159945
8674921
3958307
1333106
3566064
1670150
2461382
14784138
10352258
133917
37004
15564678
14212766
13094794
1007266
3414100
2529135
806561
2335748
4762760
2415458
6525685
9256058
4745060
2155201
10678495
10163228
4281518
12721732
9478600
7731802
3267975
2798150
10300798
487009
3659347
4333218
2513049
2704135
904603
7686804
2031228
13628231
8414834
3323508
13718359
3213613
287223
3104299
1501557
10407110
899276
9169443
8337965
6778666
11486233
3839134
13844190
10254631
14701300
3720015
3182548
12797099
9089572
6474859
5456162
2634861
4992440
851398
4479840
558550
4620437
14282782
15482097
10732486
2097590
3020381
4145925
14523374
1225169
11461555
881397
4757884
1149576
1258419
408252
4862900
13056941
3458281
2658967
8994912
14207835
6308960
2010427
8001452
3106686
5503732
