3125
-102234998
-58079085
109216055
-75241495
-69033284
-100001316
-101068210
-116653729
2448374
-7220256
34825164
121302997
67027878
96935109
35969568
-68099142
-38760560
80381598
-117541383
-63278249
-18471111
-124017219
-59264566
44644789
-104907443
-27800190
-114999170
-43532968
-3850841
56008954
53855159
-118552843
-60158643
-76865686
11017648
-95956850
-67945122
-87698492
-72433175
-108428273
-84353206
-94929170
-76807252
-27152396
54367971
35030412
-5582774
41223524
-9609667
115167112
106149244
-20093941
-24258181
-56194394
-90025271
9021891
-6826118
117528393
50091949
98040629
2824458
-40188121
14360036
69845843
87861917
76800950
34913897
1094779
-45022323
-104268137
-73504908
102065720
33057461
-2786335
-92813601
-37309824
-29902971
-22298538
-60210441
-1437746
39374895
-56543541
-77915569
59134808
115306431
112778744
56241352
16465866
-88250178
-26400153
-42380180
-32083953
-69776875
-6495346
-40716279
41299255
-59968227
113308843
71227081
72072985
90658508
111244718
-10301570
-15211584
50387951
71937355
-70910495
48816791
-119299635
-1228551
-77593452
-82793839
-119577113
-118869007
93723244
-90221652
-3200122
-5916592
-14675435
-73354189
-3746652
-52640156
101782702
54930445
121165387
113835491
112450622
-89475182
33241239
98023175
-58210296
-34563278
-94888085
-12666341
32186814
-39882330
-52371134
35535904
-46397769
103725885
-118760756
99055766
59080746
76825939
-117750393
107471994
-21573472
-42762836
104053450
91138591
124063670
101733514
-80938425
-15950498
-46588922
-88448676
-28714336
19843409
-14456441
-115675001
104638091
-103687581
-85835371
-84353722
-105898614
118190130
42580773
103454891
85886938
8423878
44893541
-35941752
-41841757
21997292
-41727162
76827198
-17675724
84083615
68832396
114256945
82184424
-33445652
123660181
68299976
-31486784
-55692097
-68598759
109647176
-8996903
3439499
82054246
-29745957
68664111
-19317560
-16318499
5982577
-82671119
33867668
22563494
106820451
-104931966
-38131682
-87349419
-79916832
113976612
-18358009
-117079489
50599244
-38866808
100853483
36160569
-116197775
-57817935
-110087504
62254706
114977561
106665977
99421306
55353655
-77205189
-81782360
-41736776
66458601
16408092
-103332119
91664946
107405667
-121079849
-31214028
-121426427
21356025
110325121
-84606740
40165518
122267215
31192707
13893692
42126145
119766478
25243191
-80149652
87048614
121981377
52983526
-93720499
114893839
91900933
-56182594
18710114
-11507547
60960387
118171092
-32754916
-60650266
-85442818
-17756902
115397445
-107710950
-105848994
-25762115
-5805111
4304521
10324661
70504718
-46776110
67956608
44041745
113911445
44565123
75484447
67524627
-44168082
79967647
15150716
52798598
82306495
-56540644
80614895
18958228
-104484729
95999525
7550112
-105777386
92271754
-57286777
-5953117
-111314016
-100797247
19161257
-105323666
40039578
-117841581
-68898989
-33030096
-36789001
-39802332
82732321
-112829954
25562266
-88601935
-59626791
33270496
-77549803
-19987084
78437680
-78877016
3684282
78250113
49982795
110772751
34143890
65106610
42279595
39003147
-70287145
-19967653
77186120
-117125077
100997287
86007647
-29979469
-86386505
48679967
66677290
49640125
-15354605
-99955298
-32060246
89463523
-3299256
-85000172
44826734
107887909
-13678527
-31134396
-85163335
37670617
-59464280
-118887587
-122944197
-7157874
-6485259
100824261
17471658
-60459594
-68078270
-89187054
31726735
-51601481
-101962790
-118596429
65516423
-84700920
96648703
82597395
116004
89061819
25043365
-49475284
69027309
-53011479
66030280
-77901736
-15328274
-22102099
-42529440
-110929667
-111339940
-70352564
-98021424
-62252678
-35189683
-21996138
123852133
96951626
-90531955
-33425043
105542617
-110636548
75648044
-112005378
-116511338
-21327909
-76047035
20341949
19841399
-55786938
21079445
-43642752
26695491
-72695495
-72480285
112696727
-80107473
-2015486
75195605
-64230450
-85436559
-99610695
37502561
82487817
39768621
20971334
66924121
-77125960
-103859393
-4086473
66689620
-74387372
-102002109
-63794592
52267513
-35282034
37347991
-118552180
95779591
-64816067
71621902
-34738638
-92727237
119161425
90381984
-70064864
23570387
8941940
116810846
43845347
-35134709
95818224
80139268
110390690
-52869307
79781123
50114670
103451296
5842617
62435578
-108726606
118016713
9306947
-87798666
-46579656
-114711155
-25986559
98039787
18085057
115633039
123174798
-76379881
-64880736
-105692923
34194486
67719615
4766706
36005311
84942021
114358266
81440265
-66908409
-22697126
10127918
29769858
-34255026
-20969330
-53095912
121775071
793143
-120638433
98422187
-88416023
28922576
-14399086
48606959
-12649103
-16336114
-91673040
-97034049
46926523
-97192683
108363282
7294881
86889631
-63000754
-36454374
122645708
85295640
-48019598
-15897642
85012067
36938310
75668073
94180066
-53245640
-18810043
-85159457
111029965
9110809
50344261
-45300320
-58548512
112132951
-117369836
-101780346
60472802
42852004
95493141
100628843
-95392406
-19244955
79214053
81099462
-73704130
-23043017
4829244
-106586609
-99784107
34843806
-12924990
-3780277
27297930
-105882926
-108192714
-22651895
-501029
9578842
-36456205
-32002079
-37855044
-121968357
-8389139
-30511398
117363873
71606170
115878129
70114908
40179773
24220690
-9414047
-106040033
71185714
96285673
83423811
21608872
99402318
-85275190
44610643
122217545
-21094766
101294504
121433619
87912148
48560541
-78980783
-4175612
-45547876
62675870
-5912545
11297920
-81754538
-121072315
80731837
-71896705
73313341
24748155
-18937607
-102498432
29504636
-118888768
62709012
-48189637
27372945
53638135
2338415
-33605548
84341061
90781856
24078732
63052593
6305684
91156558
47945563
-113263392
52204333
-98494511
106029341
88773868
-100745878
-52232958
42751826
76662573
65783104
-84739025
-3220122
-4281714
28052078
2878420
47918354
72478227
-81480897
107583967
112147359
-15278004
63530713
85702984
-42202805
58137978
44733764
-26262560
-77293167
90694414
27021662
-54951127
90710941
44579080
77164828
-10197102
67214662
52497489
-21525746
79525494
18145592
4954969
-115645051
98491518
-115320383
-59008454
-100493533
-49909958
49882756
4085443
90736599
-1202659
27767761
-55637639
100211445
-22033775
72575571
-72188445
87913466
49320678
-105085563
-21204159
-14826717
103199643
113034121
112728648
116117897
87370640
62750568
32532569
102379520
15667962
55683785
36261134
-41580086
-120641939
4942321
110520576
104722850
-113045704
-49565297
-89255184
-120608225
-108888945
-66751410
-68321304
-80030678
60053698
-59323517
-56145231
-66074895
-65523219
-118148659
-64028205
-57359021
109909196
-38774440
-107261970
38079568
-27350114
27227097
-64189365
-80963019
78149546
-123245527
95502495
109223505
95891183
-44968006
-68134157
-3517358
104120510
104894727
62614344
24629612
-61448293
79262299
-83100996
98009556
112883573
122717997
119665497
13564955
-16696763
8863518
-82414404
-75896857
111932409
55941615
34759227
-93903365
78946949
28437974
-5351063
82194874
-16566334
-68103311
-52347217
-95859261
57862600
48927001
-75933736
3327413
-114682238
118970646
70463224
-12031039
107965521
68508802
-23423518
15728485
77106470
52310369
78179131
27729993
-76365871
-7802627
-71031700
-68828267
45968217
-98374548
10469618
-98334498
33006508
-45612416
-105969357
-86774683
-34103322
-9984034
-5509610
-54615350
23857094
-43124073
107613098
44390368
44498028
-49554014
-103076090
-101001337
121904776
-102681547
4466519
636778
60771248
10159731
21777172
117407435
65066110
-19879942
53271769
-58654642
-70698989
47841216
-25486764
-44315001
3585633
59485686
94499720
28242873
-68819534
53029197
86278980
92899264
-94415086
114097934
-67471624
-123031481
-112570205
37725914
7493891
-5966020
-110504084
-85064527
-49454910
-69635881
-21276913
-76575066
-11889033
23748582
64714795
79252727
54605410
3156638
65170569
-101432500
-124431085
-60860876
-21706031
-94611790
-64547165
115375599
52387948
-51555922
88570190
-58183748
610115
36758989
35040897
20583925
-123881618
-37966382
-25623235
-124965497
54189323
-55324050
97800944
48090024
-32315877
118295153
1221210
12057085
22951771
38286918
12563469
52399633
3398316
109548883
89187686
-57787884
109091226
-66044487
3413415
-107426480
55796304
-25910235
92416823
-68471232
88711472
120310772
43425519
-82431946
43758778
-61350454
103119690
-34697120
112143121
33718345
31827997
94104054
50596439
-105024820
-124586246
-40449895
-11406914
-70401987
-62815633
-74836744
-35942489
53383802
94162914
-97499523
20682249
23385573
104136970
7438112
-97641579
-78450029
27263583
102702604
-17828356
119669881
-65290535
122530416
16589668
-53859356
122773690
-71861474
-122905741
80315640
108287876
-24998637
-101173446
-28788382
-67552267
104380638
-85251416
-73094305
-57279728
50376832
-21867838
66737876
-114916855
-260461
-58128821
21477382
84340621
18169532
-59729147
-76536472
93801659
31415004
28445757
-84494629
-84933032
-107369266
-71893143
56099285
107394597
55201190
71363412
-35525745
-25994342
4895567
-88264550
-28765227
25604955
118574969
-73977763
4569706
5053065
45545209
-86881956
-65135047
113132478
-13593122
15163641
-68100901
112097194
-100984769
-31555157
-32788606
17203303
55353732
-114373970
8879159
35728308
53721286
-84651647
-53963475
8086886
-98340998
54402786
52879092
-92176568
3455718
-62503393
25121840
35331056
50500022
-121342050
-76191202
-86391963
84410380
-46006918
88340486
43315392
4508900
94033704
-43908360
-61349461
-38729411
82656158
85816372
-4886063
-80242664
39175306
56042923
77964755
-40551207
115093738
16773681
-124414437
-122979217
-95572650
-44885622
99033673
92935525
-45665746
74215143
-26207434
8630781
25357313
12125794
-13187441
-51424843
-75969658
62526234
-69994856
-1552370
-85610994
-52225975
-9981790
86952102
96125849
102136444
24050273
-88606488
46288292
56715756
-105456908
-15065669
-104234775
-121975148
123703005
61183838
111939589
-9533709
11616575
-122709859
16955888
26893065
36666031
3489809
-55675670
19986943
25400952
-25548144
109898844
-49050767
-24999876
-124344756
5967552
-36301045
-84732708
6108688
-124826722
23393761
34426651
-118526196
60651442
-80413781
-48539003
12723690
-64624380
-46135895
110663374
66254306
8798966
-43206643
111763880
-55445963
-45548266
3563955
103113636
74318724
46495815
80153599
-63116880
96229325
95942475
-110103993
11543159
98202270
-21178397
107126832
85540627
77843290
-40127077
-23550145
119423556
10927703
27400028
58096632
-46865920
-47598198
-113141324
71411495
-5196803
-90304961
58671171
-122396982
-50569348
-90038494
90852330
9210004
91268340
-74534833
56832594
-31742742
61917116
-51279126
-21009339
-112246180
98675740
72753574
-18861847
-118026613
-3495408
62046326
-75579561
62758628
-59946113
-64339382
75509277
-119263735
70350072
103758481
-107301221
-45095702
-119603112
-92398945
-39095196
74249141
-99406792
9883645
-20330983
-9245852
-23372157
-36909450
-106679344
-121977382
-43181755
-40776990
-19637824
96369302
52411764
-29870773
-59083018
96726374
-37779374
-21015487
89803929
-44048064
111036021
-13967336
-93591247
-95866754
-23564795
57980558
-80041469
72994656
42028298
-27756805
-68391303
58942083
-100057350
-98390083
36891457
-41662077
-60222098
-82864410
-108224385
67316583
-17955096
113495982
-8568631
121912725
84309328
-30967089
-4427641
48164807
-15908689
14705632
-122089214
-62124633
77718344
-84822792
116827857
2691909
-46253996
119751919
111498061
103712472
39954293
15297401
-71100108
-111089730
16586307
-57139255
-45777953
103271053
54307282
88737583
-28665337
25038792
-66276541
53636268
14715927
49311359
-50179006
-3186100
34253935
70680590
-101219141
25029060
-117405325
-25418412
178867
-97469605
37512938
-16817453
-88828549
-22315584
-68056484
49321675
115924341
95839110
-1533120
-54799716
45603813
87664815
-81367378
-24557240
-65992281
15573067
-51418514
-118667269
-33084128
-966073
-84466100
-11619658
109360786
59576738
76293646
-123128004
29598355
-1026518
-10391756
-101404485
81769430
-26785922
-109757378
99850886
43866301
-93342127
12272549
81401350
-23224688
-110239490
68210194
47946272
63905143
82438470
-40333291
73695268
-24242807
35270337
-16427233
32423725
69576140
61641258
60879974
121166125
22227448
-51531690
-31722549
116173158
-43840807
66167369
51663982
61095959
-97779782
-49109839
-99208817
-93244267
-22049173
-61050088
53130697
-67735421
95489672
-21068886
-72133231
-79299261
-107069413
64726784
16959105
18130249
92777012
-83465747
16195563
37702198
117903125
-35960140
49630497
11192153
-19561403
-42653991
-48033523
-7487264
-111246560
27933853
-59335330
28123497
-113425331
-100776543
-120204902
-44209337
-49987750
-72683458
61536152
34799278
15735470
124697871
121715897
56311507
37270826
-124175842
120613124
10699899
82708564
-63561150
65564170
-35296208
-47819677
44341114
69430597
-33528036
-71341517
-105340835
-71108226
-45307441
-12146374
57210186
-9628365
-30148954
-29426292
-116133337
75617089
118372657
-21669874
49006244
23080765
77698707
97259608
-103933413
-89299360
15769651
71601741
-96929870
65058506
25946393
-68647733
-107011384
68527275
-112389673
118238829
34416975
-109221708
-78410834
-71857015
94095867
-111717122
124519567
19282185
101516274
25741583
52609241
-34822948
-30966918
-76649756
-23237899
34684226
-50110970
-69211598
-75370397
22332668
12969243
105532402
-83389330
39965654
-58287388
-78774475
19306765
-118412561
31278641
9994416
-105876676
39488726
14788864
-101377741
69520899
83600865
-109194443
15173205
109255939
-114852167
-101329891
6308576
109566965
65523056
115910780
61326184
48646851
86791279
56368633
-96308261
97430680
13437299
-32120848
-2681605
-53828654
417117
66756143
-106194701
110045697
110850232
14922189
12335818
19510743
91656463
71782132
-78281220
-75790259
-104527226
112120560
-8806449
40721424
-111277310
61136688
78741198
21835416
-45141605
-589911
33150188
25803583
87821067
3306373
98855496
2767228
99529408
-35369519
117556417
55293674
102579570
90056835
-46458618
3218392
14372182
29704743
-122955664
98802206
84075553
63223428
-40592539
100051146
-78951517
59181217
97633740
-60256890
8835840
-24396724
-85279506
45356241
35183786
31415773
112963352
51860103
2776847
-102791462
-109906275
102811841
57395889
7142077
119647777
-9981244
118703898
-34382936
-59142117
2708163
-99333837
-36185124
-57644709
-36614735
-100342116
85070296
-11929758
-57156218
12565607
17122932
11867942
62378983
-92151831
-112561896
117825464
13193522
-39515610
119111269
-27079956
-99916596
-13334995
4321113
4798263
15612090
-52820194
-76218479
50786358
96352699
-56054447
-102268250
-85399027
-24967848
73229736
49691135
124691346
64829431
98439228
19428679
-9828256
112734535
-77498600
-7166249
53182233
38011228
93968533
76469891
115260887
-12981126
-100161818
-80725946
114901219
-48494333
-3201466
101008849
-45957582
37420113
10981055
110844889
96349513
-43420148
77701080
39872953
97023522
115988711
98788622
54185579
-66143200
84277334
-121498590
72948279
5071015
-1062331
98894447
-10005638
-14955977
48185117
79307779
-67080368
-75149329
-11652670
13748372
-92467317
31691586
-88123525
94782506
-93226101
-88849590
43989110
-16692953
-79613026
-120393811
-118250551
-119885253
-19198875
-9608633
100577817
-73557665
82729834
-13724480
-68047455
23767942
-122884606
-60272608
-92159092
-109407097
117282487
7665496
43989416
76344551
45708413
-84444786
89334465
120364838
45991339
5786868
-38581709
76541184
42525295
-79869101
33893446
-92132933
-93140276
101385110
69557515
-62324921
-12058824
47109670
-116103977
80552898
-75234328
108496767
-102582459
-33000778
13600276
-56546121
-56215000
78917648
-72812011
-14865545
50303974
-48927260
60284347
-23978139
-63055353
-90297978
-111773165
-29439023
40266389
87828573
113557565
-2234392
-73112271
105566228
-76754526
-36346788
87942038
20149442
101315902
99012397
49470150
35349463
84873678
-9884418
-76582408
96284984
-28479147
-85977218
-76492457
53614970
121210345
74683017
-69985000
20659584
2223449
124749352
93666361
17734403
42548075
-123173000
-113928413
-106050386
-12969329
96989935
-65003084
113448430
-87771735
101146462
16574543
51955148
11092799
-103007488
121351659
114118285
-20834896
-48507420
-86787409
-122023123
103475724
44246324
-75630416
-82881554
-48166545
-117115503
-22077100
21134211
-105212762
105700353
-14113214
-90879467
-8170547
121150603
98120231
-7825802
-33146857
-37916621
-37102191
73237466
-21045284
-17827834
74900387
93056236
-119193414
-36211003
-78761617
25483765
-112486052
98133055
44495236
-74531681
12257152
13268026
-6853192
-88781875
-86163518
99372227
97369321
-50497243
90148443
72983953
-4199443
107349208
-84559221
87056664
-36614023
66778954
-10903571
10686258
93887950
-75682307
-118471178
60513886
-106650206
-37447104
-57063525
37350189
60328370
82932114
11743915
-84813813
-111220288
28875760
34355100
94787271
-114985737
-80184124
121269600
-41152192
67224213
-74620344
105436885
92620347
-121471915
64357690
48502546
-115106400
-85178666
-90483175
-52570900
88170116
101584139
-90775146
-6304061
893244
-99050091
-124858762
-69129020
-19957371
40007426
-21677383
-63797174
-14558090
79433216
-12682955
59561719
20401984
25579989
106056853
-110052341
-106102283
103605001
76306118
-95195781
63747786
27424799
-102391979
-75799392
86327599
-33419586
43204361
12298451
28764851
-108090574
-54937108
102081761
-107319523
-103371393
-5163231
-31654522
22127610
25065949
94894551
70559589
2652515
-59760712
-74347023
-75840575
-73226597
105999170
-35995242
-106462512
39394838
-62073234
-82895118
110484475
-43361302
31684050
97943507
2286656
-31416944
34981926
-43735915
-28473628
-1478244
48438387
-110970258
-14098697
62036635
46832420
-113673185
-104221623
-3100176
51591854
-3645533
-18196122
122635669
-4344413
94488405
53233343
-117249472
113387586
-57304183
65590611
32223988
55116094
94452569
102802142
-72881293
-6651017
19025976
-67542390
64134904
101249504
92671233
53299450
-34175307
23325215
-3060578
19619635
-65394246
-118829526
62223354
-43026780
72127813
-23160440
-111804912
-75504359
-105127106
93118377
-100803143
55082681
-54102988
-22281620
-57540492
83423487
-14211658
97983946
81680948
-75530057
101195147
54302659
50590525
55694534
-21021071
49530560
106087452
-121448155
-115665760
76339470
30346107
-16971907
61591076
-61412669
-35058305
-22813189
95555134
74243974
-29973812
112797196
34103136
19049095
-45967917
-84605496
-10095434
17246685
-28184557
-84570031
88897274
32729181
-14266906
119906396
-42793214
-69011942
-75015458
-110059401
20218357
96227112
-123561901
25840131
-115741907
-87447666
-119417083
31662740
21277059
66765846
89697733
-104033079
65256184
6661400
-92471952
119605068
-101124425
100722095
-83289162
-94772910
-37601644
-31069482
57570667
-4041080
-100380618
112504088
-61797189
27492263
72452488
-31360076
-35162465
91751190
-13467145
19536741
-11729483
112956184
100938575
-72858785
79100636
80614019
104445436
105388342
57582696
72052213
-23951185
-108451152
-69507140
87182842
33825389
-86249360
98311069
-55884755
-92821425
69613580
108789547
-63811663
-35496885
93620046
-75415514
-62374919
40649154
256182
115430552
-49941198
69917798
103025903
95313987
-87932115
9084388
104659153
-123692327
-101304237
28902952
4729673
-50035175
2153222
16386637
42158027
1278131
103462498
-104687873
76715044
-106863352
80502635
2656621
102583948
-75740080
80210849
-20408728
20952945
-85460006
20813456
-66156297
8945940
-32320641
-121987530
-110348235
101839368
-83464048
122598166
110049482
-70244200
-36668151
120393970
112368898
29889435
-109974586
-42425137
32922494
88186144
84493270
-65345170
114437004
110592458
-66615730
49218525
20110706
95846145
60828365
-82633875
7661073
5787732
-61154908
-55340898
81619260
-80595185
-62685246
-119237013
72293921
91163584
70870779
-542436
-47204137
18997322
-31894269
14124958
-28319917
-99642242
118314424
-47567889
93468655
-65379369
-50251339
-104460666
-111013786
-112329098
-113359162
8005611
-64921816
-73209978
75825880
80919243
2127407
-52392211
36194515
49645408
9261731
19248585
67051084
65044236
-883993
-55860011
-52603523
-88244812
67992487
113534459
-14426672
-46754784
43568534
83298191
-82269756
-89825391
-59250195
-24874100
34091344
-105854495
94008974
-117929743
76256404
13225666
-27274539
65362946
-94551440
-63520699
30999436
-99299395
-118664154
76749561
-16457251
38225644
10238463
81016986
74536829
19189281
73274777
57561786
-33164187
25909887
10819457
10663389
-104045477
105867622
-29834476
-97850339
114576427
13126047
-1575591
-18839989
64158801
-90514275
-49024370
102650564
120454031
-76693786
54193740
-82540355
-106981896
-44089950
69727463
-46962367
893401
65173111
-110357413
-63453259
6731893
-77425436
13540298
114361189
-17808560
-53409153
-2865934
-38249027
-36045094
-2026148
-14970287
8458276
121428874
-63360
-21368427
74812819
-5814091
-31919610
-46632475
-85029312
23289085
-16951795
-95826552
-63753262
71063335
-33600955
113358179
-60654811
-28313492
-74421494
12688014
115414208
-86526752
-36942865
-24567496
-23993901
97098193
12525946
69618371
-20703391
-120173221
-9899459
76988301
-21161758
-117773125
110088417
-8685293
20986213
-26713009
6913667
-94658812
72961233
23977709
-117283492
19991926
88626558
51406038
73442458
50367019
10361383
-1158022
3664190
72923565
-75378254
67509959
112201373
115398686
-42282592
-97017891
40602451
-20634086
55473581
-9206679
-102393493
103284700
55180163
64285094
66875981
-35074028
9815312
-102249074
-60660297
99553932
2861807
29355565
47004360
-94654772
10401907
59840292
-104098848
5248149
95029178
-103696216
90430491
100064936
-79355353
9469662
122179198
-69925798
7816068
81886202
-50909220
-54085929
-36104122
44448162
-82452632
4659929
27294210
-114025580
81375243
-86864556
-4274058
20879
-68486285
-84617324
19145376
-66142072
81528066
-79736497
77583361
112727227
30920261
123088460
-69610561
105550198
21093520
52854480
61442633
112358428
-50515251
-75470042
76182633
-106616789
-100788711
30520861
81526537
-4472812
122613851
18130265
62383551
-114830227
121131225
119147447
-81501486
-115231980
-61624811
99474740
43560254
-90044145
-87038282
64175734
-66300209
86836234
31367732
-173746
11478762
92257312
84341584
-110048695
78196732
-73920647
-77198109
-96095429
57297009
121796921
15665966
-68960334
-123977164
-9043810
64005890
74646458
-24854354
-123110191
33727614
-47439310
-22769493
-123781600
31364583
-62662082
-2789115
-16023983
38884934
-65966223
69179576
115854211
-63780909
119282502
68121040
16077570
-111379935
76613208
-107831196
61078587
-91872140
-111424434
14246376
38869926
-71594301
-104503645
-41477040
56580737
-21607083
90514290
40130300
-20012668
-14688533
-28903625
-118142727
117046306
118610534
41252350
-75991893
30643546
-7531816
119629770
-55384081
-68351922
98076223
-79176365
88319226
26884067
-9832099
-102118454
88631723
62313930
41890595
-5646425
34989383
-83020900
-28414223
-2201363
-41415095
60435272
104270194
118549477
-34729029
-86327231
-54418905
65500538
90666224
117443436
-40457084
76040337
-118738769
-22487949
45745329
51004344
121127921
14362906
-116694517
-79846545
114660188
-4817162
51654637
-106201125
45226999
-25810007
-75087990
48674095
-110603464
-24387305
101932359
-2062073
106702295
-48711418
-26210985
-81986000
-69458489
43598980
24626683
-110664441
63930563
-11200460
39261769
-119984714
-25069504
-79140208
45659910
-78306383
43716593
-77171201
14557260
9905965
38517630
42356969
44436997
-30803644
62053858
-41889441
-48469622
-49553016
91259335
53207188
13587992
-82993619
89430122
51901664
21517770
119860734
-106691997
-27157904
-119363532
11845542
111857733
-74249995
-59817832
34362430
-108658327
-91773065
-16171698
110036503
44014303
68909257
-5395264
89090856
-121632024
441669
-5164958
-76943466
-114160511
62223747
91822865
35981866
93909199
-36451273
100653748
-115066932
102715646
-117313616
-97986672
-4805407
35600515
114346877
-66590776
-12267483
-69814450
-97051036
25022105
30891603
-115138492
63450642
-49640612
-101332515
-4087021
-117906365
-104178804
-8329973
116660074
-89986140
-6121128
37079192
18527890
77649441
-42792167
-7439324
44742624
-46777159
84194807
-22946868
-102409650
117565714
116086588
-14087306
-63085439
-21607487
-2111014
-69470932
-14317435
8507783
54898896
4755401
52755687
-99406845
29917473
-101269621
76112595
-49699731
-59565190
-50294052
112685586
105619892
-101369639
-83553137
82630746
60426483
57185370
-20381845
-119036511
97901155
-77149715
-100170717
-9570981
93841519
121049557
-14669167
11828882
44277793
62484919
-119944233
16432838
-61487276
21077472
97045889
49982373
37394782
109228523
-29315513
119489218
52049522
110284259
122493785
65049715
106686872
-101877477
29365940
-100449195
10063652
117127975
-54080221
100355434
-16063337
610942
117850057
42596430
63844721
74017549
-119172694
-92024578
-120067568
81030801
-85316884
27695683
71379464
-113098925
4097171
123332053
123815199
86889983
103625424
60272200
-57909176
-60243370
-46229866
-95228857
33005887
-88266947
-122990858
-60043158
20094467
-37723802
11557772
-75943633
59736508
-76332337
-104008365
-28331865
-122735052
37248774
-121891654
29768928
39893003
27389656
-3655450
33705481
91084078
111735659
44736548
122406430
89240509
-10588661
-8733723
-119689012
69577545
64105109
-104028908
-43166604
107075941
27767234
-12002134
-21729915
-91383173
91625495
82561921
41475990
-34002414
-82802129
-68384865
-11167914
-50583522
-51194113
-115019110
69116316
39008361
-28368945
118320629
-97290068
42948739
32226671
-91045284
12600182
100776121
-43062175
18053522
-18952101
-22106969
-43610905
-48977421
32972780
-51544448
-2944352
5167618
-77443642
-31788773
50612873
63626142
40123963
78786365
121737603
-108659711
66971889
107544600
-24814420
12105836
5995073
-41881897
-107761920
122507924
-116066721
9873252
40986314
-103651714
118883442
72240318
37854983
-71441715
13099237
38556693
-57919753
116826662
-72219842
58720073
-88548944
21641311
-101964417
-112206887
-107050344
-10215088
86593397
-6982354
93154406
-14281286
-101964136
-11719582
109158955
-26747346
86078251
79175215
-37725705
-80951018
58671005
-60596401
-7099327
68219384
-26810329
109292882
18747012
118730094
-67393277
-114515966
96889263
64870174
34740923
-43689112
123362496
85989513
76166311
96215502
123743753
96515991
-14610926
-5219199
58549507
-24058608
-82226957
122117935
21190061
40779034
-116389511
98148112
-124442330
9556786
-5691877
117060546
77581377
768709
96710255
71391816
-42601902
-7692507
44097035
17410286
6607722
51844763
-108084857
-8010810
-109922561
-79639476
-71390905
-9265445
10200412
-73838980
65888181
-52114099
-10819902
104531792
-122183252
-103570520
-97920814
-88331693
47443139
-39178775
-34095628
-68426281
47751139
-17247756
45482600
10183002
123314840
-23198723
43250301
-70074959
-59823500
-61558819
-49610876
-32538540
73581445
-96207929
-72777094
-47035198
-107766048
-78853199
-83182206
122593382
110437889
63506062
84421155
-21060065
53622194
1672837
24914628
-101342846
-114572027
6268503
98334957
-123378063
-38564584
-51358303
21422740
-2039396
-66477882
-72342360
49735142
40856108
52874221
116902366
97839555
71686921
-115169677
-61332510
-19249251
87090048
-112297286
-45071420
101421916
-58534332
103598160
43562358
59243974
82232401
-81816075
45686788
-103690989
-22590987
84836401
20377119
74146494
-196395
100341876
45363753
3105621
-89561726
-108277081
-77953909
17818168
-19369784
-67536352
21971116
-85459605
92515712
57078636
65809288
-40231452
35838247
96415785
-11600084
-116069500
12133591
-52007955
95068302
93738843
17888907
-14160753
120716633
33933096
114282847
-123320811
-63120069
-100219248
9050772
-22597003
-68503076
-114430506
33314147
-97151356
99848285
-90067025
30676744
20149421
65096843
101211563
2187974
75919188
-42339451
71039971
-59786147
41490790
-123858066
-24275780
-3701690
98076455
-74511859
-3795344
111661927
-105363264
-111199846
-79789193
59102931
-111151985
-107450377
87059206
-64677749
117722916
113579153
-62063454
-69366212
-36901780
-18633514
-32242503
-66264893
-47888433
-68424214
-102438410
-88106963
-63557625
92811333
-52494452
15031375
-45470153
-120724193
-34231264
55160918
14529586
-50676175
74711751
31481091
119288914
69589419
37547669
-23849160
-96277196
-22897406
-63837347
84115871
-22907233
104645443
102013937
-60484697
-57640310
27129961
6774036
-23562872
73378479
68254456
105650025
-60511567
-121803544
-97927453
44256342
-56874344
-64994750
-120147151
-43644022
-26194393
49885665
-116666778
61922032
98520981
83990976
88989746
-89626599
-102697735
-59810962
-62002113
-22841708
-51049703
15349501
31747525
119107586
-118062986
166608
-32072357
3504793
73884994
43460443
80691375
-23312541
17208452
-110630090
-60831832
88569125
-9284123
-57292534
-95362724
115410656
116792345
10245275
92286525
106813260
60163190
-116412537
44813999
-13912074
116028431
-2342854
-58677604
-118018544
102087179
-119031775
60566055
123874402
103843765
124556174
103011177
-83655840
37620608
-79321955
89193344
-83866636
-87033707
105111350
32469437
-77670388
-59577229
-120551951
51215887
115494655
-84499038
-15251216
24237848
31602233
-70982729
-96065135
-41280346
66032123
107275510
121576400
29440355
-29861112
-124592518
-52957915
94160876
14973567
5647093
-31832517
63779130
123093028
-119882917
-109526414
44260183
-44106892
-96644200
67768985
33252369
-15808795
-67311214
72912142
-60757192
14418575
-1448477
110944591
-118959402
-85736109
55582568
63051306
-13947051
49100620
87508506
77773965
107181777
-16451097
75698476
-1703454
-57808951
-73689183
-60513927
13569826
-114482345
87184579
13209354
11684364
-27233364
68552120
23243738
12733894
-3876712
20673738
-108411581
-113231171
7406690
9458005
104735541
-92898922
-97465256
114939161
74770358
-21008050
98899360
61029784
77184891
36036337
-99397766
-65104620
-54662337
-29875999
-55580757
-25490756
110947175
88295488
-106384784
-98408891
-26613870
-9335644
-109654397
20466961
-67286996
99315616
-44085715
-57599843
90313530
103639178
6350253
-104448468
24653503
74304524
-9620653
88066079
115774054
20778947
-66991349
-40981748
-83359147
54805323
-23338935
8448649
-83945521
113737092
-65594179
-107061074
-112070782
-3650507
62540069
-1792334
-69004723
-64890255
21202528
-20131106
92058972
-71475094
57944910
19241958
79770394
101198949
-106979977
35186659
83784130
-53444345
116945699
70450647
