6787
159316142
83392350
7177096
104171322
140571784
45938420
128497721
265608891
209186970
228132799
2121595
175211469
140503279
129889343
26741584
234338688
111309288
17274972
254831004
191381808
35878923
155575556
233921530
115345354
16728578
218971554
196005774
214092496
235096933
95955604
225187971
114191485
181639715
123049136
178413555
220519626
211526759
210663971
166857775
83264085
105714444
91980418
216656352
200219180
210908754
30849581
86008850
29230007
35989831
116677604
72476567
201881457
64899856
249888295
117788596
59915672
51794171
20321332
215023689
160886986
162214283
246813947
47072153
160021638
184395824
100911841
197914563
154351107
119497077
93325477
87228674
133181100
15587233
173325033
74419959
173539963
13117959
27453251
5434444
91562751
85013883
59292081
211407639
181105848
159500199
205486375
183906936
934046
153793219
235403040
69630697
215972726
101664298
87471032
191919929
220354677
103668226
60812948
22280387
61077344
90318234
127900776
206504878
130754519
107497852
108316870
10048885
227366034
117107477
197207077
167824867
229725201
251894222
23875465
40460725
159538938
222815306
31812814
215399641
171072579
63865903
20387098
219330912
14291704
180672571
17882065
52801055
60228716
248308649
15053928
163519809
256718444
170840461
201290474
102200659
106570827
54796943
115330382
180975457
84874234
63226856
56246883
166977024
156365142
261270055
47158759
186961075
75607627
52388928
163547667
7465764
177115793
152993672
21673100
186420556
158427379
26771894
220457019
236414314
17912965
158862966
265490064
11500878
26826124
148816387
265842560
215926130
211169675
196799764
240030116
205551118
32517304
252088104
156895605
105263039
138627514
80660859
142139400
217323628
21312672
266385123
267296930
158578481
155647261
163778842
245543991
223019749
52947951
55771040
23202477
268736634
131686025
187817614
15552383
210954913
230906692
166413472
90506181
140998101
179236880
170910727
241197210
145413890
253702896
144802858
254466662
101581211
204332831
257923513
243731079
89013566
145314178
157955139
175332042
2316914
253642500
236952293
213319885
95661790
255057966
52188281
208738713
252318238
73375525
151680619
114017047
45016560
193070406
181541625
177271209
269691799
200441450
144813760
25169676
17106222
258186753
206715341
149761021
130354590
102699339
74638935
144735918
29088318
100656859
76335996
100169967
27945602
238079669
128146274
76889620
155907688
161072656
155117001
212362847
37227925
14096518
156619325
96882309
110976050
28427858
126553673
146563928
147104698
159360369
81803780
55285724
199224539
250866392
78138293
25762650
44881103
113369772
224660368
197983286
215140022
253231125
163685836
130527977
269432474
53834920
133544918
201939864
184746058
248164338
228332544
126954724
28149940
50177262
86706422
138038338
256143362
89581407
184076128
154111863
267290875
250862781
92457165
229727890
186856014
251626658
253627105
203076990
66704373
237180978
3968264
224341383
147413818
140462691
253747041
130326944
124716559
196276466
231548816
65642250
56497428
128460307
157248155
36870374
177583798
41793339
249086840
36010418
40970464
191520991
122747987
51438570
5220348
7649376
5796714
119907942
130776882
255654859
58301313
235427145
126112257
64546217
168603668
2397446
73357711
37219696
17671956
150354229
191521338
228190491
193469535
45962576
242912394
193790184
148225118
97940730
228413342
189862001
51148353
180079239
37249343
36107687
256569792
220498517
71031756
127999999
195057626
10082159
232959951
56401095
264629670
25406547
104265785
157080313
77581063
77956333
231106668
59146387
124819049
198677837
86215772
209988927
114491442
70203933
39328959
14990413
108302441
187301908
241205716
270365240
139134356
58806093
261308391
54678204
100473641
241334310
164502701
256491355
253880717
197732837
181729391
237856835
130464326
54873271
250789649
109390301
44225820
54975215
202430300
226307420
62350334
165080861
144186576
247821875
161765657
189887819
2070600
12547798
21476229
126968094
251588593
67996505
270241554
42192033
256299323
160451149
200549168
154238506
24924847
271000723
118053785
86691591
43307603
3373794
258939154
191812501
55952195
47734239
87077916
8935764
116645954
165618772
22425536
261460400
125671691
38669937
132406713
252869595
132797424
104100228
98694496
99617517
224669129
117815345
121461788
226553771
247130401
6580798
100627530
52403501
170548267
14182474
252884129
192094601
57197428
155558106
156703763
133899715
41047208
44014679
254288524
252018564
84436458
243834902
224381814
136907298
263329103
45832883
240330886
100170774
217349481
129309286
153777759
248073010
55893385
7399332
210249071
20796433
99226616
76994672
183996881
210038819
235656396
154976437
45544345
15617008
174392529
180602447
249092241
11349498
50791326
95027516
217854108
57096943
261161803
246636393
3998497
214605383
196636219
11212747
45130846
39119069
82086313
241592799
256795358
38788168
134522064
142679010
29409897
160069
63320444
119048313
187008416
117098966
69363203
125167498
231690978
127292651
209169948
164788915
170657321
261864433
16940680
21417412
259085668
228146934
33778115
213914158
172748105
25622423
55760689
239504612
103791136
190631609
155604911
174266832
19164016
79404611
257359329
20037874
24512421
135815005
105791542
166744625
170074742
249213825
221634201
144672851
73937859
57406708
55714015
58676524
261799059
100872059
21009153
186314150
71317001
47718867
266882405
92523857
177575257
252669308
144258210
106060797
181312849
92099296
109396555
139991324
196563505
15900375
125688144
211974853
194743410
12837057
23548828
138153134
200137435
137535063
121044395
136742999
248753526
201997789
8783931
270172598
76721926
216002692
178187187
204131573
248712911
258175761
59067868
134128847
163229439
65118624
214352892
256416105
246694064
202072710
102934652
168101910
138198011
163902253
67553188
6993204
212186468
92902983
223411521
115418168
14954434
56095059
22522613
247200828
27423105
204093705
80349948
116414164
76454109
236213285
125560121
252715138
234238408
56065935
256354500
203209680
199002595
204787139
117842786
197801302
261899112
4025424
10578806
228184733
176058921
122431839
211469886
72065642
101933921
115811719
249962486
225809837
107696347
269503489
180316887
163255641
89569695
45780437
130225174
161212910
109724169
45820631
242416911
178759739
125497506
93167691
63453132
56649147
16932679
164580805
250724061
1629846
170952148
10492505
42559312
6327307
177551105
165780667
217334625
243324097
23762510
215623675
149216254
36865121
27058985
255818374
47272283
34257369
99051470
106454587
206913423
137086777
27901966
269171300
71629853
172824565
223779487
106125247
101815873
245651349
126403902
163808306
128373252
269683675
256063718
59093377
231314054
233029221
260038161
261106788
206927056
223325842
114521990
18755361
62891908
240473888
180002107
43917392
253085878
78330611
36469051
220562058
264961487
69346782
101436864
247769386
56195751
70975092
187735708
141957007
85066643
220906837
258429356
249689185
42010269
151962307
260280373
1482029
26855198
174423345
147026963
84960136
144106985
160238188
189445764
143115215
258924164
23020411
228610383
20554868
232902986
144677503
257928474
55827910
232572296
118536775
165413338
44811993
165255251
66689530
151805399
105036607
3414132
16605334
257084617
47074078
266389413
62056573
100109429
269018084
175541360
17028803
93584845
178978827
241610963
237425706
67608808
271361937
267004786
66168839
197447662
164458800
250292297
210605480
48014942
150349216
148226097
72357771
78946983
234168495
50325457
70623388
6531386
223599777
244985395
221986883
141051906
88168645
163196966
105519828
157674953
109570761
28738793
87756392
247597809
67570048
84715149
23277912
15851043
14360355
13192950
150739692
68088609
58695359
227602664
233375142
144077728
82288827
182687117
197931462
152163295
163481730
217657896
215383467
140664808
78358654
82049340
41655880
218724819
270339053
125316438
88677912
191044339
236071283
48427610
39864557
74516445
113476020
180303523
21698239
248210170
8012958
228090591
156655754
110755522
215744673
34508368
69676541
176799360
29127352
7180626
228649503
123015115
184989063
153270258
233485917
226141740
163414518
224711414
206903358
104080588
171031205
153928718
153751841
23748460
261649972
107854261
30769616
156542853
139880997
120314679
214379975
39083821
86105714
258003973
54747042
203086239
48120931
20420518
91698057
220691125
88442650
142679188
215529525
16594932
69752973
149296146
53917839
157012338
271276014
121483633
81136293
138418609
98317770
100815560
139370366
124700341
151252713
141594859
117449116
226454528
135077364
105491108
88816529
45300113
168060963
122454632
33063241
69412970
222205113
103585584
270139269
72924548
109578042
57322307
156046416
43603015
99798087
113823505
114473579
251711285
155862739
220567487
118202823
5470350
130447279
228920075
117683341
8190459
266433539
131823335
165451042
111391923
149502156
34386680
224356064
168841403
8745376
164324182
242110099
199926843
224901453
198749288
153409567
140354242
145819416
224313373
56237978
218177953
268828223
93746396
31713057
187682777
118281369
204536726
131232431
25620707
258722660
204204185
214523107
217459445
101916101
152790687
25784383
72918330
254494456
144910048
174936307
194938275
34391259
153455494
209485665
23687972
147614568
249366402
24144288
244154557
255073594
51730600
152398950
62417429
150524877
234471029
83969551
80369280
100748662
192041250
48220350
146947919
172600105
12437676
233891942
43220170
136822734
141690330
64048877
45767032
163364760
66705652
234065142
51298637
229594476
269424191
176709630
62774698
261290224
165572656
201568410
211301651
269006219
84416049
56133953
228006984
20834306
27439461
176256976
234063409
136597480
162214301
212368025
11525743
49298316
11070423
71825215
254404705
191034955
39616636
43023281
214399165
66526430
240081065
177216763
141469755
154675930
246224954
237253795
16944812
230289629
57889934
54175476
32758514
206603277
159421428
63511621
1159214
131417015
214206675
226265986
113498399
2141784
179891296
87902116
115861241
1380853
177213195
70649641
138505669
123506153
185736259
66904947
220070186
69381637
218870512
159887912
15436074
228494969
19457978
210889065
37544908
15385642
157812559
185719250
60526459
23229202
94659355
205791502
117178639
244249529
187147673
118985643
125019663
108909225
7771576
188419330
55542521
176396019
133130608
78898042
64201155
252819719
51933453
241761789
172135276
130523622
25932419
242115953
212289120
189142675
135267385
181321301
47576313
109463881
139171789
94729560
210159975
259839553
102307100
43829138
79991908
215900610
244421721
95815305
227845715
7096061
116180324
193511373
199471590
157944626
9412881
51173915
136207216
200208588
21305392
192923933
112415326
56566945
196830641
16316075
114027722
257190006
139329650
262595934
86460393
111960883
48749201
62947045
191078844
169576908
16246967
214121304
128972812
186163338
5683991
113254562
51974431
193414565
52919432
191212139
54205972
158164895
152893427
185319981
189671232
192028597
106755870
211994373
94191967
86734429
85506581
245093913
201968146
157066391
47607232
243020805
200488553
166053473
20749071
110887709
6387997
155091614
268438764
57516673
73873124
180610754
18520563
37657193
123338743
266374703
191549544
219763824
135552035
242636304
3817039
142167225
135813048
54464072
12284755
212186913
245732580
182446115
248097093
100355224
255740914
11257477
258077732
8711236
30615105
136220539
182013918
271259794
66197121
127763519
62543624
31675493
170025053
176677150
11176376
213577394
85407306
26823150
137034710
8039453
23597356
132226030
39682375
134729388
183689751
162664942
229669367
93168878
133235433
192374974
88652553
237087448
115660216
25602396
125701053
70169836
117178181
139274185
62932944
125440241
151308821
203885416
147056122
201456446
29005576
175573137
26894429
227927608
85340305
74159452
84666741
269376997
261369211
26781076
46973112
235314846
210150014
206476753
118567243
6758621
252621309
54230323
28139854
130819554
248020389
125041611
155072733
191848165
212482908
5729870
160290550
71981087
165554468
251652008
198313356
184047420
265458993
108442418
200656124
266655493
215389677
262578455
26205526
174948065
27824246
153072138
80375749
255402825
123461552
142359068
189942620
214024017
225553223
6604280
37372145
5590090
233501575
44974198
173055108
222563392
13487885
146310128
240141981
259108814
209975160
76036267
73390847
89272819
33740629
179073339
41630793
2277028
73617754
164440396
98913024
154765474
55597216
209368042
55156685
23790519
109557220
2566941
183881944
3522792
175404786
186878737
172708277
137523824
179866212
244895289
268300413
192368087
242805910
129666184
131768448
6019120
220521218
214319123
23767238
92744516
263019400
173136199
128064248
117039430
38099071
245508894
235236844
188672789
103130597
47824253
64163820
129009697
84338675
83646672
11311675
219998491
185876142
109515196
31404590
190341904
178190228
38482012
155946872
255879604
92862868
162127325
120187619
116612102
92240975
86158923
179035817
83249626
138329734
147523300
53897205
105639390
199027923
213776295
187140492
230957880
18518994
217568141
263550547
113543658
155386614
148461082
94200517
19536490
10124383
152856353
188117822
24194724
223539027
184568981
60699390
156512469
185364252
76024280
59817513
208216083
41311197
166193486
26106994
14498862
20342944
130089567
239805850
133753332
247241660
125481209
26107312
128384474
265380149
111353008
239222017
231398577
98910867
49922180
208160472
72990746
133620762
218981969
111281628
265531933
162913280
65287620
11881905
251474498
215186198
181039713
92152339
239121448
227988486
250710903
251051457
125107617
135751575
208022775
114400244
48476115
165682069
187882905
9758555
252901193
632026
152497691
135215873
229592227
142537870
251271623
222577392
93384511
132948493
191643307
161398324
149155419
200424065
19170496
132587748
17087765
51408594
60756974
131165829
153227134
57982489
216339938
82604021
129404111
260136031
3192314
24286744
30689744
41557415
195435558
97264055
103024955
64116881
195784624
122119209
193213614
153207402
115374780
190683674
62248379
73866700
71900005
85441007
104789655
225058971
32631014
59185960
88360109
19531812
52299707
47393499
266829608
213640203
237343975
117798593
202438486
143562549
169903245
26811441
11818369
148770970
253112951
1838195
97960138
83460590
165945772
139355351
66325067
59678659
198033161
187970255
201590784
252551496
222911844
11141033
72156489
119850849
240368722
14396409
90585724
256611505
75327757
259077915
191037339
208809837
234863388
48941782
193445027
24150213
116063548
237814588
164760735
225699360
141444086
255387459
193078921
145186370
40163377
18952641
53318903
161860591
119714245
65125467
166567265
44812448
246517807
206355787
216250527
96071021
182283346
250937890
128519905
10121234
155418070
82724317
249410743
247904022
161940762
125617814
180124176
271187226
1903081
70130588
28084853
151924209
116056730
64029847
11978760
179422700
31561797
254828057
39590705
176433644
164502677
215443089
256373105
144146371
227708413
93681956
222178634
73909034
188689562
1294192
114154116
137471418
252819982
57219893
137365277
268216850
22254968
15640175
51238914
208649989
15694417
19889573
240333767
68365217
270389707
71328086
63051627
99844650
120548685
105125163
66566454
87393110
64119225
25569802
41812108
69634691
246852844
82172954
158702225
90133826
4845914
102871234
204182374
158133531
84233669
226339984
177345236
220534675
184220692
114637619
32552511
115716274
69317673
236997987
115705136
260264836
257282462
73117343
76340982
172413956
149343908
114962078
224828943
219021717
261403362
73086891
3622650
30682220
191823854
77209077
68005950
5499896
92203442
111979688
198203754
9444319
211844969
253323779
236856440
242521712
40089855
25275901
73880909
71397605
115779398
83810336
159062768
177647195
7861950
141855490
105317996
145638765
225402993
190921836
233116892
115245786
161169580
16285898
72723924
242045009
131144661
76735128
33588913
153277979
246258062
262721695
209851615
9732459
192455866
125899650
139011432
75165383
7912316
257365470
6763989
210308196
259356267
258412668
46856714
184303356
51768451
242752457
46617812
43028466
260792863
178465362
53640227
74145807
5041122
199711339
45901090
124381956
169136228
177482531
61219574
32792847
94882274
216503072
263245578
175032402
107824073
461813
81647697
248382327
158636709
148066705
105589815
213949681
5799361
17536731
191828208
91678856
32136574
218471516
179352685
123750032
65380624
224300427
72808516
158007719
140025059
267403869
6846011
44499077
204660244
213124813
125860009
197314036
240842973
229810494
263139347
123022090
227458273
139736086
76149856
58152259
73084216
157045803
11920009
240475856
156637268
154908946
110802188
219359069
168009569
156098413
137273060
165096903
18800208
13338006
150060915
152385739
260366947
36381222
31206043
226406405
117857543
253752608
210833755
229142877
182507848
29015866
67881430
79716018
107807201
78675142
112777143
267406798
241734886
21097245
30136590
111504281
131086270
17391684
164862556
65408071
254224365
91702857
76386844
244022001
259124402
148863620
23291736
169607304
225878460
130763260
241474890
165216140
65743138
95220686
47192967
203779366
115215874
151241802
46528410
270568704
67326597
20330783
14653113
137529425
212545411
139635355
63461314
68124378
165696198
118851413
246000168
60661561
207337565
163474220
232073114
256358809
20422693
181544880
236622014
81096409
221510733
106573297
217299458
16065614
171034158
260630993
55218802
86477974
44816637
804846
204727029
247057299
187164701
166607327
116215187
19375379
166998769
180069725
49464747
164650027
45235252
104129259
160284675
268277807
94776653
265225173
17555740
86703362
180483404
144355348
86440407
251814866
15272924
265501662
45565885
219393994
182699851
145020070
226668477
229873268
250944647
33513251
126259837
235005881
32326333
25312414
97262936
269532564
88409200
240317522
112861285
174690169
83059277
265052399
220806563
25907278
68025182
54624595
21385481
41229576
44767523
251856346
77793255
65717487
94065705
38385151
219730038
70185089
271415691
82097429
144423865
262720155
129133196
201150613
241966215
79952111
15931462
13432289
213703711
176373642
121333721
234532307
76939808
249811819
105419070
27821259
111312498
109963062
15059878
114871972
194453987
179312160
12555912
136459528
182395598
159071026
33823879
140195086
260422744
11519508
90748085
99220464
169359642
22392538
233856937
170528283
22832654
167739568
226739059
150860030
35482357
4793431
72703900
41322026
62929767
72027155
213558477
70254808
99430891
124417191
188243400
90712539
153169850
250076981
134709675
175426899
99275025
197464965
34809163
40276038
44503953
13584651
17929943
68908043
179651454
23638602
171033190
62688673
155274989
71441555
115142320
245116917
59941902
88979701
154146005
86221815
147604606
196698932
229880326
151597480
88025728
50178867
157639035
169258125
75802938
263393751
266747060
44543270
262273271
125825380
178221715
171560377
64310365
130604983
219883818
169645172
216222136
257780992
151941841
148514074
248523770
13657777
111004655
233136849
61723663
121517320
125543182
154353811
8071165
200004378
121012471
64033094
54842818
24357273
28594730
66377036
161125208
101434785
109398599
136609126
64765188
212032862
86501583
73482736
54491799
230286207
186023786
186743307
26657289
199881369
29402436
237388006
171410085
211548694
29190569
85729772
158100428
2723751
184650326
265753503
130789170
188990630
83380180
265550057
1872911
179642503
112627662
214157161
103370665
180660118
216004456
32680146
682717
183658866
35713712
151698957
245977653
125527114
148040415
175638466
239599062
217543868
43866586
261552575
263366119
121279503
144058176
232601509
64648786
229745401
167130476
95198278
243369512
175876164
32916264
10044209
178360234
265674996
243598815
143315987
53730889
60630696
149626091
230467499
4370209
51398635
268695960
163600749
234071815
207672231
87485790
104957472
197578549
195996469
183175468
5988686
69101774
68601273
183481821
124709362
90073045
234474814
216334078
33183939
226685704
126933044
74735232
185385647
65541197
128247272
195802713
221627915
30620007
3502587
10625669
62761853
174466733
111651638
25091144
211848687
198463713
261332057
255335244
245161421
163589638
106800089
34615902
54523806
183371357
214829082
37994937
133949357
85736354
14582675
252563000
162674587
85086381
82361377
188824261
157099932
198197849
175142524
256905529
50435382
243819489
102997310
94291701
116858063
12321223
248181746
205622425
144629049
80320034
250381256
107489985
251917751
24940043
21841640
251026655
258199788
159499664
141501688
167554060
197665605
148441963
45292402
95464503
122686860
16530575
122117446
163889579
162752172
200075416
229963941
194013196
268650814
118098987
136413028
149429332
190247054
155046721
134482739
269592656
207600406
184308555
51765607
76283397
151497450
195301208
233986657
253485792
34217362
38317137
235504399
159135876
59770470
257176866
85537498
65468179
209084542
166527232
148313051
14771450
13959805
102789822
258253122
52509790
161317175
253822066
32057843
233607410
71804344
215598583
270092194
9853236
226031495
234757291
253939473
150566433
203051747
213189816
146621330
110140930
118007844
226028701
99960597
67692947
140076003
53636778
89639457
56211707
139186046
236380099
230553096
143972456
176898038
48076832
69652547
6871373
210399542
249407048
49601237
203464905
231114312
15451787
263593931
251472489
258530109
258003660
138555819
77714984
128434010
177962174
98149750
240156428
251165244
222705399
2786904
44736321
243329083
102282370
124499085
22274263
117500481
193463092
166234203
56643099
217534368
109569845
112954977
128242260
140719173
174491920
27466164
266608133
217776592
41340206
208591840
251629424
195171034
234342833
100245612
266197950
188781000
202328627
251698470
42012319
104888089
171096701
155900346
62825115
184898171
16710787
182136691
10723247
70045983
52088867
122157737
214229544
196516448
60606288
244529894
237497421
179053244
246765596
208258072
160662689
50252624
194290467
122723831
83898838
73498804
263806622
246748472
203123088
243669405
142868765
249627772
202028216
224631620
211305523
65099500
52724396
233888476
221668536
3518623
113023661
249158705
234540417
57764625
85241305
85908107
36550762
92944522
6241895
60041719
15997981
216090636
83492909
90433275
218002151
40922199
206788198
187745517
242393139
95749999
3661203
225412996
181367046
249919882
41804233
163606210
212445172
216639106
52368080
270869432
221801583
253329733
138262737
238429489
146730631
177143401
45483040
94630540
218058759
103967659
241668973
77626474
206333738
32801755
259195020
7812230
201923674
181227759
31491942
254025491
61549736
63160873
180148411
75372173
54838313
136516341
231090322
265273084
9769531
29293203
238802671
91826801
77657857
264162430
184903881
247766847
191975478
86474229
54174428
251813664
231147590
265493371
210722082
118240177
173322651
56584261
68335124
256059690
66190844
61435821
173921424
222752830
256247940
209343432
203149077
76096491
94968910
67600695
240283124
9065331
218571310
28025771
87593993
243669247
89677717
206931991
64365494
160067262
22407727
35059335
182211208
51786515
259131882
149269300
76984355
187075407
67083985
84144693
235968078
226461295
118363141
163588489
63838406
183740235
267843223
268852870
69374153
123100411
153753532
201628908
96170269
102490520
253552081
236391199
160662169
121513619
231806506
202902790
64408780
170133663
39552822
215847237
36159324
101225532
80953655
151753034
145757678
112134456
179951404
176403463
217447175
199245741
113208613
105697393
229658434
57118262
59106605
116823792
148979001
217370506
229792988
179590974
27274255
138735337
31820548
96182413
143849068
243239647
182958428
1577309
160113261
238433753
77794087
246928290
95185609
37986900
155511832
261035586
90205594
5878482
107801252
187562292
238005075
191482118
20827806
171725088
103007560
32312330
264801332
218684653
100845098
42304527
45623952
61738538
204587021
173017161
49784839
33418309
18605892
205191435
174300050
228424829
202366748
90667413
196865913
214113360
31557792
170914216
232741662
177119597
150096745
80550896
62784932
19676593
260616954
220728658
200210873
51681162
194629853
58559979
203965693
60731075
62405989
240555527
110088735
144259662
85973676
128817574
193175617
237766555
78920047
31900000
191546900
68546647
99585628
214716758
206155006
198841006
196741844
25310286
181084692
96276111
97848611
55132764
266753246
269207408
118856332
60688379
94912643
85615313
174366419
35629785
192760835
57600435
32406759
158520563
245197803
182338970
219120668
92547279
131604417
253217401
204584889
112039694
29810710
174395145
172684401
178222437
24622671
107738816
42768372
202364894
256696545
254621517
90468307
247947340
244787134
108166866
207493190
75683790
6395947
97643424
114149928
119365791
115793201
175884913
190871160
190972936
259874280
156828263
143865132
126292636
245240016
158900610
14149370
243078071
204542517
212218823
107980790
193005468
64648506
59073350
134561791
211000578
56920098
52222929
255111460
92066648
58952139
176893829
120087114
223601442
173150233
1548726
2641128
190027196
3494301
2935157
249738951
247377784
54978795
11149940
245897727
259241193
253446567
67577432
233390100
230362868
117486644
214658216
60531606
56380861
51302790
79742745
94658369
129045569
20452999
150057169
250324243
215351864
241552671
61288503
126116053
20727608
140380077
174047364
104979200
189037063
29414739
245543793
231202310
212195627
103792007
129284037
84078275
128556433
126900993
197816299
239367468
259770500
198938088
204645028
5412246
48407393
109299019
38837139
239560604
178548585
86076203
222912869
87999135
119026037
203440735
49301688
170183003
148077789
28079945
266472235
157950649
102309
95106190
14976818
253782826
213296337
155377279
44666518
204034713
74341306
15204650
163558275
204378819
150175164
128953899
173141282
119157760
63450555
242571633
227500847
91277915
83310043
211397175
216216196
138408852
117833772
77724257
261839405
177855160
165333988
116143988
39416805
243121866
201996342
160175130
95180475
209910120
217341144
214211369
93275535
100709800
188981823
138895909
53631412
21329879
145056671
51316908
220468567
89164339
171651411
170119339
147610621
140216129
137382475
168606374
81336843
233931399
24187244
171613943
106816090
2233068
56863762
233147359
235173112
106405014
2940931
248940526
205680036
160907222
43330191
142196310
261874336
148284406
42326440
17417133
205633589
258788572
37938742
124188724
17669980
53966400
134351632
116456742
94987037
105641185
127598559
179178885
25557623
63091653
9470702
4163775
69333817
236627014
163695893
41429326
161610960
206724216
239372000
70996500
136212753
178177589
126492775
267699498
85093264
138768781
138197208
205983253
238099648
5137678
271130529
260031111
89274332
137204999
210132772
10584377
129377252
62526510
193503439
9506275
36479560
160380933
235008287
178092708
80930433
103168897
231586555
122050052
261968507
228253850
42235551
153111839
67412138
259255424
5537554
53212734
259334172
268417492
157268880
244652670
235103286
18069619
161063201
216148242
14045643
126562054
3994184
149112557
25370555
52192278
29683410
231666884
45817387
88683859
40990836
254071689
224682350
70129746
67243405
91816237
20592330
66111148
67887979
142696965
49197327
145248995
95914695
11735823
178537044
171303575
51216866
142808803
145138160
252674142
252375817
81491713
180444724
192942453
91727978
26892110
143343118
242408940
249315705
214914511
138847477
199242164
264487557
240012835
148593500
240781193
80757951
271315806
183042234
77186495
174291288
25239567
258927448
230825309
241222504
85389609
254779064
266578537
136851491
196219947
92446491
70266364
263758629
130480136
139054577
27716561
104300295
205273887
180129297
245669818
100096943
17103173
42187448
63449537
14830243
82965374
36704845
169564468
106970259
5075838
263085198
193259877
145868629
257722270
266533408
122964229
93819858
73264641
200958820
205746017
20082364
73118537
259207661
126156571
11890476
95363488
219073941
112786687
151907027
53756600
266005402
139007942
107785745
95727737
116945857
42549699
216521271
253271226
21720058
159115916
108151268
45068271
134823568
173607668
203909236
234567599
129155604
269237506
187261141
180683841
94146017
8382624
214471547
177642865
8020034
59837405
52130490
95283999
209981577
247000970
179362609
261845027
203864554
182055792
48250199
7911638
230760815
28784984
197925417
178981773
21296421
186826328
181299806
52282885
121093430
225269759
195837042
196850407
186164894
16101284
26403926
215911047
258550314
182125491
164824729
122089526
174198154
143822148
112254793
246621180
33900581
60997583
176502697
98536829
60782139
15701861
192292485
255052708
200203939
28258356
248027399
2732270
63839412
214548392
5061758
145359598
245447931
258989213
78452804
130193164
194528043
117560478
179867386
227373844
216707676
81029416
103837043
105149343
4578344
25362407
217281873
237132300
249498103
146160854
101662770
183304796
60603553
150241543
1203462
53019763
262973820
228996793
10121123
130967970
194087461
140854772
164618044
117636080
129757448
82389935
141358349
179930185
26759135
228596961
89922183
142299872
212096000
75446927
57540714
33250007
218632141
234161350
30877971
207903909
200179102
220593817
126594791
137592207
62022876
269226766
27165626
68612603
65242885
161241527
203511513
49283804
199929301
220483793
204195793
135380358
14001106
200851487
52865308
212169115
264612103
86449727
191343005
14979364
140616024
203243351
160032269
130522541
21132392
58266225
31643228
171088673
29368157
36959392
233814552
89932767
231945887
236946975
109756529
91601024
144216004
270392674
225008007
37304824
157848795
207335495
145059309
59515594
175027378
233805180
130330875
249424990
106046249
23839426
69948256
242233253
66332412
245215195
153280929
63332822
92564765
184772698
39165309
10443699
73820879
266830962
199826601
71910196
73171383
77108283
48747398
121024687
126345779
94607554
208784006
178606403
84407677
224172324
208650181
220968730
168322037
206763988
59682444
80952317
169150216
201013705
144837037
214563485
207299182
143200270
251786803
231682808
2363116
155925759
85645056
162516925
145875873
188664039
138291207
96579801
188513139
42339422
31133524
209057342
124850229
88421540
187386812
26104452
159495372
208669915
78618518
210441719
173695603
118395459
33435541
135019490
9360244
115867752
39987149
221757239
216397577
65906889
6437012
108958012
99467385
1958876
188243989
110575654
172847080
123199087
49741868
60330141
88514119
126258299
165760893
92629103
198557661
168409638
199177346
181953225
103796931
162324693
218569807
240753600
260164694
36302345
223901211
39381334
13058181
6962747
34166205
94498751
246966580
115714844
110250749
215607584
117795871
164658026
271460525
88712070
192956181
149986171
93739691
120354521
92819224
128705679
137264766
106720250
186588235
219000855
64241349
42202811
270894832
177053133
217666651
87137414
49975631
159809957
7547041
12544730
97214160
82215067
113069704
187809712
224836757
205797126
38606975
75309576
254498864
207663900
52532021
219120450
259332253
84589953
169924696
7434142
93719557
104601480
216960991
89224737
206200882
266470202
268747438
263742918
16454615
105650409
150180109
117283241
255590145
44743155
158543593
210739630
238339462
24307380
259536099
102377516
14984661
256954616
152038448
51642571
26063670
237160159
230231739
156400970
115522712
247617413
61238452
248869595
242607262
112383918
134137344
204973876
113145190
15715393
193275096
229101097
89593941
69489311
17814493
199523641
77801373
219082763
232114951
105826227
168051957
118534772
12392757
168477029
122486859
117233838
159815577
51980341
1417362
47954768
150805899
6388105
49326786
175410956
152490647
144707785
210287127
202127202
252948251
90608566
167014896
107130033
187073681
184168492
254947092
235073979
128333578
99320612
64803940
46216610
53881013
178803946
71755510
181102227
167595686
105071762
172864652
16768568
243924215
17893631
207237780
219416654
155930453
16198839
50874758
112649445
27829238
120534015
187483810
160446943
178153047
107186161
166337510
248484976
84543274
228751881
157735096
55214145
82650562
13578560
89781732
191652465
58879228
131185978
14298756
164414568
163339576
13373526
216597844
67271485
16148838
54754877
111452854
101759449
17784734
38055732
259461086
109469479
118240065
102654392
2948072
95420068
132883976
10769161
84464836
106427186
208049143
261121833
131008534
165391730
66336470
53490184
82143507
99861383
129286119
29089654
20083071
135237930
269287031
131602106
146230295
90524658
87746222
205513870
127598893
128183687
69637815
142122068
188265844
89236067
26571499
155376481
241041464
117180476
162318421
126889821
7068413
119590549
170452284
130560690
214807931
160720135
135026327
119889181
91549880
29527308
15260364
250865860
250660863
150007337
204756733
47353440
246792143
166849053
17271360
224100789
80249899
158137759
118242712
63304354
247762730
124747687
219429722
261510448
27891682
16909401
216903811
62191800
120859981
97585221
149045194
252835971
149984473
73255400
265639369
63670105
59215613
112685625
181968669
101802218
112671567
117793642
182512597
31422398
24385311
249993303
141971392
18326381
158540841
24665864
146124421
166097689
244453090
29731088
77497358
95861599
160539325
123129319
103660719
106134050
175199450
193094447
27464104
239637100
264630854
111547454
210220497
259883024
102921494
145628365
177337042
143757876
54302359
3994591
108258080
91364084
189628778
271087751
135303585
238740630
208512334
39207057
101517516
84356800
37238852
133349832
182510963
10535568
151510632
47425209
203014230
251256313
251298987
66251246
106183095
147453784
65557583
100710393
236575858
9439061
9949032
15610583
271062289
83590328
269348549
87831176
123150726
150913292
5187550
179847908
59450957
57664240
176442174
164619261
259824290
65197509
139125824
251603468
34566770
269072699
58670092
235693445
100464242
86719012
254272944
156406413
151557565
85328901
251122770
267770411
26777510
82403090
234504323
212332646
120062475
259500
212065040
225097908
215226533
86372422
215707190
139476775
203854269
10276044
81044321
40876975
178660946
116413929
119111819
268263195
79304903
177038636
237367918
13371961
125028869
63306416
133050829
254577454
235482203
221613336
231268969
97403034
41197806
110804764
264186462
53673762
86258891
163192898
235399577
245124210
109533432
246138340
11238871
10179424
140675936
168809045
217731573
145427522
39814012
70127516
810873
5644530
95830484
147215415
216891450
128900487
30320247
156736930
85478050
154318521
61790140
229231032
117053577
129310662
222280435
215850233
150162641
27561330
10697167
17962662
145175734
137509168
206878902
191000950
204298662
32268407
171860569
88329330
226858708
61689919
226764199
6430294
7458664
14443292
76356290
248909429
4504289
50690002
34162654
231476764
193802310
39526883
71086685
14147424
81467279
103699684
196126766
178952757
4444127
100086593
81559722
151179714
170310082
243857513
96947625
145788612
208184887
247120073
227566592
85736886
16866697
8908847
184760345
255555275
224773003
87835482
119117245
119890962
222421863
85286541
182485950
147259356
190265339
45577164
189676507
221782140
86578625
238898835
170890407
54735422
252945888
9062287
259762586
12313181
131539497
205680395
269955943
211460264
106950985
238608000
28591799
74740213
175940973
141698586
214348418
234532550
239111378
170484626
64930299
65842745
250237315
99382705
3083298
259206576
51282314
88747110
103840688
2391211
238529
55758725
76580102
33318360
129793725
269849464
169126326
225391546
127331095
205747238
210243853
46338909
49252381
7314897
67131201
222441988
249104902
72480118
1280340
177847935
180435641
12467219
120145646
231801040
20658557
109446152
24688738
58277278
76655792
262748806
160367276
87352861
104686664
261445169
226176104
55830587
264212442
87526947
142590203
105736045
166350640
155654321
146197044
10194148
85158263
40372113
269992750
74166073
258786936
103990997
234189166
3517882
122809683
172330498
135784228
14535493
54913832
248123915
240880274
69012448
151744295
211657084
227566924
44973004
248446609
170440991
17854885
38193139
54866950
162763822
238676736
177931566
153212311
118384031
223691121
186667637
19675208
174842515
186855865
96011915
179909205
21930972
14029748
82550114
95628057
17968353
3323612
75920118
154742056
167463077
64494775
215009030
99484334
32186239
267947173
235882792
240239679
34525023
54855713
64881043
77917583
87856349
57663928
264803286
4974764
141836546
103229590
209138213
81850248
73767946
88336419
240875304
7491377
30429086
129442782
81793904
127046719
74283660
151746860
13476225
39128375
45348721
27800428
233605174
58685432
18148434
15670840
161142907
220687305
105193959
118273568
228003536
244206846
9470556
268080050
127054030
29179942
121277107
261179388
79432382
100200149
226802428
152570902
93618626
200176726
126584410
12556358
108228791
120332701
170641604
229529338
170934505
171481086
80593550
188408864
246476918
198408689
256166811
174547317
18024508
60216359
71089791
108773031
88694945
102896861
180604560
30297618
250065820
141922284
268442527
218271506
29028171
104598616
68350735
263148698
756624
261637311
38263546
104824264
158459669
232343739
192447400
51929049
153845752
267991877
156125777
33474395
164630827
227115177
78438035
166180363
71842101
157957116
8294391
146308768
103313552
14331253
135728843
53101704
136446137
247731
45767131
109511867
4174046
172277182
117384978
5694043
111794509
133591053
270859943
54910968
170852890
93233338
145591897
33258874
235237857
67685280
162618838
261934020
153250852
31910406
253043815
75432531
144914717
129763659
109081508
170705203
186910138
33029001
158202052
110498706
7394938
72400853
12805491
182818162
82177400
29767706
134871118
70313069
191679459
150850488
118215645
21889911
194880060
194424468
44830560
143197931
57836909
32672063
267009801
206783989
207498610
50714934
43082920
97062540
206134064
173767147
173261196
3458192
262217606
27296316
11743763
198929760
256650901
84077393
132422947
71599354
173824932
137153127
16787065
150847533
145812777
51872605
175740822
138931404
177699314
19543269
179207934
189491866
215473279
70830222
253691643
248432469
201219817
265905662
226196079
129359824
219931679
150527139
72539985
118237650
213447509
237769669
20564439
105824122
244799448
157968945
234404532
130321937
79367928
70724659
27630267
225097487
163287631
52155113
245852300
36825150
224250855
10006846
192510922
9797575
111818273
76419834
20814499
151826001
47276645
169391093
28185478
75361090
125187518
100858456
145599266
242640826
114732807
159804897
10498895
114511732
221293495
81807678
256054591
195326746
175065650
38729660
233989889
244150521
105491041
225604959
49251163
1205060
82898882
35480516
64206098
21849241
75802124
68087508
198292536
262758274
22480174
209380066
137269668
6301879
170416637
89329165
87626301
35275625
8621809
198013617
261476307
257090696
104809001
24886177
204596890
188116914
244603081
14506430
41264921
57365713
42728008
83673169
96129567
269231120
114178284
14477473
197921395
36264663
188363097
153272786
72602260
83751847
9726452
20257031
54735735
165570466
205005190
50816027
31370249
227119840
43317515
19615430
214827826
34772230
255345718
125303552
31513214
8948001
163078306
115206634
249208095
59079253
266482262
164649739
107363507
213907607
111298802
244195045
82597096
75759227
182528121
228905285
227993686
207535563
204727936
251200079
177162118
239238066
108927686
126845580
248453440
186144725
103975490
196348758
23402172
163921219
66927689
226369649
111421137
114219182
98623478
105385062
59916962
215601917
240095650
7857485
117402612
245702119
2280828
100050155
107114916
15030502
14922636
161963839
70295073
208196927
180839651
191432502
232690705
175852210
259589837
254454021
240028628
32800146
142682950
106810753
256754028
20701449
56368495
173301591
18738739
104753435
45033388
159842033
10415752
225420565
133161968
212954785
234010616
142432798
197934232
220779620
133784222
249378250
256292549
251245298
64539945
83379346
98135988
81144169
13940633
268069293
145620598
101291430
53705765
134851648
145875440
60431929
126529486
32834847
188289558
233776944
182278308
38774764
68407327
238901195
141609053
54421909
116065487
58328067
12134730
226358382
113626447
219138276
202589090
6950150
162468156
23820518
60953500
20777952
214413744
89591915
160664125
161342029
233991848
42131453
91658864
63985164
253817602
12251893
21243162
154461886
148918630
71941054
96189028
163991107
178177746
62465903
24000245
146646554
104693430
44087663
201203901
183729342
216345514
176293353
60578969
267961355
219481181
190431805
22183817
237562039
16940754
9208436
114462724
95674557
91987049
155379165
52864113
16323572
11784791
39272427
256183453
193250858
155758690
147231327
165446537
209913606
5124269
269553708
132010196
224854872
70325035
84438287
33709907
214020830
84219143
103847604
143888369
167627248
9616602
134151915
176300764
242989499
187166716
96093008
232708946
164821183
231600361
195988017
38231407
159239137
221571792
193873749
25658304
247361480
101961152
38678413
110788823
211079303
67819388
269585110
207025391
46548166
121763080
263587408
241216767
196077641
197346983
271279562
105925726
174452807
182777042
153560016
169711864
74815155
240911460
49164027
129138938
61095391
47878574
54941364
191447719
3349248
211558311
190775544
229442360
151183768
88301928
113362429
35898936
6020660
138836734
75477198
230439548
249094514
270009266
121875019
223859703
226637414
212236258
38564343
223813907
122128943
156411238
110516055
30684311
105154141
185117068
106966200
155002438
233039549
207364305
200909486
118142746
21644745
256636824
100717279
34910646
160718961
245323067
254964444
113854888
30846012
251478451
169680452
97413154
72741836
254113871
153826677
14884321
213986541
176024293
167076644
247516517
67012435
56613156
243621820
70764139
172501149
143116019
137025711
228588462
78525724
220905902
74570112
25232700
213950474
31908901
112275512
234741071
65654176
260359291
32999887
225514029
169320944
188101726
71092081
162344929
8618439
46154917
149865849
104212171
11103414
193825704
136466252
213849046
231710727
47907501
135535750
189900024
2744524
261663189
78683207
95071735
24663154
214239730
18311637
196019656
197728406
37216193
40679457
149141024
66932406
101673346
183526046
195465340
184828917
62489427
171812685
182805318
209260670
11051128
189932411
71457491
153958622
35190120
151212617
218047339
98642120
190849608
22569476
83001705
179424014
242652306
82804333
260632537
212034252
155515548
22457775
222535763
96540802
100106319
194041961
186894557
68234486
252146465
23440960
38249391
162238590
120139853
17360208
187689437
166088482
200318783
38648356
270471226
72818183
242696215
217241026
177208051
267157061
237376188
4085026
75367938
214909232
96271227
3101924
157359045
58334664
52343678
259827553
122892213
65938776
261202705
225917844
66658169
132307503
211124714
246757981
28343997
19687972
238825626
90754937
123447588
176447
17891759
118056772
177358198
150695820
185100983
230241318
62483951
57644691
8357354
100307537
215859955
223440151
188603753
262483137
87668067
223188758
129101530
158212486
10387914
264788126
202736135
228190716
195974922
266381642
57161242
191632981
113518467
32000955
30252626
113171441
125605539
162964473
181427507
181328355
972936
251148524
163311828
162027171
67791530
147579860
263123006
186513313
187830309
87846201
76087261
187327530
255723786
63120177
253504209
116985081
76750989
64202433
260222180
193962610
17282672
120405252
236044125
12692533
19054190
158499595
258929715
199938873
180755457
156499063
135196845
218762119
44339545
71977091
182038667
129929382
158233259
175744487
101577218
257815648
268331607
223050650
100786645
55364445
232031833
134424635
130813565
20427374
208679727
109421691
47884635
153744423
202531300
127155202
142282370
58175858
89939287
109253553
254680547
249529226
181733892
2119857
95307312
184933783
260709331
188432551
15714695
21715582
271127101
243854068
192570940
271465846
31121205
178116926
27490393
157515937
268802458
154482629
59634413
270118228
217804581
195644537
223542756
6323621
37233071
147174171
102208871
154426327
242393583
251271202
232940404
25123887
110327141
136198819
26172592
33306954
155458905
46606787
166212361
87306852
21971577
8100512
63962673
31357894
90190829
126480585
75590041
81748070
245801396
132474092
84022714
85460850
267551103
103901900
179282979
181259999
169398244
241373303
96240796
213522526
209598148
210651751
130378190
80454983
17420101
75638752
112935844
245417029
238754584
120363742
179254203
50165529
94647136
256004387
27088356
116163740
177214270
23131116
120434037
248749435
132334902
137860525
49139352
212617787
139636067
199657890
203217977
69791017
140539148
119559586
173035696
126693764
160083900
245643596
127318961
94047046
107912443
81250833
54884362
54586703
20235022
60891976
128663118
188744270
10881712
152498391
34344906
142497020
248108368
15546578
91884302
127512837
74658201
251967880
43231473
53047871
175559312
126311024
246353275
226119317
98159509
107790844
172750233
138719630
45622890
4149772
175328897
225485368
248540536
200454676
53931434
263920066
105480571
49774463
113194341
151002453
140364676
120497819
193995911
103438448
21369559
38928512
138555690
196521574
137699900
254982302
130109749
142127058
23213804
222926611
56129135
96638688
44847706
69116021
44077312
184398521
172003897
226042146
19443630
121821009
56459895
58047378
2398155
94892137
133394262
174521014
43718270
117218894
236783726
212095149
214943916
167895571
101456835
22092797
165467321
131167949
109270192
66410212
266050148
89780096
90576579
126742948
5319636
103047500
178521366
7488879
72864290
120734840
10546791
257629401
108278457
48018729
19431867
65580682
145808842
73526291
135908007
177121710
169083094
137514887
70873748
263014633
145994575
5388586
104902531
204915190
80651406
169349350
4033712
219334657
96354393
28251610
204811724
26790394
237118369
169329565
13956104
68575669
219654995
114095621
173876978
66930013
227983804
139207723
56250936
157468529
83345746
255963923
204665960
264724069
226934228
166996871
85975169
106907097
227658862
37176632
71796002
77373986
156229675
227389936
159540277
233361674
232405841
71737711
204709853
168942173
133747248
88919761
217313604
166213152
142393330
61953723
140013404
181106565
249349154
54639802
242493929
191836834
97800684
261829234
208811119
62878715
191718180
19677446
232610568
97644418
48321722
155217461
16388445
202166071
2790515
50995443
186392701
107367213
28822099
119538512
131199365
202886530
57501070
64770778
144368676
258419427
91301430
46600614
125959563
249742053
23393494
177128589
247082043
184888586
173408772
232048129
71454561
265893274
52324074
160955636
178289656
188673884
58358655
139216790
590002
152588775
203366384
223486317
181284082
104852514
227344944
89825320
55337044
71120841
33050157
260810233
165997638
190485704
143459304
149332848
85439649
40761829
218512797
117556766
232901351
21339606
142520307
152746529
180552464
263758013
81974354
212796045
108726503
33108049
175836361
3100945
167792930
61541346
213254423
64381454
236049990
225837185
81906201
215445482
39635676
52224479
263084747
61199272
222071369
156591572
266884936
231718106
257319672
122761300
198689349
167271930
142221857
34858363
39038833
218246630
82077865
32142635
56800903
202026654
115563989
99304394
209126874
152720273
244458905
197218377
26776250
263977683
176375183
35724000
45069371
45782220
181229545
96520441
196971948
185645795
82383155
202983431
212258961
41141852
140802971
38787015
229412028
195199948
251166158
92775791
85489650
240808987
192230084
267607434
104454767
233236817
48058240
256613980
112164420
54388464
193879524
106762494
208280616
103450181
258830544
216829627
249360148
133689369
196578822
233982951
7155143
153216854
64903944
178932188
40292656
22582948
75627179
37860036
109906749
199205635
130636372
199496565
167520284
226192316
86973420
110998946
198859572
165656838
152656355
212177619
189818235
163543041
159604513
179665822
237567845
122945093
172497597
41813709
175819928
185406462
2251444
82205986
50288327
69097977
236662349
244450343
108622432
226069950
95675737
180956507
212070022
39640727
15342453
239787723
254259898
120390799
63977865
143995770
66536438
268282399
27558454
112998963
121361279
69582619
105049427
149130395
206382569
116882207
123054589
222039857
27011367
145471003
145025075
25051346
190722193
217342771
107071344
170494027
99031913
20235749
78502423
131319874
269025030
128338100
237406579
221926756
219489812
151505554
53238783
63852540
234617041
5265713
57815188
128391158
91740955
271093567
249816932
37662203
222096996
56934245
46323321
167292742
53461688
216033289
112933817
23944225
50878385
142141502
52495775
144321992
58454930
171200804
4427458
149647681
152362818
220003349
151170235
28417377
196444324
250704155
59820079
10724633
139917014
232587154
219277096
246320628
40070397
42883141
62331850
64961247
142336723
230420525
258433480
14207567
198757610
230678237
147651593
39423671
55617722
36602443
4752434
46199634
57200503
37682304
87462620
97655557
159904206
43672096
57636590
156121967
190925002
170618451
102130313
114826228
251435289
184814184
125431265
14353466
117747776
244054194
83563451
243581993
257820487
214577137
236537358
46012928
105100498
41384013
65642520
201109096
146126802
28841283
222350304
103138633
25884342
99409280
181371142
181459468
219043892
123668176
154116275
102240515
30030375
217366942
151386581
163204507
5613741
240558348
258290541
26940869
195547469
270824162
77798902
216039585
84230121
269040467
235159382
172368380
25840173
176880115
178264487
97401325
222143441
225928060
46194143
175006824
208755750
244579396
223915979
162506117
82941884
14510995
220917199
125393607
2327570
183658537
244281086
73445731
148080190
61604677
13550609
76978934
143718372
41661760
258763724
197011363
32864067
189722166
49452937
218695757
194116041
252989075
71328294
146421850
196585110
97618332
148678933
28029477
249141145
258716610
220888320
71946460
211264803
191996110
169750132
15914195
235446625
252690580
28794639
39578268
6059055
230691020
214694374
35950688
24048394
15377146
223164954
66821074
87139554
167234646
1207584
23660621
243778741
203453429
9635448
116091338
20989234
170794728
29025653
230379042
156650692
82945239
195771043
100427857
187551504
5759859
120519650
141420831
241832276
51375247
8829668
167523377
153168656
243994952
173656194
151076183
231679307
174996983
42864718
50069055
72902961
266273771
8168967
181125906
58367984
120745244
176268726
38881793
83056478
30400901
124117709
53576825
270443559
54456404
234782062
164204398
258199486
116070312
149632001
257210079
148401017
170302488
112703203
178914097
119828564
254974198
124401383
153991514
146563010
143356659
77235975
37614931
46751249
86826631
151260689
263619126
36863122
206862080
231010878
241733277
98183300
137800704
268262976
74597124
46484457
107401677
1096
37664880
126919839
137855888
153529228
257857512
76578435
77182056
235828613
257310664
160566016
230755375
20844967
209027041
84650787
204331094
23058203
267074854
241664189
17138957
226085198
184026473
187198341
44478425
180808740
92061147
182793708
235704785
107538933
144682930
76559982
63965497
26483283
83386244
97861303
31230437
164207781
182774193
100092526
42206918
99941992
254454994
3115494
42119753
181217559
184156566
203855537
206544132
207101733
127624845
52964379
23438245
64358940
245209224
140452165
197468969
268827892
237383745
247010167
239751036
139194196
1088533
225273937
89057995
194057001
212947556
14731796
229644134
98963058
261447975
217207728
65818333
141724741
4352015
174885551
260818644
186923958
6364093
39817742
253960497
89636161
217139895
263029731
26523870
219865246
50046276
109263795
44298544
209128270
15594121
264060748
193310683
222336961
162776759
80835456
27209595
22633594
132649225
215893265
111125237
75228229
143543520
27044750
119373354
178972615
199224416
12927788
238751073
109355184
200022134
192154671
181025731
52391212
9403111
58019865
262441698
167879040
268972591
101286485
229331238
256597240
95275086
189333217
144264396
4691372
191842366
89146718
240426223
55539956
241352793
255849583
124820074
151778447
240973232
54368173
74937257
180929885
212190331
109290295
66939977
254211274
227330902
173121074
4588620
218832456
281063
266462940
199435292
81076796
21199105
143147746
202051765
128772519
192654962
93441568
101042972
23756878
210390681
54329350
160396966
135652104
130496267
156888013
198654822
113148535
237088283
9879924
174550891
190529129
210011500
121898240
209847832
897716
36558303
151784479
146611143
240573014
94517312
167464041
11389360
11535802
149634291
159496719
121289245
68968101
5449378
230341947
63512657
143143650
209758962
12511593
222732532
72667653
4442371
194253564
222587330
75282692
46789093
35159651
23480338
13922420
120747942
223044410
57455143
176832843
75947742
49371784
131513553
77092675
51137882
23695548
181619953
51233016
126922965
66779268
150015549
216538415
73292359
3107211
176246653
169100676
130975711
166995940
97862701
70822921
101385417
84775397
208906459
199668548
181744492
73515742
17304022
266061593
7538413
202019839
34399374
247838627
181312806
197373028
206712856
53085095
234400389
8337155
139585612
117543471
150568006
55237014
129337075
173905606
258599190
165637844
227796388
79249510
128364396
90565571
225786931
157803070
242105351
226805335
147216629
233136916
36158198
261274707
271277974
179441318
269195968
36757168
156922379
97064499
68621378
257042260
150276348
117893986
177797786
178268037
31377590
73123650
41898875
234352620
196398057
124464072
128967177
11908983
84689468
239816199
193453054
15416954
212388726
254090330
265824471
171157807
213541609
28363042
210803749
139032325
30340
224954588
183784503
61078602
71364231
207607514
105334207
226622078
201978039
154281651
147772424
33940636
118267531
220715028
16432454
213604302
82111831
250466734
187453179
106935365
188625272
215806460
90287948
206562781
141966198
35993939
33271061
19866649
191429086
64083610
41256116
3629663
234635322
35190333
234222853
262513930
5349644
134241907
105926786
135508621
151392609
81259095
90264377
9340261
1953361
29134726
117128545
233483583
211431444
114227963
122875949
136721765
114067014
47697922
259990494
57722196
157126331
163865699
240875586
16816617
162784199
42672139
98395375
8408212
89534324
173807633
79206045
249462381
200146233
84805111
73117450
233763254
209936741
225027984
219944583
236241496
186092227
225936661
76677187
129371912
206784868
209487741
245461082
99136699
206111154
93510476
115223145
247469337
146807206
194253920
112665640
175366530
15097205
37614479
228867243
125481055
149805661
177768358
69436479
203927625
266523725
224073131
250921016
11658853
249814870
106161546
204060476
82140957
205784092
256207263
112375076
257835705
269017692
143124323
138591090
235211568
248412836
152827296
17889798
197971103
218662481
159414212
69272246
42979722
204480181
15350507
249161935
167361550
141158490
108427643
192125051
174690806
138719752
223817383
167854035
176868422
154684657
176756433
258748614
228164776
21617853
174657495
459755
98351720
125997848
118624771
226101330
31557412
79779699
194609753
107256764
207972163
8880410
269174759
41672804
233084311
225709223
264900977
73281707
119729318
11649630
221415414
211483314
115124107
108126672
139522210
81841366
14108594
142400935
37349184
91605366
170472290
180416750
58052935
235868387
48330211
6095456
127879109
79914274
141883587
56646508
108091952
155615903
206930211
245445382
154603795
141344971
260142425
37748870
42684098
136057549
253458658
176861632
113470266
106192010
77554666
28934464
192955661
247740836
253498355
104459990
170834277
150251497
195552424
148715859
49865839
86353020
97292389
59394359
132203869
218320714
14567358
38414710
55360711
51198815
129509813
8296669
248518786
269902135
198419136
50330101
17913666
182396557
105705323
98390640
124692493
100735195
259298344
14100281
253760104
10208392
145011607
38205910
179149622
211593988
35755833
265121022
141849938
90136247
164449259
254230037
189207988
57447270
252218171
135526673
58277797
17310244
31473950
14469082
58312285
150913126
243440963
241785272
122717332
230236581
87982002
65014654
26880947
80951914
201761703
253174990
54759277
173609868
121262174
140531881
104849928
151485622
101340405
125574443
252750076
232256421
109335624
115251014
97145736
182256970
36273717
195828280
134254131
45115127
175299111
270937897
163936173
66587679
129601719
32431681
15680490
56668735
251068612
68558337
224885138
19996671
98367522
84043701
240097669
225989195
146693133
255733785
198311355
134123175
1931153
133164347
170637165
13458798
244987115
265179628
111536234
227164562
21977415
31703275
135463731
179653288
127573277
164733474
259423845
90216250
139513187
251611532
265585726
37400643
242704267
262491703
158228505
57726640
259038711
117489273
108350023
216010369
54113358
19630368
227349357
226114072
222274792
266287446
107657887
29359990
189781702
250448355
160092007
191958630
263043886
102358795
108700719
238357090
223285785
94490644
141609097
235335656
153072952
1125788
256647721
153724850
159688308
214800402
83982195
177063755
205210393
208098211
238422244
251169621
98292952
229595295
20144570
69817286
71851588
80164346
112353528
177774740
73298080
239375375
150795561
98344860
179763564
239312400
73470582
259461911
82930333
29270308
134615109
48390352
2920280
43135303
120185440
69074847
132401667
1772151
86273822
259792631
53253748
184669287
141467053
130348769
114268938
135229874
268657343
135066882
127160332
220502704
218196850
132943346
35197201
238793490
85185822
110597705
199522132
216855748
162594464
264100255
124606152
192761445
136302772
83767701
233045161
266461762
171503080
91559286
6948918
153759453
101149064
220146020
53377566
230926052
168592718
18132903
242006152
167345583
263831378
87152588
230849499
111912606
21093226
109621857
207623500
269392097
111097401
241498151
92212811
255387385
85296955
234150148
139126968
16933556
67786578
72861034
45093750
17557637
202266732
16302069
172329372
157171694
241882305
190375681
88439013
5269157
15567751
266900336
254620760
21986798
174511020
10095320
132389287
135720106
178454492
214340328
123256623
266003345
33234542
63814005
31470167
141730003
156057777
168196181
74839987
238010534
170751034
213931120
17054311
54196816
40890861
220161242
77143088
56300278
188751148
150180177
199485200
179086469
217694211
193952294
120545600
199138836
219654904
50259531
23955089
73286977
200011964
207739089
167366660
252529386
181207077
246888209
35820298
166027444
231097971
170574585
253053779
112477481
122989621
120130611
60835486
166588200
258363064
139071150
211834765
80113718
107165497
147198132
173758638
146469757
262342650
147427223
149681175
72665332
205289964
236547635
109887379
124106107
192251279
263184588
127029062
10344091
59582246
56355959
251433276
35252638
48092611
210420646
139299372
141267160
43890906
206811050
147388477
262697148
128489568
245138475
88054144
197127327
90862254
49129363
165688337
149379848
201751914
102032173
159329871
74365304
249447533
215914653
176516354
177102957
233135375
131033098
185640611
74739988
113508565
152177732
119066588
21258186
189935231
207796396
227521271
104744569
215536818
65025630
137776212
260918669
136870366
66627849
232446870
36803182
263502559
42617789
254364887
268732227
239908784
193212404
214494536
100178453
104762958
261723046
6280850
211569303
242482121
49836484
65669403
69717442
18548712
33035151
97496842
109827206
127958046
188458056
54050995
236788931
81957834
254146484
124378433
62670186
237596581
67436845
90915453
126552640
99301905
119503262
48338211
42807678
138043816
104220255
116361166
194046938
20794943
54406999
240788961
71501685
237580799
45251479
140805567
136662635
59859715
130113713
80629239
3390077
261034531
13962799
266646507
145879174
245909569
7207930
87377962
161788944
164394951
76361977
267523035
247631762
182439415
46907050
203073594
257079702
162970189
208122905
10747412
58544392
39489907
220628182
171962388
160269052
212266549
82918559
28426757
67031670
234429996
169720483
22873872
171363095
91536675
133121336
50402670
116072730
227801849
73670416
239922608
120932400
70864225
262329924
33393557
157152382
112461646
85273705
21477730
88296438
134004757
164759007
186204079
166020782
94415209
31180849
8358931
124798529
246498715
130717787
242852611
146989301
84771267
47219413
190847522
45392641
176951393
223286693
200803846
117229639
130587827
23742149
54424322
265752814
253755204
106546447
182745207
4918175
94685885
216441529
146060131
228860068
41470176
26537757
210128638
270469514
133286813
44003518
139598718
221598223
268755867
39729994
214835575
215177945
249032484
40557991
55705658
76827367
59162447
218873632
14468102
210242714
7757315
116950095
239518373
256659245
848225
10734868
92254876
135436557
3052946
227372590
264013004
119731642
197924130
54586221
253282974
22356861
258331269
166745735
42878859
224998708
148368410
168284024
5555254
114606228
116511718
124038392
160189029
6602240
102564274
262494082
170968658
16477317
169063891
60711271
9436780
64875604
97103861
125640099
269420495
32151627
257685998
148095799
195704579
160861828
225447944
96658598
211572125
135059473
38821930
218068971
54802775
29517521
212419031
246575422
51533581
30572094
224468101
120700306
155964100
97718338
4129686
181616072
30276912
270904913
117655300
129249757
214369372
114334484
130282523
31860694
227378340
170525068
204072996
187710622
6091757
153178943
11655628
152212642
141236737
39828664
208451108
183699252
86620442
106536325
80566785
93202261
48768900
23332442
39006539
219339943
229884820
76463271
227572248
32174398
171171428
102853564
154091073
236854686
254079327
133345169
87575783
106998626
105722547
101879088
169509564
96398900
211998290
152487877
181554324
200568385
38502251
65771393
233211135
74471198
142709076
125447145
201808006
133858600
173825639
162898669
189969528
208239217
14897850
86933766
254572847
171480985
237109525
231853240
72278836
35118150
256493382
220907907
188597396
206954158
191114065
74256583
134703839
196032323
141457475
192598899
136657376
244325746
200696116
42303442
263601868
235694482
121185398
239337950
166834256
174103248
152456311
33315284
158182741
67441647
164693616
63638757
18395688
72250506
39591438
67710566
187371885
121152603
62472642
246922600
213058838
209917043
202010026
139768024
244182870
263449512
257816772
115621700
176522519
174534519
90535475
7194525
253942684
123207265
117362037
269230985
95647276
63174214
230487420
236774513
224157418
70527918
182924808
202546621
171566829
239509630
238395615
264940134
70262277
98957105
137359853
245646898
174590616
218073851
149478095
62182492
206974303
230835306
53995114
131108614
69388188
219321960
56441374
124255558
14086899
67651541
58805870
255085577
26327706
210840121
112563358
79827391
133480902
267450910
231055590
3414856
14032095
238876067
174895424
203529087
6644042
29253585
42466998
19631361
226471657
196336721
192055158
77977560
150533971
174432184
156992375
162522390
141024785
129839712
237297900
46032519
98604409
181646002
225445184
267863234
208129716
134897484
257996528
124797083
223267142
72700575
96879233
123545594
173799078
214474088
131160294
112850970
223530150
218128678
257690564
126016203
119855103
129769820
228700270
231240460
15300581
121678226
176150715
188412972
117767503
270861529
8221462
266499433
54604933
124195783
179984084
116623746
68407450
96619682
263074520
62856179
204472188
36485949
108406641
240666515
57005429
222846647
90152272
73363670
31255067
41108030
206094312
133896518
13941602
6999521
208851241
86620760
22132462
30277923
150976398
92736962
160471771
226649144
147434858
23155500
53004439
266757470
187824438
118925072
216411064
164121499
123493251
178535916
98843526
252972181
199002233
212491046
12848470
150287522
155944375
203484695
2323433
26408576
220934769
95225641
159437472
169663951
72342907
214045605
148980612
134733405
233577197
95299945
171930048
67256685
132898951
259370951
102862824
165906473
44492308
103039365
108196886
117852377
179599828
164220689
250093193
12854825
21412865
154960521
235838192
72452485
259696580
56733415
69917763
196738447
185842907
54512401
110757673
215125416
164986822
209705135
144543013
148742497
115679970
36798611
183708802
126280820
203118441
208386240
219646865
50053317
88272457
192094376
214526029
108186092
9349199
212306970
133010830
232346757
249785266
236371550
24010056
173155871
193668760
213793809
204475232
172029899
194477489
19100803
224947125
245285740
153236753
209518281
57071437
267354963
29860208
89317753
147489582
117793122
137421375
142736773
69176732
203613275
165383627
155737563
195917323
187034867
71686740
43470105
171842065
200648699
238249855
109583641
198260249
128593914
63968117
81336800
148285863
235030433
95440964
143341474
66969423
33400908
112344431
166098585
119515791
62984161
199318278
160926211
231821164
135564039
180953198
125750932
191542918
231592148
44459160
118919515
133678583
31057272
65000597
207926659
81648249
146057644
141126204
199985142
188570075
36824616
35465827
106001578
10026964
30175609
10451528
227830792
174299682
206531887
