1000
786
947
733
590
435
291
981
142
1000
739
281
833
200
529
595
767
892
529
544
190
414
536
251
52
855
770
195
480
533
684
20
323
853
616
718
402
222
947
1000
376
1
208
643
141
146
931
86
250
872
653
308
872
284
83
23
531
44
581
139
1
756
455
682
402
912
73
291
23
20
727
690
827
728
656
734
498
669
310
885
563
377
34
936
943
201
949
309
303
147
271
448
927
697
864
849
884
932
487
12
838
630
622
571
470
574
81
411
647
281
163
25
252
797
615
619
316
734
711
838
216
668
695
995
680
250
374
448
265
32
506
704
288
619
792
506
98
385
806
26
923
103
153
490
67
286
589
814
799
289
112
682
629
568
333
612
278
457
82
985
553
323
168
688
475
699
798
544
640
699
396
195
791
21
576
143
505
379
467
241
721
812
760
560
648
957
146
466
95
894
787
145
500
71
228
83
328
118
599
845
70
739
973
29
772
533
201
426
575
68
313
115
608
622
736
841
584
941
413
150
333
671
153
195
65
764
987
739
367
429
860
216
573
953
745
441
48
438
659
728
187
569
208
917
509
39
520
5
725
775
199
56
854
46
317
349
954
40
71
230
472
558
108
811
6
709
631
303
324
144
751
20
534
787
248
623
368
759
223
180
566
708
119
72
811
41
279
864
542
301
352
700
883
667
343
963
807
599
407
518
505
60
980
684
16
777
615
241
721
14
661
605
117
138
38
117
716
754
974
484
252
97
789
255
432
827
662
123
17
600
330
487
245
968
715
985
777
354
512
506
696
645
51
169
593
459
907
608
745
120
506
992
950
670
822
29
311
878
865
81
28
215
744
874
633
726
27
67
401
721
688
187
12
27
8
639
417
446
695
920
826
148
380
125
706
484
980
422
303
733
687
582
600
563
239
606
813
957
388
185
752
67
145
547
55
840
84
664
294
867
385
534
319
148
803
194
874
689
807
564
786
142
728
945
309
527
497
108
289
661
671
12
598
273
203
883
728
908
232
540
369
178
49
586
176
738
312
465
476
894
629
381
263
931
293
908
866
904
446
68
924
142
683
100
523
140
501
451
830
287
804
675
992
523
240
548
637
909
218
8
817
92
328
762
61
691
85
85
801
415
797
437
944
241
865
576
246
923
159
539
755
178
855
356
28
735
133
851
374
421
393
311
873
570
336
626
406
926
440
204
81
5
351
897
628
172
360
289
537
102
618
466
485
547
841
56
549
869
849
960
114
642
718
280
133
464
100
158
808
372
167
643
113
73
154
925
920
457
713
663
603
541
101
281
902
972
851
287
372
133
363
835
947
477
632
625
291
671
621
806
445
910
706
656
819
939
41
500
587
383
867
769
395
632
617
528
172
564
676
280
519
959
899
699
320
668
352
11
20
5
146
746
779
651
664
379
629
379
930
324
223
383
703
560
307
384
725
318
592
276
509
612
991
467
770
273
272
265
654
213
272
972
779
185
939
386
817
598
881
858
453
902
314
423
732
868
9
796
538
957
587
130
941
739
763
2
768
77
437
923
320
120
134
299
641
828
109
374
574
207
421
295
866
466
174
545
402
173
615
555
647
778
635
224
732
996
325
291
4
822
341
834
464
268
976
866
99
411
370
12
814
982
843
297
139
511
241
859
98
66
211
272
500
384
345
957
347
904
604
822
374
22
801
263
438
73
909
313
378
861
88
5
50
885
945
162
93
798
12
783
67
788
398
544
26
869
685
801
114
23
504
467
95
450
530
312
457
598
717
896
413
211
296
594
961
914
968
178
34
350
880
341
30
458
216
124
9
362
215
836
527
633
672
858
94
613
830
623
905
20
463
864
764
916
82
394
628
558
968
247
353
921
59
91
802
77
449
221
479
718
319
910
789
357
966
12
692
45
598
443
871
394
653
688
472
2
429
789
298
344
137
267
459
61
662
434
672
525
89
266
486
58
277
712
729
931
985
167
152
11
90
92
539
961
533
456
361
451
147
3
923
985
947
356
544
50
321
75
559
562
872
843
166
534
192
769
350
277
304
789
826
574
922
659
331
1
329
16
342
48
867
100
320
841
78
20
582
202
100
789
319
595
510
992
670
794
530
913
817
657
708
725
619
296
534
606
537
514
471
904
343
536
885
681
472
848
186
986
640
787
119
960
441
145
691
746
935
445
114
280
700
752
726
815
915
695
494
703
381
75
905
809
309
460
552
185
68
357
903
207
491
646
858
741
116
148
311
519
216
200
591
614
271
50
92
588
720
627
730
21
718
445
245
641
503
860
582
891
195
369
604
