1000
442
936
362
351
129
329
39
68
451
121
257
945
554
41
749
877
266
50
400
179
998
238
172
790
511
834
601
676
487
752
996
865
233
246
184
568
351
96
886
258
280
422
902
431
840
709
43
461
957
159
968
987
442
2
421
916
206
657
774
940
11
476
90
372
614
928
431
933
24
974
646
231
552
652
130
422
615
679
536
321
377
787
653
603
246
936
42
981
533
533
80
89
83
529
723
407
326
285
945
262
869
75
367
545
915
877
607
983
639
877
75
785
813
104
825
913
18
593
492
655
761
543
166
107
665
430
231
26
203
350
620
209
541
926
144
450
32
190
892
481
840
111
254
101
409
308
442
575
996
637
203
764
253
30
736
51
116
44
462
973
397
955
17
735
632
632
747
649
655
186
368
124
780
839
639
278
22
327
593
388
55
683
583
124
846
604
85
511
965
651
704
217
539
660
217
873
599
481
454
534
17
951
13
192
952
395
544
474
595
355
959
153
768
156
248
237
470
599
407
689
675
106
757
876
581
56
962
262
601
336
523
722
669
374
929
270
22
460
719
539
88
846
42
740
881
896
326
297
69
152
716
88
111
986
93
528
260
696
589
310
967
246
416
980
484
303
582
548
821
665
430
544
14
521
475
399
770
390
385
950
601
590
390
285
304
675
1000
740
95
699
258
265
888
139
342
67
45
617
490
756
814
451
611
481
901
595
250
913
746
471
736
998
349
346
627
926
919
205
902
697
159
147
257
448
29
286
950
897
560
693
71
925
401
210
15
566
596
549
183
370
289
155
437
232
911
276
524
732
859
791
502
341
75
150
234
17
685
376
166
606
718
170
563
463
148
910
530
168
731
127
218
698
280
33
983
901
831
267
1
728
588
458
482
538
947
316
893
902
321
977
359
248
759
722
567
315
793
702
93
877
187
800
891
897
766
115
381
403
45
241
570
777
347
413
193
838
968
287
66
174
568
769
873
105
474
211
43
727
472
315
310
511
699
74
562
40
964
54
849
596
202
611
640
47
703
210
34
251
114
197
481
905
226
79
564
143
439
838
311
789
488
429
534
269
484
483
255
502
257
853
577
791
806
756
441
315
161
351
847
8
912
910
386
8
264
116
960
252
15
994
747
428
314
763
860
576
77
523
513
499
430
158
967
524
72
154
262
123
928
380
446
958
370
324
924
769
281
735
637
544
113
640
391
876
820
526
594
310
798
723
314
319
434
498
697
947
840
942
590
625
309
795
624
475
121
365
601
710
350
674
307
817
661
696
571
901
817
733
783
41
520
875
689
786
389
817
120
740
895
592
435
276
79
434
918
89
508
922
744
726
638
242
497
328
140
345
279
648
279
50
915
24
363
499
29
333
584
402
101
736
412
303
164
836
415
321
70
551
963
682
808
785
18
474
641
486
582
804
794
795
46
555
758
971
765
914
320
694
474
422
710
454
280
4
809
441
891
290
569
765
936
294
843
623
297
976
218
690
34
785
62
864
198
673
519
282
721
401
672
911
148
461
764
406
938
423
689
228
486
355
111
859
656
742
487
889
379
5
843
28
96
264
314
678
913
475
616
45
468
808
22
399
165
446
519
256
915
551
486
707
646
412
136
650
445
666
973
693
409
465
718
508
153
944
213
133
68
914
511
805
337
174
667
343
950
722
743
356
218
341
7
928
915
239
292
177
334
809
430
293
395
603
409
131
140
330
945
198
177
822
574
792
901
108
261
997
94
745
180
51
175
545
883
778
542
722
203
863
212
340
40
16
511
85
302
511
242
653
588
679
223
678
683
464
290
178
821
459
126
618
782
836
131
410
875
449
942
398
5
894
214
762
116
191
872
452
451
794
266
411
816
922
287
76
927
429
184
752
187
895
741
326
476
431
749
681
336
974
163
682
273
606
29
541
794
56
987
131
425
43
196
130
659
110
153
253
138
517
46
389
559
780
267
965
936
244
710
366
440
455
190
640
561
557
896
635
106
85
538
656
464
474
409
298
974
267
3
332
893
249
356
986
265
423
737
278
809
603
245
505
28
766
943
213
932
229
72
572
908
661
373
980
856
832
761
205
513
186
191
311
670
66
147
166
689
673
46
659
718
60
603
865
460
690
205
692
889
556
132
306
880
400
739
398
330
707
659
865
84
265
5
71
766
167
770
282
343
755
795
609
729
624
119
711
760
475
696
779
914
164
900
123
366
294
52
391
820
453
295
94
623
978
596
140
149
368
826
718
867
659
983
283
416
454
378
106
776
49
73
827
997
901
521
39
765
407
897
551
774
877
