1000
308
333
368
307
179
236
226
795
403
300
697
970
182
691
318
762
573
422
495
882
993
532
617
817
514
183
79
669
355
508
928
762
978
686
513
235
96
134
504
930
5
225
916
416
89
647
389
907
986
599
55
850
881
533
350
393
635
334
392
213
464
49
557
663
14
573
255
129
554
570
793
306
763
33
457
977
327
915
638
26
563
778
48
612
579
961
553
894
397
445
967
749
269
160
415
183
896
362
376
260
650
814
101
498
646
581
888
61
225
5
295
424
405
39
400
286
686
683
259
159
311
932
668
452
914
27
605
737
817
148
254
668
415
787
412
306
941
452
138
452
742
613
801
324
866
797
400
906
667
905
405
412
209
314
719
641
942
784
673
893
592
828
855
538
50
288
917
682
185
496
493
934
7
13
108
174
618
429
465
503
922
252
205
638
636
536
936
638
833
680
906
443
518
26
508
820
922
463
858
570
1
823
66
436
851
891
73
574
652
39
601
949
17
459
84
435
991
342
799
907
468
306
568
99
674
398
134
540
31
405
842
67
30
41
865
653
971
816
366
116
672
66
641
724
922
144
210
933
923
740
540
678
662
671
666
261
997
95
11
329
314
21
292
492
695
24
953
353
766
467
564
313
239
911
313
309
541
337
191
643
863
465
823
25
96
663
418
90
366
534
12
355
642
933
74
853
740
906
292
144
500
173
755
132
160
702
633
559
409
414
915
301
100
518
136
554
689
50
246
593
285
858
137
627
752
806
794
846
390
319
129
474
678
142
3
461
564
902
49
634
535
168
174
99
865
698
791
19
458
247
88
74
507
12
442
687
315
488
734
623
724
929
144
792
899
230
348
180
826
168
297
766
253
967
808
613
15
998
995
404
122
15
86
453
568
436
879
689
708
474
988
25
303
126
304
457
932
404
37
553
179
956
473
491
910
131
97
948
885
978
550
835
33
529
129
875
555
530
991
88
402
605
557
346
542
567
707
61
16
513
296
605
566
681
569
186
176
91
297
359
363
158
846
977
480
847
545
706
340
797
380
412
574
369
186
804
570
171
807
572
256
53
628
742
787
560
401
297
195
624
407
790
658
89
101
799
918
903
943
700
348
166
77
29
566
133
129
606
602
355
118
30
923
167
440
134
123
73
840
810
511
922
637
409
225
588
193
876
204
745
833
600
18
597
402
843
357
914
315
345
870
335
814
244
457
344
422
100
174
660
192
84
70
825
937
536
841
199
60
88
129
71
776
606
110
313
34
599
393
840
184
603
695
287
897
164
467
720
701
649
858
560
815
247
749
516
469
484
297
33
228
619
118
223
772
303
401
803
551
344
450
455
384
654
109
418
957
512
497
310
148
243
810
742
663
36
62
596
367
484
938
627
890
262
530
425
565
33
451
819
815
966
313
110
75
457
999
433
179
79
721
547
612
340
515
742
582
489
224
544
281
224
659
85
758
343
126
247
106
294
603
72
588
193
861
645
88
892
269
531
643
498
718
439
686
11
479
751
710
952
852
185
297
80
604
239
208
264
833
439
325
805
57
844
220
753
910
942
537
599
72
714
253
471
533
177
632
320
990
66
613
376
426
759
480
116
6
488
440
32
283
98
125
974
958
372
888
519
445
831
205
834
415
940
737
8
80
298
763
787
887
942
380
17
432
154
638
853
112
889
14
424
205
967
690
897
537
699
664
130
618
721
924
614
322
969
487
955
207
754
63
84
26
133
763
668
456
369
555
265
187
833
82
54
262
439
339
591
810
591
213
602
980
436
661
874
834
291
183
698
929
609
28
108
584
957
571
495
18
749
991
18
814
441
156
148
591
18
442
830
347
81
253
951
251
679
202
238
543
656
401
229
894
574
594
210
984
926
738
204
37
357
682
695
130
865
108
928
887
855
573
544
497
696
169
569
88
35
1
786
591
80
309
842
455
706
209
662
739
586
561
338
602
67
804
105
518
985
402
764
622
448
749
580
862
534
169
153
10
967
491
54
909
845
898
906
596
244
761
192
376
511
160
977
503
165
813
742
915
944
325
23
829
243
267
315
129
113
284
469
777
821
617
731
439
725
58
862
235
774
418
984
440
238
14
577
631
819
141
792
576
151
63
218
780
264
629
971
3
753
212
823
478
587
761
496
213
993
499
453
462
293
20
375
562
870
733
595
344
79
892
661
5
278
390
91
378
416
548
302
507
39
168
894
673
370
820
948
743
952
295
31
997
916
150
459
622
936
980
629
634
871
681
911
259
260
676
300
463
787
712
442
146
283
568
667
321
921
130
914
