352
594206
113630
925345
830515
998367
754446
981681
764806
670324
336636
751920
499170
298990
503526
528848
737748
986415
238817
994672
382529
594562
478804
58088
458826
65299
422038
115554
822903
672918
954202
746255
783476
67831
671599
613990
66197
942396
595670
347354
129071
448657
615625
628240
747647
119151
157087
1746
105565
395903
996417
488093
506816
991573
62532
481993
56871
921
597546
396126
190190
551747
142380
973665
135929
330330
587655
202125
789078
699676
65831
918148
664685
681455
546388
928683
800605
219826
930428
422521
615729
926844
426965
638896
434768
489496
120889
7991
6768
718434
404116
713310
270181
546495
686974
406109
393176
790980
124586
182253
7008
706768
100401
671692
388222
163140
600374
705179
899317
47153
127699
515045
490348
554664
670293
925116
560511
791181
933106
83631
509614
337221
796940
296146
400067
483913
218607
793242
791245
859544
975495
798252
566311
592247
986295
470884
271738
103020
176062
171054
150172
820113
686099
640519
891128
872743
565634
451638
663923
498739
51620
689888
835959
848559
986034
752377
848824
204640
545619
640068
580535
37465
954671
146845
629711
940965
134080
901448
43984
826494
72501
194155
646606
274951
834673
537733
147693
916659
505722
811615
415397
73694
501503
767708
922252
3888
520084
287427
724879
582054
443846
305413
619518
398516
968609
765580
339480
102688
667027
899815
929181
255880
93969
92138
530830
444994
146222
194875
878004
168296
522841
809752
241989
540695
577459
680592
544582
613895
968019
269460
712300
411864
91224
331818
810380
576184
97397
666211
195224
280776
566026
640756
536655
176346
732894
583836
137691
879115
778710
15694
563762
301551
825446
805750
842245
919256
486342
903179
49502
454360
172638
761802
866223
780214
609971
192954
356397
223719
375517
551620
20846
941542
192376
557500
634239
441621
141336
771930
837087
436397
303975
400849
254299
129420
206598
96544
565028
692939
999722
614529
663650
688711
892682
46225
985276
502652
755530
858025
242723
131046
925996
263568
588939
634723
337420
223178
76343
995107
511459
913430
431503
331785
830630
685802
461205
37227
298697
26232
246518
298418
157112
426519
503480
49794
472743
5108
68797
744625
863132
311519
875670
789127
575087
980961
423850
912506
204138
500192
907612
231948
929973
855466
563732
760602
541267
541288
314181
356315
83871
77050
171084
240983
503568
674564
807128
492663
679671
875924
237287
59154
703795
629308
848280