959
282112
999605
937253
344779
540776
523361
800310
362268
573968
352760
976972
407109
909102
949235
146290
349533
507910
739687
589773
963259
562450
534867
269090
680541
129065
300518
895881
108399
348951
983387
295357
631062
499344
748961
975841
556471
272322
776150
918739
846289
645261
412062
769749
554362
361296
432391
420247
869205
688429
526371
348815
250878
577589
134257
447770
706654
434774
343650
331404
783725
843389
626760
931138
342732
375721
906978
899202
164394
199479
334292
527034
844739
262705
813134
915453
140352
761876
852051
9557
450304
378421
874723
217533
956009
8979
665303
179014
960105
8952
510417
260181
368692
653529
191318
711423
545601
614648
126977
226346
814126
977620
753379
175217
756677
82864
607021
897028
844740
459071
422936
295043
837491
297659
512576
309851
822989
694230
488865
299445
703181
515633
75977
71873
685513
267295
299647
231113
881942
942975
973810
212419
436947
243540
903987
193623
326404
511007
90650
171143
970077
513586
982537
323919
327596
11464
633770
666936
705693
638986
482733
408874
154618
558709
997098
356483
342355
813096
103947
224296
756071
77757
953067
709369
321296
857053
902991
647699
368060
509992
335193
854488
539929
834082
178407
383876
845545
812176
567164
551238
967513
49896
476463
638482
124956
989912
994964
467311
803007
98911
207958
75429
693019
161024
784797
14314
534429
204139
178365
902488
230483
29909
273327
286763
863990
451733
670639
709535
780260
754154
777124
747772
320401
253586
386254
445356
243497
897569
912666
562855
996479
120624
638284
689497
797999
939432
220163
332427
143571
914879
751266
890405
944787
24593
177167
325129
476325
364157
551015
772937
118310
328138
520708
438710
98075
423313
400418
341571
320882
829435
904425
317360
466410
59060
523209
264409
998492
259723
113187
658414
174601
864453
548818
635739
405397
242336
477219
881721
122845
28233
171009
241154
356370
691717
196216
970796
115029
112985
312366
435910
942419
733143
269622
408829
308554
309182
189589
307045
85256
302775
481810
259856
683579
546979
411946
88975
789315
889165
487048
912159
433749
658056
669664
306471
349772
382231
277266
981153
495215
105984
933414
437634
355478
203035
362814
664031
28568
68754
971076
113823
887880
969237
890030
571459
516216
818328
660433
305530
223844
147480
734040
657592
321888
403703
964062
671659
302286
241328
169163
797500
863663
102577
751485
219140
821963
630650
883170
850531
699403
370597
480705
587283
339834
370735
675093
856049
189062
335525
677930
412905
999357
928321
70496
321244
848375
550910
509254
150660
308589
194769
948160
172251
297345
215996
907742
635659
362998
790911
2541
62400
677860
483246
166034
17693
853980
841126
390093
559393
693003
584374
488649
208711
512694
75496
46306
361068
626405
555559
511728
451345
266679
976239
139947
80375
708586
47688
716034
71583
838599
718574
650335
32810
718171
816368
50502
572150
173846
956946
647894
383200
541319
136542
591910
54012
728390
638215
415079
354794
710125
443158
322491
493156
419396
462437
573530
644334
510125
289563
715916
865075
524489
366250
897884
242659
698970
464737
331161
389167
421682
979054
772366
479352
631948
880627
533363
360337
35193
464793
231482
261669
907951
553972
754824
843698
16409
328354
488031
42885
617916
720299
907959
658756
602900
322194
901415
818221
303282
232575
207387
724963
211628
496104
720666
359927
893082
254028
720263
928274
235172
468097
189943
143122
22068
461118
503172
554828
789471
507554
597712
923739
227852
22022
582494
830752
860567
483908
648972
163848
232834
372711
405162
444462
868814
125827
320740
761896
896206
41003
206521
131378
509099
912815
790851
47518
373933
294022
602346
679755
801576
716409
119845
545779
254783
218691
892882
115349
702598
58206
795549
935432
430916
717062
896245
816081
842889
216984
94328
255446
774338
817201
386823
799788
730015
177674
363658
620299
988047
482355
300054
305974
198763
419898
851753
969897
638588
260986
601598
857538
319191
913498
309321
266458
630559
721917
598891
989799
455252
693218
245245
229590
26770
632067
545729
756785
809740
909386
377083
314139
391740
193488
620112
106855
129738
471864
593103
768325
732850
194700
142214
568392
108197
967886
834850
255108
689802
950092
244906
145054
159661
490150
890995
186431
122217
436723
943215
448308
346109
836649
762446
254200
30137
382558
877406
159874
370773
470509
444550
619974
181560
586764
704718
806109
71001
55919
61216
760803
6010
822473
905856
165670
312623
796850
352100
951191
749924
811666
915850
612384
648315
678296
866584
678451
577205
260341
354676
464329
730849
799225
600655
428761
902340
305372
234869
973341
361290
812436
250495
367299
634908
672702
49320
463882
469551
401420
415072
735826
213085
330922
348210
377751
525569
731145
572553
619125
991485
927228
83453
238686
242805
200459
667446
661496
505830
418666
634836
383471
747453
401682
267121
382360
74383
316441
362594
60285
234212
777665
796111
447296
108586
144320
341399
150506
875464
913951
769630
383300
841179
369435
621985
600335
569893
805782
261830
592075
224447
413018
491897
488251
814699
759018
386963
889082
75458
749556
949366
309669
527220
745476
273316
152158
406147
614714
302663
797962
528665
588645
181262
886195
958079
319598
486529
44323
125380
264710
152749
866178
677727
644646
354429
492426
920015
257743
897859
995472
7298
847224
821492
534517
109052
611159
686674
515198
225873
505689
313160
270889
610685
10773
673435
85115
330370
676315
129437
972101
941024
798538
354631
618751
959535
225411
627528
879549
483153
525386
391372
490450
372609
212863
541318
998012
340373
744344
513210
82597
250032
342721
353485
860716
869845
543271
945830
716566
219585
591618
205019
160609
906507
559649
295711
866041
301411
923238
745589
784563
448623
653312
791364
337583
382526
332681
851947
722899
77024
881508
805495
327055
224228
675332
704122
610424
734954
166303
326989
954539
757921
532007
631499
180779
608007
927209
46820
909417
850446
308760
210331
815420
962072
1694
669354
860949
334375
521300
583847
927750
919159
905694
771157
659738
97377
475278
270161
832330
157933
113502
786868
915853
645508
418366
612983
769867
861926
659802
195635
712371
484914
405966
44142
963337
407659
229848
824285
258385
267499
924484
186135
186658
830177
957291
846395
927553
948920
116556
276234
106852
230057
63102
539056
391916
997819
152039
678134
859745
328192
873769
88467
813105
279734
648961
292793
203744
878808
117078
462129
662658
557913
164615
849315
388089
638257
695710
831993
587176
328617
108226
694028
75025
687679
749435
983292
685498
901473
661426
61594
746017
51546
150060
559121
331279
315372
851914
51374
194179
485343
513502
856837
43255
194468
222503
947695
832724