1000
228237
44136
378079
847977
287880
367221
399241
30758
741262
624743
379936
787205
929447
700015
565678
299649
785620
167841
934821
782641
823839
146014
910629
788310
234386
74458
20740
481068
357860
152149
700186
102448
712636
594617
950424
516868
961837
866016
547625
703098
490759
927560
6655
936557
143926
572332
236205
445897
256524
171026
228537
596714
833391
655517
385023
67777
729974
922115
548844
87833
74263
765382
706632
786899
359998
657055
303766
321834
39423
367742
541283
530181
295301
547937
466737
955578
636620
702941
401475
409496
390318
146363
6209
740061
801880
907584
324189
531853
346050
389384
136038
420312
154765
842669
723562
31114
16076
543679
352947
55498
911420
410582
102030
723072
474870
85118
678650
627842
304410
596476
37337
694728
742838
559897
951140
61069
983832
275328
109274
329881
664711
245311
266545
819476
604331
990106
850589
136758
50137
719888
708607
477908
646821
810636
717332
121690
895753
912333
749531
200163
508808
303219
411242
767997
863116
362381
829066
846947
637708
938339
693180
818770
700001
959724
638245
820683
466181
5186
957441
516317
241425
666047
510577
888245
993035
227908
526286
888787
140240
792169
605301
165399
95387
532894
933395
474854
895274
278812
838153
49333
217150
531332
868103
433502
491055
22699
254185
957235
544236
727977
989904
785660
910375
500480
190256
903409
244739
232894
308548
901330
25062
430200
66728
636800
963094
516474
111654
374719
795286
466158
940404
528787
997489
324858
962289
4895
347556
732825
478481
408144
460801
468384
193803
887527
485215
900411
790936
246305
133304
615835
147634
674717
46034
730713
311516
9127
247187
423169
900198
558824
889326
840601
87610
403166
165458
566250
408060
513013
299074
886541
921156
276226
871276
631311
163753
872843
48073
471040
635499
697728
86874
783133
372444
649259
30197
683959
658386
277383
107128
558583
352558
512805
915535
440168
915971
80992
6417
840382
110356
821843
726922
547864
98068
114550
179174
778172
503744
743598
249211
139242
441325
852436
438726
813768
501695
468923
497726
676432
262657
121205
751366
615215
634010
666900
55382
66332
747891
578150
906713
858246
399992
149987
922461
498060
780888
101634
276231
284631
361583
41794
423872
802907
894229
862598
133026
912275
331520
147104
588706
110528
268308
340071
725742
418669
6970
297475
1352
271212
875625
908065
645810
275616
574403
568270
290027
355290
186256
82610
639920
547838
124403
580143
867097
534983
442740
516474
447258
290611
663577
552315
401139
931885
892386
643232
866905
415707
940707
868257
203271
816331
292673
849080
91946
867075
933701
898325
738716
119956
980934
378635
184146
621688
958777
567594
156670
917869
84067
120279
724831
747644
672594
642321
195880
81331
285553
579136
497037
226259
963744
700307
42589
256416
65738
650886
639842
999439
549210
894909
635746
46495
273543
336243
668182
748672
903836
341204
182892
504255
461482
907722
251898
650427
550043
964129
731757
351947
543264
228794
578205
507008
445452
620793
279775
27542
271678
435969
543332
337240
330877
179077
383734
120772
31672
568268
385795
935507
909471
568686
439761
887304
992759
208010
537731
59153
172138
269487
411099
231754
14632
989303
255113
460084
126447
534887
487625
914477
487207
30956
251716
818084
726384
151801
938855
758055
720068
324649
209914
629538
409686
166026
516842
402444
890388
570924
977949
578877
840410
389047
810630
855042
894702
65742
315125
21148
116981
319101
935624
120539
866408
703691
938622
109143
855492
393828
867198
575559
718476
593463
721449
644513
759488
754642
46957
649875
325565
541257
228752
165974
930303
555733
537367
341356
137827
368843
362504
771159
687943
814479
891697
70702
518170
830319
179845
373661
740498
563394
465571
975326
156856
703371
619838
432695
974364
183146
598922
299928
724402
827673
982254
171057
899757
519620
512412
553935
404815
391267
325093
609109
205746
216790
679811
240267
563460
859655
130279
820309
939400
595849
795634
96255
815572
415472
528949
789935
598617
127870
606215
839371
471894
588468
10427
888003
624439
39190
441937
29253
430457
767030
638362
152554
500171
318172
392820
579982
694178
523098
400290
633577
635298
195924
246183
450869
127747
291483
757156
726363
419353
363370
82085
407598
951837
92511
295600
92627
131701
737537
121880
78509
20918
276593
231062
521088
594764
623881
617421
805293
663330
17710
955221
298627
729985
717755
265848
857731
9237
23003
100446
944941
386372
182530
352539
854560
275041
164490
947186
923093
902026
69065
1601
922943
345657
749014
960382
456772
372894
577802
778416
36223
111864
249988
851201
358200
967742
117048
215931
493331
140050
832728
438271
526421
15257
790809
380980
806649
471651
844518
246093
373676
913582
247693
812971
775591
996706
289704
748714
885951
383858
527130
438525
12073
777117
289726
370272
261211
406773
586202
754541
546823
418929
192811
589595
950538
499972
486927
757186
971622
331444
3279
861649
761377
767323
190971
536967
280381
480675
802033
682683
380884
329162
121208
392956
622630
410933
763227
400192
334057
349429
154732
397231
284709
863895
503178
235246
880218
990104
508784
368191
837899
28414
229839
115627
312088
937162
168946
592468
934188
970978
791503
315071
300139
912710
708026
439120
839994
471252
839312
174050
337032
510395
571281
138093
374289
74458
889690
770858
580913
398473
139048
935163
943238
885239
50789
255326
822400
219734
364145
756587
190711
155647
588009
7201
584708
296034
446321
424701
283637
285632
115103
137021
312378
686383
275113
203019
277192
164802
973876
374456
79627
629276
309618
22864
514514
360406
794541
853265
96492
158686
126203
803554
830684
714211
810755
415392
526596
257075
356444
326584
59058
471546
463604
887787
674280
255068
90805
467823
936222
64681
842278
15848
210308
668247
555063
724821
28653
865956
94437
641496
540993
736991
445049
371676
967553
255803
303419
494148
29229
176215
337083
604638
647760
800687
492425
838392
572106
583229
306214
508327
164261
148492
40526
374568
816738
595589
615740
361742
977896
710176
519589
518888
447166
964638
406915
931070
736792
710334
425217
766021
402900
762300
887010
50659
79338
379434
405402
651443
962663
711616
676122
126923
376459
716647
17843
193196
312235
633582
71290
806482
343758
590878
325369
307275
71867
732284
238345
808659
958969
179913
91031
361868
458564
978040
928878
54253
873826
334280
705696
836488
45895
381817
479762
938705
614815
13956
131900
443402
647538
719541
249883
507647
826771
575252
814921
898637
823887
569617
223647
782855
265882
831029
661074
724445
325421
589951
295050
199246
440582
745
552085
486476
898913
548198
425180
513727
562154
73432
957128
209691
309324
723363
717337
136094
298614
48609
551083
122500
134578
291081
421706
400459
638462
82779
641255
963882
672729
936304
163127
113311
453400
231563
116138
868664
779760
57670
898743
858265
647453
372222
67955
956776
95584
301643
609222
910549
866604
676656
33048
1181
484088
454753
917991