208 592
11894
22814
2668
15332
3011
4604
30145
8019
15214
5719
19170
9369
7132
10635
25610
4122
9908
18999
17067
9612
30879
10992
30036
1617
1612
9014
5336
18948
8888
11430
7341
1362
15020
16498
8850
13067
27015
10511
12660
13176
19261
7213
19347
22000
12192
12524
22497
8358
4830
1613
32426
19141
32587
11750
14714
7359
15457
11995
6716
10977
28421
13577
3487
7724
3852
16516
7358
32608
22014
26948
29183
14425
2842
2843
9531
16286
20634
28138
4896
8760
22072
15893
17364
24512
5360
26932
9435
19644
30728
13068
6715
28460
5966
5821
10974
2399
26273
18492
19511
18187
32434
27140
4393
16541
25356
19209
16420
18638
26962
16622
5265
14455
9672
29303
12144
11430
277
9793
31551
27377
23368
27057
1822
24586
24600
9258
7474
27796
28784
27267
6215
29749
17707
9912
15545
25325
12060
26591
6292
7334
6225
28254
12026
2828
10904
18524
29381
15774
16195
4725
21614
20485
31785
12466
26414
2725
16877
5048
24930
29043
20355
24127
31796
13574
16111
32454
30328
14832
16208
4485
16084
10830
12318
7844
2340
17822
432
2218
21276
25297
32513
16184
7215
22689
25779
2551
21680
16421
26964
32719
18488
17827
6881
32346
1863
31653
13704
13720
5166
25679
22450
7140
22316
9455
14145
24102
7639
6102
199
156
78
120
24
163
109
174
64
153
208
147
103
120
171
206
35
155
41
76
79
5
67
162
91
35
180
114
68
15
139
141
149
118
1
152
62
140
156
17
165
159
163
131
107
41
50
105
176
42
208
128
184
37
207
192
31
73
100
28
28
148
72
136
163
51
142
138
157
12
6
20
75
16
65
113
89
171
134
142
48
14
116
203
174
112
89
66
90
16
115
39
98
141
101
32
167
138
140
151
92
108
99
126
171
149
179
3
201
135
175
84
11
97
15
4
24
158
42
79
97
46
138
170
63
84
107
110
43
2
53
87
148
34
90
152
140
7
161
162
68
179
20
196
73
42
87
36
31
102
26
95
30
125
113
174
121
192
178
10
22
165
63
81
107
55
52
201
38
125
115
149
161
152
78
102
179
81
117
67
74
194
81
59
7
35
192
154
43
57
50
75
177
58
67
94
43
116
10
170
178
78
177
84
88
127
38
145
113
94
113
152
113
185
23
107
119
154
62
39
42
119
162
10
19
9
200
134
28
63
162
35
87
20
66
9
98
174
146
29
25
41
18
140
124
35
131
70
51
105
133
93
80
82
188
31
116
106
200
31
36
178
180
171
157
54
63
122
118
175
138
164
21
122
194
38
68
24
174
133
197
168
11
3
148
98
86
113
188
69
137
164
29
20
202
203
125
139
160
15
76
25
200
203
12
105
103
95
16
145
160
208
36
190
169
130
111
111
105
136
196
2
100
11
63
204
139
170
174
205
141
161
93
19
2
29
102
206
58
78
41
164
113
30
57
165
150
113
151
81
45
158
131
153
113
45
112
100
94
193
40
115
158
119
96
183
1
80
12
113
83
188
182
90
89
199
155
52
172
73
22
65
89
8
162
35
200
17
122
19
12
55
99
21
154
27
109
12
205
204
117
74
122
160
207
43
143
20
66
83
17
33
20
149
183
128
184
134
113
144
36
193
29
165
184
27
106
146
28
170
94
202
154
194
134
68
44
32
189
45
6
138
46
66
87
103
141
110
141
59
131
161
135
118
152
66
46
94
7
38
182
57
28
178
65
15
16
141
70
95
105
73
16
50
107
84
185
29
68
58
25
123
167
141
138
154
151
119
126
36
182
143
66
49
46
11
100
187
80
101
20
66
172
97
87
17
80
126
178
129
20
43
101
172
21
107
101
21
64
60
174
134
50
117
105
202
142
94
11
60
158
132
142
191
205
205
52
208
165
152
104
121
53
137
136
8
53
196
64
95
124
120
8
12
98
142
82
172
82
162
108
108
98
49
61
128
6
35
109
23
177
188
37
15
158
77
170
5
31
80
164
16
3
84
196
95
205
149
5
31
19
64
