848 1016
18387
10388
2310
14907
24300
30749
17963
16590
19821
28974
11136
17529
14263
8622
24098
10604
13961
12149
23639
25967
22236
26790
7303
13012
20747
11839
7561
28586
15159
27886
19489
32052
15082
6183
25030
13210
31226
23411
8360
15837
25265
30219
4337
29200
26410
29861
9035
31174
22526
15758
23715
24263
3617
8953
28461
20487
27654
28567
25769
13016
31242
8551
15844
21598
8719
18128
11137
20291
20071
12781
17401
31149
28661
30248
23265
28525
12174
25610
23916
3194
20133
30545
22576
27549
31528
27459
2605
15725
6821
26947
10507
2942
20657
1442
15011
15318
17546
32439
10177
26784
27131
29234
27688
24613
20864
31917
2007
24823
17323
30596
5515
26223
11206
18663
10885
6490
5562
31277
25485
14576
17200
2155
17207
4102
7157
9030
17765
19076
32163
19973
19469
16152
11902
5867
18749
300
30620
22723
19036
20246
10825
15036
18610
12431
5289
25207
25387
22887
10655
3167
25943
9335
24558
32313
16310
15062
3230
2043
21811
15184
15522
1762
16878
30227
20919
7871
32574
4268
26255
7570
2295
9778
15919
15705
26600
14273
17046
14378
17832
298
22175
25216
28051
1513
32552
16339
24335
27224
10100
17771
21780
27938
1230
16245
26347
5369
23919
3159
9781
26252
13986
8769
24112
14003
11814
4868
22582
27885
724
552
18822
18957
4225
16696
20039
1840
17190
1633
5578
24818
17727
28988
9232
25314
28016
20967
19596
1843
12142
26202
18985
32436
5149
504
6287
13570
31990
21349
29346
25851
13996
15512
6732
20855
7951
28977
19837
30259
25136
20236
3184
17678
4806
9494
5423
17272
8656
23647
14425
7207
31100
14193
27427
30987
16200
7137
15005
14725
359
6691
1079
22740
21350
10146
6019
6352
7695
16144
9532
17626
9870
23291
8072
8467
4306
32418
28538
22988
24886
16646
9179
1854
16737
3652
32042
6523
3178
4897
31457
16549
26176
1767
19962
9566
25162
18288
21682
1407
32074
31616
909
2317
28295
12120
24474
25449
5163
8071
28152
5318
32490
9732
15513
24544
24804
32122
26694
18412
25549
20195
17379
10954
10827
15704
1269
19330
159
25639
6497
24814
136
31527
2678
31924
11364
5448
4398
24184
17817
11630
16305
1871
25139
30080
25627
8566
1487
7099
2175
4164
16823
31309
13356
15453
8270
25887
21039
28713
24495
2546
24857
22660
16273
5805
20482
32183
26222
6645
11469
18599
8676
20991
1966
26701
1627
23970
12266
11110
12776
945
11742
8812
13937
1159
7747
7620
28434
10723
21168
23609
17600
2295
23392
32169
9772
10939
24118
3582
14058
3719
24318
15456
31187
15073
23798
4778
31400
20628
27021
16666
15096
21506
7274
21068
26179
8378
2224
23401
4447
15181
6017
31900
2331
30046
27585
17861
29731
6137
13084
21362
19491
2086
2122
14347
29231
6589
19089
1356
25187
1147
3724
2552
19142
12118
3116
6092
2420
17934
11772
26034
22013
19717
9641
25144
6664
10064
10689
2624
15676
17166
16571
6137
26720
24568
15672
7694
960
9274
20360
25373
29907
29570
20592
4458
24348
15446
10538
3797
27726
12202
31918
4361
24499
5810
30256
16887
30926
15093
24810
2179
26944
5283
27931
18812
25064
13096
18000
13522
31566
5121
24290
29443
32066
23502
5312
18135
18880
9641
4974
30541
28439
23735
5966
5589
9546
21500
30239
29887
15031
4212
4291
25076
13302
31071
4677
31204
8964
25308
8218
9919
31137
9913
24487
8168
23286
16266
29956
32167
12411
6648
24320
13598
1560
4188
21605
4222
29067
17549
1661
30586
2313
19445
27860
7164
11560
25067
32320
24343
10748
5181
31519
574
29568
7691
11488
30899
312
25820
16069
27969
3349
19435
5094
20526
14745
20930
15994
364
25403
11274
31826
27407
8461
21922
23718
8196
14492
17134
29460
21247
2328
12402
15334
14773
12725
16287
5524
12364
30544
21996
29577
12559
11606
29225
11818
29799
9698
27664
5141
19718
27941
21022
8358
5222
21515
22945
31680
15218
3611
5393
9930
21379
26272
25763
31479
9101
20742
21788
23755
7579
22662
24803
18651
18552
13062
18267
7636
29103
31546
28271
18366
15286
22032
623
12418
23655
1867
18458
6570
8111
14701
21756
17257
650
31963
8698
1243
31279
16956
11307
14733
15239
21538
6121
10304
5860
5100
2600
18154
15344
32235
11271
32766
31204
14531
3237
23789
20474
13332
21814
14829
25124
6746
854
26361
9726
6674
7580
23065
23553
18975
5747
22243
10490
11627
20773
12098
25531
6609
32057
374
27409
1595
15359
5980
6134
1031
17513
19184
8199
26544
31004
5136
31800
25770
9415
9091
10182
8333
20660
12089
19309
374
27037
21460
10460
15274
9920
12136
23142
25213
26421
6527
15098
115
31104
7265
2645
31396
355
5010
8566
17253
28662
5019
19282
8228
16889
32525
5578
1684
30824
27844
11994
21771
32592
17257
8723
27176
30434
11834
2635
24504
4805
20238
2963
27866
945
20883
10601
13154
7994
17371
19759
31868
14825
22551
4316
10386
26513
29602
8690
22127
5600
12097
20656
1444
13621
11433
8072
14378
25521
25921
26323
22346
20113
22058
24772
24506
15803
11645
12698
6409
32150
23763
16410
23612
6943
13579
29245
11706
9786
28487
8742
11877
28229
18232
24406
10250
27891
2716
20515
14587
21336
16900
18278
25338
27968
22235
25205
345
20165
23204
17233
27232
33
21379
15136
256
321
80
414
437
523
311
783
464
208
226
823
150
580
27
46
3
686
685
190
834
828
810
799
194
217
659
741
481
321
99
520
428
340
140
405
203
794
167
99
247
38
534
24
269
526
493
541
215
10
624
751
745
58
350
8
809
797
175
430
498
127
393
281
587
658
761
571
708
433
129
667
720
497
604
514
490
201
106
666
753
468
200
484
661
164
383
793
487
569
257
547
540
354
671
477
179
835
318
472
807
168
507
351
438
184
285
461
83
414
26
110
505
388
749
419
289
113
566
506
342
325
658
766
695
82
492
618
317
510
324
676
749
358
847
840
288
212
320
193
561
212
518
208
631
4
565
118
180
506
25
84
124
283
264
69
266
24
344
170
512
139
34
823
238
83
709
12
37
381
653
807
412
516
837
727
322
778
234
388
645
663
754
653
771
192
558
514
15
764
732
116
246
20
752
409
498
57
819
788
334
458
60
405
668
725
799
237
564
750
323
565
61
383
521
623
401
319
585
12
700
517
239
784
485
414
438
547
448
318
835
281
467
51
278
468
728
720
845
281
307
649
57
688
500
794
564
656
559
525
163
395
58
764
9
453
838
819
429
811
226
474
429
338
844
66
482
29
297
797
821
355
600
803
707
175
706
594
685
394
36
517
67
503
64
72
355
621
641
395
716
394
814
70
135
390
577
524
440
38
231
339
418
386
522
595
137
537
270
716
764
212
138
269
514
248
456
338
819
799
110
206
187
649
173
825
571
127
441
444
817
153
58
843
729
736
579
705
803
422
546
211
151
437
23
141
375
246
488
722
660
563
36
307
323
543
503
29
64
756
397
679
628
12
394
44
20
20
762
631
362
574
644
60
152
679
516
399
746
185
265
79
59
49
764
658
347
115
67
599
719
284
805
664
329
505
831
399
634
678
550
554
757
506
829
274
214
737
537
120
595
217
499
769
610
65
63
580
683
655
43
785
415
1
233
757
121
439
416
299
628
799
848
261
589
256
581
491
346
299
430
467
267
350
510
545
288
763
818
385
108
826
149
467
136
298
257
438
251
477
438
793
680
357
48
46
745
505
532
463
571
93
570
565
153
817
530
183
477
248
624
832
469
59
234
484
99
239
660
724
711
117
313
80
640
609
573
349
465
221
769
488
689
431
583
841
693
8
550
330
338
446
192
650
30
732
690
765
838
536
235
295
390
646
305
169
436
459
577
123
669
469
53
427
820
425
603
773
680
476
259
115
806
326
265
406
495
356
517
262
60
398
831
822
222
184
438
396
794
156
2
400
390
231
776
18
557
771
15
529
585
150
257
841
226
201
228
269
465
299
234
710
634
7
453
490
586
403
495
640
588
74
217
483
403
413
66
629
355
597
171
246
144
748
664
293
172
573
345
311
827
633
298
261
58
588
472
170
751
47
566
286
98
479
78
429
316
78
139
412
143
376
278
748
774
584
144
671
782
380
608
811
278
566
445
397
147
165
351
399
343
324
497
653
466
737
473
373
394
449
731
478
471
226
602
522
242
65
272
414
575
445
497
737
344
795
107
227
733
43
433
161
425
842
440
694
70
42
321
180
643
672
121
723
517
636
109
745
604
62
82
683
24
391
131
178
364
606
476
738
273
564
247
583
349
650
613
81
150
81
576
641
818
594
414
436
561
111
40
16
29
521
668
509
288
276
144
454
503
776
504
239
150
570
201
457
428
586
383
661
568
126
524
821
412
47
258
649
721
369
819
104
364
393
279
557
783
283
414
4
739
610
294
373
548
723
431
721
413
259
333
762
662
792
334
776
427
654
125
153
527
236
54
504
353
246
74
274
158
308
6
197
487
722
15
106
644
249
17
212
344
350
744
41
631
41
206
161
390
265
118
93
435
663
840
313
548
568
367
69
772
71
15
128
603
498
443
822
173
739
614
765
70
545
568
26
148
504
675
233
246
647
231
156
307
249
547
163
30
247
76
285
761
332
659
430
296
328
354
450
39
584
215
481
814
150
149
116
356
221
7
759
466
817
86
143
393
28
29
653
534
699
491
595
277
347
248
791
517
462
44
726
618
674
236
699
824
628
502
800
719
512
256
196
722
77
284
637
652
375
479
768
149
348
593
543
641
348
583
498
266
586
48
777
63
568
493
417
269
514
341
741
173
586
599
663
494
68
577
399
821
402
272
67
338
83
585
456
404
823
824
440
831
726
183
148
542
82
770
475
516
506
744
172
519
689
4
425
639
414
716
669
651
565
58
191
373
406
122
775
679
388
291
560
701
585
809
318
541
552
34
530
741
611
248
653
484
110
319
497
668
596
279
558
518
56
