5169 7908
10247
32573
21485
3800
6995
17823
304
25105
31713
21383
3592
18460
4935
25341
18408
9712
2738
12368
4730
18143
23861
29458
3217
15808
17504
26724
351
24909
21269
21108
31208
26570
12951
4419
694
26088
13796
14508
31182
13544
14149
18338
30948
1027
29731
25785
12235
6410
23324
17383
17199
1098
86
6540
902
19378
11283
16049
4164
20792
14214
27277
15182
30840
11238
9550
16562
20382
22464
22550
9877
16263
20113
7747
22893
1827
1684
15347
22640
1566
2265
24007
1611
6847
26519
1512
29208
5904
28355
19016
11402
4415
17121
18475
32107
4932
25115
28901
3401
28100
15248
5093
22380
12853
20718
18930
30731
6212
5699
9653
10943
21107
1040
19832
3383
5639
4000
25133
31278
23073
32151
22450
4250
4651
17102
8787
15142
26485
26462
23953
19427
13856
8187
20513
58
20796
4484
28984
294
21037
29399
21254
13216
30547
234
5760
27994
21994
31000
19555
25007
25390
3512
26486
23258
6339
2292
9231
4967
14421
4569
2264
17384
29308
18346
25811
14569
29922
10106
28316
1318
9127
28665
26863
9211
516
30607
28777
8219
3631
10407
22163
4741
5247
6222
11804
3508
15825
27388
27750
18710
23850
31665
17477
8384
16542
31044
7683
15712
2416
28152
20647
30835
20346
25937
118
20664
5071
9254
18107
740
18080
9974
1732
6807
25692
23168
5165
3983
28187
17037
3681
17180
16701
785
5469
29139
4686
32626
15287
28039
3885
1064
23007
13173
27758
11910
9894
12991
25084
1751
14588
22300
23299
173
22270
11213
23821
21878
13872
10963
27243
27984
4358
3167
25558
18975
13738
10890
11606
10460
29177
19782
6755
19760
206
29332
25930
11073
23684
26360
13779
25548
6838
16938
31521
18036
13641
7183
7385
20057
25773
3559
18311
19693
28511
21448
22589
14083
4787
8779
11133
18473
26832
1157
21336
28728
28668
22073
30936
16169
5914
11851
27804
17194
29552
19832
10946
3313
942
25925
22026
20049
9260
19253
28215
18187
6260
27711
17849
29670
19968
5247
31370
13314
15429
24364
30294
22633
1520
25290
14814
20967
16239
28065
30622
28956
32435
26221
16813
27855
6196
9559
20198
8837
11574
22820
6981
17746
28491
19629
26515
28400
15642
8335
23622
18190
31838
19747
21411
13546
21810
177
3877
20258
12939
11744
23586
32200
11270
24177
27564
692
15588
7725
25014
23582
27730
4636
24439
13676
19182
4088
3348
23112
27016
18913
26233
24566
11557
25170
20359
30948
9290
31828
13173
9859
16759
7154
13168
15702
7921
27372
10373
28489
12228
13744
31937
20547
521
13445
8087
2302
30309
29962
6529
11287
4306
30687
746
24929
18082
22178
25164
23423
28097
1565
13718
19378
12602
2237
10960
18415
12028
9542
19457
22325
8927
30150
8785
6173
17122
25288
5227
13747
12470
24265
1061
7812
9345
30192
28515
12792
13532
1529
6200
22498
24605
12915
30799
13910
15068
26923
906
31163
26544
2792
32232
25376
15418
3160
26796
4308
14181
9035
19132
13616
11499
21535
22599
12216
18972
29563
15786
15459
22491
28737
4501
11574
24041
31165
12905
25111
2918
22051
4837
29409
2196
32056
14850
16308
5599
19279
31259
23439
7194
24695
9041
1312
4620
32755
13614
8666
23339
1002
21385
28489
935
14688
681
24226
32170
14437
28333
20127
17375
3212
16938
6025
1329
16799
20503
7574
15829
10385
5350
23926
24970
26804
21236
10025
31519
12588
20003
31507
25910
7844
27333
15698
73
10560
13245
13135
2538
11986
3040
32659
31055
27984
3746
4061
1293
390
25582
12657
13860
15880
2901
16306
11324
28267
25195
8435
30510
23220
27246
1419
10694
7953
4393
7463
2504
11207
280
13925
304
364
15565
31902
13502
32086
2450
18434
25522
19027
27984
13291
29909
18842
17328
28523
21688
2050
11903
31783
2368
4978
25943
20329
7778
17561
10364
2416
20524
20703
23300
14091
5637
14491
2107
20838
29493
25990
22597
28707
12456
3440
14341
25004
25582
11569
14398
7624
26503
12259
26616
18029
10334
5710
11814
10966
27795
12964
26245
212
30589
19567
17863
18537
12016
16583
18673
3475
9659
29384
13314
31846
12149
8259
25557
31581
24954
28340
30536
16370
9520
17524
5022
4460
16271
16944
18466
11769
29152
28826
21773
1532
6084
30302
22954
16808
26233
27224
11704
17614
12633
5636
27152
9459
22435
15414
25736
17830
16254
14347
8982
3857
571
2079
2617
29389
11739
6656
19092
13051
16337
27107
20956
8080
15625
19094
17141
15856
2856
27062
14680
3775
28438
25634
23480
26099
21690
32431
485
2350
17412
22302
29168
2124
10033
8523
30864
1079
17994
17574
24772
22531
7150
28135
3770
22583
26450
26878
16880
7272
8070
22345
17049
1805
11258
5642
32322
32654
1600
26904
22453
4766
10515
15829
11806
27851
28825
6751
24428
25427
20453
3339
18938
32570
32704
12303
4463
16025
2729
5502
10979
57
23066
12154
29763
19808
10509
2213
23286
30187
32703
24792
21952
12957
7348
536
13799
16823
28411
25029
5013
12745
1459
25109
22910
20167
6350
18369
13250
25951
3861
14334
26133
20618
9580
21167
19741
1378
7000
15577
3867
4403
2238
12119
16334
15828
16622
24015
31637
20536
26335
18916
15827
5440
5820
22189
30359
12499
18592
12390
9085
25393
20639
23654
28623
14468
8197
1361
8176
22201
11234
22415
19451
23949
7366
509
11687
3307
11209
12002
1390
9589
20686
2340
23278
14177
9737
8636
7311
21382
9407
18791
25190
21174
8013
12958
22617
10063
7276
28617
4996
27917
30643
8624
22236
11042
27486
27186
2834
31881
26445
30521
28091
4759
22864
14829
15277
17875
19105
7720
23212
10503
30386
22058
17990
21143
16169
3727
17403
20498
8489
7806
8865
30727
4052
2082
2311
3610
22542
23902
6105
27990
29059
23740
25283
11461
24811
23207
1241
29246
3981
19163
21559
26495
15361
32281
30948
1404
26683
26655
27389
10742
26821
471
7183
11086
31052
7119
20420
24220
31326
13545
26562
17404
15474
10580
9936
19752
31785
19898
12090
29260
29651
19131
16503
2325
9781
19611
30730
4619
18058
23351
6566
28706
25031
28222
8853
16011
11555
4509
11355
14544
7639
11835
25238
26912
11810
19175
4136
4328
29585
22927
1944
32675
27261
25778
27318
19442
6869
12567
5502
8943
31262
10176
12351
8638
11959
7194
11517
28006
6242
17014
13331
31967
16896
27324
17436
18797
8348
21342
2324
22828
17323
10380
11963
22507
23186
935
12858
12861
13161
32503
30473
26318
5887
12704
8976
500
9758
10194
1549
30598
7184
11073
4149
20209
6753
28629
7198
21896
25063
30882
4060
19228
7424
18714
6507
15565
7963
13953
2637
543
15738
28066
5747
4177
9526
193
31329
6122
21123
4560
19598
8340
3381
27878
32265
5933
3715
9964
20066
540
13323
5274
14024
20449
25623
11682
4207
29680
1823
12330
31285
17856
14991
6272
16772
22047
8393
16649
21114
11976
29294
15995
29511
12343
13530
19532
20183
444
14829
23915
4786
18383
19729
9517
9248
5283
12664
11402
12432
18174
21926
18313
7482
19271
24624
32505
6660
29409
31171
16994
23458
21943
30823
30267
16642
29208
20485
12893
26599
32454
27687
17592
29908
9033
22272
19525
4651
2697
20908
59
27286
924
16825
30598
8870
9437
6117
1141
5562
9534
5161
30899
23075
24543
2807
25976
20613
13791
4033
11264
17024
17010
10426
29245
21648
5427
28640
20425
20274
26300
17722
18206
841
31604
30302
24329
19903
10409
32567
28764
32367
12255
18437
31716
9795
25703
1189
7322
4249
20275
6419
27165
27628
17640
10029
24416
26032
8757
10682
6560
15741
8804
16554
922
4976
1070
4767
16634
30159
28884
26541
28182
29163
22891
24926
2012
11339
15991
29690
4105
17414
5564
1285
16797
1393
16977
21256
27019
12282
21238
2709
14260
21332
31399
11397
7190
2005
30578
10628
1089
1564
23429
22224
3339
25078
27787
8253
31877
27779
3385
7037
6190
404
25891
24734
11110
17496
15061
19412
21029
3896
13343
3193
23532
6911
28848
9554
23292
8510
13030
16916
13255
32239
2789
1574
16548
5208
14311
14505
24006
31538
13267
29110
29039
13323
7440
11494
17505
29161
29339
25880
16022
13104
22103
7534
23600
12997
18853
31641
28339
29812
6197
22359
32370
28815
25884
25401
24647
8920
3622
21162
21383
161
22893
8493
15413
6706
8490
24294
19830
27499
29132
9820
14405
8107
20039
8061
12904
19696
3759
13283
27043
27199
3333
22613
14123
1350
5201
3985
10077
31552
17904
2632
10672
14617
26928
2155
31977
18130
22810
24485
11150
8744
1167
19241
11420
11376
13463
26797
31868
12230
3317
1718
16948
16230
31487
10263
21723
30554
1708
24756
13647
24406
14831
28556
20522
29920
4675
14839
7153
8371
12423
3115
26511
7014
15117
17157
27906
1353
9710
17159
31829
13712
21920
24733
21198
1203
20426
7588
29288
5652
28246
24620
3459
25827
18632
1661
23259
6206
18383
31833
26039
25245
5914
13697
11875
28782
26989
12667
11999
10748
17140
27793
6105
19605
15831
25117
23001
7916
32014
1028
20156
17596
16759
19329
5987
30126
21798
18212
428
7037
16636
18970
2721
7000
123
8366
20720
20104
10200
28176
2972
28242
12370
5973
22769
30495
24259
24512
31165
18138
30837
6720
19645
31386
14902
5177
7766
20353
17839
7559
8325
2788
30961
20929
7961
11691
25681
1722
17440
30459
21110
1102
159
31251
5808
26971
28038
19316
5515
25101
14562
2373
15269
4959
29525
17141
22204
24542
20931
1058
1291
27056
14159
1722
11991
30166
7046
20576
15941
5294
8409
16145
2414
13244
28497
18695
8885
31913
10110
29661
857
9612
433
18165
17478
5737
28011
15639
22833
2039
17684
31066
483
32679
27120
17224
26069
19681
23632
3645
3582
27537
9221
4112
12521
28642
7450
10997
1290
24393
31939
11938
3410
6854
8848
13489
5121
15975
2534
7238
18364
6669
28592
26865
11999
10098
82
2262
25876
8555
8670
17931
22309
8299
11915
26433
28942
24649
13155
17319
29271
4931
1851
19979
23712
26178
19944
23362
12414
6752
15280
10187
27781
22439
11519
24751
678
7451
26203
13227
14268
29179
4250
10897
8545
15429
17747
21996
13830
24696
16274
2787
9027
3741
1232
14432
24171
24712
6690
6001
9060
11612
6576
15086
21941
13901
15465
16988
30689
4266
11253
13329
11508
28954
12523
17049
30811
15398
4421
345
12280
32759
13073
19570
21622
15201
22377
26600
17370
5665
420
6660
31323
28259
24270
17654
21876
24456
16726
17343
3383
9765
1287
3662
22500
1359
28473
26857
27578
4374
24393
8911
21261
591
25414
10268
18073
30615
1261
27372
534
18324
25304
26563
18189
18558
27122
18733
489
12510
17198
28321
17745
30102
18809
23211
4021
18722
7149
19531
3879
8221
8263
1944
22381
24327
2459
4520
15956
5445
14150
25524
21063
26985
37
22904
7967
6836
15876
24281
13629
15321
11609
8394
9942
2820
30003
17776
28559
2843
27501
28548
31306
16964
26919
4346
14655
16807
17270
20704
1102
23157
15451
2184
12691
9257
32754
7145
7228
14350
492
12611
3479
17921
20287
3074
15471
26232
10268
3813
22169
19907
30242
10591
18634
17554
29393
13374
14508
2488
4673
394
25904
302
1556
9136
24869
21595
27817
12255
23562
26514
146
32691
27936
18653
23625
13841
5316
31737
9758
2898
26620
18337
14452
9379
6736
26640
6701
31403
23003
19137
23395
4975
12705
14201
10841
4979
26147
2695
13489
27170
49
25674
10463
7536
31232
29173
27613
30910
17020
13199
22304
8958
2783
25406
4812
24599
4739
25028
24612
395
25844
19530
26692
19031
15946
8029
25362
18971
2486
2870
10866
29562
11866
23870
3513
29124
7774
8913
31077
466
23616
26946
18187
21042
27243
16160
18832
11909
22796
23224
27036
31268
26145
2523
26188
15882
25554
20194
3623
19950
22789
20206
1108
18607
4141
30069
26122
30709
2146
28922
25671
21270
31927
27931
9669
10550
30152
11729
1322
14003
6546
28660
32638
10688
11656
13053
26339
23119
32483
20496
11648
14645
9529
570
23743
14984
21329
17399
3256
16204
10806
9719
28653
16975
17034
801
18231
19538
24605
13785
20992
29545
958
12926
3763
27045
20305
11063
24433
24303
28706
8432
26374
14903
889
1439
12827
28111
10607
21452
172
27409
14847
16208
17341
31048
20576
25437
9033
29646
8338
4542
8316
13169
19256
10080
10274
10011
9125
2578
10590
24499
7225
13193
1183
4926
19694
28071
26320
23370
18478
9213
25807
12940
12776
28302
27425
30152
19682
14805
21988
27633
29265
12298
17668
6546
10151
18338
178
25452
18092
6933
530
17504
27600
28131
29748
6800
7871
729
16710
20418
26935
10128
8
24837
20502
6456
21888
2454
25272
9875
7918
5380
21631
13124
30722
7315
21683
74
29005
13278
6285
24008
2806
18625
19342
10759
18350
14966
23061
16829
27621
27646
18993
17808
15678
21955
5812
22742
22081
23163
16521
15775
25169
25423
2631
29173
21981
1853
4613
12898
30426
16827
15729
1459
18800
31901
11292
13820
13555
28984
9240
23260
29974
9416
11461
22786
11099
1039
19432
31472
9422
25151
6397
1791
10227
24346
6863
30372
24317
30808
9029
13041
12864
19017
7551
31327
9961
17339
545
21450
5613
20766
26095
12989
20287
17126
22171
12528
32070
29489
31194
271
23694
28330
8893
32445
7102
9389
20799
32729
30666
25260
20507
19200
26729
7889
25824
22355
28874
21988
17990
14714
26754
112
19651
25065
20682
25377
4442
4193
2535
15985
28340
8378
31977
8579
6257
5345
3480
25679
15552
29
26796
3328
25645
14230
572
9370
955
27671
22649
16096
30003
4371
20124
14709
18875
13542
13341
30273
10922
11870
19494
5398
15515
17274
26951
28820
14529
11633
29035
25162
12410
7670
24075
4637
12070
10683
3233
21742
11833
15412
29536
24183
3983
30877
3618
19062
4608
11326
6050
16654
29749
13806
25323
14954
14777
1750
26896
9635
18003
8311
24350
30436
17300
13295
26703
24780
1196
18039
14464
15635
23682
32561
15077
26737
6659
545
4348
5563
7865
31864
32191
23632
17312
17945
4382
1459
54
15446
10156
24185
2002
14842
4761
3686
20790
20621
31712
15315
15463
9939
23233
32338
19133
8342
3186
25749
7478
13221
25874
4492
11535
3613
19678
13518
29334
29159
15783
25146
28218
27010
13444
3294
18404
14851
27588
10520
30858
13914
28966
14842
12801
22486
27725
19955
30994
16364
10606
11948
9681
1844
15436
18481
15914
32180
20326
2897
24253
16481
29550
20295
9708
18403
766
30362
21809
21657
28295
23361
7349
23517
1162
17931
17695
23177
2570
30014
11178
12473
14145
30334
17531
27347
27794
22513
5937
7109
13247
29857
27069
11406
24924
24610
3444
17664
27267
13684
610
12740
17098
19754
25826
27550
22130
7884
22892
9202
29921
20859
27309
31368
16210
16339
3549
16524
28620
29462
16717
27865
3152
22918
31039
9591
23127
15378
20219
609
9852
14133
9759
28044
13429
15132
15415
17446
27463
22279
22157
7451
4538
21489
579
22750
12043
25203
6814
24166
25570
24550
2469
10615
20355
30408
30443
3618
21832
7776
22697
21903
22095
15781
6927
6138
13168
30045
20956
30716
11122
21890
10285
8972
27006
489
658
15173
22483
2598
1895
3690
2748
30890
354
15911
22463
23854
20584
15769
27928
22101
23717
18449
32102
24204
16347
13589
21411
24629
6394
19880
25433
21766
15858
1740
10515
29867
16325
17732
28434
14003
29920
3742
19010
11177
32171
19313
25453
29057
30559
32484
24749
18231
20760
5999
807
946
30507
15590
19702
29678
18617
16307
17254
25690
2948
3426
8547
22911
20994
20068
3633
15331
1968
4364
11357
31533
6057
9694
5363
27785
24951
4361
4849
26702
28713
13618
13052
27359
10149
7027
31570
15567
23616
31908
24576
26184
2188
28633
18261
29101
5489
25131
12950
16766
26752
15292
24307
32124
11395
22005
29370
23310
2137
10002
2763
17636
14337
18145
15436
9690
15348
12486
24221
23327
4792
26371
12686
4502
12466
23350
13264
4732
10812
16419
15786
17228
17399
10420
13293
23775
23906
6206
26410
7640
27052
26630
29474
31807
27335
9732
12926
6764
8894
20711
6849
807
28488
5465
5242
28941
925
28803
9150
9526
29832
23508
29909
4372
19134
26110
8500
22430
3950
23874
16555
27054
1817
28398
6880
16808
3748
24612
3324
605
20140
17372
30628
32047
14617
21036
18731
25461
1270
17608
30726
10017
7296
23749
384
20128
12668
30114
16559
16385
27598
18824
12710
18266
26184
19153
29932
23655
28096
14024
10029
27509
13925
17839
24880
9598
31571
7175
29705
7062
15460
24843
13712
10629
3657
7806
28945
29622
12506
19878
20549
31824
24491
13721
20609
5026
4320
32439
6190
10180
5698
8056
16505
14203
21650
1640
26443
27742
1309
9583
7548
8247
13712
16982
1348
20908
31246
12423
13554
19487
1408
22548
12768
1746
7212
11771
6054
32591
5258
425
16270
4871
23122
17340
31816
7225
10202
10765
15839
22037
27039
21742
12780
19490
33
22960
13322
22749
21493
22121
8841
30627
28693
29427
27495
28112
5754
29496
25979
3881
749
16045
18932
8567
20506
285
25090
9077
13030
18600
15571
31468
2
17675
449
19997
12224
3106
13002
3167
21542
1963
29504
27145
13634
28748
9921
21394
1980
31192
31850
7159
29106
5326
14920
27229
20927
26914
23823
11000
31837
28224
24591
1835
25454
17487
16739
10481
23573
12978
5740
19835
30410
28629
17534
27419
7598
5670
12760
28256
27931
27233
730
21123
31360
22289
14194
6401
32108
16724
15576
25738
3816
6878
18299
15130
29450
21824
2363
13158
8391
6762
6104
4473
31753
28271
6058
5791
30209
7817
32403
2178
1983
8541
819
13203
15104
19584
3162
27819
13639
825
13507
22002
31023
17033
14079
27393
20991
11880
21935
6211
7551
1106
5110
24993
26634
5890
21038
23646
3813
14206
8922
63
23759
12115
27612
5104
21721
12322
10217
14499
8056
23643
23609
22778
19929
19785
5763
32551
26484
14927
1832
22098
30180
9585
2991
23354
758
12565
15729
32
15616
779
22677
18401
13684
22732
3903
7266
28084
12543
7429
25648
9768
11842
11939
7016
9103
5926
29167
29653
24210
6011
25103
16473
20895
9935
9193
12174
22772
14385
1755
6572
22778
5947
32172
26030
7893
5711
9155
18864
12089
29216
8855
27292
30591
3700
2919
7941
5368
28713
31019
22867
9857
6262
3786
32033
23639
9588
9613
9187
14893
23517
16340
5324
16252
32275
5128
29679
27163
5220
17360
27812
18191
2700
5000
23341
1444
18043
13807
14745
16573
7257
31
21481
29288
17352
6595
1906
17845
12905
32132
4482
15049
32673
24004
12614
20782
13725
16783
8427
11373
13203
28110
10756
26335
1355
28350
22828
1728
21471
21921
5356
18821
21439
32436
7135
14703
21495
29536
11795
16737
21173
15540
26035
13039
15109
14867
739
29367
12256
20522
12012
16116
2149
1061
31385
17488
24934
22307
7137
29946
26662
30183
11973
22009
16993
4304
32124
14016
14221
28683
5070
1794
32608
6151
8638
16071
22930
4649
29035
3264
21220
11714
29752
16087
23393
19774
11051
6411
4580
5022
28307
3707
26842
1576
22766
4288
2121
30300
22793
27008
4370
18475
12137
21056
9587
26724
23274
15994
23247
1903
14502
3056
30898
27709
23320
3391
10512
29567
23682
8887
32205
3862
12427
21866
28546
22987
14637
10371
14719
4929
8910
5338
14092
6183
19373
25285
9717
10930
14976
22064
29253
8011
26716
24816
28497
16773
25044
20308
8696
1361
869
8957
42
22645
21778
4080
18855
10298
18763
20458
24073
28517
25363
16372
13317
24681
1890
31798
21998
32731
32200
28176
1914
17190
25684
103
30921
1920
6836
28221
10915
29981
26781
24453
26626
8866
25454
18485
30928
3292
22288
15772
29169
14002
13856
13814
18052
1368
21840
26174
32358
11462
30218
12867
13816
16489
25687
25342
19235
15384
11264
5923
23449
6473
10483
8694
30813
17541
30439
19552
12933
1817
1091
11330
25919
14607
19516
1545
24850
20316
31806
27779
23654
6747
2190
4849
19783
18554
29741
1373
4198
308
20479
15149
352
11327
13612
14329
26691
14598
16071
11930
24655
31321
18094
23171
7161
27235
27057
853
10806
27357
5878
24237
8437
21890
11931
17472
20717
28867
29598
26667
26266
7355
21754
3972
7298
19557
21011
29493
25277
7949
32340
17674
8116
11780
26647
2824
28201
25240
26309
17665
31864
26691
5182
4197
28956
3875
30075
15963
30836
12970
5746
4112
24519
30871
7481
3407
24967
31781
6255
10579
1746
14722
3288
10713
16958
19842
1607
1145
10198
23957
12225
9781
26208
15351
14047
22867
26082
7206
32372
15720
12132
27545
25712
1462
502
8879
7940
29111
14581
8678
29959
13306
26507
28493
21913
15150
19829
26684
4870
4477
2313
15170
17645
17947
10871
15967
5537
5406
3151
30067
32463
16784
5443
23799
14689
21954
18223
19691
25763
15844
16214
2063
10404
28883
3054
19286
22496
6962
31456
29080
21531
188
17865
32647
14992
2008
16196
11236
6987
9070
25963
14323
16340
3834
32155
11308
17677
4319
7544
19763
3165
14077
17713
23818
18446
16773
28422
31878
9972
12300
14343
16639
25424
9439
1566
21068
14579
4759
20303
9454
1703
26605
26175
9356
7882
11727
28659
25248
2876
19379
26331
7535
18556
26155
20239
13118
15373
3001
32728
21955
27167
9189
9842
4570
11883
21646
26128
32633
31839
20862
14625
11750
27259
19009
30674
8231
3323
27190
10196
28091
25526
7910
31071
23431
24390
6293
5495
275
16745
14615
8558
19958
23719
25829
7082
911
30517
27248
30120
30454
21786
29621
3905
12082
11664
13842
30508
13229
4013
21592
5317
7909
31298
10017
7948
18787
11012
24420
1265
8433
26857
14150
10959
8
19925
9523
8502
6536
21366
17710
14573
19627
10092
27749
6199
30012
2734
6921
13654
3076
16425
16476
23118
11142
20138
1292
5611
19692
6653
4031
15877
20800
5975
30703
26371
10975
8433
23288
29854
15147
11510
18287
10216
14465
27551
29366
20108
12395
4252
27853
30551
31254
19383
18027
20471
11526
13492
23886
4099
28680
11899
17103
5436
13416
1401
28857
5395
12645
19779
16475
1899
13282
16764
22492
11935
5726
11770
463
24775
29990
8740
8967
30263
29385
29598
17069
329
8397
21545
22671
13149
24736
32452
21947
4893
20689
16407
6989
26630
6784
24082
21381
32548
13076
8914
24861
11548
26156
3780
22745
12656
15319
30220
14687
24319
3847
3368
21833
11723
26691
10448
9081
6655
28829
13601
27052
29745
4324
10235
30034
1764
4378
29352
22174
13649
19496
14014
20953
30567
19409
16966
31483
22288
24805
5917
12156
21174
2999
411
25192
18694
18640
627
28338
20979
5605
4058
25546
10494
17159
29164
113
3253
25626
15947
20429
14202
30344
14089
7352
21894
3895
4296
12126
7214
9400
25631
2311
26212
18881
20032
4657
31360
27613
1240
28386
23873
27234
24887
27964
22030
6563
9905
16978
2178
1640
2116
2362
18216
3483
12667
14436
899
7236
22161
297
32594
11192
4058
19879
8977
19980
1119
20685
7619
24272
10184
23730
12783
11258
3968
29483
21481
11041
8979
17564
32082
3820
11227
4366
23010
20681
2011
8066
12645
738
1003
16261
13060
32333
8470
2309
1478
16770
18752
20067
16983
4883
14091
29897
14855
15511
5372
9918
12053
29159
6106
5368
25134
14478
6231
14705
6449
25466
28659
20669
821
30456
7452
32154
7629
2271
29338
19145
32651
28938
22058
32540
11202
24076
21097
30673
21392
8736
32756
32030
10268
19551
2510
17677
8733
25142
20738
6282
25244
19734
29577
20154
4346
20589
14957
4751
23092
7126
13103
9882
30054
19852
30823
6944
20878
31013
28074
10863
20627
1661
29360
12146
13190
31984
20918
27268
7207
3788
27938
2178
18347
30981
28774
8228
26300
2859
2086
6541
14018
27546
26013
13344
16481
27633
4413
7830
24386
453
20629
21837
30487
14230
9080
15075
31193
10753
7260
7940
9044
25912
6144
10112
3558
14000
6226
20385
1156
18201
18063
29115
13821
4243
24748
3844
11651
1311
5621
18854
13415
31059
5876
17683
292
10067
23700
24729
22431
24060
27270
54
32429
12386
4324
22445
11990
14717
28948
27609
24153
18463
18928
15938
3695
1833
20259
22254
32212
30207
4054
8314
25732
17721
12429
19049
7362
27548
31819
9659
23903
1864
4349
12225
26937
24370
11029
16177
22530
6357
21622
1910
23619
30245
31376
26185
10912
12229
12236
12165
26205
16249
7210
27447
14113
11998
24872
14837
27642
15961
29927
21362
20386
30797
14473
21327
4609
1169
19933
18483
27378
20513
28734
14621
23114
23827
21688
5369
10519
20173
21869
16498
4133
1654
27703
13832
10183
25514
16527
27746
1235
32114
19630
30437
9967
26483
24049
5253
7179
22373
29826
8411
32047
16071
17973
7032
10359
11473
26800
14714
23644
3243
26319
13661
6196
5084
17735
20755
26108
29957
14985
15958
29014
10959
7657
24893
4046
28450
20991
8461
7777
12952
11853
15186
22592
10289
11299
19759
2769
14664
23232
1779
19191
30149
24250
15852
3987
21653
160
20608
21835
22615
3805
4217
12170
27736
5855
10145
27335
3522
14713
10895
9227
5392
7814
19904
31149
13253
19408
28906
14688
31326
25392
29836
12145
31365
3062
3530
31561
22919
2954
3192
3385
26376
20820
18293
12663
3062
31194
9018
19555
9659
3368
26290
11279
8631
31861
21069
4863
27885
8963
11600
24621
3068
20039
15727
30800
28498
4426
23709
21598
22428
26447
8483
22864
24192
27062
19439
23845
30607
7456
28975
32041
32117
6612
3871
10615
8051
4962
1823
2493
17168
902
11529
7999
11787
31822
24769
18463
3219
25983
26126
2011
10170
10550
28328
14615
24616
5067
2706
3229
16652
27386
29353
31138
16217
69
24958
843
31022
17044
28257
30575
2453
4895
7870
2719
17521
24973
8621
30051
28338
21341
27076
30407
18123
31366
6447
24598
29030
24410
29699
3558
7766
25008
19664
29268
31181
13634
8054
5265
15823
32084
20025
10654
30694
19351
13591
10835
22296
1612
1880
2726
5654
31148
11112
30250
21942
6280
2274
13782
31651
12333
31981
8968
26963
5002
26827
19401
7994
405
3759
11347
8254
19178
12495
8657
10602
31413
9915
31333
4582
1747
23789
18031
26407
19252
29345
20237
6499
21636
27111
21982
19528
15882
7670
524
8173
9936
29635
7817
1545
516
30930
3480
30563
18078
25676
5520
7561
16963
11859
27356
17605
4969
12690
6983
10829
3773
2840
15991
31418
5057
11366
4022
5307
5306
21446
21753
25611
21961
24287
14106
26784
10072
11143
28521
15910
8119
31448
28259
14251
6151
2694
24513
25500
28760
22639
12213
3056
24334
17524
30064
1699
20361
1160
26343
27238
5125
7942
14807
31637
28350
24392
5638
25961
13912
30837
31949
4975
6527
19098
18899
16184
17867
32253
12571
1618
30182
26798
24129
7288
10992
29278
6400
28166
5410
27252
4856
18096
28594
1118
17070
20594
21495
28197
28629
32458
18382
13637
21708
14886
2876
28091
31079
24472
26965
20319
10994
26833
4188
15732
13683
20557
13611
27774
16944
1483
1493
6739
32625
1792
12171
3189
30087
28812
31676
18591
11533
6957
18560
15262
2670
6451
24631
16994
680
10292
29805
18773
3407
27392
16386
30188
30676
32727
5255
3707
32263
18138
22250
5197
19419
27840
12118
17396
19561
3530
28757
28638
27192
1273
31032
26921
9404
15230
6072
27320
7964
3186
11485
14983
3129
4295
6431
30011
7147
26495
13260
14334
19853
19995
20905
7305
19389
7511
7900
15234
13661
32276
20489
10505
30685
27286
28348
8078
7869
20463
17671
19685
15437
25531
11372
30108
20408
526
17404
25228
19520
10155
20929
19630
9675
23671
21338
15152
1695
8749
485
1992
4714
15186
19746
32073
23173
24172
4564
17524
26489
10607
3947
4880
31683
27000
24801
20797
29652
2749
31970
10501
26460
17604
303
13364
28616
22228
19780
15465
14345
26794
12345
16750
14744
25452
11750
14789
19127
22243
8010
16771
25081
16100
12846
11106
13060
15631
3077
10257
2198
6845
5143
30670
32710
10035
10462
23095
2189
17948
17584
12381
20356
16950
21919
1307
29935
14411
19614
28582
13563
11875
10213
1124
25924
11064
31894
18434
27546
25066
17312
22721
4613
17908
28131
16912
23558
7007
918
11872
16672
22325
21222
27444
28823
25657
29152
29559
632
8149
6033
29715
14809
9044
4204
32447
15458
11601
20972
24344
25357
16239
29050
17908
2089
17483
656
16115
30373
20911
8223
9303
24203
23305
9518
1301
29387
26651
22724
12587
5178
9203
4361
24629
11738
22558
4520
9787
9820
10265
10615
10958
2787
8456
21338
22099
22283
29098
24165
27038
32298
24205
24896
13251
6614
18046
31952
23080
24999
19268
12819
26335
20541
29326
20300
4403
6533
21289
14433
29825
22073
8822
3713
10570
2214
13852
31497
29829
24242
19962
8617
314
21789
14944
32195
22604
8199
12926
12051
2711
31923
28444
31125
16698
20618
23948
31907
10294
14691
32477
25950
26425
29441
18258
8272
7348
13789
4626
20048
3891
29478
32033
165
2286
4615
16783
110
4507
4648
23536
9537
31367
14199
6412
32530
28901
9000
23255
22358
2662
32250
10659
19817
10
6077
26004
4653
2869
8209
11348
1781
6405
23664
18185
17313
18403
32623
13444
18442
25432
1344
9147
23712
21026
14716
29306
26193
10888
18975
1109
12717
24810
3029
1505
31048
17564
21364
28708
11104
16117
2249
24649
12992
2210
22167
6040
18148
18752
7133
14246
1886
21803
600
3785
26233
32144
24137
2255
10011
9930
15224
6128
29168
6379
15225
10752
17860
16024
10542
32234
18225
17947
25997
27993
13179
22707
4515
32440
31416
23598
6617
21341
17716
29370
1655
17921
26643
11513
13670
19828
3384
8787
24890
30606
4710
25488
6512
4201
25509
31654
4083
18893
21736
29391
24549
30444
16108
2015
12701
12368
25443
5077
24556
29713
23634
19376
677
5707
6840
21636
604
5583
14448
24012
6509
10521
8536
13826
26177
6019
22451
3437
29388
12984
22476
23355
21850
1130
24285
6351
20108
1096
6446
18268
2205
27178
31617
29619
23530
28815
19374
11353
15538
6986
7307
7645
13850
22136
16654
18792
5748
437
31414
2454
12480
15248
26406
22916
22387
316
28948
4651
29816
30344
18529
4588
25205
27152
9609
619
27471
27061
23614
12449
4080
31564
336
11053
32072
19859
10192
6891
21137
30057
31093
2504
7384
2878
11838
3029
11193
15560
10073
32410
9066
9975
12612
21164
28667
3116
12594
4994
32219
15014
16816
8580
23455
14140
648
21093
10495
82
8166
27571
30497
32006
21689
11180
32283
27818
27740
21588
19379
27255
1910
27844
20328
22911
10271
11461
26551
19684
18756
18077
21655
16456
1356
809
13126
13444
4091
25644
26439
1181
1943
16615
5292
1780
24906
4330
3985
20156
29896
22825
25833
8625
27441
28498
24701
30215
5433
1886
13361
3233
27782
16231
9353
31620
17498
7609
24173
15499
28017
13611
23081
5212
20781
25520
28600
26010
18416
24361
66
17501
11977
1149
22755
24031
84
7404
12974
2168
29915
3488
29682
4044
28097
9605
5819
4419
12321
32091
22684
31929
12978
7690
6060
3447
750
24885
207
20322
1395
16401
29495
1139
5545
1144
15658
32359
18597
4153
5637
16568
22349
11955
31105
32459
29629
9378
18485
19051
3562
29240
20828
1654
19333
31600
10713
29142
14115
2719
29816
24243
27290
24907
32631
27111
14510
19265
23365
18099
6637
26594
20105
29360
24791
7614
19302
26120
31042
27748
18941
5093
14077
4215
11316
20266
30644
11781
3766
26466
7187
29973
11068
4597
7214
29823
12298
29602
15137
3841
12476
24105
7667
18062
5186
5704
18881
20969
9258
13801
19736
12403
8477
32410
6306
12354
173
12349
19205
6770
14414
14337
29704
31168
14753
19345
4856
12116
1017
17547
21578
18911
28440
20531
21121
21222
4921
18281
24146
1630
29268
17112
4614
10360
18077
16241
13345
28094
6733
26392
11585
10591
3238
20892
5448
13767
26673
20973
7101
19315
28235
9097
20336
14852
31711
3128
2397
14226
27509
17913
32467
14914
22636
17724
16086
4123
10115
12113
7873
10517
30879
5409
23088
18291
26056
17948
27164
2643
13172
20338
22344
1668
22024
31622
3036
24983
28828
26016
26704
9017
12542
30177
8076
12480
11514
22909
7758
9987
9433
19236
459
1647
20264
16321
24985
25943
4539
19303
28876
7308
19441
21128
14944
8750
5688
23401
31959
1729
6868
5074
26914
18563
27613
24330
18629
28925
31367
3
20279
12505
5031
13265
6791
28147
1395
5070
4885
4799
452
4870
4927
1238
512
4358
3533
4950
1215
4390
326
2889
748
2519
2264
3415
1001
1274
662
2450
1653
2309
1990
4176
97
1503
4572
3019
3747
55
4666
4666
3442
5123
3052
4576
600
728
2401
446
4994
3664
1331
3608
3400
935
2752
2675
4490
2138
4469
713
1627
88
2025
859
3332
3881
2467
5001
2821
170
3159
4013
3592
4654
3649
3184
1362
1102
4145
1366
1852
2754
3975
3367
2244
3341
5086
3127
5077
3153
4427
1897
1555
1200
1394
4024
4858
3028
3925
2587
1276
3974
793
3009
3424
589
914
333
1179
4585
2282
1014
1053
894
3050
3545
1331
2172
556
2817
1113
3515
4119
1594
2183
1262
4274
566
403
1126
2010
4107
4650
4609
3903
4600
628
1118
4500
1193
4915
1457
1401
643
1956
4875
226
3916
4365
3372
1955
914
1724
3053
2006
707
308
4227
3670
4341
4957
896
71
4284
4288
3556
2387
2324
3673
4632
4996
2406
1393
4180
1753
2435
2511
4856
535
984
2331
3960
2228
2682
2627
474
1575
2046
2625
3375
3660
2536
1182
4030
1411
3159
4847
2054
4236
2930
692
1477
1619
853
1333
2449
998
2861
2762
1876
3794
79
3128
713
224
658
5048
3608
4602
5147
3294
3832
3981
718
4849
4082
606
918
1774
2755
1004
2004
2593
1553
3781
2145
2921
2974
949
983
4947
2774
4600
4922
273
500
4296
4005
3731
334
2386
1022
4527
3557
28
1968
4565
2162
2613
4819
505
1237
3998
1420
1703
3300
265
1704
3900
3546
2585
3902
2968
1175
919
2122
596
1269
4613
2043
680
1407
19
1594
4677
1922
1779
55
1280
3424
158
5097
2432
2985
2921
566
2785
621
3892
2113
3237
47
4204
4144
4914
5090
2756
957
1903
720
752
815
1
2707
2547
3428
3321
4981
2778
108
1642
3226
3268
627
1680
1333
2060
3364
4115
1711
3253
2503
4531
21
1520
3938
2053
2483
4563
2174
4879
1481
1705
366
971
746
2874
1483
1254
1278
812
4867
458
2727
1155
953
2082
1276
3111
913
898
1644
4149
582
604
2276
3070
3024
1501
783
2403
3254
4600
4084
122
3525
3304
2913
4192
1295
3997
4868
4834
2495
1646
1961
242
3583
3710
734
5093
842
2433
2957
3751
2791
2756
20
4376
511
2131
4632
967
1823
778
329
3144
3802
135
3384
4478
5038
1034
2051
3948
4701
2545
1505
3394
2849
837
2458
2683
4976
4703
139
2592
3624
1081
156
1880
5110
3256
3708
1388
4333
4774
2258
1568
4410
2294
472
5071
3036
327
1223
88
3450
2592
2565
4939
3474
1145
370
3385
2316
4035
406
2820
1232
737
2230
1343
717
1022
410
1338
120
4986
1086
4190
2571
1940
1617
434
1265
2476
3609
1181
410
1657
56
4135
85
4857
147
1777
150
2266
2836
1457
835
2932
3978
769
1507
4101
2846
190
1099
1464
1535
3372
1792
2007
2795
394
681
715
5021
3893
5098
3373
1527
380
2961
1416
295
3606
5034
5085
3721
2306
2630
1511
4459
654
2098
836
2494
2347
3824
644
2823
2642
4849
601
618
4483
724
3252
933
548
555
1465
4818
4928
100
3916
2586
3258
3874
1357
5158
3952
40
1877
4238
657
1455
586
51
163
3334
1510
505
4602
37
4849
2571
2
2644
2348
2174
3219
3516
2005
4801
1478
414
2487
4946
4627
3614
4379
4611
1515
479
2070
3639
4590
3074
2810
3673
3110
1647
938
3645
2343
4272
3300
1268
137
1007
1819
3728
2379
728
4668
3996
4693
872
2419
3392
342
3544
2040
84
313
1172
1348
2644
5092
2890
2139
4888
3446
1019
2198
2047
124
4389
351
1951
767
2617
5045
1995
4836
732
797
1954
1591
2004
3203
2284
4535
3980
3249
643
538
1243
3698
2748
709
4694
471
1025
1960
2101
1100
4286
1184
430
836
3572
2890
4089
2774
53
962
2661
2845
4027
1567
1164
479
2226
1062
2845
88
3804
579
3380
3990
29
1242
4715
1801
291
2810
520
1691
4750
4514
1954
4764
546
532
429
825
735
4296
1502
2933
4107
124
930
4947
163
2202
2503
490
2450
437
172
1726
3980
3385
208
3638
1184
1520
729
2316
2847
1256
714
392
1580
1423
2392
4573
4783
1701
1944
2202
3549
1391
4122
840
3039
389
2925
732
2282
3571
1522
1141
1515
1241
4958
3832
4498
395
2158
784
4569
2301
1392
2356
506
4752
3617
1599
2446
3201
4440
3891
829
774
1610
4808
388
4298
1600
4358
2524
3056
314
4269
1637
3589
4420
670
2981
1783
2629
4896
1818
3864
4713
3106
3880
891
3061
4889
4314
2391
218
4657
1981
549
1678
3616
325
2849
2301
4915
1371
2159
3330
4031
2767
930
2429
4782
352
4477
3620
4562
3509
4645
3654
4210
3197
4346
1581
2802
56
4028
454
3348
3240
1193
2413
2508
3891
2864
4565
4972
1066
779
333
1488
4742
3604
1995
1387
4374
297
3342
4855
4470
759
4310
653
1015
314
3688
2179
1430
1607
88
4325
4885
3130
394
1119
1451
1751
368
608
2634
2086
153
4092
324
353
2077
232
2677
1690
3567
5143
1034
2904
3553
5025
432
4864
195
2498
4446
3206
251
1952
908
3322
2587
304
386
2818
1724
2002
905
2374
1524
5005
4274
3080
2567
1070
780
3886
2798
843
2953
173
2603
2754
1667
1340
4493
4455
1451
467
1439
1368
4851
2099
4202
2139
910
5035
4319
4260
5001
3053
3232
2122
3602
2182
4470
3995
2991
3727
4856
688
4317
1409
2041
2039
405
4053
4367
1383
3376
4875
5078
1133
1539
4908
2255
1334
4650
3029
1539
1075
582
1979
890
1475
3996
4296
4555
4369
494
3174
1709
2629
2294
4193
3474
1085
4962
3080
1409
3343
1988
1053
1618
1995
3932
5055
2494
744
2653
2596
3210
426
3111
3881
502
1644
3973
4798
709
1313
2274
726
4393
2331
729
3518
2609
3703
1853
541
957
937
2559
2050
3211
1538
1532
968
2325
4441
1228
3340
3012
1863
1173
4855
3142
2519
54
3396
3840
3059
4101
1662
1
1939
4886
3789
4853
3707
2320
261
3239
3346
4948
1067
2355
2951
1641
4871
957
2214
1174
620
2481
3802
1064
2609
4864
42
4022
2290
38
829
2380
874
1619
4819
2613
4977
1039
424
973
753
1795
1857
92
2377
2819
4598
7
3000
1260
4085
1387
867
761
1405
4632
1724
113
3468
1474
4414
2257
127
4390
1882
3557
3465
3758
1050
283
541
1545
577
2406
4675
2774
4254
2658
3523
3444
560
984
618
425
4510
4942
4114
422
4980
4252
4255
1950
5039
389
5047
4290
1233
2025
269
2510
559
2482
655
1574
3316
664
2207
3441
534
4272
4038
2042
2610
3383
862
1768
4036
709
1036
38
4769
1682
2098
4311
78
855
1102
1947
2257
1966
595
3059
4205
4955
3062
888
3923
2641
1589
4294
4899
4256
458
274
503
4843
4746
3482
4944
4033
4055
117
3772
1230
3082
343
210
2423
1842
1276
4819
1638
4106
4178
3179
968
3385
1609
809
808
2590
3782
750
1891
1288
1494
956
1989
3079
3298
3132
2644
4719
3097
1206
1438
664
3834
3005
3223
389
5067
151
1109
4853
2644
5007
2073
1192
2983
826
1534
1127
1860
1579
989
3377
2764
3714
3591
1740
3961
3910
809
183
5125
1314
994
5122
2572
3445
2410
2394
2899
1773
4194
5031
3572
4196
3493
1561
1473
3950
1090
4580
3410
4534
1216
2164
24
3397
3154
902
4371
3074
399
35
2887
4971
582
2109
1269
755
71
3513
2243
818
915
4547
3249
4760
3321
4746
4419
4935
2723
2718
2638
4087
1510
3860
92
4820
2912
2053
4937
669
4218
361
4039
4229
2692
4344
2638
157
4332
1500
2433
3787
550
1207
1036
2770
2334
4512
778
1904
4752
1948
3840
2364
78
4682
1831
4167
1833
976
2408
4487
681
2945
4777
3279
4794
12
470
777
158
1373
3525
1714
2095
865
4730
387
581
1891
4323
5022
3890
4819
4148
661
4826
2945
4647
4495
785
3259
3533
2379
1563
2899
3591
999
2842
4272
3911
817
2800
1664
2610
4416
1366
3766
1110
4015
4395
12
14
3635
411
4760
2199
1007
505
4228
3405
3550
4197
2050
2724
3702
740
1031
3015
4898
3277
2580
1000
967
1025
3003
2576
2830
4577
4453
898
117
366
687
1039
982
1751
5101
1465
1093
3992
4209
436
4291
2893
302
1071
4887
3452
154
2710
3417
593
535
2054
4592
133
4607
1778
3261
916
3948
4137
167
291
4315
453
63
5064
5128
1
4603
2084
2325
361
950
5106
432
4495
3100
3869
3425
2969
2212
5033
1634
4960
192
1184
2715
861
3377
3904
2744
3703
2623
3144
1394
4031
510
819
3777
787
2206
5030
108
3264
1466
293
1002
1505
1503
4110
4190
1206
5135
4556
1825
3946
1278
4603
4248
4424
800
3026
4302
903
5016
2094
3442
830
1812
3818
4530
3049
4413
1675
4696
2941
1726
2148
1795
945
674
2147
2876
2301
3990
2774
3629
1576
4931
5008
4375
4041
1686
4
2970
3539
536
5089
5150
4719
86
3070
180
4017
40
2655
1141
2308
986
423
3812
4495
1922
393
440
3178
4192
1787
357
80
2133
1362
2214
2067
1804
3633
2990
3751
2122
420
3307
757
1555
5087
3664
2427
4668
2278
774
5007
1866
2277
691
1587
557
4038
1595
1304
2615
3840
387
1532
204
669
635
3244
3797
3928
1149
3680
4622
3253
3630
3985
2237
2681
4953
1847
94
2890
3178
1373
110
1262
2798
241
4622
2034
1060
5020
4577
2650
1316
2503
2122
2189
2856
854
1581
4809
2468
1808
1861
3928
271
4138
3087
902
2255
3939
3461
4262
3203
4803
5069
1323
4549
3059
743
1619
4329
2717
1686
849
1869
976
4676
4633
436
2471
1117
3511
2758
1445
4095
4149
4894
3585
1688
3288
167
4859
1729
451
1212
3388
2050
4985
3242
3818
2036
2380
68
493
2576
4540
3839
5124
2164
2480
879
887
3147
831
2651
2244
1638
4891
246
1909
4158
4845
2753
3930
5022
3705
1417
1358
3816
2827
4412
2877
1858
5016
3043
1663
3926
1143
3314
2010
1614
3320
5106
1433
3195
2974
2153
104
4554
1322
2279
987
4474
4236
1542
233
1861
3114
1451
3483
2405
2742
966
2011
2981
2579
944
4912
3933
2315
2772
2730
640
262
4047
1485
3566
693
2581
1018
1397
3386
3102
1481
5147
2023
4884
4696
4028
4390
1138
3163
3559
4281
4293
1092
1988
4647
2485
4388
841
2601
835
4196
1005
1193
1158
4130
1440
3904
3058
393
380
4791
3846
3024
3565
2332
3335
3722
5114
425
643
2924
4386
3632
1251
4820
5059
2902
1213
3455
3179
1953
4176
3075
3638
1270
237
2749
2438
332
2174
3639
3713
2025
4322
2373
388
851
761
826
4710
2394
3891
4170
193
640
3913
390
1758
2050
1451
4262
3830
3887
103
2712
3376
88
257
3351
3643
185
3245
2168
588
2933
1270
333
1489
337
4003
846
4895
1822
1487
3765
83
3879
3333
2351
1581
990
939
4514
888
1726
2898
2699
2710
1776
4042
2243
241
67
470
898
5116
883
357
1660
4015
3695
2201
3297
5160
5010
5059
4285
925
1489
3778
823
916
4813
1272
4117
4400
1127
4063
4044
4962
2808
2760
4851
1215
1989
4776
2748
4729
2261
4272
1500
5063
3640
4635
433
2319
3775
731
2011
4801
2339
3910
1189
486
620
2725
3606
3684
4291
1490
680
2189
684
1676
69
3406
4603
802
1718
4765
819
3953
614
3437
5125
1223
4942
2687
4805
2660
783
1651
30
1854
5076
88
722
745
4151
3519
5077
4629
5124
2783
849
4736
3172
1947
1537
3668
3652
1141
1579
1113
2239
1306
1250
2026
1758
1225
1967
1166
3223
290
3819
2218
116
2008
4604
3218
538
50
2659
1721
2143
456
4605
4228
714
413
414
2209
2058
4358
248
4639
4893
790
678
4570
2984
4059
489
2509
2248
899
678
2154
4617
775
778
1203
2028
1372
1526
4748
3762
1749
431
3125
560
4174
2080
1984
2197
3221
3894
4930
4307
3960
3727
2433
1556
975
3208
2956
5159
1856
3666
125
2210
3747
1118
1607
1164
3532
4655
2729
4503
185
3767
3079
4281
1199
2451
4608
504
2962
3443
4821
263
4160
430
4259
4011
1415
1891
869
4292
3244
3557
2645
3791
187
3106
1439
1456
680
4737
4919
3812
2297
1725
918
3650
3594
1006
911
5165
2721
2842
568
2
1704
76
898
948
3653
4841
3631
2950
3343
1612
2035
1085
4184
5158
4878
124
858
5043
4530
2549
1509
1365
2488
1410
4490
4203
1870
5108
615
1895
4368
2720
3590
3332
1772
3490
1525
2458
46
5069
3798
992
418
990
1488
1540
2788
95
5042
405
4672
3083
2413
521
3641
4351
295
1567
2511
2859
4362
1428
2917
3079
1356
4274
264
1746
1790
1675
1692
3032
2792
1589
4646
1571
920
1393
1881
4931
2160
4726
1092
4033
3595
4887
665
880
2964
3359
2496
2363
5060
1632
2269
4954
1997
539
4727
1180
5111
20
1566
1947
3627
3443
3777
2313
132
1034
629
3316
1674
2795
4508
262
2625
3915
530
2374
3730
4568
2801
396
1650
213
3653
2422
2027
3666
2401
5071
4301
4810
3348
535
2633
1574
272
2453
2772
3065
3017
3396
4505
1977
2768
1988
1408
3683
209
1917
605
239
2112
320
734
1069
1809
530
3176
3003
2513
1133
1681
115
813
3414
3013
3236
4643
2645
1131
2344
3125
3611
4512
2862
3955
79
2584
863
2282
3473
3647
1258
3845
173
2815
2201
2160
1449
198
136
3324
737
2057
3884
1836
1895
4416
2083
2870
1637
2174
3522
2304
3033
4178
2774
3527
2416
1037
73
2746
4715
431
2964
4049
2734
2304
4479
225
2814
3215
214
994
3107
2389
3989
973
1671
4777
495
2737
1254
1601
88
488
4689
4186
4441
7
2883
1062
124
4961
437
916
4443
3412
2046
4777
1029
2205
2796
55
5119
1487
1863
464
1413
5120
487
3646
1094
4755
4830
2773
3910
4975
236
1753
3728
5139
3610
2616
4175
3951
1576
2919
3176
425
396
4546
1599
891
201
740
3126
1649
2569
3574
5088
937
1792
2277
1388
3734
1608
3045
3605
973
4210
880
243
2625
3068
1218
993
343
2436
2454
1958
59
3334
1919
4871
4925
1296
1586
1578
1394
17
2484
787
3024
2748
1874
2539
2625
3016
3925
2748
1633
2519
2100
2234
4987
2895
141
4462
2034
3033
747
2072
3247
2229
4865
1965
2707
2643
424
2891
1762
2693
881
4659
477
4560
87
779
2185
1222
2671
4097
5036
2376
2485
4437
122
4487
69
3643
1754
596
4054
3192
3648
2141
5009
2196
242
4755
3809
949
1596
3148
4940
1108
1754
392
4944
980
2637
3657
4109
1183
4435
2860
2379
1734
3086
3732
670
4130
3009
4896
1317
1726
1219
777
1544
3899
2125
1951
892
3631
1056
2362
2742
4824
146
4713
3658
4837
349
1904
3644
566
2011
3771
509
1152
4215
4951
4190
2202
969
581
3955
1151
4151
4368
1506
4684
4801
2838
4958
1700
3180
1071
364
2259
4889
1518
4068
348
4906
2905
928
4656
3890
190
4044
4791
328
32
3368
330
5087
2099
4229
1582
2841
3210
2327
1429
3305
2906
1647
1668
229
3088
1296
3321
4884
1279
1965
1594
1362
4583
4928
3136
4447
3426
4596
2804
4972
1391
354
257
976
3854
1366
5130
2752
4705
3931
712
5108
3350
2391
4931
1189
1736
1178
5094
4883
4762
5089
375
3498
4713
1443
2221
3570
2901
4161
4508
1898
426
3202
3087
3942
4297
4792
205
230
3827
1990
3214
2608
4244
3069
2786
760
3753
5064
4027
1491
2841
2212
2390
2315
728
1100
2226
1583
758
2838
2104
3677
293
210
4027
379
664
3204
1304
1516
3886
1498
301
2300
4539
1171
2186
124
3633
5082
2668
1898
961
975
4993
280
158
1597
4489
2662
3095
4185
34
10
2239
1090
2721
1202
4669
853
546
1981
1120
4861
3284
777
2067
1154
1645
3345
4116
4433
4681
3489
3259
2050
424
1174
1608
3125
2790
894
1135
1373
4640
4246
3758
2625
5008
3921
2720
3508
723
3383
1766
1466
2162
3560
3873
410
1487
3706
868
3730
2664
2143
4259
4397
86
4826
1778
3284
515
4646
2240
1276
1734
3356
3763
2336
2335
4632
2534
3229
1171
3625
1479
546
5127
1097
3789
3204
4028
880
3060
4417
3990
4605
4194
7
3529
1952
3859
412
2076
1956
3973
384
1367
2792
2673
325
835
1622
272
2271
1562
3491
4250
5142
2472
4857
3110
1
1302
930
4022
3500
1551
2364
3833
4909
19
3497
2309
4104
909
1878
2775
303
3494
2397
4078
2691
834
2106
3161
1181
3278
5079
1736
3712
1020
2559
345
3553
2843
892
3758
2324
4861
2852
2919
658
4905
2616
4998
509
5133
3565
888
2593
3043
1478
2646
760
1927
3395
3367
3871
1116
3028
856
2616
3451
1281
3129
2472
2731
4099
2031
2968
183
92
1734
1431
4428
4112
2291
4292
5063
3006
4509
1840
3679
4072
4892
3949
4828
4805
4116
2112
2017
214
4774
3966
3129
5029
806
4243
3871
1445
3431
4924
2495
540
2850
775
2139
3672
3324
4918
2284
1886
3296
1261
625
5096
1486
1826
2503
2674
500
4887
4484
640
902
2024
1274
892
521
2548
2486
3964
3723
5003
199
4166
891
2435
77
5123
1385
4864
4666
388
1202
2173
3099
4103
115
201
4544
4019
332
3869
2000
4454
2255
467
1976
3992
4786
1360
21
3235
85
2600
5059
4361
4770
1520
430
1425
3273
2173
3748
4297
4566
771
1452
1959
1295
4051
2643
2448
5134
2773
2040
931
831
3796
1578
3950
2995
1094
1668
735
4957
4768
4113
3533
3357
1674
3867
4013
34
884
2526
916
3002
123
27
4166
3546
165
4932
590
1463
1759
3548
1333
2230
82
1050
2823
4096
3870
583
4328
4692
3877
2586
2777
1660
3079
2533
4964
4900
4113
3265
133
606
4816
3313
2030
3389
254
3398
1415
2350
4445
2294
2546
1376
2313
2291
3009
313
1421
3914
669
4224
1715
1564
3525
3475
698
2560
4402
1409
293
4084
364
255
559
2195
1738
3927
4761
4804
4822
4198
2308
2687
4520
3285
3632
1302
420
3517
937
3541
156
3167
4309
4906
727
4643
3198
5064
257
3965
2779
712
1940
293
2271
4964
546
1192
2961
4940
4223
2195
3944
2545
4919
640
1421
2126
1743
3691
885
1737
562
2551
3007
236
1765
3299
1935
965
3772
785
1569
148
549
1354
2394
1045
2004
2966
2031
3940
297
838
2485
4908
2718
1380
4232
1056
159
1785
1526
4431
4386
4822
325
2048
2274
5040
2064
347
3317
2275
1334
1923
715
4705
1904
777
2299
2944
1484
4811
4402
1748
1261
966
1528
4526
2426
2427
3043
1043
2889
2191
1503
1843
4682
1768
1831
588
1768
3104
3990
4747
4068
1329
4074
3568
1821
2556
2347
1495
1571
1151
2489
3670
3645
4484
1011
3684
2702
4676
2693
1926
5139
2992
360
4155
2988
429
264
3635
838
2353
3525
2514
3912
1607
421
3796
4777
1509
2528
3823
5028
3184
3186
2473
776
1777
2143
2553
4001
2001
339
1926
3036
1205
3702
3129
3564
89
4760
4318
4284
34
4292
5154
4515
97
2417
4951
4677
5001
2782
2885
3423
1387
3563
4997
4513
1736
195
1080
4248
1808
2720
921
64
5100
5156
139
3559
417
2174
3747
1463
1651
1389
4736
3337
427
4145
304
4057
5038
4270
3393
1150
4524
2688
1450
4235
1399
243
625
531
436
1599
4590
4730
2416
3078
1483
859
348
3886
1909
698
854
1377
1669
513
232
1690
4434
231
4113
786
1137
1676
3460
70
3258
3028
3028
93
2400
2768
2080
985
1890
3065
3567
457
4534
4515
3258
2605
4500
3342
1780
1796
1286
3742
1678
252
1445
805
4861
4517
3754
4130
3836
727
3557
3925
2297
430
352
1028
3370
3667
1332
65
1755
5011
1348
1976
1549
154
584
360
128
1403
3413
2631
2787
203
3579
4657
4994
1451
1375
3296
1981
1437
1188
1329
3513
3253
3694
5130
3720
2433
3475
676
2517
5003
4222
534
4152
3866
2291
5005
327
3591
2555
1368
2606
2259
1374
3789
4027
1138
4469
1619
415
2830
4212
1591
2645
1351
4129
1629
3563
4265
4249
1121
2858
2006
4629
1292
255
4157
5026
1314
3539
2729
4878
1550
4620
4064
3072
395
3378
4007
2677
2371
930
708
4058
4186
2633
2670
42
1908
4265
4393
1874
4493
25
3983
624
1015
2592
2218
4826
687
2490
1234
4305
2100
4753
3699
3797
3639
1198
1463
4225
2729
1264
5063
4786
1613
4909
4192
4984
1010
4895
3653
2129
3501
1655
4610
3771
2461
4151
3089
1778
818
390
1177
3095
4426
5124
3001
4381
3527
2707
1546
1584
697
88
2139
2507
3493
709
2552
1248
1633
2037
3225
990
2803
120
2292
1298
4050
700
62
3428
2670
4103
491
4926
2180
1952
2490
4624
3955
4594
1608
4244
1939
4019
954
2452
3983
2094
678
142
2136
1882
4723
1899
177
29
3575
2431
1520
4536
4033
4109
3838
1627
2027
2893
182
1155
1369
1361
5169
375
3544
4096
4362
21
2283
1901
2267
4105
1062
2391
3462
3063
4843
2096
3693
4386
2381
2494
3532
4891
2244
540
1773
3535
4499
181
571
2664
2597
2394
4043
4294
3733
3214
4947
175
3831
334
2742
3590
580
1552
3777
3574
811
1025
4107
834
4281
1639
3971
2265
2861
317
4218
5135
1102
4810
1145
4107
4401
651
726
4992
4848
1584
4918
2170
229
4879
2739
1051
4163
2936
2172
4003
2192
513
4128
3100
560
1436
1061
1689
2489
4745
3356
1788
3423
460
2191
2385
182
5105
579
5008
538
698
2819
1120
1959
4188
4804
4062
791
3025
1977
977
1731
4681
1339
2537
4399
1546
2344
2389
4904
3669
1
2847
3684
4999
3162
2251
2700
2934
237
200
4595
3464
1529
3685
2771
1298
2757
4836
4849
4886
3844
2301
2848
1021
104
1167
940
1295
776
1015
3981
4734
5162
646
2155
3279
4248
4408
965
2621
1455
3740
4523
3964
1249
1858
81
5047
703
4315
836
1003
2332
1482
820
3409
1323
1068
2388
1517
386
4010
861
710
3954
3078
423
3999
1297
150
1500
2851
4277
4948
4554
2862
4668
839
2170
722
1043
1932
2161
784
1502
3202
1509
4016
4092
4463
1587
2709
861
3240
444
413
2212
4525
2953
3520
4738
4227
2771
4695
1685
1783
3218
2239
1550
3347
310
3499
2617
770
1025
4805
4396
4678
970
4136
2291
1725
2843
3459
2718
1935
1234
4708
2120
1175
18
4884
1737
4905
1741
2840
3962
1123
2109
2270
4917
1121
52
1590
708
2215
1184
4724
4641
2395
4089
526
3503
2387
1441
267
2039
933
1986
4658
4247
3211
3785
454
870
3475
978
2944
3991
4726
3953
2792
4341
4097
2125
4422
2737
4476
788
534
3428
4202
2440
2574
3263
3947
2468
3230
996
2094
1892
3961
2096
3700
43
1271
2960
497
1733
4371
3281
4258
2445
3397
656
2557
4184
3129
475
2495
4374
571
4623
1709
26
3040
2133
2477
3738
1435
2496
1384
2239
113
1213
4535
1739
2718
4485
1062
2090
3612
3295
3526
2843
3432
596
5067
810
1480
2905
1608
3944
923
4149
4813
2952
3897
718
1031
688
2735
3350
4465
2997
3152
1926
2586
611
4913
907
4364
663
2959
3689
1410
3038
3660
4895
543
2438
365
5114
3972
3062
759
2267
2004
2156
830
1237
4562
496
2557
1200
672
2726
3069
1098
38
1707
902
4115
281
1486
71
658
3768
3803
4599
2932
1261
4429
4721
2236
3216
1340
4169
3481
1810
2766
401
4105
908
2885
4757
1435
4639
420
2579
621
4394
959
746
2641
2147
350
3581
2346
4605
3810
3015
3926
1691
4243
1105
4766
1794
3120
1246
2781
5107
1670
1217
2858
2333
3627
2516
1505
4334
2340
1431
676
965
4193
323
3016
134
2160
320
3095
1580
2949
2349
663
4065
3096
887
4231
2306
209
4082
4482
3458
4774
2428
4736
385
3223
862
3287
2593
1245
3
1395
4471
2952
3940
596
2701
1734
1753
2367
992
3993
2293
3927
3149
2641
377
2445
2329
2803
2280
63
1541
4482
3813
3084
4205
5149
1070
719
3278
758
1060
1107
2271
3750
156
59
408
4662
4559
4743
794
2441
536
4653
1562
1460
1779
1176
1342
1735
519
660
5057
2311
2275
1628
3974
252
4170
4070
2596
4757
983
3261
795
659
4694
3587
3760
3125
2452
911
842
92
1449
3188
2946
229
4328
385
4142
2812
3326
2732
3472
3537
2182
539
2206
1372
2270
2104
1288
3797
1954
918
3204
2635
454
3669
1858
1740
1867
524
1044
3563
3892
4214
1631
3387
1061
1742
3669
2814
4552
150
2782
25
5116
5107
4976
1891
4494
3237
4533
2534
3279
845
4221
4530
916
4050
3840
296
1195
2848
3304
5093
1315
2720
1646
3804
4476
3356
5015
4819
2972
3027
1422
1242
1107
5066
4752
3333
706
2966
4780
4303
1388
2929
3886
3986
3901
2380
4270
4188
4535
1838
2749
1647
4181
3289
1030
4943
1858
5044
1415
4631
531
3382
2267
1588
1493
438
4489
1520
1202
2781
4088
4199
2021
1746
2388
49
1726
2215
581
1893
4619
1830
3236
1749
3601
4319
692
3870
46
4911
1760
940
2345
2645
633
2633
983
4952
3872
3925
2184
1492
369
4584
2777
499
1812
1477
1967
2862
1477
4755
5056
191
3694
1391
4380
1620
2471
3071
4758
2584
3090
2327
4698
1323
1443
4724
1748
3024
981
227
4781
3909
2899
1331
1890
591
4396
2835
1618
854
2931
275
1410
2819
3201
2952
3968
320
2401
3808
1572
4653
4252
1430
32
4162
305
1532
3176
4869
4473
2092
4708
3574
3054
4411
3395
1618
521
5075
2504
571
188
2237
3630
59
2638
4956
3175
4810
956
4176
2547
3816
824
595
4817
1232
4191
4522
5101
1637
4136
3392
2508
28
66
3552
1525
3223
4808
3540
2790
3616
3362
4089
3376
2881
4886
1885
2374
4612
1387
4461
1355
4813
2379
3575
4082
4105
3927
2977
4668
3443
338
4482
1991
472
2867
4336
4902
3152
1012
5038
3811
424
4575
4889
4843
1533
4291
5042
3544
3925
2706
1785
4396
3658
3128
1497
1622
4415
5025
3876
1219
1341
422
1766
3211
4348
4151
687
2100
855
2387
523
4903
2933
3898
3939
862
1717
4025
1103
1402
2606
5044
4042
1344
3238
846
462
991
3297
3775
4204
5069
178
3296
1453
715
3249
1052
716
2912
4413
1657
4504
5158
1386
670
2829
310
505
485
395
4173
1247
2632
548
1431
1225
2130
2714
1894
963
905
3043
4735
1247
2937
728
993
1690
406
2450
2253
1085
2032
3451
3327
700
425
5057
601
3410
2306
2374
2670
4775
2816
3393
4180
407
3388
1377
2224
1774
5092
3327
1363
622
1962
1408
4932
3166
3149
4442
4255
2268
1702
562
4842
1450
4643
4313
1446
2236
1101
884
4626
1594
3536
4332
1070
1772
1174
2891
1197
2428
1851
3162
1900
1251
4980
1366
4684
3509
903
328
1496
294
754
3761
4552
3194
3645
1461
4938
737
631
3083
1932
5116
435
726
3134
1089
4280
4575
2953
358
1906
4506
3497
4278
1242
1536
4062
2700
65
3193
1035
4707
2932
4932
2134
1241
867
2967
3375
2617
1387
1839
80
3739
424
617
3022
1000
2725
4970
2803
654
3161
1076
519
3877
4236
2230
4973
3304
1231
2282
1883
2571
36
2442
3947
3727
4276
138
1683
1195
4102
4997
2560
347
1099
2053
4354
593
426
420
4304
4160
1125
4194
1623
2849
90
1655
402
3452
754
2783
1837
5088
2933
2706
2255
4015
2095
125
252
3493
977
2790
2190
2163
4590
3516
2705
2411
4957
2336
523
2116
4425
4848
594
438
4341
901
350
439
4783
5059
4589
884
2056
1361
4588
3315
2588
3690
1765
4485
3284
2087
3632
1727
203
3833
1112
274
1607
919
4865
3758
3698
3044
430
2762
5165
4122
2389
974
4800
4645
521
1062
3491
434
967
60
4700
1504
4368
4172
197
730
966
902
700
511
1490
3459
3413
1437
4645
1982
2696
889
3008
3798
4640
1096
2182
2165
3737
1022
4834
1075
1378
4924
91
437
1483
3598
3331
4259
1619
2951
25
714
944
3493
2971
518
1220
5114
2348
4264
1025
923
2160
2642
1574
3588
1980
2037
2141
2502
3914
1495
3852
375
76
2876
761
4930
1386
4744
433
450
2892
1265
1897
2389
1719
4137
4944
4243
304
3311
4485
769
4349
3512
3601
2151
2035
1015
3238
2423
3795
2940
1932
2904
454
1373
2893
4217
143
3725
1670
3313
4572
1733
3885
4414
3204
1017
3971
829
3924
1331
4395
1991
2917
238
4654
2408
2351
2195
2700
4709
709
2378
2386
2250
2266
1089
493
612
90
4516
3766
603
3148
367
3091
1710
1347
239
5094
3357
4617
4778
1677
2992
330
3862
2323
862
2691
2488
633
5134
1862
3741
3451
3216
1046
1093
2798
2196
593
1703
3463
4940
1720
1413
1886
516
1035
497
1502
2611
381
163
37
4363
1437
2854
4682
403
2476
4800
1677
3234
2903
484
95
3150
2421
3032
2807
223
5066
1918
2907
2566
3051
3024
1917
585
2622
2097
282
2595
1057
4181
4200
114
3045
4742
1029
1730
886
2530
4481
4148
3625
3272
4695
2465
1435
707
1468
137
1952
4817
2639
3464
979
2426
680
2104
1828
1974
3594
40
2399
1583
4410
1860
4254
3068
4902
5099
2022
3654
1980
3018
4356
3802
516
1041
1471
744
2412
2557
2759
1426
3441
1578
2946
2841
209
342
3593
3750
1652
3143
3328
3703
3935
2730
3039
3509
2478
3307
2818
1472
1792
502
891
548
3644
3393
3913
355
3466
5028
4027
3304
979
653
2302
3153
3464
1342
4809
755
3738
738
767
365
3744
4688
1426
1262
759
4221
3377
3864
2316
1199
1560
2276
1144
1597
2978
898
1725
3778
1171
3132
4911
4090
4152
2977
4186
3000
4755
22
3868
3556
3486
1143
2228
1641
315
1813
3478
4926
1806
523
2880
1283
3420
3949
2567
2700
1219
1147
479
2302
3995
2033
2707
2569
3015
1098
2217
1707
1495
3366
4790
4625
4410
2593
2405
1500
2903
3769
2422
3636
1133
4399
423
4378
466
3896
2103
1124
2702
4118
2287
2682
502
1173
904
1927
1846
2204
1930
2965
2402
2215
814
3360
3142
2098
1299
4028
924
2179
1618
1630
634
5089
1583
606
4679
2150
1104
1282
4228
1563
3901
607
3419
3332
1019
2302
3165
4981
1798
3946
1542
5115
3657
2154
701
3040
468
4163
497
4137
3580
4823
2755
1691
178
4617
980
3773
2638
1882
4111
4984
1344
601
166
902
4714
5050
760
1927
3074
594
536
3397
1001
4617
1276
951
738
692
3207
1087
4045
1428
2868
2625
4802
387
4182
3533
1523
4514
2171
2619
2002
4300
1228
5148
140
746
1831
213
1110
4611
3298
2095
3196
1827
227
4283
3961
1331
2498
3532
4065
1555
4588
3385
4489
1592
2131
2975
2875
3498
3059
705
3946
1499
2119
1534
4761
3526
2995
4332
2622
4045
2282
2779
1726
1590
4668
3301
1013
2231
1124
1063
3180
4533
4458
3707
4713
5081
3981
186
50
4710
4261
4549
4517
4859
4155
4641
97
1330
4135
682
1596
2792
4327
3462
313
931
4208
2850
4376
4963
2378
579
4490
3989
344
4158
5140
1122
2165
1784
3721
3155
3015
1366
3832
1540
4022
3252
584
395
4700
2241
5040
1678
3059
3861
1164
1512
1961
1775
52
1196
5016
2003
4414
1694
3803
4375
4708
4511
1837
585
4123
3735
4899
4953
3037
3227
792
1511
38
3193
573
478
3819
1869
1317
1893
1372
1136
800
1317
4325
1958
1504
3458
2932
4145
119
3072
1623
4635
3525
4772
1885
481
4908
2426
882
4689
2661
3609
2941
4740
1052
1349
3577
1556
822
2345
25
3906
3349
219
76
4772
3766
1263
3678
45
269
3205
379
1470
4970
1895
4797
4242
1207
2312
2220
2882
4701
3255
3404
4687
3191
4810
639
2686
2169
3035
1526
4897
1560
3134
2129
769
2024
2118
1758
87
4552
3388
1231
4103
4456
3546
30
1244
1961
215
927
1939
4280
1035
2789
3999
1952
4721
2698
4132
1327
1730
5162
406
4397
1693
4090
2003
2545
2246
2854
4090
930
3066
3796
1289
2556
4007
2589
1268
4845
4565
3996
3012
2813
2651
4175
1444
2484
2600
4712
3453
1816
1320
3632
1794
3322
2201
3910
385
3552
4740
705
1095
4722
4169
39
1049
3987
2679
3447
5071
274
529
3846
2426
4005
3421
544
427
918
2547
4330
303
2530
4642
26
874
1548
4870
563
1827
482
555
3041
286
1646
874
212
3253
3571
671
645
877
845
1607
4347
2018
3520
2028
2285
401
3574
2567
220
5015
2992
2395
4596
1204
2044
3723
4479
4091
4822
1272
480
66
3021
1845
79
1196
2024
700
1047
2222
1652
4869
1718
2311
1158
4029
4426
2136
927
3153
4261
763
5019
2489
50
2205
2365
627
1175
1871
1088
1255
1046
59
906
1160
3357
4110
4019
3776
1235
4938
4374
4794
3541
750
4092
1086
390
697
2126
459
3326
414
4136
693
3859
1290
1482
3352
4790
2294
3692
5063
820
1109
2622
554
936
4314
4520
2181
4952
4417
104
3522
4667
390
4616
3826
2760
4459
4079
3558
2665
5088
1579
3065
2533
414
3290
3238
1226
2490
3491
40
3045
3620
3153
2593
1993
4898
785
3658
3998
4102
370
2266
973
2780
829
399
3592
2345
5017
1582
1628
4247
2721
106
3497
2846
4516
2787
3163
3444
4067
4401
679
2291
2407
236
1223
2374
2796
3898
657
163
4360
1405
1358
1412
1704
4750
2010
3511
4771
5166
591
1543
1384
2947
479
981
5057
163
306
1312
863
222
674
1720
3462
1119
2928
611
305
3622
867
3651
2340
302
330
2124
4755
1422
2456
1070
2741
5100
4368
971
4111
1990
1198
2282
4565
1187
3966
4780
3803
451
4962
2553
474
5028
434
314
1051
86
2038
1179
5010
898
253
2510
2959
847
4349
1451
5101
1582
5042
40
726
1343
4938
1676
2354
416
2388
3860
2671
4327
3619
3245
1107
484
1845
870
2878
2589
3572
4575
392
4211
4513
4017
1924
2976
3839
3716
423
810
2648
1769
2360
1652
791
2144
1002
1911
349
1000
1637
2269
2284
1715
782
1023
2445
3857
4358
1366
4927
1140
3863
1748
3769
3264
4382
2638
4147
4734
4634
1132
3316
937
101
3
332
4563
4500
132
3649
838
335
249
7
609
1502
1897
3800
4178
2847
3863
4045
1819
1109
3012
1702
722
1605
3100
3474
2592
4063
1723
2204
3098
2834
2110
3378
598
1091
704
1850
1433
2350
681
1059
379
3182
4451
4994
2435
1503
218
4186
4936
94
1165
1355
713
4419
2507
3578
3521
301
2589
2415
2055
2725
1548
4633
3904
2767
3157
2801
4693
5072
4269
1276
943
2166
2180
4475
4650
2266
1195
1925
4956
3275
2105
1627
980
3607
614
1294
2880
5032
1052
2815
2386
3003
3841
2451
96
2450
2680
5036
779
4675
1237
148
3532
4802
4913
5035
3526
2636
3756
2570
2735
4187
2312
689
4869
4241
2299
3937
757
2003
434
1635
336
511
804
508
3515
1304
3874
2942
961
3135
2528
726
167
3344
2541
3755
2448
649
1306
2991
346
3043
2509
1146
3978
1690
388
5125
1966
2408
4884
5049
1261
1308
3031
2622
556
2006
75
519
4857
4718
3438
4549
3196
3647
4794
3815
1730
3464
1046
3619
2840
4980
4154
4972
680
2293
1321
3886
2112
3258
364
2903
2184
1750
3902
761
4585
1723
956
1125
334
3987
967
4624
2001
893
4972
2495
3781
3461
1453
3373
979
2706
2703
3067
4612
2587
2997
4563
5033
3070
1262
3422
565
483
3574
4209
1019
886
1510
2129
4953
2967
743
4538
941
2108
4032
5117
2770
386
2708
4825
2344
2527
1269
2868
3325
3160
3173
1307
3699
119
3782
2007
1128
3616
497
1813
4005
3003
2634
354
2193
805
4744
1101
2270
3643
3759
4086
3640
5049
3189
3680
1891
3584
2041
2493
314
3474
1311
510
4390
4434
3198
2009
264
628
1654
1488
1401
4507
2637
3894
58
2449
2993
3361
4295
3358
1597
5018
3001
1107
1225
1143
965
1265
2866
2840
2923
3627
238
1786
2512
1612
4292
875
62
2309
136
2713
2963
5001
4074
1189
3385
4805
2538
1592
1279
529
2647
706
4820
2295
265
136
3979
1048
2419
2324
4994
2499
4488
3237
1711
2947
3902
4004
4616
1063
4582
5116
742
3750
5155
2381
2037
1900
3643
3384
4399
1110
4256
3888
4732
2118
293
405
2717
1247
1864
383
2560
1357
1284
4864
1589
2130
1544
3971
1193
172
2813
5052
3521
3282
1413
1466
5046
486
2921
2813
3529
379
1090
4329
560
5051
1153
1842
526
3343
4946
2740
2332
2007
1891
5063
3059
4703
880
3052
3250
136
3372
783
2375
618
1300
3711
1299
931
2198
931
1949
292
735
4725
4224
694
2732
4487
2060
3403
4055
544
1031
1718
2111
4130
1335
360
2988
4546
2248
3745
4321
4466
1696
2873
249
3407
4022
4235
1496
2447
649
807
4588
3719
2235
5031
1360
1606
4521
4082
4593
3227
2731
1806
1018
2507
3279
981
1097
4100
3838
578
3672
4316
170
1407
4862
4452
4541
1692
791
123
179
3295
4632
977
370
3665
3655
3961
3006
4372
605
571
1423
711
1148
2538
1375
940
1352
140
1922
1521
2899
788
2966
4506
135
3185
4863
4057
1667
4131
2310
1963
504
2267
1425
5165
2436
1698
4079
2928
717
549
3623
4335
1569
3301
1510
4704
3809
792
1177
832
5084
4821
4382
4704
1155
386
3924
2041
4001
698
1447
4615
4671
2474
3278
1474
714
704
3523
5083
4137
251
4193
1951
4625
4016
2115
895
670
4774
3206
135
4679
1655
1688
2871
4914
3024
1001
2494
2451
2042
139
3214
1167
4242
2583
4089
3301
3511
1850
2079
3888
2775
3411
725
2364
2302
2934
2074
476
3246
1279
122
2916
2617
3713
3051
3970
3587
978
2467
3624
5023
402
3227
699
999
4919
952
4528
2548
2453
2174
4155
3753
2088
1440
2295
1182
3178
3203
500
3897
4703
3588
4486
3579
1585
3871
3800
2511
2156
4813
2082
1570
3809
4711
4370
945
2456
4732
2091
2393
4870
2951
1370
1501
1283
3754
1443
2074
3276
2507
2354
5104
4111
304
1938
4070
1496
3620
3789
2915
3276
829
4333
2589
4570
552
3775
2969
1554
4543
656
2693
2934
3499
1283
4035
4243
2791
2049
3129
3218
4796
1460
2851
2572
1253
1528
349
2182
438
2392
3868
5
3217
3086
306
3285
2313
13
1813
330
3977
1235
1489
3792
4326
3641
4797
2470
1137
4550
890
796
2544
994
978
1838
697
875
2577
3692
708
2310
3615
3858
1030
4753
2597
18
2393
3502
3583
4168
152
3133
2140
301
3940
3852
1760
1653
253
4072
2477
1857
3484
1448
933
586
545
967
478
3788
231
3656
3271
2606
1218
1944
226
4731
1434
4812
5069
5043
4754
3944
1317
2142
2359
3228
843
4407
482
4462
3067
4971
1262
730
1772
4764
1401
4496
1090
1543
3147
3862
4884
1622
928
4387
4874
1100
3342
2264
2333
439
4071
2781
4428
1199
1014
3906
1974
1695
2703
747
3151
1256
3121
4405
68
1735
1176
2012
4770
2421
1352
4606
1186
3298
3112
4595
2430
3282
1347
1836
1136
3788
530
2308
3270
912
2756
269
4538
328
3259
3507
1708
2061
2124
5113
3758
1640
3397
4695
3343
2766
3572
3221
1535
5111
4428
1861
4867
4222
2280
5167
1342
3014
4113
3296
1881
4377
3358
2944
173
4043
4293
4257
1277
4453
1516
3152
4630
2961
1978
2996
2722
143
4535
3040
711
4971
2074
4106
1876
1688
543
877
330
3650
1157
3048
4447
1969
9
4460
648
4925
1567
3140
4546
1544
793
3062
4086
4525
5126
1073
195
3768
478
2961
1443
4641
4218
1848
4066
3157
4136
844
3518
4739
1061
575
4962
4389
1655
1593
1404
568
3564
3572
4104
1517
4279
1629
2793
2084
4416
4788
1969
5063
1054
2802
560
4471
2399
4664
3174
1913
1802
513
1750
499
1765
1668
1074
1132
1487
527
658
1003
385
428
1270
1681
640
1542
783
3829
642
939
2304
3591
3669
1365
1176
79
787
4727
1424
4552
4375
2986
2399
2753
1745
69
2579
78
2790
1354
4576
2941
3346
536
926
656
2294
4657
4189
4632
398
3966
2439
229
225
1784
415
2933
676
1086
1281
1630
3523
3611
1865
4836
1866
1473
4004
177
1681
3238
3086
1594
2058
333
3026
5116
2495
3227
2999
3028
480
2231
2191
3905
4809
1008
5100
754
577
3078
3601
2182
1004
224
2646
3750
1778
1184
25
4919
862
1098
4400
3035
425
4794
747
4030
4587
2424
316
1500
5143
3154
1430
674
3661
321
2404
619
2955
4484
805
4465
1657
3581
3190
438
3514
1383
2632
1847
4544
4244
3909
5008
2980
1675
4674
3189
4655
1327
176
4626
2110
3675
3683
242
3363
1835
1198
4781
4078
697
2628
1034
3242
2836
4629
3113
1066
693
3378
3908
2847
2327
1537
521
2799
4438
1447
4339
3798
1503
2561
3479
3730
2439
2284
1537
3419
1473
1041
3834
2411
4414
1876
2923
1524
3384
534
1314
1053
1195
4302
1086
4568
1146
1646
1848
3835
2401
191
1959
1026
1932
3217
1664
558
1457
1054
1197
4749
1251
4176
811
3977
593
1749
3465
2265
2866
4423
4029
3807
3170
4176
1937
2752
498
1037
1024
2086
3851
1688
3745
3780
668
4174
3127
2700
936
544
4004
1108
3916
209
4255
1585
5156
2177
4136
738
1505
1579
1578
5120
1677
3579
638
538
1007
4367
763
4431
1425
3358
1444
3656
7
4980
156
219
1129
3208
547
1510
2708
3769
2467
2426
1301
4993
4125
2123
256
2399
221
1324
3728
5083
1264
4139
4035
3562
2462
1116
1557
4521
3531
2344
1322
1037
893
4392
3900
4723
1555
2633
2032
3005
4771
3989
3191
177
517
4617
2658
4551
3148
4890
4286
978
524
4112
3184
3666
4447
1945
3616
1230
779
1286
1641
4277
67
4701
2387
1005
1717
2571
1858
838
156
791
2417
3607
203
2574
895
3217
1798
4736
3434
1054
5026
2768
1471
2069
3631
1843
184
3440
2443
5098
2238
151
1429
5010
1864
3533
3958
2681
4834
2973
475
3581
2705
388
954
2193
160
5039
3554
4168
2866
4816
1826
2078
986
692
4287
4862
4379
2420
1735
2547
3460
888
487
2893
3954
5102
1993
474
2154
626
2328
1220
811
1618
101
749
1215
3832
4143
3614
814
5087
5142
3861
4646
728
694
1930
1670
1494
1765
1174
4820
4322
3431
5140
1742
317
2940
232
1536
4965
1087
3874
271
3034
4779
3952
2141
4775
1297
717
2384
3515
1149
2678
2353
884
4732
22
1661
4320
1694
1349
1307
2301
1380
158
262
1189
1293
4145
1001
2332
1053
3327
1157
2273
2761
5081
186
320
105
492
2199
1801
1335
4934
3848
4494
2784
3330
3569
4271
3658
1351
2673
3292
2965
4493
2745
956
1440
2067
2905
2525
38
3994
3491
2290
3621
2339
2010
1106
832
1
97
224
1238
2943
595
221
2339
4493
4714
3543
2428
2814
2147
3035
83
891
374
5094
3824
2619
3512
861
1367
2338
326
2770
1080
608
2915
5049
668
2107
945
780
1032
869
3993
277
896
3705
802
2726
823
21
4123
1617
389
1900
1450
210
4937
3749
3325
3921
3632
2284
262
3547
321
1014
880
4253
4073
3290
973
627
451
4289
238
635
4971
1699
2900
897
1318
2607
1730
241
1730
1778
3890
4166
2582
1406
1924
486
2261
1373
3083
1186
4336
934
4956
2097
2095
659
3288
394
446
1275
2291
3463
4163
5009
1353
694
589
2702
1020
4548
447
2242
3897
3958
862
3383
1470
4450
1793
1286
1693
982
1921
4419
838
1318
5138
2297
2270
2702
4947
3745
3174
5029
4015
33
208
4995
135
4190
3607
529
1995
383
2704
2235
1776
1632
1444
4793
1850
829
2792
3302
2012
3187
4402
417
3277
2976
4342
1644
3591
4450
3660
4378
3581
3151
3559
2978
825
3787
5106
2796
3496
2597
5001
1792
5033
1703
3815
3703
826
1098
2603
5154
4431
706
4752
2521
774
3366
3786
1797
4501
973
3593
1581
3921
3686
5016
1230
1430
1473
1866
2803
4260
3731
1586
2158
1321
1885
4553
4300
877
316
2465
273
1633
1957
2068
3010
2232
4673
1757
4562
3264
2741
139
2900
1359
3592
3312
1317
1939
1963
1402
1703
2187
4430
465
1347
4883
318
3867
484
4500
4261
2010
3316
4556
2996
862
1795
602
1719
2779
1058
1857
5093
5140
1777
1243
3791
4053
5044
3560
4747
3472
3336
4198
2463
4429
841
259
5046
2704
838
4288
3740
727
3144
4680
3050
2969
1567
1267
2146
985
1564
3478
3123
1816
3107
2339
2240
2458
3931
1799
207
1648
3981
2048
4818
2373
2456
719
1625
4591
2969
1858
534
1564
2613
3383
2855
4127
2531
1371
286
800
1001
3959
261
3664
4134
2093
1032
527
1831
2152
4508
4176
2694
21
3605
497
2894
1921
2779
133
3849
4244
375
496
4727
3264
1055
2659
4257
153
4857
4844
4773
446
1356
731
4879
1806
1049
3718
2653
4320
2374
4619
4633
2652
58
1351
2511
652
3819
3003
1379
3500
1043
374
637
1216
4726
2788
3829
4119
1118
1938
3019
4966
4182
1153
4632
1365
387
181
3619
4146
2464
696
2318
1156
2966
605
3470
1932
4887
3708
1409
4026
953
3906
562
2279
3438
2738
1111
1197
2373
1526
4853
1597
4419
48
294
2849
2851
2107
439
448
1104
4796
4709
2602
2735
806
4761
1575
711
3824
3888
3732
2471
1752
4531
4220
3684
1467
405
3839
221
4329
2460
1483
1010
2038
1787
1755
2540
2716
970
95
1202
783
1112
2401
4156
4355
3765
1871
4696
4003
4715
873
1673
1784
723
4178
1374
515
1960
2414
4061
4188
172
1482
2901
3898
1230
4262
4430
3763
1215
928
3667
2704
874
1475
3976
3361
1427
2920
743
3973
4134
1061
2190
1394
3304
606
758
3911
35
4986
4909
3479
2470
1424
5037
3138
3670
