82 67
360
899
10451
29230
30120
27207
30259
8259
22277
30875
21558
2687
11719
19765
9
28008
10282
29169
24166
21469
14946
3013
15290
26282
32731
18167
22408
23130
16837
21389
16136
28493
18128
1542
15125
14346
20532
28743
21830
6613
26613
1752
14426
15237
25701
9808
28633
22160
17642
3342
19192
7784
19457
7466
26301
12810
31363
31403
9061
19411
20520
23035
2307
9110
30025
4760
24425
14061
12778
18955
32075
27596
22007
19230
4770
16732
30414
23882
29263
774
9726
12399
66
40
47
25
71
47
21
80
22
39
14
51
72
76
79
36
35
32
23
71
78
3
61
80
24
57
81
8
10
54
73
55
16
74
38
82
76
61
31
55
38
64
19
45
61
27
29
4
24
60
28
75
24
52
41
30
26
6
5
78
58
49
34
78
40
35
32
