1476 992
23317
15245
21754
1634
11919
8330
27647
17058
31787
7658
31117
24623
19221
19377
27877
11101
10280
28132
31308
18030
12139
26616
4270
22695
20188
1163
21127
13226
9837
25938
5636
25343
10573
12115
12389
23028
25704
18260
4261
13223
3633
12947
27997
14689
17311
28599
2534
8997
5749
23559
22205
18057
20679
30938
28972
10181
4538
9550
17959
8458
10123
8253
23669
5141
19155
26221
2576
23043
7945
16647
6349
25959
7240
6219
7743
19098
18002
24193
2777
8786
21718
10035
13396
31350
12526
16025
24400
18737
27628
21845
3134
5702
4950
5217
2941
20131
1583
11589
7363
30264
12152
14989
7615
11273
18935
1146
3069
13442
4407
32248
24073
32267
976
3536
30679
21469
6888
30751
15970
13076
6906
31751
3732
30213
25047
31140
7014
18897
21994
13377
30536
8763
23231
1228
19651
8118
28359
4232
2653
7106
22101
22530
1469
20345
30701
12870
23055
18533
19902
2130
1450
8085
4205
25803
2800
9968
32532
11247
6262
201
26763
4043
31846
21939
23014
5294
26401
7318
5694
14813
16680
10498
15285
6792
6204
29636
14772
6909
26564
20919
31863
30236
16496
3293
29132
16139
4892
5038
19223
11051
8951
12976
8346
14410
25316
3144
23027
794
16928
17104
32742
25057
11301
2281
23389
6003
16335
3091
1453
12894
446
28027
19995
27748
3579
15635
6303
7726
3294
10984
6632
6974
28463
25265
5279
2598
13707
17827
31728
3319
18185
30349
8007
19965
6942
27680
17239
17577
15038
32142
19553
18127
23748
7512
23987
14866
8596
13920
4719
31132
12799
24390
13197
17426
17767
22513
3875
17862
21283
1388
21732
4911
29476
24564
7143
10135
12761
1871
30123
15380
23377
29023
12887
2745
416
26358
14918
21005
17027
17132
8386
11452
4167
10095
21520
4493
486
7579
3758
3988
28276
21322
28120
6825
22457
27438
20816
31769
26656
4893
26719
15259
2000
21675
4119
5253
19736
21502
26332
19263
19472
28894
14627
30456
2429
32268
11128
5017
5366
725
17862
28663
3653
15078
17363
19533
6672
18530
20234
15593
2489
19506
1405
9509
14978
22685
29226
24217
28661
29208
23165
24719
11651
4703
1303
31671
21355
25028
24014
32285
733
6855
6901
21335
3423
19432
18397
29955
29553
27577
22683
16241
13932
29495
11020
32412
432
29274
6423
18271
28414
21227
50
28901
27171
15766
25128
16994
30679
21824
793
10496
25572
15515
10434
2589
6795
6647
24318
1459
12579
3419
25997
15639
25091
19668
11029
29159
32674
23309
31078
4413
8957
3104
14082
32553
6457
19628
25053
13919
21642
24360
10081
4140
25683
886
15797
18607
14479
15547
25151
4933
13423
10607
8552
21317
21572
8624
19359
19694
27296
4060
15264
25245
14520
14174
20982
12867
26125
24008
18878
10007
6988
2595
19119
21384
17522
20098
23639
10102
15923
20446
7847
22177
29341
29
27570
866
10489
15988
18098
409
3314
20975
15436
17894
12537
29262
6165
21788
4071
21267
4948
18418
20964
25817
24842
14076
22664
16615
15151
8922
22081
29445
21823
11440
29941
5519
22517
13014
20456
29639
19030
9680
17631
9839
3058
10624
24710
24216
17511
22170
27151
21173
27686
12377
21020
499
21114
8816
2271
16845
17606
6980
32639
18906
15118
5720
22718
12778
11704
11016
3290
5714
30868
29563
1200
22148
28443
24531
28711
8675
1524
18854
23500
18133
13757
23474
18874
30745
31495
8652
20925
31835
6050
21786
3255
31749
31004
14466
20290
24921
26756
6498
30614
32445
26483
18562
21166
28501
24142
8007
23718
26071
32709
25897
24680
23963
1439
10598
14983
25074
10938
25848
17259
24505
1613
30917
9391
13614
11377
23575
7623
29698
14304
3915
31718
2479
8444
9933
18718
16907
1555
580
30410
22557
18657
1033
1833
2352
9558
23774
31307
24103
9626
16349
561
7952
5967
4782
16944
9468
26134
28157
7574
32269
32596
555
22928
6096
9014
13380
5707
25549
18162
1842
25434
10845
27728
9520
29528
32700
4714
7553
13006
3935
9135
10849
18006
12680
1326
4924
13313
32535
11026
32542
15351
22435
22120
19307
9309
3529
24617
15056
31868
11716
13684
4217
6943
4670
26907
27524
23612
15206
32353
30390
25047
7235
20738
16493
23588
21064
15988
20182
7404
31528
29805
17504
31281
7404
2213
10353
17429
21570
15837
10327
20984
15640
6688
25729
27361
18793
12873
7663
3359
31319
20165
22503
22832
12155
19866
16874
9185
121
26024
32230
29623
21719
12079
5805
28046
11791
5522
15014
29824
22498
5723
3778
264
29424
29054
11698
29543
3462
12002
10072
25927
16055
7453
5243
16031
30638
11648
4798
4566
32578
20819
15571
811
19403
15457
29420
16212
12084
12472
1906
17765
2386
14250
9210
2036
29812
27671
31349
10619
8252
14831
5798
22525
20141
14066
25562
3053
10116
30906
15059
11851
21964
3068
3077
27152
9133
28939
31237
11468
2181
16797
30782
6798
23866
25554
16870
30980
10958
28274
15664
21987
18227
8822
7875
27785
13409
7627
24940
3810
30119
11090
26127
5512
20286
21547
20452
6958
9252
5683
28895
1854
26151
25547
23152
11201
19520
20700
26221
31360
17187
4376
19533
5480
19476
11138
5782
15923
15868
1840
3224
26949
7356
13647
25692
30676
31425
7273
20696
23884
6361
26851
16484
13298
14405
26314
24434
1223
21263
10447
13177
18095
11934
8335
25138
22738
31879
3096
30983
31811
32166
23721
18633
4320
23406
31418
10657
6521
11133
2876
15177
19252
20851
6690
30075
11311
13061
20000
7338
1384
29261
2483
28401
11226
8804
7521
7497
25833
10803
28482
25854
27136
18822
15295
23908
20345
29794
21402
19910
21181
30873
31535
8095
21420
8603
20217
16652
32063
20111
20823
2946
24939
11939
1424
700
3145
6048
15381
32760
21109
10945
29703
7523
24244
15301
30201
30162
17113
11843
3063
3250
4073
15678
31431
29250
14717
24825
8302
30720
18536
18188
23543
2400
8346
4280
8815
31940
24132
19320
25908
28841
3645
22488
11632
2334
17829
12938
4320
8571
23752
21431
25562
17999
20804
6291
19598
2970
4975
27444
7052
4925
17139
7332
3462
22446
7867
9525
23127
3824
11283
16148
13637
14787
22794
3873
8835
13080
7707
20478
17914
21447
25357
13158
3914
32388
11032
28097
26379
10256
19529
8181
16728
12204
13864
4990
14734
7123
2967
31937
6993
3880
5117
14237
31952
2478
18340
12868
20042
18999
31584
31305
722
25631
28530
8186
13903
23865
17835
25583
29894
26634
8917
25315
1756
3637
32590
13251
26518
24375
27382
11269
18276
30548
18507
15931
16478
29393
17107
9960
8141
8548
1211
23442
26861
3561
28605
28696
29937
11862
23879
26182
21576
20465
10713
7079
21791
5057
4014
18842
21287
3906
5280
19368
13464
25949
3910
8213
14454
27542
1887
22197
31251
12168
30067
25089
19925
28814
9655
32362
23353
25028
16946
9198
6168
18478
18462
13800
2345
18742
27793
25900
27592
32092
13404
30803
11509
6953
17203
28244
20896
20068
9743
12117
13348
3977
7377
16320
15121
3959
10024
10648
27950
2921
22708
4110
1726
7463
14444
8527
29699
23422
12093
23201
21761
24301
18931
21166
28292
32417
21085
32287
11364
22948
940
8813
6408
81
24093
27380
28201
21003
24024
21578
8920
25390
6423
25038
6851
32582
2442
20868
23220
7039
1275
16928
26202
19805
10542
32608
11084
6573
16139
26783
7499
12220
22782
9640
26567
25798
12447
7624
22693
945
1934
25895
26688
17659
4001
5207
686
754
7746
15918
30276
32291
12050
30673
11100
17940
31187
10002
2389
6710
8068
2812
11484
22293
13005
12971
21354
17362
8094
22114
8206
21459
13844
18135
7533
12473
23708
26321
8455
8338
11610
25333
29628
7248
716
7133
25486
10875
14250
30315
8872
21026
7697
1629
6048
14871
29153
18209
761
18524
19044
22250
7660
21976
20272
26627
5735
19022
13390
23652
3159
13456
16795
16259
29731
13040
26991
4716
632
16376
12925
7700
1356
14171
30970
16362
19997
10026
19202
25776
4474
16715
25655
9609
24517
296
3243
15187
6967
22948
24320
15414
3876
32595
14797
22397
3201
8938
24644
933
12195
12276
3602
21172
13129
25543
647
24781
29917
20663
18167
4352
3575
8585
13408
3174
10019
12587
31820
14190
26596
19106
14585
4466
10233
9539
18616
12942
17886
28966
30867
23473
18070
2008
16946
19700
8872
5456
8448
22059
25704
19748
17033
21946
31607
32765
5670
6571
27021
9545
32733
22269
11382
11567
12931
11070
2395
11976
29987
23644
7491
18060
22436
19128
22233
14602
6821
18812
15728
11741
20140
20783
10564
5851
28288
16518
20739
6031
30931
8061
20620
234
19748
6311
3318
13621
20452
7362
6612
2122
6616
25743
951
28676
14014
17633
9205
6388
14131
2291
25001
13141
6612
18174
1019
3138
20388
25355
31138
18215
24494
13318
14759
19318
28139
32533
8555
15003
10597
15656
29675
561
26013
24272
24131
24182
25386
596
9585
24828
2980
20482
24924
20386
9408
28867
26901
28611
16060
21234
21596
4525
25086
12654
13926
28757
16376
4334
30173
14665
27470
10133
26153
20709
23355
25287
1518
9930
15921
32570
1749
11916
24511
26448
656
20651
9656
19364
280
26565
26770
10722
13369
7689
11020
13789
3153
16111
29971
22747
2645
20774
21991
15155
29460
3278
20858
3099
657
489
882
680
1299
780
1114
1143
118
1473
1281
442
51
1437
761
1413
1027
833
269
227
270
741
443
897
546
237
976
1051
127
1078
1430
353
702
453
355
747
1128
1142
1255
932
1436
1226
444
284
627
84
1064
445
563
241
1454
922
398
1330
73
1121
913
19
1157
131
848
1293
1363
197
175
608
879
765
361
206
663
1141
928
195
979
127
1250
1097
1220
1222
995
423
1462
1428
166
1057
1317
1177
736
1326
1213
1007
766
774
520
1269
1315
660
308
1189
807
742
1294
849
689
280
67
386
599
395
108
532
69
380
559
277
659
436
500
804
1317
1364
589
1139
51
1007
270
1464
334
675
1323
1284
1052
121
628
1341
632
493
5
1174
922
14
698
29
1323
1242
886
1304
1216
1369
394
1355
587
950
897
1224
967
446
161
876
709
783
508
601
11
943
232
793
1431
207
244
526
67
1318
596
614
1085
959
1439
366
25
662
1067
1369
786
372
604
1066
1372
1297
1172
625
479
886
1335
749
457
1301
447
764
989
332
631
11
339
1159
611
674
1173
201
722
394
615
53
770
411
1379
1463
1232
456
340
962
105
496
812
650
1476
1260
1360
381
93
1183
331
665
225
305
1117
1326
31
503
925
1474
1182
1065
933
1200
364
840
233
1097
563
951
511
892
1094
705
1281
697
474
181
531
832
598
641
71
1363
1439
299
1218
273
1048
829
1328
1148
937
1454
1019
66
1258
725
1000
644
26
258
123
978
848
1015
157
530
43
865
830
1086
97
523
996
1464
585
945
1256
509
493
749
595
89
273
334
354
207
86
930
1013
946
265
1390
398
734
751
1035
1200
600
517
159
1014
968
224
1468
526
1254
1163
529
105
31
1060
1266
949
996
759
9
804
1259
524
1278
1027
1437
1140
562
1107
1067
963
1396
967
1133
861
216
158
1104
793
1005
390
788
573
572
1093
1473
963
870
66
433
819
1002
1020
414
594
1138
1382
135
1430
767
279
1029
1300
1391
1204
644
1318
227
614
1156
97
346
1014
773
450
229
194
897
735
1134
227
640
156
1173
1151
388
630
609
823
1030
905
269
397
180
57
1340
1182
665
466
1145
927
106
220
838
1233
215
171
1001
498
769
271
1120
638
81
56
1028
1379
273
629
520
1221
501
23
1155
429
948
1387
222
342
432
227
78
1436
992
1133
721
1232
541
984
1139
101
1119
13
1204
390
1420
129
1357
139
849
244
359
784
1188
821
786
259
662
246
697
370
721
1150
321
1329
861
106
737
1081
883
401
1241
965
706
647
1314
1104
889
1272
1468
619
156
556
641
1145
191
418
641
1272
696
1286
1138
173
13
1231
143
119
1400
265
1171
431
733
1054
719
1244
865
1047
1216
154
1280
349
658
1016
282
1424
542
862
574
1056
1013
159
575
1434
645
15
982
630
1051
1181
675
1443
386
883
1123
362
154
889
490
923
525
695
1318
820
1462
1029
580
590
1443
1330
1337
57
1297
1312
919
824
1113
41
1057
203
409
243
797
476
716
964
493
570
1006
469
748
1415
1351
155
1265
636
1389
91
904
772
436
570
952
455
882
1184
1381
1014
739
274
682
1197
1183
737
1434
351
797
1442
891
483
294
287
659
77
1223
1451
566
1394
3
1204
736
1096
1244
1212
907
364
1212
1270
347
273
1398
619
662
1425
423
1400
1286
470
586
605
589
774
1231
967
47
23
1348
1178
1386
70
1287
610
650
939
56
1335
690
660
770
142
1143
69
679
1154
683
567
1369
1291
445
479
1063
754
1175
1338
1408
505
1012
191
1006
1128
343
1120
66
481
256
812
1167
671
1329
549
1276
1421
1400
54
146
365
203
475
170
87
987
1459
1279
1412
166
1282
182
1058
850
59
207
906
619
540
599
359
848
1
1042
1193
373
221
607
1370
1321
1011
22
451
1105
1329
934
443
772
1194
1015
803
456
701
145
381
905
1424
869
291
1029
1218
939
702
396
104
121
620
1340
562
1055
417
1032
1025
1264
1429
1204
752
84
27
1121
80
1370
276
874
972
1224
391
78
1017
324
1303
748
1125
13
813
27
314
1343
96
140
1374
475
1083
1456
1380
535
1126
446
605
529
1255
20
1125
41
1062
313
327
975
670
1023
248
1065
1123
198
1286
874
1205
1085
663
112
1234
1007
202
848
11
1369
952
248
498
318
192
1036
668
986
1088
1355
729
680
642
783
1124
997
183
1292
350
1046
169
662
645
1286
251
1122
1393
1163
301
602
369
939
933
590
382
600
985
658
1033
1252
1410
629
562
110
941
548
505
425
71
228
940
1184
1070
932
881
922
198
346
177
1135
305
516
921
1434
107
710
17
840
720
210
126
32
1415
1287
252
1233
351
749
1135
529
888
485
893
1228
593
281
441
1085
691
395
19
1222
1308
1066
168
198
457
1367
1475
654
481
793
772
300
975
988
1139
1132
461
87
1232
387
906
89
1042
1266
1053
544
1426
1015
103
175
282
1198
671
949
473
103
676
214
1100
14
863
547
210
1102
1094
184
16
202
11
1386
516
466
713
153
30
862
1327
594
647
1344
1186
1390
798
14
874
621
685
1281
296
59
