97
482561
1760536
-1174895
3229136
-3832418
735918
2892979
122616
3568585
3693660
-2562962
1258121
-1418565
225868
1567039
2243963
-1897149
-3304485
581227
-1318165
-1254499
653744
-2029710
-3639450
-2544119
3332077
3623050
-3726590
1196782
2173123
-169206
-1270052
-3366906
-1219715
-3772184
-658235
2655848
3166800
-1682658
1179830
3267186
551894
2706879
-3819202
471777
-1651336
3027998
1786298
-3871663
1575310
-1843956
-362045
-1255792
-2142533
3375474
2893053
-166864
1692192
3720538
2997046
2082870
-1267621
1579584
1334760
-2583667
822901
-13263
-3362305
1143855
2086677
1282832
2542000
2732805
-2754968
259825
-3861481
-1502542
-44246
-1330580
-3126590
-666260
1497296
485510
974640
1528287
1983648
594475
-293375
-1397866
2158318
3843086
1957330
644569
3702351
-793197
-2497844
-701412
