195
-778867
-5568378
5247665
2091610
1198725
-2246106
-1556068
-5400614
4566297
-6270867
-115755
-5412556
672099
5286277
3746361
1871452
-5845597
5310078
-5786014
-5990861
4159143
4737493
-890618
-3778483
-4547301
-6766528
6065309
-2372213
-2498930
-79199
5289895
5375485
6635334
-1851105
4663655
-756945
-2851538
-3459325
2825
-4712718
-5689121
-2659721
-705123
3262673
737985
-4629906
5969766
-558931
3538602
-2519849
-2389381
7582611
7106484
4237837
1535400
-5762172
-4986834
-6940760
-2335757
67207
4084762
839414
226532
-1076768
5516713
-1184004
-2182123
-6633385
4138317
-5706734
-4616158
7136447
-613938
-5132882
-4365312
-1259024
-1624020
-720462
-5607380
-7426005
3676276
927019
1341905
3224911
5335960
-289445
4183643
-877793
7656085
2674674
6474662
-7494770
6617768
-1254957
5871315
-4603507
4545683
7112695
6096642
6227876
-2272222
7635826
-2064876
-4722182
-6653603
-4381501
4987696
-7396344
2789889
-690008
2738434
-4267783
2802326
4801844
-3018182
2129155
593734
6467245
-3113424
4871963
4607808
-6293218
5184747
-6937504
719721
-1981912
-6462338
1869969
-4544124
-4762803
-5353652
-1282271
-3113733
-638420
-3191322
6031986
-3859966
-857445
-2477077
-3430686
-2127970
-5192487
1140740
1763316
5343405
1951477
4257790
-40195
-4293922
7548501
-2482953
-6824165
7533896
-1438368
-2947180
733141
-2278699
-1929284
-4295641
-2997199
3169890
-1376385
5739760
-1212370
-737793
2179822
-513194
-4876025
1132940
3677527
-2045160
-6413169
-7738949
987332
-6209112
3241296
-4345170
3739657
5685171
5208701
7493131
-5272808
784797
5999504
-2407374
7196211
7384531
3832307
2799290
161467
-4827649
864187
-3971034
5653420
-1616110
