1562
-30678623
-53313083
-40727221
33873987
55625187
-31759080
-24882177
-8505883
30527987
-9382241
-9163639
-35513059
-48515332
-31205685
-10361609
14799709
-23326488
36740462
-5345030
-44393775
43376707
-62070892
21758384
27116847
18080031
-1184298
19127507
-25559022
35820620
-38931306
5542851
62116397
-1509620
-24634500
-44440723
-3418213
2405564
18920228
37316188
869063
14380218
-27927460
25770252
52359404
-10116111
-12049657
-28176136
-29051133
56777902
-47727829
20780171
53811138
26676257
-55415025
-7450338
-38645522
11611126
-48770903
48238223
14138878
5538086
59385998
13411513
18809859
-53427894
-49914370
13841606
-11754139
-59492720
-29268449
-31298028
23793743
10971296
15474852
-29367866
-37101438
-30369786
-58647794
6845521
-54554030
-13931092
11727604
-16955318
42419587
47325954
-12901998
-38611485
-15933325
12259501
16088197
41007611
47106290
-42695704
56142692
27696101
-50255555
7323397
25871238
-41747191
61814300
48048571
34518340
-21292679
52835734
22905475
-3602305
42974383
-35620592
21299681
51046005
54922588
47992451
47826038
-51445699
35292594
61225481
50258707
-52583404
-60543818
3854161
25790614
61475787
-33960462
12394379
-29227512
462962
21134382
-33666503
-42379151
-5712504
20854042
47398728
-32313587
-39013763
34813394
13042428
34344735
-48759521
42488637
35899673
28629019
-34560270
14092782
-29830880
-21530680
11546235
-45698701
-40799699
-47326880
-20824809
-53424290
22868980
5510906
60223163
-20681409
-21701141
-8712975
30014238
4239957
19065948
-12272833
963964
-61078441
-19295651
-14307419
55093556
52136538
21268936
59612705
-10191267
-9734391
1604382
-15336329
-23721073
-13687376
-47554523
41583217
-30404679
33309922
43847713
-60697323
-55509399
50133591
16848399
14496802
-50057383
-28800200
-58224905
-30988155
2345877
34523154
3670420
33024792
39992029
53420604
2614765
-15125118
58911338
38234536
-51070453
-52832322
-15463734
19015304
7334489
42689673
56546427
-6465422
36307044
-8596527
5812880
-38591767
28208620
-56621814
26252806
658526
11038749
55726785
49628878
51740932
-30968492
-61538152
42135124
-53827329
-43936853
50064952
-36322982
-9598596
34628283
-39337633
-16101255
-7094882
11719056
50393111
30669937
30533115
-59363168
-17852476
41474350
8146775
43604821
5990304
-9351129
-36587561
40108033
-23414152
28569839
-10679538
-47409709
33477341
-25156099
54039450
-3979278
14751828
1679056
-45987021
11168041
42459347
-35111029
11760859
16939843
-24689658
-50153839
-25954035
-30073574
-4145184
48828494
4616339
48990353
-57858172
11898871
-16117772
-32509624
-13538076
-20387927
21946337
-27569204
-62027861
-41841592
35709099
-48553785
-51594911
50793706
54983390
-50733215
7104120
-24241799
-47817309
-7243201
54918911
-18813934
7955819
-47527144
60770312
9341250
36965974
46061055
42917018
-22558663
-48403690
-14899939
62288148
-23922045
-44507874
-7487292
11727092
8732437
906345
-37529242
-32444341
-12859079
9983395
-31789693
-12497997
36915726
57360081
13069501
-621008
-24377419
-22968196
60057502
-35860707
19308995
-36771514
-13481669
-38930890
7327633
6934979
-25651847
48314737
-41108444
-2374330
-28074952
27109073
-58651199
-56593756
-6966818
55100736
44097202
-43563818
-12575992
25271224
-58278165
-59098641
-33098885
-52919056
11789282
55913683
-35459158
-26082034
60693079
59284269
40560156
-50497874
-40491077
-58179614
31218747
-13427160
-49544761
3873810
11415676
-48509175
27610397
741070
-38538783
-33390478
23095864
29231372
-52009128
-18759549
57113165
10979930
-3066985
-50339456
-35043497
-23985061
51668699
-51790352
38676136
-40462628
227716
-37915256
-16134574
-12275388
11286376
33106963
62051498
-55982519
-38064250
9864947
-41192559
12261600
-7765303
-41144747
-26165018
61295353
20336424
-19882087
-19714989
-1909445
-50625576
-25214747
53266111
61637146
47087789
22197984
14885815
29529699
4970457
34483474
-61840749
17543355
-60975693
-38442901
4116064
39906991
-60988076
-13865498
21850999
54370566
-14140438
8354855
-30013751
-43818097
-24016028
33862029
-26013611
-16654687
36599828
23986605
-4047747
5120333
-36507788
-22168945
-40147810
-23036398
-35752939
36718034
6112883
10632897
50684161
1384854
24841971
-35092044
30641649
-38731625
40052890
4219780
33661845
12761825
-30255325
25520667
-60122170
-34871782
24757958
29858150
-44319109
53951053
57844694
9363318
15146399
13512206
54599250
-46520169
27382657
-189745
1947915
23294131
29672125
32498343
-58129899
-43890863
-3645049
-15602121
-48261206
55144687
-20500948
43936297
-30629068
30691714
-6286899
46100863
43166546
-24499197
-13404451
45139035
-22807491
7361633
-55203178
52760303
20408795
31891866
-36045099
-23382214
-55917171
-26399281
21688132
-45319659
36770485
60703335
3191433
22567290
-46247338
26493472
1417572
-42775380
7994777
-48040687
-48589391
-3069254
-37170799
37436738
42271508
-19365591
-27887378
-61258618
-16047385
-33630484
47913180
60765968
-1870988
-23311411
14123952
33547783
-51362613
30866786
42135440
-32453444
-27305500
61994227
-10148730
-49776391
-13892206
19519705
-51481532
14377901
-26625695
-43747615
-47999147
12299676
7728381
-20267698
-29586425
30871867
2200641
-19177699
41615917
-39809053
-13525972
-40902648
-30073251
47147019
43903108
35244719
-42168207
-27292181
-58358531
-29394417
39087445
46801286
43964325
-27763482
-8674725
-58205905
-39901992
61090515
52145186
-59114670
35867606
41157206
13810192
-3802996
35805990
30975383
31901635
-6227073
20054100
-3290944
-58658654
-26655112
-30263858
53808374
-27840742
-13344775
9171766
38027372
12230514
7768659
57611107
-40768127
27978015
-11154843
-32686688
5518385
-7884538
-25379919
-9892529
-26446999
42020305
4115300
-44679436
26004651
-53827325
23935885
52670523
58852514
-28953303
55051141
10911016
-17667905
-43945458
40549646
-20624138
-18353858
30041083
-9530176
-22145177
41459458
60236663
-21760536
-47686708
18143522
15342144
28076524
49496578
2087122
9004915
7976535
-17819678
-38158384
37250404
-28409770
44806934
35154727
37939625
-58773167
42118700
61162784
-47354937
-53690156
11078308
-39319444
26459079
-14102669
53175838
43886759
-17535740
-46339702
-15963392
-48481940
20261198
19279186
-30690339
-35802865
45766386
43210580
-16471605
-44362544
18755783
-34106077
45962388
-60802407
-32809552
42588703
11280481
14832210
17418150
48731222
56587227
-15158512
51304475
-2855293
-39050833
-2648271
-20705112
-34177638
-39643677
-34808340
-22729357
-37651636
1734209
-40573957
55533607
3834804
-44891296
-24802990
11830543
4054491
-52114082
-30966429
-13320961
22136617
34359512
9335985
17359341
48968321
-2884660
43973795
26298798
-1848622
-61631129
40669648
-5627239
46803047
14417583
-56144362
9090906
8381437
-26771473
19233623
26118795
-5847591
19542348
24538825
-24622585
22809473
-32266355
-17039763
20671930
-58545209
7895715
-40823109
-7324927
-55336663
35257412
-61823011
34122176
-8120120
-43239175
-37482430
36547685
-48742514
-11886764
-3076295
-32075738
48355526
-37515419
-6727578
32875299
-32177178
-21941630
-40145367
25049487
2087301
-27721357
-43129469
17539114
10747319
-57846933
3237446
47065182
-57212823
-30387730
49304556
-10897092
-27647567
10123258
61635429
-27877872
-3049290
26638951
21968578
4228034
-29765305
17335496
-4842546
-46969846
-2044773
-36292890
-40782108
-27031741
-17658256
58792711
8105280
59630610
-21025923
-49983061
17971444
-21620353
-60381494
-40743287
2048868
51620126
-53807830
-30515941
-42576298
-38679306
18050288
55731802
-59201116
10173804
-31376223
27900768
-33281612
34472498
55104775
52358512
56860338
-48353317
-23171830
5395115
29866484
-41160868
-50676855
52177327
59384518
22495024
34896603
15191285
-17367711
4536029
11539195
30717805
-45906701
53582970
-28639790
12391640
-50480332
-7011794
39284817
-43888583
38664921
42671548
24941333
4719041
22995058
53679996
30387131
2042822
24793171
11947845
-20249530
-30834968
3198817
30816126
18755719
-38306690
-54057740
-300872
-21600067
51825424
-29325905
20675833
12690784
26080815
45006973
13472799
8506526
40802235
49676394
-61502002
47757461
60280456
-23147136
48760046
26150623
38146656
-2668360
-11370936
-13708493
-53549804
21842042
-31678817
56220966
41999805
-7517492
54494111
-19224426
-23944908
-16913784
3965885
-58260168
45059931
-17954479
-50953880
-36849667
-44813950
-15921349
-2053552
-9896170
39222149
46873327
-55147334
-18493849
-6768411
-37393199
-58513185
1717178
-50352670
-918414
19040567
-27996358
-44686472
-40617573
-53160554
35590030
2747234
8205271
23629790
447947
-14922459
15101812
-61569128
-50411263
55519581
47742888
-20118506
-48668243
-4200195
-51140699
23781579
27010983
-51779088
2232715
-12146389
-17394952
23546659
-19576133
39659092
1950263
-56520324
-13442677
-40730177
-47869751
44784863
31307994
39602753
-22818059
54756495
17528922
55987601
44855514
52068298
1904840
-29767755
189659
-37438268
36400130
19165855
39736483
-29717209
6332331
55720954
-4835901
22707684
-8218034
-27181346
44174798
-47412269
-13972588
-52671474
-34695932
27521827
43657031
59801050
-47849701
43490973
-21900179
-23396284
20687816
21985883
8104997
31867869
-60764844
-61141709
-51828090
4356581
-34247022
49397042
-17515057
52925002
40568450
14440960
5190413
50422784
54044426
45654712
28691934
-3141215
62208551
60218535
-34566992
-22315172
-41244177
21761128
-27637879
-35604924
11517580
-5652155
-56530133
55409775
-28379784
-34538248
-7483462
-40464986
-2424817
16414758
-32157978
-514108
-18595908
-27348939
26536960
54833857
-59567010
-6996614
46325025
17753885
-51660069
-5522967
-31216235
-29739367
-25982851
26328064
-42046108
-27825896
43985056
-3421374
-32732354
-23172245
59120828
-54307568
-2222640
60580815
-11397167
20627959
48380919
14017902
-7946771
-35806255
16608155
61186247
9775035
5456262
-22728854
-23070884
31485419
-27850555
-6175327
-4335091
-45839982
-61839611
2760744
54958033
35434500
-41322442
44559144
-26686374
-5344551
61090904
-9538579
13149947
-44610954
-11821424
-28953000
-48311946
15734941
1848493
48725987
45267694
-37028364
-22939610
3682125
515632
5299018
18121733
43881920
-34231303
52094389
58465461
-42897867
42602754
11959655
-60445415
-41541734
-30737891
-28983177
45715097
-58087770
46460892
-18048558
60699382
18758596
-21574712
-53788173
34982767
15234535
-44945743
33622925
38776016
-29956855
8025954
-14870298
37282409
-52042133
9703897
-10635217
-24114602
-59726862
-4335114
-37563971
30991756
-59450222
-33239496
21821717
-50131050
-31530990
25543818
52282827
34151688
55915854
10030164
-9138405
14309877
-34149466
52180259
46010131
18396441
-35437710
-25265820
-31436491
10955298
9889449
-6290529
48906242
8866523
-60756807
-15624381
-12816924
-9322813
37849171
3679693
59456810
4931364
42034510
34067412
-34982208
-37592635
40967917
-15808781
-61881000
10863112
18608624
-59352545
-43698849
-53466073
-48361492
33192936
35273803
10384028
-33062849
3280800
-15986057
52341914
-41296694
21789988
-31002539
18042815
30106015
-2308835
-60732405
49262137
38362505
61126951
-36672122
-22624708
50303008
-27472116
-7219284
18111750
32854458
-36147498
-3938682
59706238
33963460
5590959
-36199703
40723022
-12617474
-2910008
44993226
9423332
-16131065
47372494
33970281
7578557
-12145572
-42751028
-54559421
531701
29117973
58891133
45570799
-11879556
11652769
60132
21466591
26210992
-50648964
12195070
-32951690
38674350
39383164
-44349823
-37382473
7746146
-34347303
-49732609
12637907
37485941
49885285
24101338
-57000668
-53044827
23881868
16799014
25760509
22982566
6358672
-60171661
33194823
8850287
-12969830
3246743
47008590
-51582152
46194439
-17181277
-14921778
-7384904
47278375
-54217928
-49794609
-54691483
-55671043
-25090794
-42831306
31760665
27137621
38400031
29622199
-32871076
47817554
-24018975
-61895980
10821632
-52178352
-51743257
-62163482
-54906424
5393333
31018563
-58441188
42469951
6777564
50125387
44158766
13926513
-53984728
7436290
12307086
-55941474
-61108931
-9193290
-43880807
-38372122
-5935627
-17683527
-22542612
-8955807
28339997
-42240505
61262063
28556113
629478
18253743
-42996896
-9898462
17653868
37571988
-8025306
11510810
42010426
9593928
40137219
60052057
-34098829
61514230
-16310259
5722590
9200748
14554703
-3908770
29679614
35362498
-28048854
-50100540
6310072
36598947
2518919
-48070818
15008151
-44324155
-4292684
554794
-52762691
-22382981
-17913208
38982446
30438714
62162889
-39413671
15455950
2642580
19042045
50698846
49331956
-39998105
-16768021
-45933854
-20498130
-24301821
14421341
58780234
-50827608
15318941
-9994682
-37446763
-13057591
24928473
-60811734
58978036
-26001757
-60649861
-5311128
29773640
39968358
8450733
-23633614
-9831651
48334156
-19738725
9417357
24416909
56284233
-21785079
919792
-34203049
-12477624
29463150
-18083429
-2535916
19016725
36909370
3828531
38097742
11148093
33418351
-47385979
-15647522
8969861
1829505
17643879
30204410
22452123
-33426916
6194918
-3413452
11296300
463398
57695664
-25547596
-25075237
-42740975
-47008802
-43009724
-43337170
-55684428
-50591182
39231360
-22020817
-26910144
42254018
851495
-50190123
-62025743
-17897706
-37303286
-2385809
29130564
37468374
-44903077
14412818
-58885725
-53489603
19350856
56980911
10959769
-1205266
-57204969
-21364215
881030
-2314576
-20397021
45582054
-61393870
53099455
3923306
41272257
15566466
45028667
-52566168
14747774
13974580
61666989
-32058564
50313665
-49093914
-43579117
-50828587
54016220
-13742809
-43209194
-60001385
-12532647
429479
-30716165
-49939084
41355166
-12047042
-60441360
-13155412
20964002
-6330259
59544570
16965429
49836803
44002258
-54828468
48868670
11280709
48454922
33804804
12670932
-23770340
7484534
9489378
-44167431
41618375
16906664
-61169159
-39351721
-46194636
-23496330
-30054610
41433182
54923454
14497007
-42118762
61639979
60324013
44123731
-12747616
-12744977
1875186
-5970125
-21537943
44778886
-55514261
-61013565
49083771
3977225
-47114308
-62208801
-5817876
34477646
56503895
14759232
33906988
-54508737
-40029590
-13592331
-19881451
-17427178
-41168578
-37378515
-21629662
30465646
21660525
29083476
-24628425
-28559493
5555812
35347986
39175611
58207055
14756678
-21819599
34744992
19143807
6749617
-52127897
-16269789
-59310160
43744598
12254869
-14994800
-53594905
6297535
-883564
-10090240
29565944
34175669
30587132
-2674998
-3307316
-49918420
43183170
-56610842
15609123
7466102
-9916784
26801571
48980
-41999222
-664875
-54901528
-16130293
37669892
-13681641
-6851496
32417258
15404473
26952957
41926704
19933931
-17089619
-25192005
-32200551
14537209
-13837051
-21132228
32998413
-52694126
-59005828
-55105424
31128817
29480493
20003530
-59448651
27671962
-21839883
18262199
-18325453
42831643
53356418
4235121
59674709
-13691087
-33393961
18093501
-1342504
-53619813
57874277
