1000
60
899
979
199
955
553
957
539
228
913
817
238
654
484
303
220
796
58
531
529
128
816
667
473
160
433
586
351
940
309
571
150
429
228
989
170
989
401
537
564
342
798
132
287
267
612
844
549
217
247
916
72
955
627
192
883
280
73
408
796
358
583
564
759
978
723
923
452
199
262
772
20
954
352
873
774
135
343
983
668
469
791
582
244
394
872
984
367
423
203
475
700
865
466
446
610
812
162
246
455
544
817
694
948
25
495
8
396
592
567
918
504
179
954
879
229
732
528
147
88
756
77
868
614
814
60
802
598
147
599
37
443
713
570
480
323
395
283
266
329
542
602
387
458
385
280
921
993
594
161
857
836
24
928
892
411
588
527
518
555
311
532
368
623
194
690
840
289
783
588
526
300
851
522
734
25
240
217
971
827
796
468
594
339
923
197
2
674
301
689
628
714
279
895
999
59
434
863
560
927
558
954
356
589
109
829
837
174
543
493
749
568
185
201
214
262
492
298
414
612
327
964
395
475
676
673
610
832
682
442
727
181
432
436
548
261
245
84
186
736
207
275
968
770
642
776
342
364
884
392
496
912
74
54
227
404
237
522
106
574
146
603
37
697
300
532
582
163
378
975
35
15
560
781
186
377
239
897
441
413
435
847
304
814
680
96
69
471
348
610
309
931
602
114
723
526
636
249
858
696
661
15
18
412
274
593
261
44
151
396
47
506
593
543
119
879
311
282
167
580
502
313
37
874
785
638
855
881
861
34
1
275
510
842
302
30
436
881
432
979
979
233
232
443
917
32
140
146
863
164
379
266
846
983
489
616
464
665
579
381
210
617
554
636
605
921
896
142
15
947
395
711
355
191
212
190
616
146
791
512
266
654
96
769
402
716
857
463
134
506
342
343
97
628
53
764
353
612
110
419
323
145
303
784
942
880
204
886
313
389
416
352
942
256
318
962
75
48
254
967
93
601
432
185
51
980
418
730
195
98
330
470
855
265
994
292
133
571
263
296
442
313
815
363
348
602
813
653
417
795
247
999
595
517
442
563
248
562
330
87
67
389
11
534
220
308
534
118
584
359
52
359
384
374
477
24
899
612
494
49
91
213
859
679
464
880
34
228
975
468
83
243
168
388
449
19
138
555
370
387
982
166
238
480
638
307
344
135
580
637
271
758
642
765
268
216
485
440
946
404
937
771
503
852
963
823
244
270
744
724
942
853
513
38
626
165
42
522
50
209
335
319
898
92
30
197
642
833
474
543
985
948
182
519
565
356
643
549
301
31
287
512
378
980
318
385
25
622
389
474
914
381
139
425
734
996
559
691
835
539
975
123
799
883
405
736
933
747
970
248
362
981
663
359
495
319
880
205
388
690
47
290
481
500
466
82
908
350
948
177
625
125
564
245
804
401
183
958
728
336
894
959
477
664
879
681
563
438
637
859
434
913
567
76
445
37
282
244
386
665
29
21
10
704
80
565
561
96
740
393
524
147
168
81
69
329
593
334
544
922
294
763
955
700
311
214
496
409
355
757
210
157
748
873
912
403
859
564
628
261
179
529
587
829
271
375
794
391
338
453
85
210
587
997
351
930
588
993
473
655
414
527
258
675
231
819
474
366
503
616
175
290
717
526
868
510
716
426
685
666
301
616
522
223
211
697
791
348
593
213
208
296
987
584
716
235
719
460
993
826
338
154
441
814
218
287
775
636
511
176
612
371
8
142
184
432
663
895
49
401
324
187
685
939
330
785
304
555
563
300
523
31
261
506
202
330
425
998
404
674
695
698
449
426
404
559
550
629
167
679
975
169
270
129
344
440
194
882
884
453
765
659
506
11
359
824
611
501
964
978
308
637
270
120
443
846
313
906
555
87
746
265
952
901
726
304
82
440
900
683
553
217
971
530
605
353
521
619
354
696
104
362
957
95
265
698
914
655
670
897
57
166
153
461
972
781
637
880
250
666
960
124
320
766
173
879
172
654
899
997
657
146
232
192
49
632
747
816
950
206
60
522
671
777
636
435
100
624
595
73
352
95
685
501
192
956
548
186
247
68
605
421
655
20
378
250
967
151
274
146
784
322
714
982
166
544
474
947
166
718
72
771
652
22
349
934
17
276
616
141
95
67
550
715
948
653
455
601
784
36
367
24
647
459
978
686
228
484
676
348
612
680
419
373
30
224
557
903
483
918
777
871
666
602
911
294
49
781
487
214
258
760
114
610
147
242
306
552
539
788
818
888
485
133
101
489
895
332
112
248
583
473
614
552
66
945
824
400
236
77
