10000
781
20
9499
1661
5783
3843
4378
5199
1678
7924
2393
5479
3234
1411
2256
314
4600
4745
2282
9490
4689
7382
7261
8453
2556
7805
3223
1362
4859
338
1869
8753
2230
2420
9875
9736
7714
2570
8699
6764
3646
1456
5182
1198
2291
2894
6252
3841
6586
9709
8643
3165
2491
2601
9712
4134
3128
3748
4104
3289
4062
6240
2966
9627
1415
250
4307
753
671
9383
8438
15
1693
8720
6017
5794
4397
9517
9223
4637
4656
2259
8078
7892
4674
2845
2425
6297
4831
395
9427
6473
6133
9757
1402
9478
5191
7198
3409
3683
8279
7905
8148
433
2353
4844
7609
3052
2376
7783
4571
8277
6833
147
5509
686
2305
4842
529
1351
3447
8858
2590
4667
2185
6881
3075
121
1679
4008
871
819
6274
735
6300
2585
659
5852
8510
2227
3931
8707
6223
1121
1334
2644
624
5731
1326
9832
4143
9255
3257
4537
67
4326
3745
884
8872
4157
263
9552
6219
2699
3576
9451
3589
4592
2907
4824
344
8672
1647
3979
955
2010
8711
2688
21
8844
5330
6959
1771
7986
9804
960
8633
770
4455
174
8066
505
1591
2525
9287
8723
8448
1835
169
7053
3888
2968
576
3210
220
5333
8839
7175
9707
5806
6766
5776
20
2647
6909
9071
2665
9783
8136
9256
8369
5975
2151
8869
4806
2521
7443
5458
4035
7416
4576
6888
2427
9620
4205
1066
7529
2410
5564
7025
9099
4581
833
9448
1518
9527
4205
7591
4376
9718
1496
4975
6119
183
2081
6970
317
6187
2197
2177
6664
1931
336
7338
3075
1172
9302
9095
8031
2131
9041
9359
5695
2495
4200
7179
8054
1977
3300
3873
4272
373
7474
4752
1523
6437
5495
6080
2564
5530
9830
9782
9241
5626
3203
4122
4418
2144
9782
6858
9366
7622
6638
8922
4030
5619
218
3458
9972
580
7752
101
186
8412
5133
2578
7739
4587
6721
8253
6178
3456
9695
6348
2316
2190
4544
2049
766
6879
2626
5546
5749
8220
2411
5081
2674
2616
2544
2708
802
4896
7811
8172
5678
1394
3840
5150
1111
1760
6775
6332
8128
7155
9751
4345
1321
7055
3487
3942
3231
619
5123
9055
1813
5005
7104
9684
384
7511
2368
985
646
3460
5948
1837
1108
6705
1573
8027
7329
2987
6129
2242
5574
1948
2726
6181
2106
4629
3080
6177
8655
8427
7634
146
2606
801
8149
900
3795
9689
9492
1514
24
6554
8556
7329
8099
7087
3844
3938
4191
582
4712
4858
2475
1284
7188
1432
9861
8296
5827
379
5140
5190
6358
4282
6983
1872
7971
7681
1425
8356
4019
7454
4338
3432
8713
2735
8468
7878
2003
8314
5450
3063
9138
441
4056
5665
314
1307
7426
416
8153
28
9286
2230
5031
1328
6985
8994
4609
6994
6899
849
1893
6366
6634
6791
1725
5856
3598
9772
7708
8219
1433
7927
9945
7737
8501
3724
4047
2486
2523
9557
8704
1083
4495
9617
5997
8315
9532
9151
6631
2127
6801
4328
9362
2977
9304
3840
9583
3579
6139
8827
8453
5118
7349
1647
2661
6274
8025
9453
8938
7744
518
8799
2818
8592
4357
3856
1904
6675
3656
5534
3757
4385
6210
9617
2979
6416
2390
761
8199
6345
8929
3689
2040
5946
1590
9669
3964
1899
1645
6668
3077
2561
6124
7429
5286
84
4801
8508
5705
7777
8804
5849
2396
8623
4239
6292
670
5746
6346
2715
8477
2609
7144
5599
2109
3736
9124
6418
2759
8476
5801
7313
392
6818
4468
945
2053
4942
9178
5259
6191
4621
1001
4007
8410
3249
1264
3129
9597
4432
8205
8302
9705
6075
8922
3925
9834
6991
5334
8062
1871
3422
9269
3156
7881
7562
8327
2122
4053
7799
3177
5622
2458
2910
9454
2895
7121
4688
6156
3192
3831
3105
8182
634
6164
5072
893
7859
5001
3080
485
6977
6347
4936
3784
4093
5618
1778
7053
1639
6144
4070
2678
9237
2210
2748
8253
7147
536
148
6284
7673
2212
9565
5838
4567
1589
407
2025
1954
7696
2074
6953
4515
7923
4770
5115
2612
3977
8081
414
226
2637
2723
361
8336
687
5872
828
7601
7351
387
3048
356
6653
6013
1149
5629
8100
9209
3176
6120
1081
5677
7529
1004
2255
2694
7525
3792
9176
2256
8593
6513
7300
9047
169
511
6202
6721
3795
1307
5718
2488
6343
384
4904
4584
3435
6628
2809
3853
3072
2861
8619
5530
7118
8516
7224
9257
6544
8075
7735
22
8351
1949
7821
810
9007
410
137
4136
3116
5359
478
3241
7330
6727
5023
9047
2431
3812
2284
5804
634
2811
9615
440
2735
2563
7396
4101
6194
1260
9244
8731
6863
351
1344
2098
579
9113
9718
6892
2397
1990
5926
4062
2897
2016
905
5873
2754
2405
4246
1773
8813
889
6443
3616
7350
8705
4029
2113
1763
1738
1904
8440
3418
1117
4470
554
7084
9220
9704
2629
126
713
278
8847
6731
402
6750
5935
1132
4910
1405
4792
9058
8447
4553
2665
4969
7637
7834
6198
2573
495
5916
836
4952
4320
486
1831
9219
6994
3463
8924
2441
14
6742
5045
8250
2471
7062
1736
4708
1737
4859
5910
1313
1125
6928
7900
5553
7337
6211
1116
902
3873
2855
2008
6049
6240
6600
2372
1712
5757
1900
6056
4820
4590
6910
6424
899
3093
4954
8484
9971
7805
6231
2494
2321
5458
5160
1264
1173
4755
3249
6873
5830
6345
4601
6283
7868
7669
5012
4934
5018
9723
4526
3170
3159
881
7367
1999
3857
5269
3840
5788
1057
7009
2761
4393
4556
5040
3913
1870
1550
3053
2490
4263
4935
9440
3338
8550
7522
5607
1842
295
6394
166
8388
6577
8236
1535
1383
4338
3098
7360
7442
424
9749
2222
9450
6079
8984
4357
5387
8765
2980
9901
6936
398
4287
44
2627
4704
1467
8798
9899
15
6056
6484
3608
5294
2937
944
8920
9562
7559
316
5319
3567
2712
8061
9681
1734
605
491
391
2629
7710
877
3506
4869
1222
8710
5259
6738
1039
4962
1446
1972
8251
671
6146
7200
567
9707
3857
4574
2976
7682
104
6329
5954
2580
1829
4632
5684
7576
36
4079
7334
4371
1344
9124
1574
4742
8169
6579
7989
5259
8203
9297
8492
2845
5032
2880
6541
170
5066
7063
8044
8362
7499
4222
8666
2812
960
3293
6213
3413
2970
898
1089
6680
746
2628
7973
1108
5831
8859
645
8128
5810
1435
787
183
6836
4549
1157
884
8108
2732
1028
3852
746
7160
9385
3070
6058
5324
5448
5627
1985
5271
330
1380
7001
2861
6012
6136
5789
1539
3289
2683
2131
5853
407
7990
9500
7127
9588
4912
9693
9142
384
6544
1691
7756
9831
8336
8329
813
676
4432
4641
3781
9591
2719
9316
853
5314
5210
4193
3586
6775
5315
6183
6332
1122
6928
5738
1631
7429
8760
8759
3564
6903
3118
5256
260
5532
5339
5671
1705
7682
8173
4339
5717
7217
2225
6355
3959
4000
1842
9197
2833
2376
5855
4740
4674
7962
254
4101
84
6846
675
6465
2358
8802
1150
3897
6087
7967
9783
9898
5191
746
5018
2013
1998
7504
7634
3470
4776
4222
4904
3095
1511
707
5881
196
3463
9991
1048
6214
7839
3192
5112
5123
2669
1097
8039
8676
6590
7961
9116
5052
9248
5411
1263
9977
3480
1323
2890
5469
2226
3860
5859
185
1789
8338
3175
5470
8834
9234
6054
6771
2951
3931
1040
6502
6888
2835
9315
8195
1985
3985
6994
4628
5403
8487
260
5310
2652
2731
6449
1080
7709
2057
1533
8907
5770
5643
7266
1866
7707
4515
6304
3542
3413
1406
8100
1824
9264
6025
329
6892
7958
6624
6048
3275
8737
8043
1793
6469
4705
5128
7439
1256
7248
9222
5805
2467
7190
3414
6659
2913
555
3154
958
7366
3312
5610
5978
6235
6524
6707
1792
2281
1832
9646
7888
631
9577
7882
4397
3908
6464
2329
2268
3636
2115
9795
6218
7146
6954
2860
8832
8825
5865
966
7303
9387
4977
5879
5035
2638
1717
9416
2546
7713
860
627
3097
258
107
8602
274
2229
4688
7495
3551
9780
8831
8407
142
5065
365
8997
7474
6508
8446
5032
9685
3821
2367
7500
4607
6785
8674
2722
1253
8541
1164
326
4002
9635
2224
3764
9751
8031
538
1434
2882
6240
8539
2027
303
1415
8200
2793
8017
2321
5585
928
7807
725
1074
9570
1310
4956
2011
3686
9170
7027
7104
7152
1909
4002
6912
6495
1907
9290
5109
5369
8060
720
2096
583
2022
4460
98
4559
4869
2080
9195
1029
9500
457
9395
1601
9664
4584
9897
7871
8450
4669
9135
6089
1560
9751
8705
116
7792
4286
8362
7101
1396
3149
2213
5266
444
10000
100
2256
4182
2754
899
3440
5190
9219
2793
753
1469
5323
8516
9331
5531
9874
417
2536
2213
9963
4622
1979
9972
1603
5728
7614
1411
142
1315
8533
4375
9676
4949
5956
2780
6301
1409
1993
7891
746
8365
9065
7501
751
7602
1691
518
282
5743
9542
9330
7172
764
6236
6377
5666
1503
7236
5602
2235
6449
1336
2448
3734
8557
8914
4767
1371
9454
87
3213
7382
5910
7922
9208
1131
446
5999
571
2141
2608
2267
121
6140
1253
9998
8597
1202
5456
3942
439
2188
4375
1426
3119
4424
3701
8196
455
531
7313
4083
4890
9008
6860
9123
5318
8951
8349
5638
978
307
141
7983
768
5546
6529
1642
9746
8779
6218
3357
1371
2217
3710
6748
2972
8137
8629
6815
1899
5805
5283
4373
6483
4110
9816
2117
3535
3388
6169
4185
2387
4405
173
4377
3664
7990
2279
8040
3830
9269
2358
3216
2822
8459
5550
2046
3951
3266
3220
4366
1829
8673
2747
2613
2448
5946
546
2928
5002
304
2314
4784
2502
7130
632
4018
177
1065
511
5631
7450
3848
6843
8904
961
6504
7309
3328
592
2345
1754
6391
252
7304
8802
6186
1530
1915
1985
764
5377
5021
7671
6306
9923
9786
2151
4353
3419
6281
1250
8280
5334
5069
2578
5149
8162
5866
9958
2329
7255
7144
1216
2243
3383
9321
4399
9277
6135
8649
7005
9712
6522
6778
7752
3352
3074
8445
8066
7711
5478
1840
8071
2187
6498
251
6866
2631
3010
1048
9710
7586
9196
3573
221
1689
6415
9035
1275
6261
2960
6924
7343
3205
2047
7039
550
90
8507
555
7808
8532
4650
8165
8103
3743
6390
5322
1411
8605
1369
7706
1871
7826
4262
7850
89
2147
6285
4680
6412
3852
5133
5053
7438
7859
6230
1189
377
3647
2598
3869
745
1672
3743
2368
3721
6141
1978
978
7854
7976
9774
6489
4225
1347
127
6494
8237
3142
6135
6712
349
1720
7302
4419
3363
9633
6168
6834
9559
5184
9850
906
6182
6866
6237
2714
3622
1069
3894
9291
5002
528
2043
6428
9179
4939
9822
9098
7553
9085
8087
5041
2708
3569
5010
2246
3893
2136
6862
5504
1210
7125
4593
1098
5054
3195
2892
2457
53
1479
5362
9869
6064
6460
9895
1546
6085
1122
7274
8324
2556
4798
467
3501
5593
6064
6395
3294
9436
3856
7822
8182
7530
7621
9281
3109
1001
2922
7907
4311
3278
8818
6661
5393
1415
2549
7866
5325
3384
6450
701
2678
470
1682
1652
5379
4661
8205
4952
931
337
8160
2001
5308
3198
8858
6196
6979
6528
425
7228
2139
7114
3031
1737
7150
8600
8755
5627
9629
5835
1505
6445
967
152
4321
5154
651
9119
6416
6768
6061
8571
6065
2399
1242
9215
1513
5744
3053
6843
2190
8541
9261
625
8093
8821
3964
6794
1613
5668
1312
7911
7063
8979
2303
7625
2178
1765
1517
8959
6688
525
8197
8819
699
7152
2569
4596
301
926
4745
1553
2353
208
1221
4730
9245
2576
4963
646
6380
5611
6687
5939
702
9832
1638
3314
1294
1253
8561
7726
3510
5798
1618
160
69
4444
7023
7445
2892
103
8545
4666
5468
7867
7484
5597
223
6420
7884
6435
9352
5898
5987
1496
4028
8658
6997
7578
3661
2362
7360
6980
9866
3682
1980
3307
5368
8667
102
1115
3759
1457
1244
2895
2661
3368
4200
178
491
2967
765
7609
9
2103
3363
2477
1609
7706
2242
713
614
4508
2944
9064
7236
4474
9707
1675
1596
7653
8453
9741
5870
8533
5474
1815
5477
4765
2515
1747
6312
9123
7488
9249
9942
2619
727
2026
2047
4584
3239
9112
1138
9922
4267
5410
1131
9991
6599
5849
4169
3746
2644
1012
3456
3003
4172
9707
339
7395
9188
8821
5215
7150
6700
1906
1160
3742
1144
2376
5204
2260
2763
4639
9097
8742
9736
9931
5560
175
1993
5276
8918
1033
3772
8935
9246
9131
6113
9250
1320
4498
1507
9010
7688
7441
5657
533
5014
9049
7132
3774
3905
3526
2823
6324
467
5615
1680
90
8562
3099
8296
7644
8252
4276
5779
9998
4464
1005
3144
7525
9068
6595
5145
2401
8250
212
7456
8945
3273
2786
7901
7253
3309
9302
9569
2066
4407
1396
7417
2440
1138
9427
988
3970
4994
2745
3139
7010
4365
841
4651
1547
7414
412
7996
939
5454
3807
2727
3663
7049
9250
2114
7396
8770
332
6691
9694
6654
1455
2653
8780
1088
6879
8621
3509
6850
7458
1475
6331
5470
3447
5858
2732
5072
1654
7414
1816
3580
6394
5176
1142
5102
7873
5123
4036
2437
2720
947
9746
591
4598
3619
8926
4708
4071
2819
4382
3634
2869
331
2336
27
8990
595
9665
2863
5001
4670
3006
939
1501
4346
9470
6607
903
1736
1628
2193
3466
9403
1622
2787
1379
2163
9015
4021
4979
8279
4644
8346
5180
9780
2953
1547
232
1927
8097
2030
4108
492
6039
8804
5248
85
3904
85
1260
681
1573
7180
3857
7730
1889
850
8556
2357
1502
620
635
2767
6752
564
6797
5508
6895
343
5292
2599
949
387
7145
5064
5995
5247
4651
8081
4099
1704
3607
143
4358
7807
3311
1905
7051
1108
1866
7729
8556
9056
2967
4357
5865
7510
4641
8197
3657
6919
7649
1818
2772
1703
183
2491
5969
9603
3782
1559
2416
9743
1586
3297
4023
8514
9370
5438
781
9232
4326
1264
4201
5147
6495
9728
3240
4056
9073
2446
6287
8578
7841
5704
3591
3554
6574
6332
9842
6937
4841
9581
78
2899
5044
1703
2625
6700
3868
5987
1151
3007
6854
7097
475
8739
5563
7561
5604
9956
2195
9543
8618
1122
66
2378
2293
9467
8645
9603
580
6345
7083
7053
3782
4748
1108
3609
3003
3798
2299
3207
7863
633
7651
1588
204
2640
2642
3446
4085
7072
7856
3000
2498
4380
2814
8566
4934
2315
4934
2008
866
2651
3430
6414
1855
8209
2044
7792
1550
5272
7217
5362
8864
7957
8357
553
6996
1996
2798
2209
4212
7684
3344
5786
8862
1147
1003
4070
275
2618
2951
2707
8002
7478
6625
5944
4258
6620
5698
5874
5441
6777
2068
1020
8191
4636
2356
6496
8010
9373
9221
2817
8680
6186
459
9251
3894
1013
1074
6225
5939
5775
1954
4780
9004
8179
2003
6996
6422
8194
5056
4473
5405
6306
7357
4590
2590
1814
2008
3074
1190
4139
9393
1774
7354
1848
4441
2509
7331
9299
363
975
2255
9299
7405
764
9977
601
7494
1225
5411
3262
380
2428
185
2043
4484
8014
437
8906
1417
1702
801
9696
4456
5888
7265
8823
2273
3055
9692
5357
8798
4568
3950
1118
3745
5418
7808
7394
1920
3358
5458
5334
911
6963
2077
1739
1905
1846
43
6817
5358
7716
819
9634
5380
7807
9845
1678
2685
8914
5050
4266
1668
9092
153
1271
9927
4654
7401
6932
1162
6733
730
4499
6562
7526
4162
3340
8972
4173
6888
7491
8657
372
7074
4346
1259
3252
9231
1559
612
3724
8260
675
4083
1404
7159
7448
5573
3840
7213
8855
1996
9453
4260
8492
4523
3022
3071
4355
4861
1691
853
1592
6809
1150
6185
5487
5478
3781
5655
5559
9966
3351
4963
6656
9284
9735
1201
6678
4820
569
9252
4069
5487
5463
4551
2699
963
9041
3453
5259
1340
1401
1753
823
7053
987
13
3210
7853
5724
4820
4585
866
3113
1582
3848
5870
2621
2910
1948
780
3583
3540
9204
6361
4545
1740
7382
5490
7865
9043
3322
8305
7837
8269
5609
5607
4737
2280
8931
2488
4017
6830
5491
3482
7788
8093
2388
2267
6134
86
48
5541
6620
6424
460
1939
6789
362
4917
4992
8461
3290
1545
8244
6913
4552
2949
429
6714
3650
9794
1615
3898
6190
4478
3116
535
5257
8140
2258
490
2162
955
4631
7335
6725
1463
3829
2586
425
8097
4261
2022
1497
1423
6237
2076
6387
260
2921
7917
2178
9742
5594
9216
7339
2626
2353
5043
7385
6535
4987
7906
4041
9524
3626
7304
7894
939
2839
8168
8034
1826
905
3658
4217
4022
5491
2614
9493
4302
1761
6034
2864
1216
1841
8588
3582
8662
9986
614
4038
3198
2189
6437
2260
9957
6006
3095
320
7809
1297
5607
9228
3120
7668
7939
8321
3364
9040
8120
1222
2251
3534
978
8101
2384
364
6469
6462
6195
6549
7082
1095
3321
962
9979
7754
6868
9762
5197
1789
2256
5194
1744
2752
2178
4573
6120
8697
1969
2506
8488
8863
6162
4873
9347
4456
5445
7603
387
6387
3713
1555
9894
757
2287
992
2732
1396
9753
1864
3553
7029
5729
4812
2026
3445
1313
622
8913
1018
6391
2411
4992
6871
2972
5848
8895
5890
6632
1517
3710
934
7351
5188
2258
4935
5050
97
4736
8457
222
8255
4794
2623
3708
1326
4972
4388
2181
1022
950
43
7212
5097
3671
1335
1729
5508
5133
6074
5137
5428
7343
4846
2590
448
5766
165
2287
379
800
4145
3065
3854
5011
7635
7401
8503
9408
1988
6854
2724
4623
3013
5208
9502
6405
3814
1896
1877
7493
7769
4183
6319
796
36
2558
1007
7003
2696
3177
3143
9874
8069
6882
2559
1441
2986
2047
2705
7230
3662
7819
1658
5173
3487
725
9920
914
4733
5050
4723
6560
1750
8259
5461
8351
8351
3567
6745
9240
5096
3694
8446
2912
4237
3459
1704
1853
4843
8615
8418
3404
153
4141
4422
1134
3041
2601
6008
9687
4451
415
22
3444
2345
349
9488
2895
504
5736
4822
2436
9019
5543
6
2241
9359
2226
1443
9632
2927
9336
9956
8740
7677
2531
433
3892
9572
2636
2782
3818
7729
6558
5494
4875
9131
7468
5926
388
9910
2369
5838
473
3068
8924
1368
4957
9014
6423
7062
385
4973
3244
4221
1581
4083
118
2548
5358
1760
4968
5082
245
6494
2464
5066
2572
3539
6825
6592
9863
1618
8884
2137
4991
464
836
4204
2301
1479
8012
8362
9176
2269
9560
9014
8878
7154
606
4293
8597
3532
3923
3108
671
2610
7533
1644
7711
2250
732
4199
654
3379
2807
5039
3244
6913
8472
7242
4743
6668
2759
6887
525
2424
7079
1960
2354
9075
883
2013
6127
7904
7862
5188
2640
9574
2204
2643
9852
5495
6157
6817
2403
7345
4851
2071
3018
7207
1360
2874
6901
4429
2385
7621
7336
1062
7551
505
7870
9197
9948
2724
7158
5909
9176
6706
2305
817
8407
8918
6316
1523
5171
6807
3357
7301
5072
2507
7711
1385
1987
7780
926
1777
7953
60
3042
9054
9529
2994
524
1273
8914
2418
353
2130
3219
3942
3352
4172
1875
303
5574
4901
39
2961
2068
2502
1173
1825
5717
3039
1338
9536
9274
128
2640
9908
9458
9128
4525
3131
2322
4526
2076
1599
1064
1936
2140
3000
9775
7406
5995
1140
8321
8213
7056
1127
2929
8301
2971
19
4884
9314
9965
5542
3010
8067
2806
9077
624
9261
3619
8908
4506
1508
3076
1443
1331
1478
3822
2576
1405
9920
1797
6447
1943
364
1015
9745
5098
2753
3465
519
1442
8138
8611
1325
3500
1346
6923
6759
7268
3748
8082
1981
2459
244
432
3174
5419
4924
7407
2261
1146
1049
7962
8518
512
2738
740
5383
9113
3851
9465
8502
2152
5453
2053
5007
5186
115
2806
2818
6806
2133
5986
6598
9102
3157
312
8688
1510
5531
6072
1473
7743
4529
9746
322
4786
8574
783
7201
3045
1218
3729
8121
2159
6294
6331
4530
2811
7232
4224
1630
6111
281
6669
4063
425
7072
6534
1624
7246
4571
1489
9450
7474
6801
8356
4876
7751
9128
6959
9719
806
8879
8362
2502
6062
8170
1517
8736
6959
1649
1521
1010
8741
4840
5193
6575
2726
1516
2256
1832
6954
4099
8289
9098
9693
400
1577
5866
3542
904
1885
48
9380
793
347
982
685
4915
7874
6287
1286
7789
5456
6056
7714
473
7887
8928
908
4882
8286
3671
1650
9723
3441
7607
2359
3335
7609
5957
1287
2264
8369
7894
3288
856
9853
177
4004
3913
2467
1209
9753
4477
8902
5303
2733
932
5110
1273
179
5497
3082
7708
4575
5068
9641
299
5432
5245
9531
2325
4034
6813
6018
8319
5656
1829
8088
4607
6220
563
6391
7348
2159
4936
2379
3494
191
5218
2952
3585
8819
1626
2746
721
119
7309
2544
3388
5784
5707
2536
5586
1519
1713
2937
4517
2686
1943
7747
6072
6988
3817
3703
2217
5840
9558
1286
2655
5934
5882
1530
1202
2644
396
7191
3996
7668
7174
143
4611
2288
8696
9464
868
5703
2140
8494
6734
5345
2759
2567
2580
9883
3412
2491
384
9508
8672
5904
5480
5268
6261
6695
354
1615
1639
5048
2263
525
3408
622
2600
9654
5356
8034
6738
2464
9588
552
6116
1513
9612
2236
8347
7939
9867
2107
9010
6643
7005
1393
1946
4648
474
1093
1563
4923
2356
1526
7528
1450
1075
1732
1347
5668
1232
3615
3510
7140
6340
8241
861
5535
1166
5786
4869
876
4487
7630
3381
6565
918
7792
5470
5522
6193
333
707
3136
3946
2249
2472
4355
486
4187
7436
3953
4572
3687
471
8986
5458
1950
7298
8665
6022
2664
4313
7868
4895
8173
1378
1667
2242
2790
8442
6026
4643
9591
7331
2662
9442
2185
8751
3681
1041
9960
7275
5669
2487
609
8653
2251
790
570
4348
4161
2716
8895
593
2013
6731
1344
6241
7412
4441
6187
2231
8216
2296
4234
5267
1909
7347
9485
5301
2251
4621
5062
8168
7817
2025
4391
2527
5101
4200
4251
1825
6654
1415
3686
2131
4166
3652
8782
3801
2336
5380
5431
5485
3605
4711
3663
3707
662
7798
1646
4498
9576
2193
1227
7243
467
171
9918
1079
2394
9409
4410
1066
8312
2223
8359
2489
798
1170
624
5252
5279
5627
5617
1988
5928
2696
4078
2739
1776
8098
6579
7694
163
2742
6992
6988
1229
8308
6961
6731
1209
2617
958
4303
4375
5181
1880
809
608
4508
2734
1609
921
4613
8418
5572
73
612
1870
3971
2874
2719
8774
2449
2433
1571
1085
2483
1854
6684
166
9189
7010
3575
5073
1896
8692
6424
8097
6909
4513
7978
5007
4784
7015
7242
1457
6277
384
6370
7464
5443
2959
534
5901
6371
8731
3696
4569
6935
6094
6556
1830
6059
3021
8355
9193
4029
7110
7561
203
6811
7355
6677
1372
6512
8848
51
1703
350
6197
5898
5316
5019
1332
3118
512
2204
9162
1526
1469
3378
3542
2508
6361
4998
9154
5510
4254
710
9620
4599
7342
3820
660
3716
8717
1123
316
1207
1004
5785
2465
1445
5610
387
4834
8144
7273
9972
2213
7181
4304
202
2396
1827
3046
4334
6474
2679
2458
2842
985
714
2466
1913
8182
8528
730
1071
8387
7118
8856
6781
1898
507
2561
131
1682
1523
5726
8674
8596
1867
2396
8393
90
1737
8822
6908
1036
5519
4498
1155
1802
715
4479
9576
4824
5792
6826
1406
4797
289
9634
2050
8362
2435
6114
2658
7627
5264
5832
3520
2943
9275
791
7061
3735
8327
8272
4534
48
6005
5105
4504
5744
2113
8860
1506
483
9276
454
9766
5426
3160
2595
6511
712
3525
244
1738
4261
6846
6894
1460
7646
4946
3033
7912
2443
388
5326
2469
5710
1362
7502
1568
2324
9589
1505
6911
6205
7997
789
6385
923
8106
1875
1294
6188
1930
192
3730
712
5382
5865
5656
7946
9675
2236
2472
1166
8345
4326
481
1374
2365
640
9157
5821
3918
3192
5671
5264
7290
1040
2389
543
1903
6489
9269
2559
9353
4158
353
4717
7151
7345
1010
2378
5035
1702
398
2393
2557
1729
4546
5385
3342
5807
1133
1891
6885
9575
2178
387
508
2911
8731
5542
2960
5870
2285
440
9979
2678
8688
1546
2833
8045
5868
2326
1692
1536
3938
2754
552
8870
5151
4470
2174
8949
5026
958
9137
8423
9799
5454
7322
2138
6187
4088
5156
6026
1167
974
4311
943
5640
7849
5813
2326
8620
9702
2790
4801
3468
3651
1491
7502
690
3117
9220
1112
5418
2054
2955
7919
8112
6569
9885
7416
9197
9118
4004
3381
8481
3691
9174
2018
9007
2273
1106
6660
5563
7570
560
4130
6420
9555
5
8721
2370
9734
3929
769
2254
52
1626
5592
8436
2060
2204
4242
3721
6638
9415
2006
236
3111
1102
6391
3646
4842
897
5167
7505
8450
2482
7883
1122
8010
6823
1270
9303
3881
9300
5959
3606
1823
8998
2154
1067
5872
768
6608
4919
8498
1238
5318
1416
440
1258
8581
2542
348
4537
6846
4230
1551
9589
147
2958
2401
5377
1542
5112
2879
814
451
4603
2847
4392
429
2508
2476
3920
7001
6703
4081
3720
7148
7053
8040
3280
7141
8501
7728
8547
8346
4499
8304
6464
7348
8208
9182
6265
5273
2399
734
5806
2045
1267
7212
4295
2584
1009
4728
2484
1942
9417
4147
1045
3441
4547
6029
4360
3583
7996
7917
6614
5659
3278
8525
8476
3331
208
9579
4489
1383
9970
9840
6861
7037
9447
3774
9596
1204
1024
476
837
3679
461
1457
4566
7789
6882
2913
8011
6218
9019
7691
6826
7960
7279
9790
1776
1515
5958
6191
2217
8135
8379
348
7346
7450
351
7230
2814
9289
4290
1488
9674
8491
2594
145
4498
5896
2178
2188
2992
9087
3226
9666
1672
1002
2192
828
3300
8274
9513
4690
3248
8674
7152
9098
6949
2109
7779
2578
4710
3646
448
8989
4940
1155
6706
7421
3762
3881
5835
8500
4384
3030
2096
9530
9111
3721
2680
5357
3537
4017
4755
5517
9622
9327
2026
4083
3375
5565
890
660
2139
7036
6416
8121
8898
479
7972
2492
2445
7209
2229
4258
5282
1846
9703
7740
5968
7164
2383
5483
3759
3184
1995
486
9476
232
481
8285
7879
9172
6974
5387
1894
1563
2555
6254
1829
5463
7999
1478
5036
1759
9175
7487
9566
601
8246
8894
3466
7260
1148
1069
8788
5942
5832
8951
882
4707
1742
8610
2502
4472
7606
3743
7933
4210
969
7443
7564
7442
2684
5267
3190
5525
9003
3970
205
1156
2517
2362
1070
4817
3337
7595
8699
956
8995
6103
1846
952
5703
1417
7299
5345
793
249
1387
2378
2738
2433
3487
713
8820
588
2963
1377
248
3411
9878
1106
2667
6119
8803
5522
9517
1070
2649
922
4037
7438
9243
2049
9541
9754
1414
5865
6065
8032
7782
5579
7918
1422
4999
3603
253
1704
348
2603
3189
2202
5890
3769
5906
2909
7698
2712
6463
1420
7816
9799
4404
1524
2646
420
3872
3358
9240
4134
3845
523
2582
5436
8309
1300
8284
2937
1728
1486
8504
1837
4315
3424
5256
2034
3104
4085
7650
7371
5465
6959
9392
7276
3369
2770
8801
1673
3824
6955
8721
2289
2684
6996
116
6759
9151
8410
5845
4035
7814
3113
2224
9357
9091
5147
4081
4517
4959
6837
8491
7058
1249
9294
1656
7073
6796
8654
3316
6298
732
3659
1352
5425
5423
1491
5719
929
7428
248
5434
6249
8437
2830
9003
324
7491
3829
9252
8329
4757
3127
1686
2519
3056
5649
6905
1405
8678
1426
38
1357
2142
8805
6645
2671
3031
2190
5287
9749
1868
4838
3891
194
8886
2726
5202
4777
164
917
5674
1847
1147
3522
8634
3839
9102
8241
8217
6522
2829
4709
1679
9867
7341
4417
433
7187
7370
2047
189
9897
7407
5820
6074
9447
7041
5194
2652
405
2271
4547
4570
7478
5370
8894
672
7061
8276
436
9459
1629
3962
2431
5352
4187
7360
1975
1027
5092
1825
9852
6193
166
5188
1827
2084
4384
3374
161
2050
2544
5178
4008
2412
6128
6792
5956
7999
9263
9512
596
8045
9969
1076
1593
872
4326
9441
9648
1364
6540
3444
4703
9002
2532
869
2642
6651
3876
6485
1699
6795
337
4766
6346
1993
4427
7374
8954
3520
3478
2419
3768
2175
1580
4069
9497
2456
5172
7031
2291
1323
5712
9099
1535
3184
8314
9080
5809
4215
8060
2029
3112
1919
1650
7587
6995
9656
3040
8900
7978
7306
2082
1117
6152
3601
3927
5428
9289
8719
3725
857
6983
8176
9755
1022
8357
8780
945
663
7256
8302
8336
2096
4616
2391
920
7473
9146
4226
6662
4050
8955
1061
7866
5934
6172
2093
6810
3001
4416
982
168
9552
4726
6140
2611
6805
711
7461
4272
2664
5135
7691
9063
7525
1196
346
238
1696
4375
9150
5718
2560
2581
3658
2967
8941
4476
8200
2988
4459
6934
6660
8494
1797
440
1287
1185
3864
2751
5299
7025
6644
4287
243
6938
2819
8139
6785
2106
2039
9251
7589
9128
2294
3696
3904
2705
5652
2865
1564
9254
8372
900
1409
8646
6942
9571
4935
1949
511
1700
8304
2810
3140
9006
6305
6081
7844
2108
947
5605
8192
1492
1790
9843
6476
9141
7776
8975
8858
2594
7072
895
7595
4512
6982
9914
8852
417
4727
7102
2114
2318
2417
115
1662
278
8074
2948
9519
4538
8169
231
2658
1044
9249
9312
8153
4362
113
1322
2023
4375
397
1697
8647
740
602
2000
7599
6265
6316
4573
9401
2437
2448
2310
2395
5774
3000
6954
2891
2698
9258
3127
1380
74
6551
247
8503
7881
3996
2474
3122
5608
762
9474
7873
1159
1126
1184
2232
2627
6144
9090
1227
1266
3140
409
8339
2623
9315
6012
8369
9701
3886
782
3744
6366
5527
9392
1293
5753
1368
1734
9109
381
944
3306
4210
7649
1809
6932
3541
6167
6971
3876
9042
2779
1942
7541
398
7407
8802
7601
6186
6196
1662
7332
9180
5464
1562
3682
114
5411
8574
3287
3142
5007
1734
5235
1952
2394
1380
3586
1295
237
9572
3420
4116
6794
9629
1713
1220
7864
4029
9394
4700
8670
2130
4560
5026
6833
3591
2390
2224
6285
7429
1733
7359
9717
245
6867
3524
3419
1894
7602
8701
3182
5507
7938
8619
3430
5218
1350
733
3953
1117
5863
7632
6683
6464
6363
8664
9391
1335
4979
9165
1953
5845
6552
8406
1431
6068
5539
1174
1818
6416
318
3481
4496
2657
4445
4541
5879
9356
6988
4001
7858
9737
9976
2990
2867
3011
1517
5384
1516
2529
4947
3378
757
7207
9335
3604
6525
3419
4314
9743
8993
4105
716
2330
5901
4150
8454
6468
5942
2628
1275
8904
2915
2042
3196
7982
7391
48
1981
7752
2735
1230
2588
4360
6883
6530
9323
7554
831
6227
8593
9429
2183
6825
2661
8152
5804
2200
8437
4342
185
4481
7274
8457
1916
9271
1020
8568
1797
7489
3525
1777
4800
2277
5622
5269
7587
5999
7867
8294
9638
4740
1200
8561
8932
5305
2128
2826
6534
8738
5202
9004
3786
9835
2930
8494
7110
680
4672
4372
5167
2414
2330
747
1688
5758
1339
3554
3195
7733
6736
5609
9384
2756
1758
2522
9857
5744
1046
2746
2641
313
2516
2814
2224
2475
5530
2749
7432
4614
2175
378
6884
7374
4999
8622
5757
3618
8289
327
1572
5485
9810
5491
5967
2094
1157
7594
1412
5975
9615
4975
5367
1495
2644
1796
1283
1656
8316
2240
8506
1897
1746
5858
7708
8249
4706
1106
4361
280
7984
8220
4727
174
5849
8444
274
887
8779
2648
359
997
9523
3856
5407
9332
4649
1798
8123
8267
8333
4189
5412
4136
1169
980
3168
3624
5044
2879
8771
9257
5970
9065
3899
5424
1260
8412
4346
2521
2504
3612
6529
2978
6265
9942
7377
2727
3324
6796
1905
4827
3048
9262
9918
4795
6723
4039
4630
4787
4484
365
2483
9308
1821
3446
4472
956
4564
8315
6909
3932
4245
77
2826
1255
8522
7226
5349
1368
4725
7822
3164
6561
339
8169
6017
2587
417
7621
6536
6352
3612
3428
2914
5514
842
1147
6598
4729
1929
8352
8917
5607
1642
8693
2459
2332
7085
4210
2852
192
6172
6804
9972
8628
4663
9527
6084
1471
1059
5205
3629
1177
3426
9212
4166
8202
2368
3472
9038
3568
7170
6629
8008
1586
1903
4235
4474
4344
4860
1143
2868
3222
6248
5494
3473
2285
892
9233
254
32
3185
2862
2029
3750
7038
5532
2569
9556
5928
2621
855
1464
3448
5761
8512
1158
6891
6838
993
5363
5165
4481
9535
9731
9266
3771
3419
4258
8778
9389
2586
9333
2594
9258
7088
5726
2442
1950
1138
1473
6154
617
1416
2346
1571
107
4213
2698
6343
3696
7207
3398
3432
4120
9212
2542
6338
1341
4330
2910
184
8308
1053
1222
6351
8415
5535
3162
5276
2536
4041
4937
637
7614
8700
1773
2762
237
2813
7063
4651
5663
5844
856
2743
7237
4947
8032
1535
3267
9335
6535
7390
8814
8624
9404
15
6950
9937
2049
3292
9268
5974
4482
2699
9122
8216
8010
2054
2925
4242
4196
1310
7884
1008
9010
1056
7213
2012
3360
5730
9972
1865
597
4790
9939
2188
7294
3179
6840
7629
2779
4660
6936
7249
7127
2458
4943
1317
952
5967
9461
2346
2058
473
3631
1572
139
1211
6411
4064
6470
5523
1706
1192
9425
8886
6923
2552
4629
1163
5419
1789
5681
6890
5470
3171
8973
1298
1307
9660
7663
9293
7339
5967
4928
1396
7073
2246
9851
930
3398
2518
3323
1546
2379
1356
2818
9367
9518
5516
1929
551
2616
1433
2714
5142
7612
5731
6910
9100
1504
740
5144
5543
265
2328
9566
3527
3896
3584
6459
43
1254
2710
1734
2926
192
541
4976
5264
3683
800
6032
1958
951
3111
3007
2226
1243
841
5842
8704
4180
5125
4794
4806
6453
3646
1821
345
685
6441
5443
1567
9267
1128
9232
55
1474
1700
1732
3258
7124
348
9028
1729
8304
1985
8391
5828
4291
6637
4224
5286
3344
919
2414
353
328
3287
8325
6594
2152
4745
9450
5093
5700
7556
2432
9055
2375
856
1622
4909
8216
4489
6557
240
683
750
2330
2981
893
7944
4064
9749
2828
4834
3739
9266
8058
2381
3724
2748
65
2729
2760
3398
5027
1859
5967
2844
2712
2641
349
6657
5382
1310
7810
6362
8384
7942
9921
1132
8623
6272
8155
5958
4593
1119
8906
7342
9251
7671
8989
8845
8783
7695
9590
1370
6230
4427
8020
2839
9357
6455
9713
2589
488
2819
9995
232
5367
2401
4500
8146
2338
2591
4536
113
5957
5396
7986
6960
5259
3661
333
5118
6332
8325
1323
3240
7271
9574
327
6184
1774
3074
2523
3370
4372
7712
3873
7714
5415
1575
8266
2927
334
4556
3104
4141
1297
5291
9915
5374
1946
8775
294
5831
5023
2530
3743
1962
6780
8299
7105
9590
7555
811
7682
1152
6852
1373
3755
1471
7674
449
7819
5867
2650
6511
6234
2932
1421
9803
1870
3025
5848
8126
4960
9279
8064
2366
2571
1526
3439
8290
7194
7194
4116
8280
4030
6358
9486
1411
1970
9896
1111
7077
5232
1165
8304
2256
5391
3707
5888
5469
4354
6929
8013
6280
8434
6719
8486
7425
5159
1876
9366
9460
1913
8235
2537
2707
7577
5365
43
9353
1629
5413
5589
2589
1440
670
2519
2280
54
6653
7924
4663
6112
4517
5696
7263
2836
6206
4683
372
1562
2301
5658
5639
3366
9379
2650
4387
1496
6661
8035
8951
4933
8942
798
3952
4547
9414
2263
9294
7719
3216
6112
2835
4751
8102
7899
6250
9375
4294
405
6942
700
6969
2387
117
2746
4088
3486
1153
3365
3613
6414
5109
6561
9898
1784
5671
5362
3468
711
7161
4971
8877
6092
2968
584
2108
9829
3409
4506
8797
1998
5943
4198
464
1369
5637
6492
4322
8367
6675
7927
4470
5413
7723
7514
1730
8956
856
3557
7625
8321
1972
3642
2075
4399
9422
2786
8607
5669
5597
1006
491
8396
2023
847
9481
628
8863
7364
6075
5971
4931
7095
7896
5934
609
9574
6381
9779
157
1507
3253
6219
6500
1882
5283
7395
1325
3238
4550
1349
6356
2434
2490
6664
4598
1072
5597
7164
3148
603
1065
5876
1272
2716
9130
6161
4272
5312
1524
5379
2829
452
4903
4511
7442
3094
7773
4030
3645
987
4537
1771
3152
3135
8096
3690
7228
5232
8036
9721
9602
6073
2276
1944
282
2735
6598
7720
8671
846
7167
3941
2896
9873
936
5043
9255
9763
9009
4154
7191
3945
5282
5280
5672
5468
7414
1723
2706
8087
8134
3251
4955
6117
3958
1705
689
3335
8065
3978
3222
312
7974
1777
8526
2577
8432
1408
2010
9627
2486
4669
3074
8265
1143
269
3060
8113
6275
1137
735
4334
2106
4450
926
6631
1621
6973
8757
2333
1718
1743
1261
4167
3712
559
7120
9613
1046
3407
771
6742
5733
608
2710
3426
8593
3032
1148
7767
1776
2133
3019
300
6584
6222
5923
4296
6506
461
3823
4712
7851
7871
8349
882
1574
9015
220
892
7315
7046
58
3179
2006
6828
6123
7149
1751
4378
6921
213
7813
7503
2638
5018
314
3214
5042
9343
3884
7474
1061
9856
1641
7121
6732
9713
1088
6769
6908
6262
8959
2846
8311
7330
5824
1847
873
6017
9619
1323
2354
948
8474
8167
4673
9152
6918
9052
68
2788
3060
8674
5953
4318
5912
8767
2580
6237
1973
3269
9335
9972
1506
7535
659
2836
2972
2938
7593
9319
6075
8163
8878
7323
4646
7636
5578
532
4901
798
2240
9201
6298
1782
7051
7353
8367
1055
1516
1278
750
3323
2725
6206
6435
4049
4453
6889
7730
9341
2754
5206
2647
4330
6311
1939
2946
2016
4883
6928
414
2798
5021
8395
9894
8182
3209
4314
1591
1211
1388
4747
2435
9867
5375
779
7339
2604
965
2999
8409
6280
3131
7302
2976
2072
4997
947
9557
2770
2419
508
1723
5602
262
9276
8639
9082
1892
3256
279
5433
6732
9036
539
2893
1419
2211
7153
1320
3691
9928
9050
8179
4111
8096
1118
1541
894
6820
8088
3954
8322
5071
7506
5972
2032
8763
1358
8282
869
2172
2313
6131
469
8394
9839
3288
2531
655
1998
8365
7279
2756
4957
6518
3075
11
4937
169
4956
4509
1715
519
8568
9889
3019
9642
6628
1793
2603
2174
5443
7917
9379
7455
8814
6780
6375
8998
6222
6198
106
5346
8602
1810
8234
2600
1552
2640
3784
1596
4822
8054
9342
8939
2206
5867
2239
6861
1499
5157
957
813
2294
52
1885
5302
831
2778
7451
6093
308
561
4589
2849
3986
9275
1176
4163
3071
2742
8053
5669
4820
6744
3904
2116
8587
1077
7414
4085
6316
5360
3501
5777
8406
9767
4049
6240
6112
4685
6098
3239
1213
8167
6206
433
3681
7045
2879
462
5303
1478
1317
3982
8734
8954
6834
7244
2903
757
2280
1210
4671
761
8579
2305
5532
8193
3269
6885
2633
9885
2149
9994
130
5072
7830
9401
7390
8875
3705
8881
7920
4407
2035
2637
4268
5541
8060
2409
3418
7318
7148
8180
2380
9433
262
2692
2334
856
6290
4525
594
6545
1163
7439
9625
7269
7213
4499
4274
995
6972
7699
1970
9794
773
2876
1351
9216
1541
1060
8700
4797
7211
5611
1947
4071
2191
7364
6710
5988
271
8192
4116
8081
7197
319
7036
5149
2522
517
7411
1493
2801
6718
8806
7534
2980
8753
6598
7940
9734
933
389
2708
5309
5863
9797
9851
966
9335
699
7918
4485
5894
5078
9766
3875
3200
5538
6273
1270
7385
2107
8169
2576
2168
7314
4691
4519
7766
544
7688
823
661
3198
6659
1929
7504
1808
8270
1682
9751
1109
3677
3084
4615
976
9351
2245
6011
4148
5368
1385
2309
7585
681
3408
7338
7760
1034
3367
3617
1488
6292
2560
7002
7678
497
6905
6382
6086
8840
9004
6810
7821
233
636
3083
1530
909
5690
6808
2184
4331
2907
1474
2525
3930
3674
8109
5175
2426
2380
7291
3339
4065
5656
1005
1917
1398
3250
6249
4654
4623
556
6841
2089
651
8284
3465
8685
9295
555
7935
9272
2225
755
40
7831
9142
3014
1255
5967
204
2062
7676
5002
7638
4856
4614
9843
4779
559
8136
8993
2237
2457
1532
7171
9003
357
2443
8303
7382
4448
5400
3642
6979
266
9375
23
2788
2331
609
8545
7335
2260
940
2070
1660
3399
2365
8457
7687
8838
2053
4501
3546
397
2396
4930
2688
3294
2904
2938
7129
9008
2267
1064
4760
3351
9823
8918
429
3794
8131
5459
3956
6007
2227
4054
9866
5790
1385
7829
4339
5744
8678
8804
9501
3022
1839
302
1810
1184
6711
4597
5744
1604
2496
3146
600
5107
6240
2715
105
5299
8373
4031
7370
5678
2889
8226
5705
7797
6932
8337
582
5508
8741
6213
6303
244
3790
1296
874
7459
7473
1976
3988
868
7102
1798
6700
2742
4154
3534
1710
8773
1247
7420
4817
4067
3254
7474
1712
916
1317
3428
505
8316
3640
496
6471
6008
1377
3454
7087
5967
2239
5996
6172
6695
5231
7542
5195
8344
6373
4023
391
4641
2025
1858
5170
3308
2626
2447
6743
674
7748
5158
1523
3693
9289
6573
3309
7218
4784
930
3753
8203
5335
8727
1857
246
1386
2896
5390
8880
9145
5214
2073
4591
3035
6649
4468
8721
2053
2175
9367
3864
9256
3119
6524
3282
5038
4357
8138
7578
4018
5411
2418
2240
1762
1699
9690
3945
9894
4526
5452
8967
462
364
9006
1574
7501
1402
5920
9436
6023
3452
7240
5773
4235
7208
2797
4673
7520
7678
8597
9287
9985
9961
7951
9334
1033
1431
3568
8712
3213
6631
9022
8100
59
3879
1454
9807
4007
1563
2669
3299
9071
4221
8801
2955
6435
5928
2029
9267
6807
2594
343
3042
3412
2412
3466
2852
1634
2827
6474
1194
3621
3716
1371
657
5578
5161
464
6466
8192
5654
2260
1966
871
1882
506
3224
2202
8087
5845
8880
9179
9080
9815
3571
387
6436
3706
3812
5494
3015
3872
4840
1528
8891
4939
3124
242
297
636
5527
3826
9730
3868
279
1142
3292
668
124
470
5565
7500
2975
5428
1032
9773
4097
5125
8778
584
2571
9053
5812
315
4361
7164
5574
2103
2405
9642
9296
123
4997
35
5687
2142
5188
275
9225
1774
1233
8304
546
2955
361
5322
2874
994
9109
1668
6485
411
5444
495
4488
8371
198
1658
7484
4103
7518
2188
4388
2324
3077
5773
4030
7825
8526
5943
2683
6472
2621
5361
3822
9801
3030
4837
1879
5038
6055
3878
2445
2204
2549
5908
9005
4158
1287
426
6949
7649
5125
6958
4495
9728
4766
886
29
9901
7004
2027
585
4355
4393
1119
3722
5567
2317
1693
3078
9784
4718
6516
2618
1074
4423
4196
6010
1815
6132
2548
1065
1088
4003
7545
2455
2838
6330
9512
4798
6219
7751
3077
2075
6871
5148
3187
4413
2180
4439
7050
8191
1128
7843
9703
501
374
9249
2166
1607
9027
3428
6929
5537
2697
575
8214
6102
174
9759
2217
2520
1794
4471
9230
217
715
1983
7301
367
5968
6028
9347
90
2983
9438
613
964
2319
4556
3908
1357
4268
8672
5063
1907
9622
6146
3275
4420
9345
8309
1090
7683
1579
1284
2990
300
3367
490
717
9128
8732
3060
466
9407
8348
4775
4551
6417
1829
1056
6949
1970
2330
3088
6574
3721
4479
9668
7713
5847
3207
2038
9115
3384
2157
2725
6910
5995
1396
3061
9891
4081
8367
1926
4030
7927
5472
7621
2181
9571
9921
1573
7792
5152
6020
4699
8144
5898
4283
6668
1024
1049
8166
1192
4636
253
2817
7139
6980
1502
3849
7815
5567
8912
5474
1131
9870
4120
8922
5777
3991
1746
5850
5506
7455
9294
3394
4490
7348
6430
7682
1396
6144
1840
4185
5587
5822
1996
1710
6053
937
6637
1631
1369
1080
383
2284
4058
6796
8684
4050
2770
8598
1798
7737
3744
392
6708
7133
7477
4354
3614
3261
1905
521
2262
9237
8001
6198
8156
2460
5877
8261
1744
2589
9906
3432
1093
6501
1740
894
9002
1457
6162
7207
9960
3637
8215
37
9163
9629
9939
1922
6048
9540
6670
7811
275
4853
5240
4655
8581
324
7897
9103
2783
1963
7035
6678
8410
1926
89
3389
9146
3599
2007
6389
5695
1543
4030
7100
7881
2360
6653
8171
8174
6669
9041
645
1597
6110
2609
5440
8959
4957
2745
897
707
7474
8700
7465
1078
5063
2665
8322
2645
8178
4857
2535
2610
5542
1182
2966
3544
4824
891
3815
7503
1970
19
633
4797
6106
2211
2625
2515
5952
7007
7282
5923
394
1037
3339
8146
9583
9603
7635
6945
3685
6065
7397
4619
5195
9007
7995
7983
69
2725
4924
4619
2699
7180
1126
8972
1489
6343
5642
1079
7300
1073
8106
7223
10
4213
8898
8965
790
6992
553
1720
2157
9943
3623
5938
4460
24
7059
8022
9158
5186
164
3178
7743
6819
1684
4369
9690
1333
2050
4021
5698
4056
4960
1159
7466
5197
4104
8727
3925
264
9740
3329
6421
4835
916
6621
4468
6098
8471
1637
6708
5339
789
4373
5927
6273
842
692
8925
309
6467
9316
3937
6107
1182
5435
851
1149
9811
2928
1395
9730
2372
4820
5618
7580
1574
4262
745
9509
5053
1797
3654
8743
1720
770
3241
1598
8882
4333
963
9358
1636
9709
282
3331
3546
2748
2876
6028
3932
136
9
3351
9065
5930
1374
9051
8787
5060
8755
4648
3070
5388
6180
4991
9398
9707
80
2657
2290
1141
8355
3065
8428
2086
7396
1176
3342
4177
1501
2291
6972
4759
6510
3967
2179
1385
4401
3080
2805
5519
5595
8021
3297
3220
1255
2171
8389
4359
4002
2499
9299
6418
1670
5581
4773
2569
9575
2737
5296
5794
5471
8122
329
1510
2042
2065
282
1531
3425
5835
4770
5215
8296
9313
2720
3860
4934
4099
4158
6511
2503
6284
4350
9390
3331
1251
3957
1420
3820
8759
8649
359
9850
1273
7996
940
9382
4710
1990
4471
729
907
5652
6796
8290
7559
4530
4260
5754
1390
6457
2713
9176
4051
857
8736
2706
3987
7397
9209
1530
9330
8849
7320
4949
5223
1021
8369
6778
7686
8286
2229
6607
8689
9009
3215
9714
9437
9199
3597
1338
3157
3166
2591
8620
3490
6749
2593
3788
661
6333
4040
1274
2186
7553
46
7400
1949
1348
493
4109
585
204
9053
7675
8068
6530
8799
5568
6508
7870
7733
4558
4240
293
4375
1531
4398
626
3015
5817
9408
134
9855
6019
8246
3695
9663
4620
1922
745
1545
8423
3414
4983
7576
1333
1965
2495
7108
8787
5211
3433
1990
7375
9046
8134
3835
8542
4226
8368
1515
8816
5165
5222
6439
5902
9471
6884
2917
4808
5183
4644
4363
3936
1062
1606
5421
230
1796
3776
5846
6707
6868
518
8375
4229
2176
3417
2579
7453
5300
6527
1830
6361
5828
8918
3881
994
3773
1240
4311
6949
1964
7228
9325
2034
528
2499
9667
8870
4705
2605
253
9369
7677
7199
2816
1415
5030
4389
5285
462
4829
8935
1615
2813
3325
1134
2572
2999
1175
7091
2269
3578
9297
1883
9878
8498
1997
4596
8549
4236
1867
3806
1410
8444
4254
8826
6234
4941
271
5732
6939
2476
4900
2864
2446
8851
8079
4374
1512
3558
6582
3741
4672
8015
9941
744
5310
6282
2229
1042
2520
2400
8491
331
7931
4
2561
4193
3467
2672
756
3645
8363
4493
5251
7330
892
4867
1778
3734
7238
1478
2546
2237
551
4365
689
7914
7981
5506
8400
3958
8725
1915
2744
7724
9810
59
3436
8298
8813
7719
4445
7991
7919
2985
7728
325
7439
8646
4608
5205
2124
9968
962
9837
6697
7516
9597
3483
5020
6225
9797
4438
3765
420
6828
8585
9038
1782
903
3422
487
6746
9490
1228
2574
8824
1827
8816
2033
4916
783
1837
6084
6635
6911
2772
1056
8674
7680
3969
466
7359
3357
5323
927
3572
4205
9177
8983
5519
2796
5285
8929
2739
8074
2866
6833
4515
1926
3213
1305
7492
5784
9269
3173
9024
4817
9017
1028
1530
5523
8486
4822
533
3664
5661
187
3346
6835
5590
3318
3245
2897
8583
8499
1159
8110
3315
6574
8034
7279
3971
8575
3742
5282
6804
6679
4614
6751
2758
699
1625
6670
432
8275
1770
4645
6244
8209
6967
7944
6503
8786
6873
4335
6988
5782
3792
4309
8341
2447
3452
2022
2217
6619
6283
55
8036
4034
9750
2434
2689
9151
9754
1464
2408
7470
1494
645
1304
3881
5210
2018
8723
2434
8250
7885
8684
1280
8741
9880
3537
8171
3081
5173
824
7670
4050
5532
7451
7438
711
930
8180
1078
258
3210
8535
5968
5603
5352
9585
2780
2403
2042
8884
9920
8089
6436
5295
7723
3823
3759
7087
3306
5330
3394
1641
646
6764
2252
9363
7700
945
1718
341
6170
8267
2012
3827
2098
6086
5637
8807
1632
6427
9495
1744
8900
2573
524
7421
1758
1477
1682
5304
484
1310
8229
5490
5621
2160
941
674
3163
3837
6392
7565
3570
2461
3701
3125
4491
4873
7717
2898
7695
7641
2658
1888
3940
3983
1100
174
6721
3856
2344
9858
5409
9302
3336
2172
3194
4294
6360
9186
779
1634
6958
6149
6343
9535
910
2165
5923
1059
8224
7529
1072
8262
2771
2029
1610
70
158
9337
8173
4967
6778
9478
4090
6449
17
464
2349
5239
4533
2521
2268
9289
4768
4131
9775
9737
6463
8203
1170
3677
365
4582
2396
2985
5105
7469
4316
218
3944
5208
5592
4067
672
3788
5606
2599
4457
8116
1527
3387
9979
896
726
3385
8823
6832
7540
4100
2752
7695
848
623
3302
7680
3449
8363
6197
3337
308
6516
6978
9826
684
3963
2049
5003
2109
7537
487
1857
8622
2377
5715
9887
9554
3211
3003
4708
3837
9975
664
1385
1414
5263
5536
9422
5473
3427
1079
8425
5369
9915
9733
5902
9072
8247
7430
5165
1591
2679
6820
7391
8220
9401
8789
430
2454
2454
8836
1031
1250
7194
4048
2608
9627
9831
454
5850
6395
3530
3279
3045
3892
8536
2025
3430
3068
4064
6295
7209
2348
1072
1512
9398
4360
7972
4744
6053
6204
3666
9961
9745
4587
4679
6319
1134
2551
6495
6318
282
6367
4806
3124
3941
571
5970
6854
8608
9977
6573
4923
1127
2981
4004
3035
4302
7770
6849
3157
5644
651
7640
4899
3770
5345
2131
6622
2714
8626
4590
4577
2247
3925
1410
3903
2145
7640
1906
1027
1077
5485
7255
859
7806
697
1628
4740
4734
5867
8344
6564
683
1484
6799
5354
538
1706
7272
5365
5067
5524
7852
487
7482
8134
6580
2936
9585
1474
5967
4537
526
274
2837
7375
5192
240
1263
7628
2304
5521
1091
1533
8010
7461
7968
6837
3688
8544
1373
1452
7435
7830
2722
2487
697
3672
6036
8806
781
449
7713
5024
81
8943
9136
1775
9355
2194
7398
4811
363
294
6199
8663
7056
2112
7906
5277
3070
5722
6491
586
7184
4895
1736
1130
3885
2981
4587
5826
7308
1549
1105
6703
6311
5548
7215
9858
1729
215
4456
1512
5702
3201
6638
1515
5383
340
5006
7018
275
1488
8234
1432
9812
9142
132
1848
6942
9652
5056
2340
7176
2063
4503
4207
3064
833
4458
5921
6336
5496
8493
6140
9627
3946
5087
3216
7606
7353
3131
4979
8638
1851
224
3918
5101
8838
3089
488
7044
6733
3819
7955
2680
5117
6202
9816
396
7767
3498
1059
9794
603
2734
6447
2416
8921
8851
7087
6468
8663
5010
2497
4937
8433
5175
2003
6500
2548
7412
2243
4807
6728
2501
776
1475
4145
8898
5154
7339
468
6055
6562
4077
2874
3106
7832
7791
3974
4945
480
75
5622
538
7788
458
620
5511
8144
50
4681
4311
7185
2591
8830
4582
171
2114
2882
2456
5028
1901
2514
1863
6051
3754
1020
1634
576
6750
1642
2242
7547
9121
2655
9547
1180
9930
1715
5511
3293
8845
7182
7698
8569
4500
8918
8789
1235
206
6440
3907
823
1066
9704
8677
3345
1521
5753
5813
9839
967
3916
2093
5399
9664
7257
6270
6184
2594
1710
7471
2434
6878
602
5884
3460
8078
5096
4634
5865
3949
1932
4683
1570
3561
8991
3334
9058
9898
1930
7540
5660
9392
9476
2171
9645
4814
1692
2106
121
1128
2821
1704
6278
733
5797
1581
4874
2612
6620
5182
4453
2440
612
3385
9486
1556
2317
7925
6767
6765
6406
342
8496
4418
3690
3699
5461
4116
5136
5624
3494
2725
3953
7610
9570
9586
3927
4670
5170
9136
4970
4280
3119
7368
2970
1317
3363
1730
5548
855
2384
2594
180
3220
2611
7413
1383
3149
8214
1402
8765
9791
4456
785
5160
9835
8317
7973
1992
4966
4358
2121
8315
9329
7550
243
6405
5878
6873
4202
1234
5782
6476
5985
3486
4037
989
1489
6833
6082
73
5864
6828
7512
7735
452
1492
6582
1488
3022
65
3918
4555
7782
4277
8512
3627
7938
317
9940
6871
6374
4153
5449
4716
8130
3468
7825
5957
5966
8242
537
1702
7590
4948
3322
8475
310
7452
9600
7619
9988
1289
2909
8300
4081
4402
8029
4029
2685
2714
5240
6790
6316
233
617
5736
45
2036
2321
9188
4676
3265
9179
5028
956
3517
4461
9467
6223
5929
5891
974
1185
1880
7724
239
5184
2457
401
9933
2076
4677
8985
3246
6614
7624
62
6663
3641
4175
6892
8305
2123
9014
1615
476
8466
5999
2570
2848
1959
4801
4311
7080
2588
2822
4082
7133
4236
8898
8931
1011
9063
4821
4479
9430
3290
1167
1646
1427
7888
710
5307
277
2859
6521
6542
9734
752
4466
8152
1170
1334
1406
6195
7194
1692
2011
2103
1694
3358
8102
4940
967
886
370
3267
1719
2417
7927
5716
6913
2648
10000
4037
9720
9340
1811
6207
2985
1038
1294
2720
9096
1603
1463
9199
2140
2427
6576
6308
7673
6412
6667
6068
2000
1216
8852
2989
1369
2435
3351
4469
6812
4843
9013
1187
594
8533
6523
874
4447
6836
3628
1113
1707
1768
1220
8996
5701
5775
7788
1152
4775
3471
7883
7969
4807
783
867
6756
6211
137
647
5355
538
2287
7790
7564
2810
6384
5592
1592
6829
4857
5523
3644
659
4268
8077
4809
2926
8082
1686
8260
7583
3583
1725
7085
1348
5674
87
3776
7262
1913
4175
6606
8772
9854
1137
72
89
7811
6805
5728
1342
6103
5803
2256
8023
6054
586
9415
2895
1050
153
887
7259
7540
7625
6176
7614
7336
489
1498
3186
2508
7752
5
6225
6078
8008
1088
2103
3944
8471
5899
456
6933
3596
8830
6289
5824
596
6373
3183
6209
8138
2226
913
9574
1704
6017
5326
9811
4656
3465
9222
6266
4649
888
571
1016
9354
7388
7867
3189
7287
1040
676
9066
6639
6877
1750
176
2801
4492
7095
5981
898
2636
2234
1197
9536
936
7468
2497
9940
5926
1027
3114
4825
2608
1815
1157
7503
2914
1278
1860
2174
8104
1466
9583
202
9845
6657
8527
9659
4435
4735
2615
5066
9646
5325
7361
619
510
8287
4620
5069
2296
1905
3654
4930
9300
4624
43
2319
3245
1112
779
1507
362
1857
8157
935
1119
2600
966
4778
2114
4702
951
6505
5183
1939
1993
6672
8939
529
9066
6307
392
7272
229
3836
1421
5996
6579
6738
6658
6561
5283
4814
9103
1074
7050
253
2946
6052
3787
6756
4226
1325
6725
5223
5575
404
767
6103
7365
967
244
223
2429
4655
1391
1565
210
8660
2261
2305
5835
6160
8612
6615
6398
676
3887
2644
279
3900
567
5346
3787
8500
9961
5996
9855
2231
8330
1240
8791
4876
6226
7528
3327
4767
4667
7599
2155
3840
3945
2563
624
8862
8519
5350
7871
6881
1653
8437
2469
5146
1090
9757
1827
3083
1579
4976
8686
3813
2769
9404
4230
6022
4909
5398
6871
7663
2099
6408
2833
2327
3847
7968
2504
5730
7266
8916
2699
1007
8690
1030
6037
899
4116
8652
7397
425
2323
3084
2669
886
9454
9066
2716
2206
2315
689
6780
8281
1933
850
5836
9570
9542
8208
8427
2709
5022
1896
5305
102
399
4129
1902
5458
1845
151
1398
5447
6601
9847
4035
6834
9959
921
2369
4187
1525
6721
9479
1971
5859
8773
5539
6121
5664
4347
4210
3391
2003
5562
6434
4176
3076
7277
8152
9693
3757
3526
7216
6028
7572
2329
7720
8224
9302
9588
6556
2295
3747
3727
4719
3429
2843
9175
2638
5491
508
7754
8373
3480
6328
3410
381
2803
5609
322
2812
7661
5540
5810
4555
1314
7598
3434
293
2665
9777
1904
2197
9816
8317
9473
3261
537
831
3281
310
2458
6657
2868
8298
1863
8935
2856
9459
1288
9478
6184
8305
9994
1858
9649
1134
1710
558
9138
8258
9252
7121
5862
9765
6838
1626
9265
1960
7749
5669
9004
3586
3059
361
4433
4075
8469
5895
773
3995
8966
1522
856
1456
3275
3583
8221
993
8891
1227
1258
2518
5355
1583
7215
7747
6411
5428
7014
376
7169
8790
3711
5515
4601
2155
3033
192
4713
560
719
3405
902
1175
6168
9024
665
3330
317
653
255
2511
3608
1145
9828
4081
2866
8184
1149
9602
9705
6934
1319
3994
1458
4392
114
6238
2324
1072
3053
2489
2944
7890
3424
460
1490
2170
2972
5461
2489
1257
2771
8832
6918
2148
5335
5584
6407
6667
3860
3852
7392
8298
4829
665
2989
369
6663
3867
3499
4
4663
5756
9919
129
9660
2296
2029
1989
8652
7774
5210
6430
6367
8279
6683
2398
2190
4964
886
4037
4154
3241
7669
7227
4444
555
5737
6079
2575
4427
1892
8514
1759
2335
5269
7427
161
6661
8833
8442
1040
9815
5638
3347
2234
1533
8704
1472
3887
5605
1575
2989
2901
963
3966
9185
7323
8232
9357
473
1908
7124
2073
1461
5279
4252
376
6799
584
1657
4951
6960
2816
102
391
9969
62
1864
7387
3345
7730
2635
4899
5931
3933
7264
8326
1269
9971
1704
7424
6056
5515
9295
2753
6403
2733
6969
2242
4350
4008
7982
341
4607
2614
1669
2772
7807
6336
673
214
1929
1441
7390
6736
4360
652
521
4786
510
2076
5187
2973
579
2751
868
4644
3604
2050
4927
8394
6967
315
6154
9733
8384
8408
2682
5541
9157
507
3648
2200
1
386
7413
5192
555
6648
4471
1531
3876
2669
7409
8489
883
5926
7131
2603
9425
501
7079
1976
2323
3415
358
8158
4154
7519
4126
5378
7100
8821
141
4201
5809
4814
1994
2290
7581
7850
2672
5978
7200
8432
3305
7613
9055
6921
5964
6252
161
5775
279
1124
3337
180
1835
2024
3254
5986
425
1188
8267
3255
9328
145
6463
4316
2164
6743
9285
377
4045
2453
6250
923
6789
1746
736
3344
5071
1057
4812
440
4200
662
4785
8748
4415
2508
1419
891
7747
1330
7307
9816
8513
9800
4550
1669
5162
9485
300
4382
5638
54
6729
3814
748
3439
2349
4066
5820
2785
8475
9175
9186
2103
9460
1285
2827
6624
8786
8032
2933
2548
2419
241
2056
7703
8747
8993
4438
2606
8809
1281
1556
3717
5973
3962
9813
1932
6638
9224
6635
5812
1718
7078
4557
6414
8169
5687
1623
7230
9890
9785
2868
2114
8124
7530
2445
6997
441
8824
718
5953
3780
986
6797
8680
8487
4799
2058
1457
1596
218
1300
2051
9507
8586
1377
1251
5273
9420
7947
4717
1971
3408
7883
2916
8653
8715
7527
3898
949
273
2636
4990
7734
7440
8953
488
8710
173
2833
4630
1534
1407
1726
6484
8445
8558
6918
3726
8683
7370
7071
8085
3902
9339
7281
5602
2863
9323
7744
7694
7689
1173
6102
2941
8439
7548
2674
8830
5482
1579
8163
9060
8781
9489
4115
9937
7833
3960
2964
4871
4328
1225
4091
1102
4490
4594
2110
1973
2089
3379
6127
2441
6317
3163
6005
6951
5518
7781
6271
2625
2044
7090
8585
9041
9216
