204 39
21404
29089
12247
10833
25025
13386
18895
15052
2147
24165
32440
23207
25683
12882
32000
24036
7068
6076
16439
31272
21595
1821
24187
11876
3536
20100
18995
19892
4020
5014
23552
12680
25549
14034
14576
22273
3521
31770
26869
27550
29992
7279
12694
3351
13796
9469
2277
16521
19125
18263
13489
25812
17928
32515
27132
9281
3344
12345
175
10601
18712
9192
3981
6994
792
1274
1126
9434
7558
17113
3213
2905
8302
32050
24972
6274
3013
23801
19989
23434
9211
32429
32572
1421
27855
20957
30180
25901
18023
4587
11383
17788
24736
15376
17627
13340
30883
9888
21153
29348
5305
7567
5503
5958
12896
10293
14336
8367
6814
23630
26234
303
20629
25157
21057
25882
20056
3762
29978
14446
1021
13601
10482
12213
19699
6165
26576
22573
20374
6732
18441
29479
31489
5445
2227
8365
5923
30976
16987
7527
6934
6405
4091
6080
15787
19111
17446
24644
29770
14474
32390
31052
21497
3939
13704
18910
2234
26623
2134
30671
22298
4743
27910
11562
23559
9986
3856
19670
32482
32539
29190
23154
18901
32036
11391
6532
7271
17500
20309
10195
27725
18029
19728
5905
2179
19001
30113
18877
4764
20438
23124
5960
8791
30167
11776
31607
18290
17358
30080
21768
24003
32271
7271
30616
185
183
153
13
184
200
33
4
84
85
173
76
202
61
74
137
23
12
78
202
125
192
136
21
112
54
76
45
91
55
49
62
56
181
74
193
128
101
10
