3142 233
20274
16198
11651
17939
13946
19248
24257
25768
12304
6572
4048
4396
11179
25255
17341
527
1866
18481
8228
25351
10779
5588
32571
12037
18076
2596
25361
26215
2048
24216
11800
30063
11988
408
17634
24308
24802
14039
32040
32599
12374
4579
32272
31673
7711
32507
30127
12651
7064
20000
18381
14758
20328
29806
6633
21885
8615
30637
24701
22031
21314
14372
20868
21761
9376
3245
24632
20780
20357
25871
9760
914
22583
26247
23882
151
31200
13992
20438
31086
12852
26726
24756
12753
12371
16237
4525
32245
10993
15799
10920
23741
25012
12125
26150
558
19933
10413
18192
26147
17963
10878
31666
11073
6652
24768
29191
29230
26550
12119
311
27902
12901
298
19550
18158
31398
3446
17039
13397
24259
1897
24601
16087
1567
27628
5384
8668
23509
25024
29935
19264
23708
24524
5093
21581
31726
3509
13518
1766
25705
4784
11484
17156
6005
18068
8277
22631
12327
31028
31894
10373
19813
17387
21336
9415
26443
6520
31538
31988
5070
2060
6495
4589
32415
24994
30914
156
6226
16015
21031
22823
16576
3674
27084
22121
28842
10957
9760
10658
9887
8524
970
11885
6943
9830
2797
6899
0
26538
10666
95
20241
12220
6119
12178
27646
4264
10319
22039
7539
2165
10906
26457
8580
21502
17167
9747
24909
25597
23367
25097
2005
10345
4147
15862
57
9730
16737
4549
7942
2602
9594
15619
31462
12534
2064
32149
14463
20869
5270
7846
19864
17552
21168
5092
32637
6467
14254
21740
8357
27723
29010
3330
20883
13617
19930
29446
18682
32230
25914
23971
26404
14495
26538
26570
6292
10210
13664
14687
19435
3297
9119
18482
32520
4104
4848
9520
10099
6098
15024
10715
31228
480
19914
6647
21919
29260
23750
3462
21931
11579
6403
14071
20260
11953
23872
22939
15717
29866
8033
1112
25097
12134
12144
25761
7180
19460
26595
17829
14894
3410
13085
4039
19608
9956
2615
23631
14786
3683
20735
29023
6804
30504
13121
14888
8652
11273
26438
3933
4767
15219
31131
25576
2723
10682
1555
10717
8940
7596
527
940
11381
15212
31741
5530
3010
8574
29727
2930
30660
15390
12942
9847
8189
25302
15998
26526
32229
29775
23235
10746
21899
25704
11157
16760
10623
28805
27024
29132
9712
28201
17918
20907
18194
26568
25689
28219
16066
31702
3340
17096
23917
12836
32122
22712
558
15212
31041
9153
22070
20267
192
28249
22385
7086
20695
27246
30311
31856
4077
14936
19296
27299
19512
1548
9931
23565
12088
28818
224
1045
2693
441
3205
11038
8651
22537
29038
4115
22035
14073
29065
2115
5700
17762
32153
20848
14569
4148
32032
18978
9012
9576
19843
1089
24899
23349
15465
26083
5027
6023
356
19555
22035
11181
31443
26035
906
6225
12807
13299
31611
19886
27300
28482
19543
15357
16714
14804
26452
18480
7541
23108
16749
30947
31394
28716
1449
28560
19636
22260
15521
514
917
10983
3388
2060
29216
9356
31422
12666
7231
15923
17409
30792
12368
22478
18433
786
12238
19714
5023
3020
2861
12670
31902
7859
13573
10124
28146
17795
28787
1253
18746
29419
24253
14794
395
16958
4148
11856
21359
24427
7263
2556
15917
11055
1365
6543
8779
28553
27243
18211
10578
14447
19983
22647
23249
9407
29428
26504
676
17272
5232
18785
19574
20778
32290
22323
14469
27051
18135
19880
19877
524
12974
13941
11400
16075
123
4143
26684
31306
9834
10335
18421
3968
16869
23512
22029
15599
16055
12616
24649
13270
31089
526
19806
10151
24844
9547
27572
29115
23505
20796
7529
7493
29558
9927
1433
28549
3210
6995
6877
16446
11539
13533
17169
13929
5749
19528
23643
15659
13973
18933
22376
17669
13375
4244
18169
9547
6853
2618
2207
12759
26857
2995
27330
22782
1789
537
29672
24003
26697
7845
12084
587
23469
29894
8749
13969
20360
15984
20418
8027
3288
15031
27786
2413
11682
23196
10320
7420
21140
12327
12494
25957
23529
21430
20921
287
10637
13204
22014
3566
9857
461
3660
9562
9090
13377
8402
32096
17637
19192
1610
359
1990
20661
22582
30582
8801
18894
21609
1443
17344
1338
14794
11215
30359
1004
25173
1424
11116
27231
15970
26735
11770
12403
5418
12884
2520
887
11911
23614
8790
3719
18939
9527
424
7448
1780
27016
9030
19409
8782
31273
15762
15261
11546
2171
20155
31486
8350
31289
28898
6564
29596
14764
14716
6718
5336
22047
10232
13968
28372
2195
26529
10693
22750
28852
26821
29959
6476
7691
5399
21070
23815
14708
9042
18805
18502
25299
19999
7059
1180
5891
29241
30856
28725
12815
22479
13014
21085
24997
11050
26035
14657
7111
26767
16732
25850
28100
16231
29099
25543
14183
12445
21228
17306
9838
27720
26861
31959
1597
12938
19540
31320
14292
15287
565
25268
26111
27578
29156
1729
18892
21685
27912
6487
4930
19688
32241
5207
19024
7124
28716
28396
15364
672
18260
2321
18430
9147
6186
28756
8739
3523
30696
25049
23702
28070
30163
11681
19940
11271
21264
24332
10110
31203
27832
20125
20589
4212
3119
254
22593
10325
4529
30532
5706
27624
11565
21619
18699
26869
6487
31813
18924
17811
3321
3879
10543
15436
22153
26501
17957
9084
22017
31815
14242
1018
18667
19612
6318
762
7355
14582
3453
9010
15202
27990
5282
8508
1568
16585
30847
28476
29338
11826
29952
5058
32300
19019
25993
28658
27520
23271
3884
12514
32352
29562
23328
28739
10696
15066
5486
18500
25664
15943
1006
24243
5736
30122
26994
11109
22485
23834
18753
32217
28187
18340
32455
1560
16939
20300
32138
25823
16352
1615
19808
1792
21460
19883
5856
20486
31608
29921
21526
22552
7012
1786
31099
16672
4075
26824
11043
26412
11251
11374
21049
28692
6659
15907
9897
32349
21406
20018
284
2909
8912
7237
2345
11424
25094
2020
5065
18571
28195
2617
17932
32319
32463
32022
20491
17600
22802
21305
21534
1367
4131
9678
20047
13620
18554
15157
4110
12888
12588
27398
9254
26546
10104
850
12015
31880
14493
4908
7877
4889
30191
15976
16570
23169
20266
32419
3464
30684
26374
30084
17098
2734
5644
13376
7275
20611
4007
7268
16990
11218
23934
15823
16015
4647
9473
22013
3866
9601
27458
21644
10428
31993
19207
2296
32134
24741
20765
23978
23513
31932
29423
17457
14734
20475
21335
14031
16245
22855
18867
29495
10497
18579
24380
21141
19521
14084
13971
25295
24082
10835
4509
9482
18068
26484
27025
5489
6618
22645
19791
24625
2278
2472
31220
26568
24276
516
25003
128
24149
31433
5318
1334
4959
14947
16653
10592
27939
5777
15189
11343
13376
25030
18261
20913
12598
18384
4534
17241
5917
23991
4201
16451
1687
26856
15677
15570
15619
8594
24241
22621
17395
29777
21254
19434
13536
1802
4505
13881
25885
1302
22128
26885
3594
30370
11283
7046
17802
10069
18333
9786
23223
24628
27410
11237
27348
30915
16883
21463
17026
877
27664
31085
24375
6438
10910
29914
9453
2127
25481
24871
7191
27354
28428
889
19417
26542
25470
14227
1144
9037
21359
1435
11792
9140
12787
17697
28549
11139
20798
29021
16827
20573
12145
4792
17162
20626
1460
24975
24300
27643
19845
1587
7673
17446
12367
6708
12822
1971
5439
20191
4841
27902
16723
23813
16016
16383
15796
8702
29330
1902
30789
3566
28949
1322
21116
18247
9810
5595
4721
10127
16967
13270
27188
30052
6827
8514
2404
32701
26919
32121
27901
32370
14787
18865
24946
23551
7583
8412
27388
19589
30179
9933
2097
22033
27384
29339
728
11809
25593
30794
17148
4196
4708
13736
22591
29378
26134
9846
11633
15004
32118
17352
6753
22357
26096
4783
18419
26129
16549
1556
6771
17084
8032
14311
5673
10831
11724
15738
29230
21070
31461
6951
19838
6549
30381
6969
14925
13909
30752
3082
5023
1370
24425
10600
20755
24207
10326
13629
19711
4803
266
879
12482
30381
14578
32006
31574
7982
7162
24205
22053
13015
3584
13754
11294
29867
31368
25169
14087
27686
27826
7749
30485
20094
25450
20768
18618
3368
13791
12966
3262
11678
7222
181
5777
20064
12415
19568
21728
32056
31720
8861
26726
17091
25648
4938
7429
1837
3423
23735
30997
13372
949
15728
22268
14480
16864
12730
15614
20521
26482
8240
26455
13865
13201
14766
14471
9179
6128
4206
1006
16629
30719
10865
26264
26906
26719
4897
8794
27299
665
12340
12062
8863
8463
24019
30331
6680
5939
5628
28041
2201
14838
10021
243
24556
19588
15906
1869
17704
9518
18248
11688
6892
7847
27347
4708
229
10612
10373
582
27798
4510
22160
3018
16216
19626
1974
23739
32159
25546
7343
7680
2944
20053
1227
16825
4720
20597
29144
30603
29775
12832
838
15159
28581
25161
11401
12658
22827
23127
23231
18161
3725
21974
7571
17859
1646
12908
22369
21731
8620
3087
14491
5646
8678
26998
2667
21970
26940
3277
3225
488
26454
15533
27312
22979
22440
6475
3164
3433
13556
20976
17687
16002
1552
20137
9988
6062
26601
8767
32027
28188
30920
22633
12423
8537
2260
29761
7500
11621
13273
13045
6701
8972
18503
26303
14285
31347
8062
32279
31508
29682
19272
2855
5844
31521
15527
24447
26797
16438
18386
4106
15662
31630
10618
30016
7996
3977
29009
31646
14008
31899
30157
22611
31324
23456
13609
30269
14566
21104
18350
12051
15737
14004
18224
9444
4928
21240
20443
20416
11348
513
32304
5045
28640
5216
3658
29437
29571
13383
102
12405
25589
15260
26274
30289
24814
12364
16389
21774
20547
23266
1216
11945
27730
11096
18355
25103
4513
24620
4403
19156
4034
9143
22283
26919
378
5051
13760
17926
28706
26427
20250
26542
17996
9871
29151
27222
21930
10679
28386
4380
29740
20720
16188
25408
29801
11141
24538
10640
32064
232
1592
24611
1215
28673
4715
28746
29251
6342
25189
18116
11233
1036
27253
6705
4869
15772
14093
30153
13401
21642
15304
23630
12009
13762
5035
5951
5764
5348
5804
1615
21861
22354
26736
790
20755
13703
25689
11525
22149
1706
2752
12703
4490
27234
21375
25830
4968
17645
2483
15892
11459
16748
5312
3212
7873
20097
21141
30992
26476
18716
26417
10036
11608
18834
9573
2835
3717
18160
29916
18240
22150
1166
22874
9984
24547
32231
32577
2230
9405
17575
29017
19614
17072
1286
23504
7102
30206
9301
128
6938
20457
11734
16497
24360
11360
465
24223
13187
10974
31460
24573
2787
11920
32155
11449
11085
10678
9793
22210
27271
14411
2293
10632
3791
19944
14336
26371
10188
31462
1125
22006
29637
3267
11450
1397
9489
3526
28215
27045
7119
26598
11277
13763
26583
12009
8440
5991
9968
21961
20248
14090
4931
21339
8701
8646
22031
31282
30465
94
29343
1986
32730
16254
23929
11969
13167
3396
5081
8403
16619
20478
18269
23397
14608
31286
29186
15321
25039
24556
26191
7908
26645
28962
12240
3893
25575
32158
22470
18264
25265
26091
25117
2777
27611
23969
5790
6828
13214
8934
27238
18636
28694
20277
7575
28451
1176
9566
24909
19882
30533
206
6612
5073
25823
18961
4376
6433
26332
5269
11612
2336
8121
18865
47
1653
24977
1253
16796
2380
8942
1380
2978
31996
13791
22735
27108
24807
30027
9028
4512
28834
23684
10391
21989
5975
15647
31455
11265
12903
1796
29237
21561
26451
22209
20920
31422
4316
15908
15829
25820
1897
31496
26565
32371
18602
4207
4694
23467
17019
30161
21487
740
17675
20660
14798
4844
24637
27773
12437
6517
12366
25734
22021
11718
23993
13424
6153
9136
21591
8891
17654
27332
30155
14739
28945
28099
19229
16877
21842
1622
31141
29907
2919
22783
32555
22268
19196
11600
31052
29344
3130
5723
31775
25482
13197
32617
15385
26991
10923
28911
3886
29822
2770
8637
2361
24632
15440
10361
14238
20610
12105
24908
16430
25849
4533
23515
26443
13957
9896
25977
16716
21297
8918
922
4899
11322
12886
29323
9788
10853
2982
31841
5033
23702
13296
15408
19069
29855
22667
8573
21877
1622
25029
18421
9182
15594
8928
30559
22962
31351
19290
24527
27397
5591
32114
26140
1695
10940
11751
5269
5099
12283
12547
1008
18448
18475
6360
20611
5725
111
18634
28599
32746
29072
25165
31161
1660
30543
28400
15218
18090
29177
27547
9402
32062
17979
6420
26312
31710
3896
13768
22253
20716
14041
1225
27011
9898
26724
17939
22816
7586
4433
1043
19983
9797
25689
23146
6656
7634
4815
6638
23550
12921
12339
28145
8354
21185
29701
26311
21126
11303
19927
3458
3837
32007
32678
25856
13057
15808
12906
31784
13421
25876
14572
30064
7021
19405
29912
10146
12338
29606
4627
15329
12522
13672
3150
27879
9199
6740
13020
19344
6718
25793
7872
11420
30252
3078
20235
9136
2644
12186
24421
12191
9428
17786
3305
31720
23225
1995
32054
23424
10167
26049
31682
24785
13854
31679
8562
14082
25353
22208
6760
8313
21208
1781
32285
16030
10721
17839
28079
1762
15715
12928
27772
2305
20667
27549
9967
27267
13019
1415
7066
15241
20471
9707
23173
2246
2945
17862
20166
20172
30296
24268
18002
12937
13629
2059
11283
8977
11142
17868
10299
18590
15894
4282
6871
25812
17036
22598
9383
2122
28347
1097
12845
16711
23643
14827
15620
10185
29949
26565
14195
27340
23109
23874
22082
17096
7763
29003
11468
28028
24706
31779
20310
5866
8789
10383
28575
21411
26798
24635
10168
4164
32065
22361
26390
6721
25673
31627
13798
9697
23161
18947
17056
30090
28470
20712
28127
1599
3843
24572
18544
25959
4669
11389
14249
5072
9224
27721
13308
6643
5513
11333
21964
12666
29014
26110
9342
10239
25386
6289
23508
24343
18398
26825
7030
3471
31124
3208
13522
9717
11318
1384
2854
1626
28191
28321
14811
21847
8471
25134
29973
12366
32645
14635
22664
3826
480
11138
6285
10
14439
4806
18805
9074
27922
21599
12573
1378
8648
14056
22210
16114
16082
9941
17687
32734
1424
11865
12949
25991
7018
9351
1043
17211
16650
22455
23958
16310
2504
14123
13674
27625
10086
16370
7538
14074
7678
12557
14012
25483
29752
19153
856
25151
13248
7564
2667
13690
19960
11115
639
17001
14570
24987
30237
13123
22656
11439
5790
20174
2039
11330
12606
26916
22417
18909
31346
20919
21130
14107
9084
25235
24910
5898
28220
5347
7145
22229
13129
16055
8383
31136
3648
24068
17277
23476
9308
5356
10319
12508
14663
15168
8020
16910
1584
10564
21583
11854
1822
8114
9887
13008
12932
28929
15729
15965
20245
20454
11316
21495
23513
26396
15181
192
16001
7777
10508
26904
11256
12481
30431
12550
32570
30742
5830
17369
29289
4560
3335
16143
28190
16626
23075
1141
25341
12637
16648
14224
24972
81
15752
10812
25669
11825
16138
31891
32745
23942
31616
29712
28184
839
28313
19956
9759
27736
22839
4329
30737
15440
21795
8678
24089
18815
20736
8274
30734
31280
2173
19820
25928
1835
19663
746
28850
18302
12639
31968
17185
27005
28863
31460
4068
15624
7651
31856
28573
29452
30094
7304
23887
30284
25610
20636
2487
16738
4892
3759
30944
22016
5175
7865
7666
14716
31472
6986
26954
6796
31666
25969
31952
1102
25267
4060
31365
17035
30502
1344
8540
23356
7859
28156
11339
16717
21796
6393
10145
9378
19553
27604
12442
856
18590
7743
21297
24653
3283
17572
31285
17122
27500
28172
9631
25599
20290
22848
23331
11352
20683
1325
1285
26607
11149
8333
13102
21210
10201
7364
29311
25415
19637
26632
11877
29885
28186
4805
20654
14501
27488
25664
5019
4104
12790
8826
14902
12954
22614
4439
8933
18168
25912
27903
26688
20526
5894
25477
1056
5244
16273
20935
10488
24922
2050
18325
17769
20665
12563
5909
26128
29580
9087
29541
27043
1415
25782
25219
15164
3622
17366
1642
1780
4850
21207
382
7348
16128
5
31274
30024
9146
25524
456
3509
30433
5679
25281
3277
29139
8689
6645
26368
13834
26136
32605
29813
23270
32022
25070
11610
2220
31658
6849
120
17614
7183
23410
30730
21357
10611
15302
8399
21020
16298
19088
26462
28647
13092
9685
24506
26260
13596
24110
11046
6440
2067
10606
28730
31661
22653
10373
6455
10291
3514
17572
19608
17685
10055
26530
21481
8317
31286
5023
25820
9514
25307
7655
154
3185
16073
4376
23895
29058
17149
31368
3625
10733
600
9953
23834
1893
14419
4622
2940
26307
11246
3675
27772
12366
16105
26327
3578
11577
32055
253
25496
22125
16560
16788
10257
137
15622
14548
26829
2343
2042
22986
28594
26978
29135
16638
32572
20885
16895
20050
5328
12900
11310
5677
9549
22273
4444
28121
2021
29864
24926
5930
811
21356
12431
20321
12396
29750
21955
17743
10563
22539
9340
15038
13160
19597
5985
21772
24265
25029
32491
24857
18908
27935
2146
3684
51
15798
12552
25968
10065
26066
31124
32109
28092
15791
28129
13588
28755
897
21736
29395
2530
15540
7404
12330
16628
15480
22516
21589
18408
29565
23678
8747
17223
27899
24178
15686
19029
7414
5205
2660
21990
25536
15551
28429
4467
27327
6159
13430
17005
15984
10845
4518
14801
18860
22960
8407
1021
5675
15473
17439
19138
30278
11296
15695
7610
31745
28742
32028
5340
24904
5547
28028
333
17785
17864
15187
8313
25635
12927
25423
1379
10510
27146
1552
11321
17787
10034
18317
27692
10924
29121
15795
15231
3495
9017
12879
31197
22584
9158
15405
13551
11061
29554
29569
6958
22021
21400
17799
4342
26467
9371
11111
7132
15200
19415
18523
6210
10919
13784
13075
27945
16133
18634
28249
12870
4393
23345
21745
31831
13224
731
31939
17335
20292
20498
21820
6448
21613
18710
1265
7441
26120
14794
19077
27777
24944
11181
25805
30995
10170
6668
17971
32411
3134
13942
5976
2879
3154
20849
19710
19921
13401
15211
21796
7772
22013
12787
8050
29948
29624
11561
1240
17139
1433
8563
21107
25082
31557
2418
31664
3541
7996
19509
14259
7210
16221
21420
3578
26259
16045
26463
5693
6898
29780
8031
28569
26117
31720
893
13038
11322
23278
10939
25734
17604
8094
28416
10487
27374
23783
2320
16714
22959
10163
10426
4700
17791
31084
23892
15237
10346
7103
25188
120
5219
416
9376
2666
32730
12686
4889
17527
16529
9496
4275
22337
10411
16800
6616
2010
31238
20063
29293
32228
9162
2985
28677
13558
32322
20338
13397
7490
30955
19218
27625
12149
28363
24133
25877
30687
5380
7030
4909
23764
14249
24893
20984
9298
14544
11558
32099
31971
1513
2996
12659
3525
30542
18853
18045
21065
19995
19064
23961
17529
17471
10285
4436
6909
25299
76
7845
7744
4779
4648
6691
22734
6955
4709
1396
9985
860
22456
22793
27100
2367
17646
22024
24887
9058
5168
13450
28956
16560
26501
519
22130
14989
17048
17422
3800
11555
20924
13114
30676
10742
8749
8801
26925
30911
12184
26126
20117
23159
27358
20530
1163
690
7702
5142
31872
15150
20945
9876
27705
26028
6049
28295
3188
20478
24028
22912
10958
3682
12445
10427
4836
20494
3084
2641
4793
25100
9183
21166
7768
21576
17441
27206
22202
29928
12082
17284
30697
5595
7440
27907
29286
20661
16340
5121
13256
15546
29056
2833
25255
19256
28407
10511
4536
15899
17485
5209
11833
27835
20033
20028
11664
19192
29960
4781
15919
26249
1101
24634
32698
20113
17525
15424
1644
6515
14631
1885
11703
31976
10508
30248
32298
11343
21203
544
10904
28996
29561
26339
26743
12915
455
32673
10118
23726
17180
6351
27827
25150
7532
2592
21563
17527
19081
11441
32531
23440
20641
387
28551
20657
25608
7215
6433
32332
5688
9685
10188
10929
30231
3158
16953
20701
1400
12739
19330
27539
10211
12309
26637
30383
28313
1310
18868
6838
26067
15039
1826
14001
18251
24412
640
15420
13821
25229
9042
4570
1280
1349
1388
278
1734
1189
1027
1906
2071
2536
2716
1348
1860
368
2568
1388
2546
2053
2831
1886
220
2421
1240
1245
2184
2371
1005
1971
1092
1637
2716
2696
1424
2926
1638
2299
2458
2920
177
2523
1938
2412
1078
1952
1829
2565
104
1867
920
235
777
2944
2323
2318
2135
258
449
2963
64
477
635
1029
1621
2720
2335
2547
3119
1062
867
286
109
3
991
3083
639
769
1267
2480
851
2737
1728
1837
1165
2559
536
1285
1873
223
2972
3106
1640
486
1279
30
581
1880
1645
701
1340
286
282
1395
413
1545
1537
2683
2170
538
1942
1657
2079
623
1742
61
2509
1258
1467
1152
2260
2565
199
1954
309
2221
1573
418
1561
2926
645
2600
516
896
2074
1349
175
1009
1910
934
2135
761
80
1206
1916
1704
42
914
365
3062
803
2862
1470
3004
2843
2935
2499
419
3052
1739
646
1999
248
235
1907
581
724
1998
2038
1356
1863
2280
2118
3086
727
458
1141
164
1615
2112
1692
2914
801
2440
2568
525
2836
293
462
2288
3056
2655
616
1202
1884
195
2909
2315
2232
2514
2316
1637
1217
1087
2985
527
2947
100
491
1987
745
1164
1513
1946
875
858
2749
974
2954
1526
1438
2371
1913
498
1511
1420
1672
778
2453
2691
2568
1185
3117
578
3006
