1000 301 240
562 727
349 916
7 595
873 516
960 976
170 662
317 529
702 789
256 75
575 330
339 584
239 31
173 929
967 20
654 780
478 337
67 343
14 415
842 908
283 652
921 571
849 8
561 287
890 730
2 703
263 453
338 224
935 873
479 718
979 886
768 337
703 672
167 606
498 67
647 769
665 827
852 145
534 3
307 494
329 98
414 693
563 626
697 755
577 462
320 778
995 752
583 977
398 178
410 450
143 836
634 577
356 400
154 792
98 493
153 543
838 740
620 126
840 129
116 766
803 443
258 209
67 888
348 340
495 839
844 925
381 799
451 317
278 500
198 136
330 455
709 547
203 882
464 726
339 347
985 955
771 598
131 181
56 350
504 761
554 514
431 853
424 360
75 765
135 204
957 461
171 220
419 396
454 141
24 735
559 586
706 842
481 768
444 990
671 914
20 924
420 876
205 791
955 890
899 354
989 368
198 74
219 819
26 679
456 675
227 679
807 307
636 538
914 301
812 795
97 832
56 546
373 86
620 209
195 157
418 301
459 296
886 253
445 341
280 364
167 573
613 842
625 773
497 225
983 341
63 982
408 311
547 354
376 225
308 703
412 867
422 453
639 467
188 572
735 369
89 4
563 102
707 222
739 864
833 980
162 550
884 346
961 973
745 679
510 191
555 246
862 396
54 725
398 736
510 657
49 763
76 340
413 998
120 882
614 543
883 44
777 652
30 318
742 767
309 149
186 144
123 990
335 362
169 486
254 960
384 36
439 125
326 496
826 332
765 828
479 707
644 475
650 351
737 693
822 536
6 167
301 458
196 775
944 334
238 658
696 916
648 202
993 461
594 414
779 137
432 983
355 53
12 612
721 636
555 263
938 568
452 324
347 532
982 278
307 381
600 884
189 164
810 318
152 101
843 779
401 358
940 285
859 465
327 304
769 70
463 305
747 312
17 470
212 424
335 531
992 712
125 885
73 538
343 281
532 811
8 804
295 992
365 301
180 688
107 909
641 592
973 637
703 57
848 961
24 26
839 17
510 542
209 754
816 42
520 944
750 902
554 264
899 427
97 942
193 340
816 934
658 948
582 366
712 682
873 456
575 334
169 83
431 138
345 907
574 504
922 668
595 318
902 495
787 674
622 245
116 766
185 143
299 19
819 607
15 854
485 116
141 208
879 154
437 703
71 642
389 588
40 266
325 292
617 12
280 593
561 762
985 659
504 241
617 666
542 462
583 551
275 215
466 414
478 792
879 530
730 894
374 186
512 595
374 936
50 98
871 654
165 94
568 619
119 117
49 444
734 976
828 528
421 999
992 662
911 828
514 156
126 610
747 144
745 454
380 872
962 355
55 938
85 753
684 363
160 742
516 570
701 716
11 331
556 254
86 229
107 158
947 663
9 3
997 911
839 65
219 162
52 150
305 155
418 593
304 138
684 651
275 815
607 496
210 180
660 32
235 278
161 1000
174 58
493 131
873 539
213 879
206 19
199 97
667 58
588 534
435 736
246 887
657 942
239 204
820 582
415 350
169 320
55 287
36 296
915 992
688 135
194 266
930 79
734 57
305 74
81 27
312 837
222 171
576 910
404 129
513 199
353 430
550 6
455 388
388 763
6 251
800 563
883 915
244 679
928 297
183 7
968 153
137 283
731 938
887 960
132 823
150 983
528 176
615 401
618 417
830 649
658 9
494 712
396 189
30 607
947 401
873 4
177 861
480 948
148 920
650 232
751 618
898 629
302 815
176 212
557 98
496 185
17 866
866 567
397 259
476 680
752 871
246 322
818 44
85 321
988 100
982 342
482 118
872 556
573 611
457 422
846 506
286 271
503 267
620 40
956 954
135 799
374 602
840 290
524 849
998 628
744 553
777 23
760 411
564 907
307 262
694 383
236 379
593 23
529 171
387 128
476 420
901 843
387 266
807 774
756 828
418 513
358 506
705 979
888 381
695 200
731 630
249 897
198 561
601 442
287 542
278 650
749 584
110 154
827 86
429 272
141 406
837 662
730 639
244 272
157 629
222 93
750 32
260 476
343 789
201 714
214 128
572 387
503 18
152 499
249 741
990 367
10 7
257 585
920 935
859 844
998 865
733 34
130 929
988 987
508 334
484 901
421 96
153 478
938 590
269 610
603 126
65 460
285 679
331 303
425 414
725 225
678 992
674 230
81 975
710 611
854 709
43 1
547 826
496 687
698 837
194 222
634 657
967 520
94 565
704 742
332 363
373 881
644 775
182 417
485 821
614 759
701 210
631 371
774 268
379 373
112 216
818 613
268 470
678 871
314 281
96 196
186 643
641 604
332 832
819 345
987 914
442 112
240 891
874 823
341 291
704 416
858 984
259 80
16 891
577 635
227 537
135 326
666 186
899 795
796 511
811 866
743 826
878 235
970 597
171 239
193 441
334 189
502 76
676 547
10 259
836 760
113 48
360 513
964 576
194 272
581 102
587 338
84 958
779 496
278 468
238 93
497 521
410 887
76 713
435 439
246 398
365 516
884 325
960 95
114 781
658 846
708 440
810 383
711 613
187 686
42 424
259 471
380 483
966 196
899 479
754 394
983 469
774 559
594 175
969 688
730 216
354 373
664 921
635 509
990 670
31 434
894 745
555 478
126 633
107 34
483 804
814 503
957 994
456 301
576 841
419 598
958 583
969 702
519 770
650 738
665 598
315 804
960 878
356 630
135 554
147 883
947 647
10 999
112 687
131 925
463 612
963 262
648 683
336 845
110 398
66 154
676 883
275 65
296 939
133 593
950 609
77 553
614 184
117 679
552 489
948 899
145 10
845 729
364 720
174 319
865 959
772 983
290 703
467 872
215 969
343 266
640 190
190 385
270 235
314 944
106 655
909 550
431 571
370 341
64 490
324 757
599 273
191 699
965 540
814 309
134 270
863 651
21 6
79 214
608 197
55 517
241 418
53 617
88 687
596 656
441 937
876 533
201 469
655 233
358 154
978 238
79 297
698 438
484 778
837 899
665 664
822 325
884 18
155 148
650 436
893 6
657 454
423 365
519 395
631 541
984 230
595 129
460 301
324 722
586 395
573 790
862 161
507 177
596 762
892 38
660 622
317 99
385 776
413 517
302 378
58 585
693 968
821 916
337 440
534 615
708 118
480 135
909 610
164 555
454 942
162 814
253 942
91 24
446 871
44 375
182 700
390 234
780 553
261 264
953 691
851 734
465 377
68 860
820 788
251 26
350 528
493 852
612 953
387 442
985 342
79 270
259 20
3 556
473 222
178 914
27 474
883 885
223 185
402 27
713 841
14 385
294 406
103 41
889 73
953 285
100 981
390 724
646 556
741 836
175 109
462 224
805 252
73 173
763 935
244 298
428 737
421 423
214 111
248 413
612 310
786 453
144 838
4 667
710 638
486 647
293 779
187 539
987 483
300 143
468 514
645 791
502 609
274 699
910 415
400 272
265 945
117 660
921 706
56 436
995 189
587 109
877 607
539 965
601 996
644 72
100 605
402 24
263 247
683 582
618 263
201 255
31 549
63 385
588 361
831 870
393 189
369 592
622 820
868 157
940 714
97 553
700 165
984 875
768 327
913 676
467 999
835 213
664 899
930 875
874 88
774 980
893 79
16 526
699 982
226 593
264 499
662 229
160 450
660 870
239 186
771 598
767 109
831 779
722 222
607 259
325 587
133 172
120 330
72 676
539 972
331 323
426 733
529 646
398 503
12 342
382 931
908 663
967 414
418 508
374 307
387 119
824 254
759 842
15 56
892 628
610 99
267 34
250 514
768 524
757 812
918 516
375 961
798 91
77 373
646 553
833 943
444 783
427 541
190 718
47 703
500 582
936 888
905 250
8 829
69 147
891 208
419 769
184 368
439 588
894 738
737 25
354 823
560 840
543 421
205 813
310 721
411 120
760 296
923 464
612 508
131 584
831 217
588 629
300 98
290 257
462 882
532 883
37 589
368 238
388 993
334 669
277 4
164 778
111 87
897 930
93 551
303 117
438 930
346 558
119 976
569 788
860 835
317 112
377 988
306 143
436 588
564 502
198 238
393 574
243 396
787 949
599 490
302 313
971 211
648 204
388 187
553 550
292 878
170 476
273 710
31 47
440 931
844 150
396 695
34 27
233 76
588 991
938 214
289 976
964 816
95 175
35 742
389 103
999 526
585 111
714 501
190 231
678 727
83 347
947 582
471 97
218 305
904 85
1000 801
175 497
195 367
398 584
757 986
52 194
573 169
592 434
169 288
980 656
338 339
480 94
296 917
983 868
671 613
729 534
768 6
634 12
191 528
811 12
385 668
926 383
561 258
148 305
763 289
363 785
685 463
536 206
320 177
313 212
786 543
579 896
506 692
217 738
188 812
529 762
596 256
697 19
219 691
731 144
922 953
569 615
602 927
127 712
494 511
680 730
752 35
148 466
372 113
932 333
843 253
738 445
860 837
301 389
852 315
553 58
913 657
748 210
310 52
286 667
136 786
976 520
674 129
705 506
156 558
115 110
471 201
791 830
342 274
10 368
229 874
976 480
