5000 4943 2657
4330 4275
1889 3624
1322 112
1706 1994
4747 2085
2023 3072
3334 3335
4539 2739
2513 2206
4283 2775
248 4245
3572 4985
3706 1886
3371 1129
1032 4876
2350 3685
994 912
4455 1608
1030 3089
2097 3905
3024 28
47 3319
62 52
4362 4320
4882 961
195 4294
4527 4909
4426 1181
4076 4023
2052 3749
1058 985
896 1393
1653 2254
358 2621
4372 3761
4219 1071
2203 362
2452 3040
1834 3302
514 4288
4038 3706
1813 2258
1469 2245
2216 3455
4180 4537
3474 3574
95 846
1909 679
4184 3118
1504 3893
1537 2079
3553 861
4772 2972
2586 491
4868 4654
2759 2
1661 262
4432 3725
2714 780
3563 1299
4793 266
2857 3569
2623 2252
3024 2081
1108 4236
3973 1594
1455 3692
3776 2417
2058 1358
4573 3106
2888 2029
689 4246
3528 2798
1663 3666
3796 3741
1629 1759
3301 2426
937 373
2534 897
3850 1558
2998 2971
4765 2578
2449 2400
2945 1421
4783 4085
423 2997
1866 39
993 4072
4107 1859
52 4348
3592 2810
757 2484
4573 2590
740 305
3591 4520
663 2169
309 943
2347 2034
1659 1845
2229 3129
447 1102
166 73
1211 4133
2859 724
2823 3610
4180 1240
2379 3112
2209 4675
1486 2424
2414 3597
4158 90
4735 4541
1559 2396
3670 185
2260 1092
3380 167
638 2801
4104 3110
1414 1802
4045 2132
4575 3986
738 2674
1178 4528
97 930
4529 4688
2747 4273
4106 316
2813 3775
246 2211
70 2604
444 912
519 4046
801 4902
1549 716
4437 3924
1225 1175
4746 1604
360 1155
1186 2492
860 2537
1675 205
3118 2992
895 2494
2535 4413
4408 1424
3151 3370
1602 470
2504 4234
4354 3753
2425 4816
3480 4619
4192 2595
4205 1411
4738 3197
1348 3044
441 4522
4031 4213
1492 4450
4656 2390
3427 1615
1228 4606
2279 2429
484 1822
4913 3585
3146 4848
4290 1748
299 737
4760 1108
259 1449
641 2961
1868 89
4595 3375
4914 2548
4501 4655
2148 4815
1639 1280
3510 3593
351 1277
4527 2203
208 1666
3826 1970
2653 939
4646 2428
1883 1672
2043 744
3781 4423
380 2779
1889 787
2355 3032
3561 4097
2256 4702
3271 3156
1645 147
3746 3103
141 1045
911 1664
3667 4314
3133 4785
4573 3560
4839 3180
843 139
4030 4823
503 3457
3126 372
3263 3166
913 2115
3934 3420
3438 3251
282 462
3771 4515
3181 2879
2132 3042
2512 1961
4902 4307
592 1066
3083 1721
1062 275
3358 4454
3497 494
4332 48
1115 3747
89 2539
4287 4523
1370 2274
3397 2053
3141 3971
3785 1415
1814 1837
80 443
3795 4141
4357 4787
2553 1776
3201 1059
2624 22
926 4593
4975 3999
177 2288
3390 2460
2875 2055
2266 1439
2469 3142
468 3992
1571 2485
3704 1318
1005 581
3818 4089
540 3631
3496 3853
2211 2403
1084 4702
475 1199
1140 2816
3554 861
3492 3851
3566 2365
245 3508
924 3705
4621 1510
3342 262
2456 3550
2795 2280
370 1018
553 2988
513 4761
646 4083
1571 4051
4138 1917
1600 2519
4722 3930
652 2757
3621 2534
4918 4953
1040 3057
4083 2276
4356 1852
417 1222
4230 1159
4283 2677
1106 1617
4982 3227
684 183
1290 4660
3490 1256
1278 1347
852 2114
2207 1653
3646 3119
1474 3915
3644 3859
2940 3611
1043 1414
2954 3511
2530 3747
3620 2501
4397 4046
42 2723
1496 2838
2548 3295
2415 1687
3292 740
544 3651
2181 1545
3273 456
2786 3644
1373 3675
3034 2068
584 2358
164 2024
699 3873
4926 3779
1151 113
1903 1737
35 3288
1931 4887
3019 2152
869 1054
1546 2205
2895 1618
3468 2941
3479 4811
3178 1813
2835 3817
4205 4544
634 3910
688 229
122 597
1651 4313
4985 2021
1926 3766
2057 2876
4741 1550
3370 2620
1637 2102
1621 2248
2397 4826
1864 3259
3825 1122
737 4731
3092 3801
1522 873
2791 132
220 1698
1436 1975
3280 3927
3594 675
1316 4445
3627 918
3827 4529
1478 2968
130 1637
1827 3789
1559 3601
4654 4693
4606 288
1845 2623
2049 4464
782 2769
3681 4162
425 4533
1788 262
4488 2655
902 456
4142 4021
2732 2018
4324 1070
4346 4237
1963 2343
3580 4943
1976 275
3376 4001
4791 1565
1214 312
3485 1359
3826 4054
1848 2935
2070 217
2942 2139
2048 2791
908 25
4746 838
2634 112
4835 862
3064 2663
2527 3673
3530 4418
1583 2917
1871 3267
3217 4452
4105 2242
1735 1132
808 941
4744 4989
3123 1254
4903 3163
2927 1835
3019 293
4260 313
3619 3832
2723 283
889 1968
486 2105
3274 2802
3111 1872
2905 4340
1477 3995
2755 965
1444 238
1568 3347
1029 2291
250 2872
2853 234
3783 1175
282 957
1947 1777
311 665
4531 1912
2065 1793
52 1667
2321 189
1475 1859
3634 4560
2288 2889
1159 935
1435 1744
2258 508
4769 351
2362 4703
2299 2554
1581 1533
3589 2229
2239 1217
2482 3288
1559 464
2714 4210
2047 4973
4903 2835
2216 124
2089 2977
2280 3752
2807 2358
2094 1599
516 267
4381 4378
2620 3576
827 4310
2914 302
3914 1402
2762 2065
1106 4327
2179 4895
3832 4567
488 296
3788 1087
2111 1705
2603 4416
2620 1280
4639 1112
1035 1968
3178 1778
1968 2057
3188 549
426 4366
2480 321
2769 431
2552 2901
4269 520
1354 1674
2804 2151
1811 1854
3060 3372
480 4185
4622 1948
3671 4539
1798 2544
3097 4915
2511 949
70 1891
1596 3312
4734 2363
4169 3642
685 1773
1474 651
2329 3188
184 2646
829 3546
4388 4869
4389 4953
1157 1855
2575 1145
1759 4132
165 174
273 4734
1460 4704
1534 2151
2636 91
3141 1039
1007 3082
2875 4538
1139 2430
4394 604
4982 4699
1025 4116
1755 1515
4441 2732
2647 1491
4386 4676
468 1439
4095 3708
2097 5
3704 3931
3759 1509
3767 2436
3560 180
4900 1416
714 3120
2033 2080
4685 1385
3092 4841
4896 4145
234 2184
1106 2324
4446 4113
3870 4039
4862 1701
720 1935
4614 938
1507 2850
4111 4281
1913 4299
197 178
2457 2948
3803 2540
696 1225
15 99
1674 2571
3788 2251
530 2737
1493 2695
1079 4003
2045 2259
3882 3770
2623 482
187 4952
314 2536
2402 3613
3336 3568
564 3002
1543 3962
1078 3960
113 131
253 1334
4347 79
886 597
4043 3385
691 1242
248 1423
4877 1811
3425 3125
78 1748
1425 2640
2975 4887
4259 1693
2546 3636
4316 3974
1498 295
4829 156
3227 4463
3926 1534
2081 2094
3884 1490
3187 2572
3323 796
3313 3873
4993 1512
4172 2985
956 4418
159 4537
216 4883
2297 3592
4715 3693
1868 4167
500 1306
3073 2475
3744 4096
4176 2978
1134 1150
4802 4370
1736 54
4527 896
1550 1814
42 5
974 1338
582 2267
4713 2954
3936 2224
3593 3672
810 861
128 1173
3885 4350
1266 23
3106 3151
218 2099
4048 361
1912 4931
432 1018
4977 1339
4589 2801
1526 1829
4566 4759
3950 975
4614 1529
2490 1847
4992 2905
2719 2553
179 1488
705 4715
1296 4520
1816 4090
62 2145
3010 2372
254 959
4333 4207
1206 2650
3697 3974
786 4339
2977 312
667 959
2843 4168
3108 2676
2068 3907
3260 344
3054 3263
1677 3142
383 245
1442 1670
314 59
1326 2703
2925 1127
3755 1738
563 4679
4854 4120
4196 603
958 1133
1361 1535
1007 4625
4755 87
2477 1803
3653 1430
4898 1289
1543 4207
131 532
2261 1429
2219 1298
2650 236
684 792
486 4080
1025 317
274 2814
3854 1837
2066 3982
4265 166
4682 2219
510 2118
4561 1388
4960 1750
3961 2665
1635 3496
2211 220
1890 2102
2980 4808
4009 2985
2995 1408
4793 3291
4305 3465
4474 3048
315 1052
1242 1900
1549 1797
3154 530
4367 2479
4688 3812
507 1827
1194 4596
14 4569
669 1831
2768 4058
3361 907
2687 4680
2727 585
2875 3966
1370 2902
1255 2759
145 2555
1805 251
2371 928
2383 5
800 1913
73 3009
2050 100
1953 2333
4730 959
2984 1629
2543 581
4863 4970
4108 1182
2840 4574
2677 558
4419 1318
2531 2266
4932 1905
2981 3264
577 2763
1930 130
1265 224
3193 1436
520 2356
1228 3348
2635 2065
383 3404
3396 783
2501 1010
571 4663
3611 3624
886 753
1695 3600
3035 3026
61 4909
4985 4579
477 206
3474 4482
4830 1469
2313 1251
3036 2396
294 2635
2547 906
3069 2427
3104 342
3130 3309
3763 1237
4431 4339
3514 4644
3950 2259
3841 2629
1267 2065
3728 4153
360 1848
4275 2759
4094 2276
1386 1236
483 3931
2852 911
4294 644
3916 175
3362 172
1953 1335
364 2652
826 2958
493 1316
2187 1762
2543 4238
2004 2791
184 2000
3865 1429
4472 3411
3058 677
4900 4087
4264 1843
3940 861
22 1448
620 1122
382 4832
1324 1189
3463 4589
393 3657
2398 111
2976 1560
1531 616
151 3458
4566 4490
1831 435
3573 3285
4272 254
721 1002
747 1462
1679 4702
1994 4939
253 3457
634 3290
2677 1268
1463 170
4976 354
956 2892
3580 888
548 3967
757 343
3752 608
4459 2189
551 157
2848 2012
4352 1032
4654 2876
1875 3736
1944 4265
1443 1323
3188 3998
3982 3625
3576 4387
3094 4178
1903 2216
4339 3251
4999 1816
3429 4967
409 2863
1169 3953
1946 1995
1723 1841
1047 3765
4193 138
2051 4291
40 1748
1871 263
261 2829
1228 3636
3158 3343
4064 3071
4534 4444
4192 573
2492 1866
4484 362
985 3027
328 1830
787 2792
182 3937
2326 3719
4087 2488
3457 3856
2337 4355
4476 4388
1128 1456
1714 1417
4809 244
4682 2543
1769 938
4821 2355
2548 1056
2210 574
3288 4083
3183 678
1195 4172
2473 951
2027 1019
212 3953
1985 3827
3538 122
2838 416
1065 363
3745 1565
2806 2818
4087 736
1601 1118
4433 214
371 2698
2601 1257
1680 2864
3112 1091
420 2561
1829 770
3514 3209
3778 3079
1058 4680
3833 3326
388 4149
296 161
1999 1671
1607 2714
924 286
206 686
4474 3375
2720 2571
2890 3666
90 4708
2306 3927
1229 1475
589 3738
1471 1814
2513 2928
168 2343
3079 4244
3269 4944
1679 4064
2879 4045
3423 668
2781 3870
3386 449
4320 1781
676 1935
3686 1185
4708 3616
813 2127
4823 4603
4926 4213
3424 3447
4738 1850
3047 3192
2682 2964
1307 4207
859 2256
1067 837
960 3344
59 3695
3332 4007
2641 1542
1980 627
106 2425
1319 4025
4350 4715
2129 3910
3958 3707
674 3909
2133 2732
1930 536
1837 3233
1868 2707
4070 3622
3509 2064
378 4482
1759 610
2807 4284
4453 1989
539 4392
2964 1702
1271 4438
2687 260
3737 3074
2918 4323
1171 989
4255 1236
3013 4830
2500 2393
4813 3992
1372 3858
1303 441
3737 4887
558 1961
4100 1147
4547 577
3938 2957
3285 1242
2835 4905
4755 151
806 2618
1820 194
3385 2384
3735 4938
4047 837
2367 3317
48 4570
1374 1661
431 3742
320 3423
3453 650
711 2605
1169 1776
3205 3414
3228 1092
3001 3193
4885 3655
193 4841
3317 1248
2689 615
2641 3808
1723 3333
395 1450
3134 4238
1446 4552
3703 2716
393 3886
1686 1749
3389 3264
1192 4404
410 4807
668 2834
2098 304
3278 2901
3499 675
4724 1272
4239 3794
3095 4666
4146 72
1317 3753
1682 55
2748 1019
915 4538
2146 1152
4888 4562
3946 1165
2311 3687
4309 495
344 4171
1585 2156
4 313
2062 3098
2632 3233
4021 1092
1007 146
1752 3770
3902 3294
4584 1531
3898 2255
2763 182
4624 3541
3985 3423
4839 4652
999 3347
1983 559
529 1977
2194 2846
3169 3167
17 4386
2852 2830
1184 2578
4595 3257
3280 1534
1329 3272
4466 1103
4427 2043
1341 1122
4545 3388
302 2103
4122 222
333 2768
4522 4752
3492 3157
4903 2733
2361 3821
775 1257
3179 2269
2764 3069
1774 4503
4686 3895
1760 967
4052 2348
2285 357
3645 1911
837 2685
3537 2221
2485 1016
1571 1908
4448 4358
3174 38
1665 3230
4553 3291
275 380
4735 4259
3363 4741
544 3111
481 2751
4694 4843
2698 1042
4717 3804
3417 3904
111 651
2571 1785
2697 4233
4388 4068
439 1927
2379 458
582 2715
814 2903
1525 384
142 1117
548 1575
2209 1320
1428 4293
2314 1468
1493 4673
1815 3131
3166 2959
4215 4748
1681 3729
3661 3679
2277 1405
305 1321
1973 4286
4170 2102
3131 877
1653 4471
474 4893
2029 3095
404 2104
4344 4965
2311 2408
859 3713
2439 3487
3549 1219
2455 2088
3022 2213
2796 4290
4881 2224
1643 1885
1419 959
954 4922
354 1064
2247 3296
191 2663
600 2489
4333 272
1605 2227
1304 4400
755 927
3066 2206
4302 3949
1715 1883
3017 2423
797 73
3062 3938
4341 3501
942 4609
1842 870
4962 1977
2637 2452
2105 4892
3388 1807
374 680
2420 3432
4749 2405
4453 2273
2482 4941
406 3893
981 1688
784 1207
770 3221
3004 3948
340 2128
986 1014
42 1658
2330 3048
764 2047
4135 3704
3754 2932
1772 4832
386 2890
2291 1909
1160 4646
1568 1582
2214 93
1800 3118
131 1273
2109 185
4499 1891
839 340
1146 2547
1284 2374
3093 2953
4873 2402
1238 4593
2550 95
1832 3579
1409 2958
71 3831
1683 494
3577 468
4141 2957
244 1198
3836 1993
3037 1169
3982 2431
983 2750
1456 4470
3574 4623
3963 2917
1502 1867
3976 650
1254 1352
2729 3971
2786 4076
4059 1253
3575 2951
2336 1553
3795 2903
2487 1082
2445 3163
4355 955
4235 3350
1708 4573
3647 1099
3348 344
4062 1706
844 2711
287 3531
49 4896
891 3255
1875 504
2088 2292
3543 1005
1132 2522
4513 1595
814 2200
4362 409
3094 4315
3229 3029
4053 4838
1248 4644
4935 914
2811 3114
3295 1020
2432 11
2665 3552
3903 3166
1831 3970
1569 967
1242 578
4854 4555
2899 3327
2506 2608
1492 712
3816 2053
4838 4067
373 2489
2668 3153
4606 1432
3716 1899
579 3071
55 2931
1075 3724
1125 4122
4814 3944
1431 3763
693 912
4595 1069
3878 2735
4936 4661
4047 4494
2144 3470
2921 2484
609 682
3812 1434
562 992
3528 2019
1735 3652
2667 4269
3444 4864
468 4610
3080 624
788 800
3165 1686
3440 3242
1439 3545
3707 719
2459 678
4007 3409
4386 1621
1493 4206
3357 4674
1825 4073
840 4482
1959 950
3386 1865
3638 1807
4520 3787
4355 2335
3433 4086
125 2676
1134 3125
704 395
4785 1321
662 1920
3479 2282
3484 4826
2926 3950
1519 1939
4747 3473
2893 2666
3706 3315
2856 2788
3138 4149
2147 3013
731 3071
3238 40
4975 1436
879 1207
4133 4269
1897 3948
1671 3160
3704 693
268 4188
4440 2103
1118 2515
1162 4685
482 1974
2120 1216
1835 2605
3604 2042
2149 3878
472 2541
2533 438
3331 3796
1870 2978
1730 354
1371 2294
4698 2242
4146 3876
3833 2646
930 1116
4097 92
1010 2243
1603 4734
4363 658
3879 995
809 2922
934 3773
1973 419
889 2483
917 2521
1021 2990
78 2614
2661 3842
2640 497
4997 3431
4378 1045
188 2444
4062 4937
3830 4302
700 749
1089 1135
2486 4024
4513 249
3471 4029
2579 689
972 640
83 807
999 659
4901 1528
1706 4927
2793 763
1007 2727
3334 2980
1784 2006
4852 4391
3228 4859
2191 251
2057 4262
1460 4254
4503 3748
4131 804
1836 723
1147 3512
2552 504
3883 1802
453 1736
3168 3169
3826 2160
2692 1786
525 3796
2644 2850
99 4201
4511 471
3415 4730
3773 1471
4699 4107
3010 452
3089 3113
1701 3880
3946 807
3057 3646
4271 3911
2838 1449
254 3858
2190 4817
41 3208
4266 1283
2586 1076
237 1345
2510 728
4519 3441
574 3313
864 3819
3390 4418
1246 2557
3433 1705
2597 490
4351 4518
3858 1257
3690 3353
2965 278
4112 4413
4893 503
692 106
4029 3750
628 420
269 3897
1167 4784
1522 2921
22 414
4257 3553
169 4950
2028 367
2983 507
4023 2736
1449 3419
1754 3276
101 2105
2470 4223
898 155
4970 2926
2675 4261
3033 2639
4046 3056
749 875
1274 4650
143 3163
1020 2109
3079 679
1451 531
2168 936
4723 951
4100 2868
4509 2027
2613 4492
2592 2974
1969 3125
2093 4453
2173 4809
4850 2690
2560 2504
1349 657
817 1517
2642 4604
644 3613
4034 4222
4942 1715
2407 4685
1303 812
1876 1
4833 658
4944 2217
2408 2681
4943 4503
1338 1348
4119 4494
2804 4030
365 3651
1479 4814
3569 403
4664 4221
300 3948
4862 3214
3269 777
3158 1608
3192 4116
1878 2527
1337 1117
463 1457
1709 546
2868 3192
1748 738
1746 4444
55 4806
736 3165
3216 3560
3607 4847
3617 2229
925 410
1124 4891
4282 2453
3449 4799
4695 4879
4146 4314
4187 2431
4996 20
3934 1556
3389 3719
258 4011
1729 4566
3793 1150
2475 76
3054 4555
3265 112
696 4435
1566 3792
4594 464
3840 874
1908 774
3652 273
4612 3376
3883 2843
1412 476
4909 396
2317 3770
1941 1314
2507 4931
473 2085
3126 3479
226 4170
1910 3493
3356 3162
915 165
1014 4583
4837 4980
2932 4697
1769 4005
4481 1664
3307 2520
82 3351
1557 4199
970 4215
4468 2180
2651 4208
950 4930
1309 3160
3706 1909
1169 4440
3970 3024
81 4889
3822 5
4654 3483
1416 371
2500 3529
2249 3365
1632 1765
415 3674
949 2801
2369 2279
2740 3469
4853 1976
4141 173
3049 3328
3668 2129
3665 16
639 2651
2561 4201
1651 4992
2925 199
202 2613
2786 2118
1205 96
4023 1110
2500 3663
219 4758
3890 1269
78 3393
3887 1315
818 614
411 244
2109 3895
1004 3088
1327 863
2297 1347
893 414
3172 895
2217 1167
2620 3782
1280 55
3078 2953
2288 2917
1709 1237
1771 4945
1481 3648
3487 3174
1284 303
4647 132
3528 601
4328 4764
3167 3447
3610 927
4094 146
2438 2053
2630 965
2259 3037
4516 2893
3978 1384
2242 1582
3943 4966
2756 4228
3961 2571
4072 632
4563 4738
3134 4701
642 2741
1695 1199
4489 2625
2059 4997
3105 3113
548 4797
1277 732
4093 3430
2174 2253
4875 208
1479 4188
3379 270
3709 4438
4642 2989
3729 496
3682 2428
4989 1
3929 3210
1067 1247
3626 1840
3958 3528
2695 2581
4999 593
2066 3855
287 3731
1434 4374
3274 1868
3294 3769
1577 3608
2480 629
581 347
3343 1120
721 64
4098 615
4091 4893
4585 94
2345 4920
1850 2367
2644 1419
1577 164
35 509
2046 4078
3693 1995
2146 2388
1992 833
4541 1008
2744 2862
4207 294
2843 746
1719 147
1564 3036
1384 4357
3496 1481
1277 4083
3666 3930
3841 4126
3250 3946
1339 2260
3611 3659
4287 1732
3600 1633
2013 4322
2564 3393
1968 3063
264 657
3997 2192
2616 3105
1213 3562
4655 3913
4382 204
4363 1854
3564 1435
3594 4474
1963 4503
4698 2500
2421 4108
4338 2669
313 3458
3819 4983
2784 1210
751 3571
269 4351
2923 2465
1894 3355
3051 2423
3909 2932
3089 2702
3087 4519
3985 378
3050 9
4780 1718
2201 2072
3949 552
1394 4882
3399 1873
3632 156
4701 728
4071 3942
4626 1280
2091 204
3867 3693
4983 2011
1889 4918
2437 1430
247 2487
653 1600
2977 3151
1014 4119
844 107
2234 1396
2478 990
1888 2718
3614 4287
2700 2469
4543 660
746 2376
4426 3089
1982 1855
1355 506
3370 4327
4427 1825
2984 2624
3415 2597
871 1508
1699 1038
2309 3813
255 671
967 895
2262 145
4340 4714
3465 879
313 3186
1846 1719
2178 1760
4528 247
4432 179
2533 668
3129 3695
625 4630
2478 1574
2872 4440
4812 3305
1004 4405
2367 1018
303 550
253 1019
2636 4252
4223 2143
4021 1537
1136 470
1414 3524
4422 957
3032 2118
2455 1831
2646 1770
4842 2193
4414 4056
1910 4965
2013 1697
4902 3183
634 3420
2345 788
3062 4732
2863 1163
2264 567
274 990
4385 1198
3928 350
1718 1468
4193 3947
2562 4466
3463 4974
2343 34
2326 2980
236 4279
4631 1948
3967 384
554 2366
3138 2228
2877 4531
1576 2437
4394 4638
654 4239
4584 2764
1009 4524
2052 1893
3773 945
343 4813
3971 3949
3882 4752
4650 1880
513 3315
4374 2796
3353 4594
4779 1788
4912 1899
4163 3900
1651 2473
4110 2674
20 4482
2685 2789
3751 1467
3092 3584
3634 4164
4387 1717
4010 352
1220 1255
1400 1962
3105 1280
4181 2634
1718 3140
4179 1283
4911 4531
1449 512
2351 846
51 4826
754 2099
1207 2313
31 4850
1507 4537
930 3225
2471 2277
1996 2362
4692 2359
2221 3851
3811 2322
4855 4851
615 4170
1488 1932
3485 3787
4832 2840
4612 4899
2176 3367
2381 1463
4070 4654
2995 1599
4951 122
2685 1767
3845 933
4033 2945
317 4226
2923 4608
1522 4032
4908 1955
369 1915
3626 4705
1941 4218
1611 4948
4460 1490
4089 2430
296 1184
1273 788
307 3533
285 3010
2745 4224
3325 1545
93 272
4661 4447
384 3048
4745 177
2312 2370
3117 3743
2153 4646
581 1115
550 2475
2726 2938
1307 4157
2982 3736
298 947
715 3845
4963 1348
984 3297
4813 2623
3484 3128
3802 3387
4853 2106
3478 3836
878 419
1280 3493
3628 2923
4410 3165
4312 626
2900 4036
2979 4419
1965 2148
2098 1063
2910 4512
2429 3700
1399 1872
2571 3035
2558 4854
4582 2575
2614 4997
1269 3585
4131 1919
2168 3358
4596 2219
181 1041
985 4391
616 5000
840 3675
2433 2467
767 3612
2574 4588
2244 4281
1538 3443
1587 858
2894 2609
3524 1782
2783 1299
4356 3771
3083 3093
4072 4910
2289 3242
1306 1983
2658 2080
372 3317
3629 3974
1830 3764
1136 2406
4557 2391
1164 4060
4794 643
4602 745
4442 4693
4190 3374
3746 1750
1830 4571
110 3695
4235 871
1147 1218
324 577
1703 1918
2235 3291
944 4135
1432 4812
4438 2172
1095 4874
4149 4935
1178 1588
2210 1735
2087 845
748 2411
1820 2032
3389 364
951 4205
1249 4149
791 4885
2459 2387
1046 4777
2273 1408
60 4559
244 4657
2548 4295
126 1526
2826 2871
1334 4672
4325 3186
820 3547
4490 2846
3635 188
1023 690
3853 3003
2799 3707
1448 497
1171 4094
2964 400
2993 1599
2325 881
2027 3978
1287 4190
2112 1238
4581 584
2745 1964
1490 4939
376 1542
2341 2878
3252 2900
1649 545
146 2180
4305 2283
4241 2567
4946 1481
825 4902
3333 793
3090 3900
3507 2048
2281 415
951 4641
4432 1861
3192 86
1654 3780
2551 3997
725 464
3670 4724
2328 769
2438 3870
4784 4694
694 3752
3758 4349
709 973
1342 1034
3823 253
3672 136
2043 4183
4482 15
188 1611
4762 2366
54 3971
4611 2091
3457 954
4423 391
4512 2912
749 3929
2591 2939
98 2002
2035 2166
2798 116
1792 4584
2986 288
2953 1061
165 1133
1696 2194
4705 562
4500 2587
3418 2810
3937 4951
1688 3695
2359 678
3808 957
516 3710
4306 900
534 3920
2108 2724
1707 73
3172 529
4731 2055
2257 4921
3744 1997
2276 557
3971 2978
3564 3278
107 2675
204 2658
2467 4942
696 3641
3208 1513
1861 1407
1628 852
408 682
3831 4015
1336 3974
562 2990
1797 2691
4137 4437
2329 1530
1869 1847
1780 2961
1684 3702
2663 3171
3503 673
1149 4073
1301 2493
2191 3525
2338 3036
2845 3318
3637 261
1519 4446
2995 4141
4049 1263
614 4479
3858 3294
3614 3338
1297 2353
3424 2471
3364 2387
4267 3505
739 4604
4116 2117
4180 2914
3041 2663
4835 582
2763 1178
2876 1112
322 1262
692 1183
3272 2116
1091 4312
3721 3666
3528 2441
4264 4601
4503 2020
3083 3048
1581 126
4435 2152
2050 4702
1671 1104
4025 4135
3915 1232
3195 3537
2996 4183
4163 4627
1227 1729
2399 4290
3049 3809
4780 2611
1086 3615
4031 943
2290 1212
3830 986
2170 246
1182 1027
4455 460
3682 1966
1394 2331
4671 4035
60 246
4172 3055
3555 117
511 742
343 3955
3429 3354
1362 2629
3046 2742
2839 2463
2268 4144
4959 804
1722 3172
3937 4815
4678 3635
2356 4506
2180 3899
1270 1692
2158 3035
3746 2291
1971 3904
3810 4500
2201 2093
2267 3994
4038 268
2125 3076
3291 2057
4730 144
4654 954
2169 3143
2037 1195
1688 4869
4594 1098
3571 638
1894 4203
996 3892
1575 1282
4957 546
718 3599
4943 2339
244 123
3648 1513
387 529
2637 1620
2803 4865
3958 2575
405 926
4659 3280
2077 3780
2866 2157
3118 1727
4418 3476
4998 3711
225 2625
2724 3554
41 462
3859 1663
2785 2963
1264 3738
2602 2353
4079 1665
3003 1175
2321 4530
1797 2898
777 1800
1890 2058
4892 3137
2868 4368
225 374
2706 4119
1266 4535
991 1221
3436 3246
952 1935
3757 2882
3662 2525
2598 2021
643 3208
2206 3547
3639 3836
875 1542
3355 3747
1890 164
3708 2323
4058 4362
4128 420
3024 3382
3734 3571
3005 3397
334 3929
4284 2676
3659 997
4669 522
1560 2576
2057 2400
2493 1208
3556 2888
2720 3422
3267 1252
760 3001
3504 4161
4988 1914
3463 2246
1118 1421
2590 4105
1667 2504
1170 584
1962 4892
2901 4889
2088 1100
3481 2811
4049 2368
3160 2196
3345 4045
777 2077
2335 543
1136 3631
1426 4742
4828 2551
2465 3493
3293 644
620 1852
176 527
183 3979
3044 3607
2999 1988
2689 1567
2581 3302
80 1521
1782 2412
1129 278
2204 2400
2158 849
3906 3173
4809 1372
3022 1679
2816 120
3572 1352
4551 2788
3770 3035
3211 4913
395 689
3499 4941
846 4391
4497 3666
1882 4679
2055 3772
2731 3442
4827 4699
2632 644
615 1149
4110 4889
2953 4082
57 2427
323 3691
216 19
4327 3330
3161 38
572 535
4562 1928
3681 3930
3370 3467
2938 2379
263 2475
3554 3297
3480 2143
2110 691
764 1496
889 1582
725 4592
823 2215
2042 627
3927 2172
4276 3594
1585 3726
2934 2215
3416 988
1687 1640
534 2843
3477 696
4686 4498
2066 2126
43 537
1192 4573
2249 2555
178 4605
1766 3882
851 4048
4201 3772
4497 2306
5 794
4106 917
3378 2375
1671 1183
1291 3429
4807 1888
1186 4454
3248 759
2682 988
1447 3350
3478 1537
2214 3174
4463 4494
3043 1318
547 2789
1795 4365
318 3238
3928 3333
1477 4805
2925 1563
2776 2387
1294 1570
3387 3874
379 3394
1995 649
3369 3730
3383 4295
1819 1184
3434 3263
3977 739
3153 3412
2144 2652
2329 4972
1008 4459
3504 4007
3657 325
2834 2052
1294 3352
4743 3031
3678 2676
1278 4199
4280 2465
1361 2699
3386 321
1010 2296
1874 565
2391 2658
2590 1665
2971 1622
3442 1357
3178 503
1837 926
4623 4946
3254 828
2352 2598
124 406
3459 4141
3981 472
3632 24
1783 4244
4281 713
118 2705
2362 248
1529 2451
3323 1011
9 2197
4075 2163
3839 253
4119 2203
2832 1229
2171 213
3791 2429
3316 4340
2897 4939
2971 2877
4659 3412
4520 3614
857 1719
286 1832
1944 875
1091 3646
4391 4873
2855 3572
240 501
519 3038
3086 2268
2050 1692
731 4215
4442 2327
2813 4850
1584 2147
1230 1133
3143 3344
1033 68
3741 1287
3738 1367
1729 1333
4288 1718
266 4808
3721 924
645 1735
3782 1261
1309 2647
941 4328
900 4220
3371 1771
2964 3001
3925 1286
1686 4154
2227 4699
4418 2882
1135 2334
1036 2317
183 3881
326 4761
4038 1481
142 1628
686 2858
3260 707
4677 3706
931 2154
976 4912
2594 236
613 986
1405 2867
2642 884
3705 2058
919 1358
4656 2954
2651 2702
894 1396
1184 3747
2532 2433
3489 308
2665 833
4588 4634
413 77
1693 4390
1382 3143
4812 1910
2503 304
4978 4404
1116 4358
3877 997
1075 1859
3642 4172
544 600
2249 1269
3871 3310
1114 2729
3165 874
2845 3864
1157 4441
1023 2184
4100 1113
1827 137
1631 3976
2887 1833
2707 3949
1956 3499
2887 3532
2922 3437
2200 1514
3076 4111
3358 1006
3281 816
4369 4459
1102 4804
1500 1595
1883 876
1817 2392
276 1653
1249 605
3422 1267
2253 3259
865 4472
322 1755
1786 3043
72 2624
4781 2049
4016 3292
1008 1755
2337 1848
1311 2651
4510 2173
1837 3370
1880 734
597 2976
374 4436
3271 3325
2920 38
4833 3041
2000 2069
3192 2348
4794 4361
1960 1861
657 865
417 4543
4171 4026
3791 3798
3518 290
1530 3265
4301 174
2041 348
2556 830
3200 3306
4526 731
4737 961
4974 222
1625 2975
1793 3728
3326 359
4721 3725
3255 2955
1671 1173
3717 1473
719 2415
1582 1107
1899 3029
2731 1732
4828 4126
4068 3350
804 2693
1862 1007
2674 3174
4567 1722
3890 4569
999 939
4432 2600
4090 2023
2748 1123
148 598
20 1033
2832 2647
1617 4648
4079 894
4818 1408
1704 4711
3878 4888
4513 3840
3546 554
4513 3282
2584 2142
447 3507
3619 1904
903 3943
1035 4497
65 3511
1597 2228
1414 4578
4449 4932
506 2781
1749 4694
339 1419
779 1908
2303 34
89 1606
1537 1507
4941 4873
1898 2520
3150 1124
3940 3373
4869 1375
1395 4741
3418 3472
214 1433
709 1674
2687 4420
2859 3699
382 1739
2753 686
902 3561
3668 2032
2873 4110
2157 3526
1546 737
2642 3926
2455 3382
1238 3232
613 548
255 2918
3361 1926
3063 2492
4853 2954
4810 3730
1717 1333
104 4717
38 172
1304 879
3062 441
1790 2881
2358 3511
1584 3680
4446 2840
3292 4010
4015 4813
4313 1660
1610 2561
3382 1027
4991 1159
3055 333
1224 3776
186 1604
2112 3922
2409 3115
3320 4129
3012 4929
711 4661
3816 421
153 317
2200 1348
4968 4869
4495 2663
45 1606
4436 626
541 3869
4054 1115
1343 4959
872 4220
2280 4643
3919 1488
4231 3459
1702 3417
1060 3455
3545 904
2785 548
980 3540
1218 1489
2625 3952
1734 4704
1490 2887
3032 3978
3019 3574
4201 655
2258 4821
3991 1106
865 2366
122 4944
4861 392
1049 3374
1481 381
1242 4930
1239 1487
3027 3471
2581 4022
4486 1777
3364 3646
605 3003
878 919
4668 2417
128 4288
940 1191
1488 2186
4560 2885
2289 2065
2627 4023
4597 4615
377 143
2640 3248
3435 457
1762 2303
359 2543
3358 4005
1569 1764
4820 327
3503 4759
4407 3874
705 3351
2201 1539
4779 3753
36 1010
2323 2312
3948 4833
3087 413
92 1827
1940 2407
2217 1386
3480 275
669 1318
749 1841
2334 3576
3959 344
265 3402
1575 1346
4524 4449
3650 4804
1167 1648
4611 3386
4182 1003
1732 3928
3392 2640
437 1601
2085 1098
3775 1006
3104 3568
3722 2476
2941 1993
3803 762
2223 792
279 2587
1643 4258
2782 1596
3870 3907
1256 3680
2781 2530
781 271
4570 3924
4151 2807
499 4926
1669 4146
4898 725
4083 3476
625 3268
591 1872
3591 2568
1794 3715
4782 4862
2878 4977
1578 475
4729 3933
5 1314
2325 3078
2250 4599
588 775
498 589
462 1963
2551 2534
1178 4516
2178 777
4696 1712
4714 1106
3679 3942
1134 3427
2821 519
3638 2116
1968 3126
3324 1436
3457 105
4604 3016
4058 1296
3893 3759
1302 4832
251 3118
4453 1108
2870 3968
2014 4181
68 525
1463 608
685 1644
46 1501
1049 3095
4446 2649
3487 2530
1340 4197
2209 4816
4930 92
3946 966
3610 3637
4850 4471
2966 859
1717 4489
4526 124
4264 563
1442 1931
398 2757
1574 1016
4364 1915
2691 3563
3520 3436
1258 1523
1511 394
2729 1560
3687 4040
3336 3931
3682 2525
380 278
4075 514
3043 4804
894 2137
4763 4134
2608 1020
1080 787
1480 2005
903 3811
3000 1324
2738 4554
934 205
827 1368
3669 1260
2720 2242
3868 4322
101 2580
594 369
1211 1384
3942 4938
225 448
4988 460
4726 4989
296 1466
530 3577
3712 1780
3540 4231
638 1195
4883 2072
3583 3790
2214 141
289 3183
511 3021
4031 4692
2409 2629
3523 3125
1157 4481
3603 4174
2391 1419
1827 2181
3327 3260
4463 399
3459 1741
4760 2371
4852 1570
935 3053
921 546
61 2591
597 2116
3915 4587
1192 829
1535 2607
3434 4976
4215 2400
2066 469
3630 4427
1202 2193
1151 1336
1851 71
364 2626
2668 4547
2944 4487
3411 1374
60 4584
1984 3519
389 4018
1198 4268
3266 1572
4331 1269
3257 4672
1083 593
4823 4304
1622 2393
4635 1404
1329 94
19 3115
81 2914
278 4367
461 2420
2840 1418
1853 4695
1544 563
3617 1022
864 4900
2020 4547
572 4240
3276 3908
2863 4996
409 3980
2675 1091
15 3917
4972 3865
1071 718
1907 2504
4012 1620
1094 542
2187 3403
4953 4100
4529 290
4846 2893
2097 2198
2364 2913
836 3570
2998 310
4486 3136
3992 4307
334 1149
669 2347
1496 631
1325 1771
1029 510
2879 3669
417 2394
4908 2373
4731 1204
3343 2736
277 2224
2874 3307
1005 2452
910 1890
360 324
318 4330
583 3861
4943 1017
2384 3503
3670 687
2069 4032
4884 3678
4284 936
1546 4176
3161 2319
4216 4387
67 974
3404 3481
3823 1595
1006 812
4516 981
3924 821
3161 3776
1082 2851
332 1097
4774 3976
4100 2753
3016 398
2686 694
2694 2192
2271 3674
3879 31
4031 683
2479 4906
3407 4476
4929 1042
4738 1719
963 831
736 2468
4187 589
4028 4448
2787 2542
2040 1872
1615 3147
3187 2240
1509 3781
834 2111
1086 2011
845 1510
2378 2434
2765 3140
1038 75
4121 2368
2257 1685
2505 1619
96 1695
1617 4221
2298 3375
1951 2780
2923 4925
356 4680
3347 2805
2934 4754
4881 528
130 4382
2687 2263
3139 4332
1621 2120
306 4494
2458 2282
2842 660
4152 4073
679 3631
2935 1005
4276 2367
2797 105
4726 2268
1590 2423
4847 968
2091 2663
439 783
1293 2211
1758 3090
2100 2695
2457 12
4894 4219
3909 2725
1028 4411
351 1863
2069 3734
736 2041
1272 3156
40 2801
1625 3611
2089 834
777 4422
499 3954
4109 2770
2733 2778
2137 2079
1869 1169
2243 3463
3759 2808
4750 2720
1278 3237
242 734
866 171
2808 2322
1005 3950
2204 1517
1353 3053
1519 3174
3233 2138
1031 2460
4945 942
1864 2218
784 247
3322 2107
4498 3091
75 2364
4281 816
4618 1634
1745 3422
659 900
3329 281
3410 1716
4889 2817
2098 4130
2923 2765
4420 270
3944 768
2962 1567
992 4665
1909 556
4990 4102
3370 2490
2193 1712
2041 1531
3138 3543
508 3496
3283 2422
2698 511
600 1147
1002 1541
2110 3745
3538 61
2937 987
2713 4245
66 2985
343 2354
2304 1628
1586 4775
1753 4000
3549 4627
4698 3098
2980 2858
505 573
4288 4402
887 3594
920 2952
694 4659
3422 2350
4589 1176
4994 4233
4434 3137
1585 4047
2875 2840
4985 1430
1966 924
4453 3450
577 2210
1242 4688
926 1287
4990 1370
198 3961
4312 4454
3468 3072
4980 1013
227 1038
4588 2190
4584 1647
517 333
46 2057
4631 1157
4340 1595
2325 4519
1630 1844
1553 808
3194 4041
4738 2380
916 3531
3127 4648
3341 870
4344 4039
4943 4530
2547 4022
1717 4009
4363 2848
3030 1245
2418 2161
4821 2064
1908 4483
3919 2495
1550 2722
1521 841
3813 813
2097 4864
4613 2581
755 958
1827 4915
552 1246
2179 3339
3400 2979
4873 1297
3201 3500
2497 3050
3301 3645
4162 3883
4631 2346
9 1838
801 809
1461 3009
4661 4199
2374 2784
1 1500
4173 3789
3308 1069
2286 2701
2135 4698
920 4661
1782 4901
3532 2513
2241 4456
2055 3732
3033 1083
2338 4284
2572 4694
4358 33
1560 2330
1156 1779
3586 2448
1139 2965
1465 3588
4773 3215
2263 1437
1904 821
1629 329
1796 212
4130 369
919 1892
1567 2215
1790 538
1372 757
1149 4361
2788 1456
2786 4209
2818 862
2366 3992
1124 1663
1641 3090
2717 191
4046 4194
1521 832
131 4460
4993 3427
3951 3253
2494 3634
2911 1923
175 4677
955 650
793 1155
177 2591
105 4397
3331 1661
2762 4168
3320 4903
2944 3443
1512 2185
1329 2485
589 1856
2087 3918
393 704
2453 323
123 2072
2618 4330
797 1876
2167 4235
968 1470
4604 2864
1961 658
747 48
774 211
2305 3289
2592 959
1261 2660
3932 3961
3791 2170
4463 2510
4286 215
826 4830
4793 3591
3702 1084
3188 1162
4169 801
1713 2715
3497 1329
4004 2509
4711 814
4615 2655
5 3392
4651 636
3579 638
2823 3070
2786 2646
3929 898
599 4592
402 975
4673 1150
2113 3326
4733 252
3903 1077
2465 4196
808 3669
1967 946
3363 4931
3423 4422
3167 1790
349 3774
637 3682
4076 1201
96 963
3051 4215
1726 3204
1328 390
2966 2331
218 1215
649 4638
1547 2818
3331 4043
843 3338
4946 4146
3896 105
2981 932
335 2237
4240 734
2950 4941
436 2898
2702 4507
191 1335
2390 623
4012 1459
928 1754
4570 3761
649 2986
2512 468
3208 1745
1940 4149
1084 4503
623 3308
982 636
1772 3469
1400 404
4601 498
4134 128
3639 2042
2412 4036
1025 4791
1186 3602
3707 2492
4106 3848
3319 3897
799 3939
2772 127
1458 2521
777 4090
3135 2305
2550 4286
1059 1542
4849 3880
4813 924
1023 2998
315 3961
3283 4540
3525 4047
533 2577
2462 4886
2207 2555
1635 2001
831 1290
1193 1796
4977 3200
2927 4707
2501 406
4135 4743
3346 1629
1286 4211
298 470
2038 2473
4927 4305
4491 3134
4337 4225
2128 890
4304 1053
1869 1315
3211 4176
688 4763
821 2510
1768 1930
3545 4088
348 4785
3835 114
875 1588
1633 1
229 2028
246 4090
2686 3824
1397 621
524 76
2845 4501
1133 250
2288 4276
167 2377
769 543
2158 2860
3870 1426
4289 986
27 232
2247 4348
2582 1124
4017 4884
4494 2312
1233 3117
3539 4570
4693 2387
90 1765
4943 1754
3668 925
1747 4787
2060 1365
4775 3136
2609 1153
3777 4521
1430 3494
1766 3220
3860 494
4666 1893
934 3940
471 2520
355 1554
2323 4373
1412 398
3993 856
1002 1565
303 2186
1178 223
1963 1877
3463 365
4801 3448
3360 4909
1881 431
1316 1388
2540 2316
2450 1676
160 1269
2854 2144
3067 3551
4534 2022
3765 1326
1773 4602
4084 1443
2424 2685
829 98
3976 643
4151 4796
946 3151
1745 2072
1532 4513
4905 972
3444 2342
1449 1348
381 2892
1068 1188
3523 4044
503 4503
1941 552
991 4971
200 870
2438 560
2846 4066
3775 1003
1230 2398
2911 4000
649 688
2151 15
1993 953
3320 4360
477 4644
4270 2992
2287 629
3264 2092
3060 359
75 482
1258 3328
4998 2657
3045 4513
20 4548
2434 1686
624 1634
2608 3981
2647 4579
1547 4440
4561 399
2515 64
1027 795
3781 567
228 1322
3914 535
1043 1018
2816 2527
2669 975
1188 1988
2444 4555
3872 1955
944 4234
3141 727
3611 3751
2701 230
3629 4350
1976 1060
568 4787
1174 3829
3720 2684
1682 3877
900 2869
4639 1622
2898 637
2048 2282
3680 3069
4293 4691
3515 3019
4007 1608
1201 1580
1953 1135
477 4758
664 1358
4261 2622
3625 4326
1621 4745
232 1039
890 1784
1458 4458
16 4744
1766 1491
4159 3336
1999 2254
312 3720
3827 858
3952 4443
3729 232
2002 582
4414 2265
3982 1777
1666 3146
2819 3711
1877 2167
4143 2706
4436 2515
3854 4735
1766 3512
2784 1671
2292 2157
3733 1985
3561 2773
2499 4365
1421 1699
3830 4133
2665 4455
4999 4117
3156 2834
2645 4847
1789 2458
2635 670
1657 2153
1639 4730
160 1182
3861 1769
3812 104
4158 867
3199 1506
1460 509
4025 678
2246 512
2399 4071
758 171
941 2320
2785 2094
4556 3423
1239 4469
4241 2990
1784 1930
2625 2705
3128 2286
4905 1038
241 3699
4556 349
4782 1833
31 4522
554 364
4115 2231
2078 1794
2312 2565
1111 1186
1660 2260
4436 3961
4938 4274
2071 2602
65 386
761 285
3821 1421
806 939
4601 2506
3342 4716
1841 107
4581 2952
1620 4615
88 966
2591 814
4884 1761
1797 2987
4698 1113
2456 3547
4044 926
1098 372
2419 2392
3671 892
3360 3752
3480 1677
3682 3137
4628 3177
4422 797
1801 1206
2774 1122
2631 2952
3390 3413
1289 1961
4460 2231
2571 4943
757 668
1991 77
3874 4714
15 4818
1745 2168
1424 4433
355 3331
90 1733
4725 3086
3847 3620
1783 4006
1103 4118
2320 1625
3865 3464
3299 1871
3945 1203
2222 1586
4089 2295
4197 3894
500 346
2632 1292
425 1944
1700 4053
3212 4961
3088 1643
749 3808
1663 3717
974 3666
1896 3130
2369 4735
4758 432
3574 2644
136 24
2049 4171
1245 4258
3222 4088
4691 2677
2324 458
13 2953
1486 4415
1067 2359
2988 4297
2887 2005
4249 1164
4385 2134
1628 2809
1130 3891
92 4987
3496 4888
3418 143
4660 1383
2433 4957
121 374
4837 2428
4571 4087
850 1384
451 2958
1338 803
2205 2949
3782 2952
1552 1735
40 880
1854 4065
3571 2515
1781 893
3980 3661
1456 2224
2216 1591
548 4351
4019 4112
2522 3314
2198 3681
1959 1249
1888 1229
2478 1910
2975 2851
2892 1548
4385 2810
2517 4547
1502 576
454 318
2955 28
1980 1415
2101 2240
741 4793
1457 837
414 428
4124 1502
1050 897
1709 310
3701 1721
4632 1429
800 2392
4228 595
2745 4409
1970 2324
3136 1751
4096 1720
1304 3853
1015 2094
4793 4723
2546 2821
4129 2364
2446 355
2311 930
804 4256
2989 3820
4604 1384
1577 3346
4889 3687
4690 1282
1237 2373
3851 626
3294 3749
4350 4094
1549 242
3090 3101
1220 2723
2040 2842
1743 3190
2821 3278
4620 4076
4114 2135
125 2770
4392 2414
741 641
3732 1155
1514 497
4258 3047
1824 1090
3669 2751
4675 4261
1347 4947
3715 2277
373 405
4875 4763
189 1061
1321 2469
2909 762
3890 398
2415 2805
3580 4174
3046 1500
2608 2335
316 1696
1259 602
2607 4476
2849 1176
1312 4886
2896 2434
142 4417
1383 2981
1980 1607
4977 3562
4064 2908
4760 283
2458 2019
833 1490
3447 1724
3825 4907
4943 4624
2204 1503
606 3301
4347 4812
2027 2185
774 770
4504 810
2929 992
2620 2209
2671 4695
3996 2993
3979 101
2928 775
3378 4088
4361 1972
2673 835
4747 3215
3221 1490
256 4231
1058 1054
336 356
3159 1508
1847 2491
2208 2257
2861 3885
3614 4567
196 1044
2649 1283
4753 1929
2881 788
1110 1602
1883 2034
1104 3195
3474 434
2448 1135
1105 1852
1970 3864
2563 2519
4036 680
4247 2293
4768 1415
1191 5000
3114 3814
2094 3667
1168 2448
2225 4141
1567 3674
1017 1953
149 2284
2762 555
4629 4743
1610 2292
327 691
4379 3031
4611 4907
1606 2869
1614 3561
34 639
1674 4556
4771 4139
1929 2806
2804 928
3476 4814
4507 4585
439 3978
3141 4322
4945 70
4492 2953
963 861
573 4911
1933 111
4501 4093
3632 1406
1257 4446
4932 2276
1930 3420
2635 714
1759 971
3712 2358
107 1960
4853 3026
3573 930
4550 544
1773 1620
3230 1956
4339 2737
395 4024
1328 1870
383 807
4785 3369
412 2468
589 4282
699 3214
3525 4300
597 2973
3967 1799
249 4434
451 1213
4766 3172
1270 3229
387 4533
4468 1187
2274 1405
3820 3503
3979 3596
2372 2165
2387 873
3650 1674
1239 1573
2814 2364
3567 4513
35 3029
1565 4895
3361 2180
2736 572
2923 1315
645 3175
2883 4659
3632 3466
1531 2759
959 2641
3918 363
3880 4017
569 3867
1647 4076
1808 3257
1021 995
4332 3295
4889 592
3937 39
978 2459
819 1599
3217 4184
4432 682
2205 814
1455 3133
4387 529
4650 1559
2789 1722
2982 3841
4690 2075
3254 2658
4166 3455
3713 500
1368 2696
2469 3928
3311 616
3855 3144
2511 843
4219 3575
3894 3305
2836 2377
3159 3545
1681 1188
206 473
2575 813
313 4349
4479 4062
774 2833
4936 2480
4712 4952
756 3596
1798 3620
1993 2240
488 2957
4249 3730
3379 4795
149 3845
1403 2124
2737 1048
2930 4006
1358 180
4739 789
4811 2047
334 3621
1780 2895
984 3255
3986 3299
235 4766
2968 3381
1738 2819
2653 523
4556 1705
4193 3255
2184 654
354 110
2297 4214
4881 4174
999 4695
1226 1437
3945 3006
2998 4556
3497 2674
2454 3829
3504 1611
137 4099
405 2370
31 218
2809 1297
3277 2203
4301 3144
4439 1298
2052 4952
4192 912
16 4815
1982 774
3584 239
1268 1711
3027 1638
3064 1373
1019 2823
313 4786
527 2934
2891 3991
618 3617
4179 4184
1978 2085
869 2131
2798 322
1712 3756
1331 1973
4556 1570
4002 3280
3885 3233
140 2581
2409 3946
523 3667
4298 3748
1183 4974
4392 149
1326 1229
478 1935
383 4944
873 2920
1254 2272
2526 1915
4748 3693
264 2142
1585 4175
2217 757
3054 4447
3437 3842
901 3648
4353 3744
1883 958
824 1663
2957 15
3972 4138
4066 4243
2931 2821
4132 1351
3415 1211
2909 4297
2043 3469
626 1317
4321 4095
4269 1500
2368 3795
2719 2070
3460 4793
755 376
2033 3518
1726 1606
1331 2688
4636 2713
1084 3141
4722 3705
147 3644
2615 1003
3055 1267
129 1179
4582 3274
1556 2080
591 4303
309 3856
3413 159
2135 4756
96 3663
289 1786
3923 757
677 2744
2388 4884
905 1135
2310 3495
2745 817
358 2577
2877 1228
4410 1860
1871 3622
167 2209
2018 3567
4029 4613
1950 3032
1078 742
4960 2681
1878 12
4860 1634
1689 3535
3795 2515
3633 4853
2598 1992
686 437
591 3459
3700 3914
4134 2749
1672 2473
3962 3369
2669 3951
4426 144
3754 351
138 2455
3702 923
4351 3542
1073 3383
3945 2752
4590 1998
3848 2557
3991 4098
2194 4125
3443 1024
4657 4463
2733 2866
3157 1887
3369 4391
1013 2456
3023 2813
214 888
1001 2598
3264 1781
1131 2680
4325 311
4616 2642
1403 3754
1227 2543
382 2420
1999 4439
3063 362
2860 905
4532 4702
3125 1792
79 2505
1756 1985
4343 1976
889 19
1399 2513
2678 3760
2600 753
343 3189
2015 1820
1946 466
3722 4046
2250 4089
2371 165
4457 474
1422 2639
2663 3661
3351 4271
2695 576
2786 3653
4136 1841
1183 4360
534 4349
4148 4105
3720 1132
2797 4210
2659 4212
2484 2932
4266 81
2758 3285
738 963
4410 384
3493 3610
2249 181
2058 2623
2909 126
3256 2234
2429 3198
4116 4517
3044 2931
3452 4277
2130 1363
3975 4980
271 3900
3588 1992
200 2935
3220 3652
2513 967
2574 2659
412 3686
1555 2386
1538 4936
3924 3419
2059 199
1668 15
2567 933
2690 132
4099 2960
4622 2078
4282 969
542 1754
1923 9
3845 3964
4258 4406
2016 4979
3815 3521
4732 4696
695 2396
3558 1920
2092 3365
132 1774
2377 1541
4186 3615
2618 4491
92 2737
1328 595
2372 2977
3767 3845
2017 236
2319 2547
225 3554
1768 1504
4257 2002
3725 4888
1575 3168
168 810
3485 2333
2917 1478
1560 3841
4719 333
1167 784
325 1221
2325 3173
400 3845
4501 3740
1448 1636
2009 1726
3823 4744
3828 3317
668 4908
2389 3659
2939 3427
4841 1048
1119 3007
1835 2361
4668 2257
4984 4343
4398 2944
2241 2950
4869 93
1591 1267
4697 4712
477 4056
488 521
3330 4814
4814 4981
112 3423
4679 2363
4101 2248
3509 3184
1002 1457
3285 2121
624 3474
1063 2618
559 4578
2753 744
2808 737
340 2834
3362 2508
2156 1626
1486 3739
1903 3966
4187 4878
4638 1801
2047 4113
1066 802
4186 2291
3425 2559
4451 2198
3572 1677
1146 4764
674 4976
1143 990
1543 333
2654 3656
2429 1599
4561 615
3229 4617
1147 4533
3797 3599
181 2645
3859 543
2622 3504
3204 4032
293 2258
3229 3026
22 3512
4501 619
1437 1583
4844 2651
4353 3015
3654 4697
553 3455
4691 1109
20 2089
1622 2064
3869 1785
3457 1258
39 3267
2448 1574
4448 2953
1694 4557
4777 3757
4818 4215
3591 1518
2210 4337
1505 1613
2351 1008
1895 2452
625 3491
4188 4752
2030 2454
858 3283
2204 3373
4181 3520
2103 2572
2488 3413
4072 3080
2368 3853
1442 2737
2990 4927
2901 1881
3691 1843
1188 3064
3800 1660
779 2650
3113 4388
4242 2278
3122 2958
850 899
3256 2297
3595 3803
638 4594
4585 1516
3619 406
1962 4442
935 1316
47 4532
367 2870
2016 2439
2194 4057
1391 4897
3999 3669
318 3157
442 3512
413 3713
1337 803
4561 4463
914 3618
2410 3952
235 358
3251 3927
648 1071
4520 938
220 2327
4208 516
2011 4570
4155 3113
3262 4956
3491 8
1546 3086
2374 2995
1494 2057
2160 2434
4723 2630
3216 2661
490 1802
670 1398
2627 550
4716 2660
2640 1711
1151 3544
145 567
503 1818
3312 1669
4269 2154
1452 3198
4725 3944
4035 2465
1035 2823
2309 4044
1308 429
1086 3454
2980 2176
4513 435
2739 1165
1444 4760
909 4872
4144 1854
358 1497
2155 4062
1065 4977
4372 373
2827 3651
3099 424
3838 2764
2385 4670
3021 1931
119 953
2024 846
4205 3174
4966 131
2313 4703
3030 2072
464 2451
933 4014
1699 2145
1724 4835
2402 4035
4586 437
2926 4375
1698 1988
3683 356
4309 2816
3059 746
3779 3004
1236 3308
1137 3254
4698 1470
4120 2207
2372 2132
3680 1301
4737 4906
790 1480
1566 3964
1034 1826
3636 3413
2732 1139
2546 4160
3824 4367
1761 2367
3445 4105
1788 1602
2919 4762
2716 4613
1993 4328
2728 4593
1997 4423
2900 1514
1828 1620
644 1384
485 3209
4192 1345
328 3658
3879 903
3040 3798
2385 2101
4194 1434
4810 2296
1607 4326
1728 2652
680 4403
4738 3869
1249 4915
816 893
4572 4885
3010 4292
4911 3675
1377 3099
1272 1366
1883 3014
2083 3810
2916 2246
1174 3754
307 4238
2549 800
934 628
3176 3135
2216 3519
2646 2447
4383 1078
1779 150
2810 4735
1782 4016
4698 340
4989 3772
1767 470
1634 3438
3137 3799
1276 4999
3572 3967
1689 2596
101 1121
3563 4267
583 1092
4675 3134
1786 4051
36 4899
1446 4053
174 2951
4027 2809
3712 2370
1800 3138
538 1485
440 216
3495 3261
3111 2964
2389 1098
2227 579
3123 3576
3415 4137
3082 2004
60 2604
1905 3052
308 3472
1509 1081
916 3645
863 4026
4769 3569
2265 918
4993 1150
4009 898
3830 3851
395 3646
4951 416
4941 2517
1486 3245
130 2435
71 2808
4221 952
4451 2819
279 1906
4524 1136
1911 472
1841 2639
2302 105
201 4575
709 429
2155 2854
620 1207
1332 356
4947 4157
1930 4753
3199 3073
1545 371
2413 4872
3241 1866
2715 1385
348 1085
575 3374
420 964
2886 3315
2584 2452
2150 1211
458 3904
3698 505
1209 1984
359 3651
3872 4219
1968 1872
2812 2579
2241 3285
681 3807
2506 4869
1533 1430
3975 82
1541 4126
3108 2817
1129 2287
2281 3378
2619 4376
3424 1298
2332 61
4021 3628
2307 1147
2395 2066
57 4751
3668 2264
3034 808
2795 1268
2678 2080
1041 945
2487 795
3540 2646
3798 190
4358 972
696 1250
1983 2123
4954 1907
876 3773
3166 265
2869 3166
3493 3463
3970 942
294 4316
4984 3260
4907 4379
1348 4564
4306 3624
3455 385
4031 2415
3903 4554
814 967
672 1037
2688 2452
2298 3105
4860 391
3306 1989
1806 1503
183 4167
592 1969
2128 2126
1768 800
2282 2234
3525 1552
2274 1041
4871 2078
4807 3788
4341 1497
1331 4331
3874 795
1836 4874
4730 3710
4279 901
3062 3415
1565 1193
3321 4597
950 4692
460 1686
4601 2068
3182 1851
747 273
1768 4361
1755 20
1421 4242
928 430
1740 659
3170 3917
4637 4857
2054 1435
1947 1159
460 3941
1373 4818
453 1494
809 4869
2039 3628
1773 4437
2417 762
2459 4511
4221 1227
2850 1259
3769 1275
4493 932
592 4200
2476 3660
872 515
4338 3448
2585 2076
3336 167
3422 176
1370 2058
1814 3900
1070 3576
1291 4005
3214 2638
1133 2822
1643 4827
2481 109
4985 4327
832 651
2793 1840
596 3278
2528 4818
1054 2084
2541 3949
3423 3700
2806 2516
1076 1248
4102 3715
1043 2061
4662 24
964 4326
136 3692
3540 3817
2940 1498
4221 4290
2455 1214
3413 444
3991 483
3495 1955
638 205
3671 2556
214 1367
932 2218
3970 902
2330 2493
703 2138
189 2115
3716 4112
52 4460
574 4998
776 235
4189 2285
431 828
2958 2651
322 1798
530 4706
4123 3028
4483 2049
675 2201
1167 1924
824 1288
1175 4257
1950 4947
4319 2492
984 1675
277 3946
3071 2570
3539 2831
4409 1021
2410 613
2872 3322
314 2696
186 4142
2434 2305
1873 4610
928 4883
951 2881
2701 96
4083 2321
1623 1787
3707 4404
3607 4893
3237 3511
3504 427
3043 3605
2223 3976
2725 967
1137 2345
4054 3439
1583 2868
1539 444
1320 1892
948 4191
4658 4450
4033 4916
1341 4362
4081 2622
1253 2362
4731 352
4872 4995
2413 3293
4753 2195
3867 897
1804 2657
1098 4304
1824 3906
3487 1797
1460 4206
3516 2509
3237 2866
529 738
3626 3744
233 50
2438 3969
2283 2000
4452 4798
2749 4524
3922 4242
3832 1063
2435 367
1473 2426
1579 3464
2103 1899
2135 953
2701 3892
3079 3165
1637 3502
1569 3108
3664 408
4908 1472
3917 176
328 1470
1908 1974
3703 4804
510 757
1425 3239
2357 4943
457 3803
3204 2143
2185 1644
2088 3902
1767 2866
30 3068
4905 109
4175 2686
4425 879
3116 4212
713 2804
3136 766
4017 2883
211 662
1424 2040
1732 1840
3844 3399
4991 3490
3624 2253
4010 3226
4187 3854
4647 3518
905 2041
3408 1693
4450 528
3508 749
4459 1372
256 2583
3100 1682
1896 4696
2812 2965
222 4417
4242 337
1999 3085
2910 3406
4222 2680
3781 2413
1936 48
1347 141
4914 1143
4643 2205
660 849
4850 4286
484 453
3024 214
1776 540
1651 1703
3548 908
1485 4832
4190 4728
202 3377
2467 3770
2975 4994
2844 1716
577 1341
292 785
4003 4745
609 3646
4938 4748
2478 2132
1303 2354
1873 3777
2052 248
2981 192
4559 339
782 3948
3020 4989
1638 1066
3405 1459
554 3294
2748 4837
1815 2055
3970 3546
697 4326
3996 2924
4181 4449
3880 2799
1777 4540
3498 2928
2861 1746
1019 425
133 2938
2712 564
2190 4231
4810 4107
3085 544
379 2117
1616 4115
1303 127
2857 4234
4332 4924
650 86
2024 1981
4587 2180
1672 1407
4568 1062
4067 2288
370 3630
4592 3723
1231 205
4533 2170
2576 4942
1488 3210
2072 2477
3436 3482
4291 1896
610 758
1364 3503
1788 2954
2988 1557
3279 840
4606 1019
3002 4046
367 1895
1262 4182
4874 3698
378 2915
2861 238
4782 2036
4607 2017
254 1923
489 3846
3112 2907
4037 3900
4987 1626
689 1804
540 4605
4111 4166
347 4778
2736 3395
4820 385
2072 3922
3391 2818
159 2285
1041 1965
580 4130
3305 4897
743 4280
2371 4171
4375 977
3520 3589
383 4821
459 4708
2287 256
3991 302
2373 4734
1625 1570
4399 1680
2633 4741
4738 2805
4572 1866
3400 2296
4979 2789
2759 181
823 587
1620 4622
2572 4974
1762 3175
4852 1163
4507 507
1153 2740
968 4912
1021 2047
4056 805
129 1779
2263 1007
4691 2299
4050 4423
1776 645
1114 748
1857 4087
4014 3549
4081 2135
2305 4462
4482 221
4356 2793
3926 2109
2351 1823
2445 3368
873 1865
1465 3717
2612 2896
3549 629
3574 725
4523 2518
1628 3929
1032 1867
3251 4044
4237 828
435 2428
4301 3668
4597 818
4228 3259
4543 497
3859 219
2517 760
2919 4533
4149 2174
4400 3730
4958 96
3072 691
2327 228
4238 2927
1351 3083
264 4943
1635 3917
2862 3028
4127 175
1707 930
3234 3958
108 889
3557 1275
3671 3552
4616 4457
3549 190
3871 3765
3690 1928
3416 4732
4377 4243
301 2934
3740 4366
739 1941
4856 2429
3044 2736
853 1949
4029 3787
2512 3156
2613 1879
1617 2816
1152 4701
149 1900
3648 941
1902 4002
602 310
1970 1338
4752 4254
342 3540
3389 4049
3543 622
3700 735
3460 4257
1027 3760
1669 1715
3731 1677
2084 898
82 4499
1805 461
4484 3288
3662 3410
3132 599
3699 1225
3927 4339
3379 3657
4883 2621
1983 3592
3499 630
574 3641
2385 1635
4722 722
705 419
3324 2911
2567 1397
2922 420
2120 1692
3810 1616
1456 249
4335 1795
3385 4418
1558 2824
1445 949
3072 3036
3780 4135
768 1582
1767 353
3758 80
3092 2080
2795 2250
244 924
670 659
3529 4854
189 4975
4325 1392
4278 3957
280 2548
3453 2490
4207 1097
3342 3793
2463 1570
696 2889
3788 4395
960 242
3529 1466
327 392
2021 141
3855 1326
1969 33
2835 3911
1419 280
4396 976
3838 1754
1995 3309
1283 1844
315 64
101 2055
3499 4498
3970 1284
3117 4707
284 753
1325 520
2986 2294
2501 1859
3543 4193
2017 163
1608 3195
3008 3452
618 1258
1751 676
2620 629
2982 976
3659 2227
961 3037
4772 3182
2450 3609
897 1535
4781 3354
3943 973
7 3551
1566 1308
4114 2455
2459 1740
2824 4439
2345 2243
