10000 4943 9976
8608 9503
2821 8825
9665 7273
3015 4208
9408 2609
8823 3328
6451 7969
4845 7686
468 3301
2276 4464
518 1932
9768 7586
8869 5809
2562 3991
4551 6463
3627 4704
6178 9044
9430 3926
8118 1952
5697 3126
9808 6264
7701 4660
6331 8658
8573 3859
9991 2199
5213 3470
1138 2298
1329 3004
572 9757
7297 6070
9897 7979
2416 3594
9948 6962
2564 4125
6041 9312
9550 6151
2050 8621
4502 6898
2623 7328
6841 7165
2511 7377
2284 7699
934 4933
3162 3786
3014 1037
7171 5198
4124 9616
3449 2334
4418 4097
705 7219
6718 165
3542 8164
772 5620
2179 9507
365 6372
1061 7350
8916 6554
904 2122
2208 2573
4700 4031
3961 6748
9573 1643
9656 8699
3241 9219
8999 5809
9895 1843
7898 1893
9523 3474
1077 9512
4686 760
9035 3882
1960 8354
5762 613
2790 9431
8064 959
1462 5072
4616 7979
4699 6661
5627 1446
6145 1256
6688 8846
7001 3250
8515 7182
5332 66
410 3800
1796 4989
3239 9203
6973 9216
9506 2600
5997 8882
565 794
9992 4384
8972 7973
2582 6755
7254 8997
1409 8436
5660 844
4596 4818
6889 2787
2064 9325
5283 2194
8333 749
618 4368
9146 9199
4947 7273
9855 8167
3972 4045
5482 7023
1156 9816
6127 2249
7510 1356
814 1320
3835 7658
1171 1459
3929 9227
3218 8195
9667 4086
5699 1091
4690 8029
6248 1858
2738 6588
5131 1670
8963 1638
7293 768
242 5220
3801 8932
7483 4488
9272 3700
9741 3353
5035 9813
5378 3779
8072 7775
7259 51
535 5774
9207 3117
69 6957
1197 2429
6301 1042
553 5402
6686 8630
6280 9008
5730 6295
2889 4569
2562 6212
7199 1322
9693 7303
2288 5452
4017 2838
9244 5803
8625 8579
8343 2862
654 7478
5677 2890
925 7147
6520 4173
591 1334
331 8051
9272 3120
5387 499
1947 8211
3410 7002
5231 1428
2974 3458
4595 4777
8642 8503
7785 969
9875 3331
5216 7659
8597 3558
8629 7481
2085 2623
7339 2041
9972 4234
16 7935
5747 425
9813 1742
5507 7320
1069 4823
6419 8582
1116 4623
9141 3113
2499 8940
7808 7933
6223 6764
8003 1143
146 5375
8032 2307
3802 7822
7356 9345
9959 7086
6146 9873
3693 6445
1244 5874
9558 9412
3121 4486
4408 7708
5932 9619
6787 1889
9339 8735
3345 4856
9561 4701
6799 6547
4876 9209
363 3232
76 6973
2332 1769
2822 3335
8468 8150
7568 9538
3565 978
5390 4120
8314 6644
3242 1283
8136 8756
8178 1094
9173 4348
4539 3709
1501 2093
4802 9861
7504 6480
9754 6561
5757 2523
7685 3166
4908 7787
9023 4949
6766 2262
2473 381
3572 8263
5466 7835
7622 2809
5510 2193
6793 8375
8829 2254
3335 801
753 6040
718 9995
7121 3707
3446 8562
1516 4664
7977 2989
3423 5457
6827 2527
2345 6808
9894 4735
4828 9526
2809 1576
8479 1682
7320 1246
5306 7393
6713 8722
326 5867
2040 246
6228 7635
9252 907
7183 1571
9750 9972
2255 7543
9946 8001
4907 4469
62 4097
9019 5576
6375 3194
8406 6890
1362 1507
1103 5331
3154 1481
4296 1470
8008 6337
2990 2687
4957 6099
3373 2997
5544 9366
9490 8364
7489 2934
3839 4021
3692 9798
8208 4893
7110 8069
4526 8851
6633 6926
5281 7572
3307 6765
735 6377
7590 5487
5448 5240
9322 8949
6089 9413
4905 8063
3709 9160
3579 6796
1723 7066
4481 9444
1859 4863
5764 4468
3498 8799
5582 5508
9062 4398
5315 1913
990 4429
7968 1361
8080 4006
8109 5422
1346 4459
9499 954
8746 566
5414 443
5020 8415
4955 3967
6250 1211
9967 6442
4060 6662
7790 6572
4954 9593
1908 1574
6918 8817
6786 8756
3680 3491
7388 3086
8423 6363
1461 2125
2899 6521
3212 2208
2498 9720
4517 200
8282 6822
2984 8145
6700 4994
7641 5652
3478 6544
7244 8872
3822 5014
6704 6234
6383 7826
1851 6276
443 9769
3536 2379
6147 4063
6533 2814
357 7611
4765 5717
1468 2846
2423 8478
8568 8660
3 5514
2332 7351
7070 7768
8195 3997
7689 4310
5658 1691
2219 3180
4107 1338
8748 5642
3736 1509
3647 3273
8987 6998
5225 1082
7509 5556
7143 3248
4253 2041
126 1205
6642 2152
8997 2202
8940 6866
8495 9955
6702 5654
3295 6739
343 7334
8015 6007
8815 7127
630 4595
6071 7728
918 2669
8025 6940
6357 9858
8405 1322
7947 3642
2508 9500
4497 9753
7641 4093
8129 7185
4049 4633
9180 552
932 3651
3479 5742
1129 6569
6474 344
6108 2146
7165 4470
2914 7946
2112 5390
173 1691
6730 4040
5580 2402
5043 6173
5582 7317
3064 7002
7926 8199
42 2546
3167 9602
7690 9244
2536 7582
1176 6866
7927 1493
8990 323
8278 9307
628 1285
3564 4853
7285 6238
8461 2504
2727 2524
3342 3839
4287 8750
9487 5517
9455 8034
6303 5710
7221 9818
5988 2586
730 1009
3755 7630
900 9717
1631 4719
5668 8861
2136 1913
9091 7443
2456 134
5783 5329
2370 2691
8114 3438
4558 9313
7486 7569
1647 269
8833 8212
4811 8205
789 6096
8981 6969
1459 8085
6595 8672
4524 6277
85 9224
888 4392
7064 7780
8672 8283
8096 8587
6119 9708
792 4372
1098 2549
5111 8108
2633 2885
6041 8756
8560 1618
3206 4468
76 2643
1156 8661
7790 1328
9812 2966
9983 6012
8375 2424
3185 2534
3867 1362
8884 5043
17 216
2451 9387
2448 3905
8355 9174
2005 236
5824 4001
4356 9430
2810 1315
7161 362
6870 5492
8662 453
7988 4121
1629 5836
2466 2770
7993 8486
1586 6482
1476 9672
5174 2618
4421 9364
5638 1138
9849 2217
2675 6652
8025 4627
4935 6476
302 4841
2033 7111
5750 4854
3210 9380
4051 8990
6787 2028
6020 3030
5262 6749
2454 8085
4750 8841
5385 2888
3324 8363
8566 630
6163 8908
3733 5436
1442 5511
9309 7822
9112 3087
6538 7559
2422 4584
7140 7136
6355 9481
2198 5985
5686 2475
4880 1345
5043 4544
6319 3845
7336 3770
3572 3889
6677 9040
7467 1188
6372 9860
8086 1191
8730 6353
6198 36
149 7155
7869 2231
572 3844
1626 2990
5710 1894
5683 5704
2549 7621
5190 7903
1128 3402
6199 1307
4697 8136
7045 6739
7251 1640
6857 9995
1866 4060
567 9750
6627 7016
8473 7567
8785 6012
9952 2405
6810 4854
1413 4603
5666 3273
562 4809
6856 2249
4378 699
3199 4853
1406 3856
5700 8315
7992 6485
9425 3925
9690 1184
8686 6035
7632 3765
8378 3627
4387 8494
1731 9140
8501 7636
4192 3058
7199 7602
8470 2450
5436 5028
9650 3918
3371 1541
2587 5629
9429 4279
4857 5838
8199 4190
5681 7458
1789 6572
3093 1584
9374 5749
650 9488
7917 9398
2935 6311
682 4397
3429 6834
3449 3906
341 9250
3505 541
1163 9253
201 643
9240 8264
7125 4167
4583 71
4666 5600
2976 1101
8740 3075
6749 9576
9787 5100
6850 5161
5925 8923
9770 7856
9688 5008
6026 836
5815 5773
7379 5557
8128 3275
2482 6403
8559 2402
1914 7795
3783 2036
3186 6401
1569 7290
3141 990
785 5779
2376 5769
5524 6625
9015 2973
5142 5868
7675 1740
5289 4824
7192 3304
666 66
2921 708
7640 1994
2162 3499
9814 3814
8410 2516
2225 3041
4721 1814
1049 9613
655 5920
5915 178
6899 9098
8679 1735
3819 2783
8453 5030
1194 4688
8629 1863
8893 9565
9988 9743
3370 5446
9177 5491
7490 4332
9870 9078
9754 6023
9568 8582
5955 1913
3531 384
1503 6082
2268 7605
6136 902
9483 274
2320 8808
3220 449
4626 9444
6137 3393
6493 1302
4366 6376
9451 899
9578 6327
4480 3702
3551 6376
750 614
6087 8764
3339 8165
1274 2317
4840 7090
8440 7879
531 9101
954 3612
8902 9535
6709 9580
562 5063
7157 7161
7073 2242
5993 8048
6237 691
6141 8055
1268 6922
8389 8269
5098 4838
5798 8156
4168 5638
7662 6665
2582 8243
1352 8224
2033 3752
22 1973
9532 9177
5792 2906
6762 82
3399 418
598 9872
2528 1442
5304 18
2309 6635
1075 9669
9934 5292
8513 9749
5750 2354
7247 9739
438 2087
1946 244
2113 818
146 5453
8077 6556
9843 3631
1546 9387
706 3075
9653 9632
4856 7388
1771 2317
7252 3273
2925 5030
9091 7228
9555 4334
3681 8169
8052 6826
7815 7994
9275 5122
309 667
1974 697
2424 6599
4604 4498
4203 4668
5309 525
8814 1757
8557 9653
9702 694
3773 8569
4205 4239
8706 4341
9260 1039
8697 154
5486 8386
8437 6002
9465 7448
674 6434
3701 4257
6257 9369
8504 3920
5733 3249
2065 6386
7499 9851
3825 4722
6150 7786
6154 7630
3280 2112
3847 2671
4801 2116
3956 9052
7598 6724
230 3683
5929 8826
5951 888
8440 696
7385 7436
5552 8503
607 965
4107 1556
7225 1278
3028 4340
6842 5109
1559 44
167 1867
8525 2804
6437 1865
5837 156
1434 1202
7983 7982
4187 8893
5357 5137
409 9410
7130 9106
5543 4082
8967 6177
5874 8594
8198 9215
761 7823
6315 6837
5062 2800
1925 7422
829 7316
8844 9553
3491 5936
7760 7022
9193 8385
1180 3678
5948 9268
3539 3744
1616 3485
4896 1930
469 1875
5489 3404
2046 3492
1847 6464
2637 6538
7269 6881
7897 5029
7030 7349
6185 4958
8845 2174
1145 2560
8519 4917
2726 8900
3393 8784
3794 2139
2448 9079
6312 5886
5572 5584
9475 9726
966 4133
3845 8140
7773 8706
6796 2752
6952 4500
4819 1880
2477 4417
231 8854
6654 2469
403 4429
9999 3592
3475 4987
3499 6378
5767 3667
5005 3991
5134 3440
4462 6846
7839 3734
4621 9860
6307 7875
7830 9443
1993 8696
4324 7942
2907 3406
7777 5590
5859 6864
6765 9697
2513 6097
3480 3268
6543 9124
2632 3366
2601 2119
9233 4439
9760 8598
8216 5579
5725 9101
3973 2512
1395 8115
8570 9188
8680 9964
1168 4013
3896 7827
4086 6123
7537 8401
9260 5117
3528 1300
8366 7443
3784 1132
1396 2424
9942 569
5679 3365
2897 7825
7943 37
7027 4180
4828 2635
8358 5587
6358 4597
3366 6504
8706 4027
7870 7905
8334 2486
797 4935
6733 349
3664 9165
7446 2546
6103 1087
4850 1748
1472 4773
5009 7083
9650 9144
5098 9254
636 1208
384 976
3231 393
5953 3209
2376 5744
4575 5779
7526 2926
8763 5566
108 1566
5698 3458
6314 6675
7698 8702
5144 8244
4103 8198
2893 6281
6655 6239
4380 7490
5599 7256
1818 6875
9525 5805
6342 2256
3989 9428
8259 9710
8484 8718
7571 9847
2815 5543
6581 3557
2588 6410
9477 8247
7159 819
6789 488
7333 7341
8966 7561
1634 2163
9533 6111
2823 2555
8821 7699
8744 2388
7093 8160
2018 6516
5179 2493
4439 5535
6664 6112
7558 9531
33 8163
7153 6279
8294 3364
4097 7363
3742 412
7278 3325
2585 2249
4125 3716
1510 2188
5704 5547
883 7764
133 5538
7437 7410
8991 1299
8671 821
3159 4345
1026 4109
8855 9125
1878 5848
6581 7526
2260 1505
3034 8602
9960 5452
8897 1527
5180 2374
5015 9693
5474 7039
1058 6473
332 9135
8139 851
1479 5563
7670 4565
8169 9537
6227 3612
9419 7632
6437 4732
5610 1136
1443 4313
4292 687
2892 8204
7106 8129
4036 4876
2702 893
2717 8881
1452 8483
9734 8928
7086 3327
4905 3280
3363 7377
9402 8177
7407 8145
2026 8965
8074 1798
1874 1010
8924 2096
3882 8006
2856 9934
2233 772
6063 6472
7777 8415
8219 8228
1624 2359
8877 6733
6309 2160
5402 6257
7391 8871
6651 3372
7941 6663
4821 5705
3338 8691
9171 4262
4556 3582
8209 3401
8057 5366
9182 9903
3871 1136
1911 5227
7253 8047
3087 4391
5351 7438
4716 1441
9303 4576
7010 4461
5305 7545
4746 2370
6281 4188
1579 2898
248 3884
911 7768
9107 4111
9553 1347
5770 4630
7535 287
4156 3330
2094 880
1181 954
5431 9561
8375 5724
767 7733
7472 2942
7452 3948
9793 3239
6713 1094
9352 540
7089 9905
418 4469
3599 4507
9153 5388
1397 191
8633 5414
6034 2585
2368 2811
3583 9233
2945 1827
6407 7413
9727 850
4432 7679
3217 2370
5438 6275
2237 4683
7119 9892
686 4964
1680 6566
4620 7243
1587 599
6673 9062
1639 5262
318 1955
6521 3567
6112 3117
4545 6701
2226 5541
3064 1584
5779 5256
6773 5616
4917 1557
8001 473
114 3012
4291 9950
9143 9475
224 8102
797 1007
9726 2347
5118 9387
5792 8046
8553 4183
4144 4956
140 5976
9486 4175
7748 7931
9839 534
351 8983
1125 2459
3403 3343
1960 2815
9748 3468
4982 9868
1425 9651
7181 7020
9856 6051
5581 6294
6742 2567
5446 7215
511 2424
588 5965
1779 7993
3918 973
5143 7160
6755 2558
2663 433
3413 73
3328 1924
1063 4644
1089 2622
6164 88
7459 1320
9745 7947
5026 8791
789 6776
2763 9018
1391 7542
2606 9951
730 7334
5571 7631
5553 3218
4502 4733
2425 8570
8725 48
3241 8183
5810 5045
1908 3497
3319 7812
3328 2003
8057 493
8089 5245
3920 8474
1101 7188
568 9024
1173 3618
4877 5185
104 8404
3193 5158
1470 3421
2308 7954
4573 4226
1371 2112
4985 3168
7834 9703
6912 1687
5189 1083
3568 7381
262 2180
2864 1164
9104 6592
8683 7431
2614 6036
4040 2131
4977 2278
3286 6420
1173 6480
2307 4563
434 748
2810 70
8188 1156
1083 574
8942 3428
166 4178
9187 4475
4395 1745
2306 5860
5282 158
1263 2193
4501 9128
3751 7672
9059 8338
5135 6903
9806 5013
9640 3472
9073 3487
9088 3003
2600 961
1848 412
2547 9680
4398 2791
3654 4952
3879 1929
2084 1337
2015 2857
7538 639
6038 3343
3842 8340
504 7786
8390 4173
5346 3204
7345 7785
288 5732
1722 6888
6898 6307
9729 6995
2312 6327
2831 6515
1206 1525
5831 8078
4481 1715
3495 470
1250 872
6129 6557
9894 7905
9390 4634
9922 7882
1942 6490
7129 1599
6183 2040
8056 8673
9240 5309
2659 1047
8017 8712
8239 8884
5524 6964
684 2618
1595 3140
5488 1022
6623 6678
4995 3485
5481 2441
1940 7486
1895 9326
3467 5198
7941 5652
961 1024
5820 9779
7424 5450
6427 3769
8641 3367
3180 8023
6160 3777
4167 838
2586 3496
3337 5944
5831 5660
3090 6329
7437 4128
6908 2188
1972 3444
8934 8133
7015 9833
4453 4755
5351 8309
7102 8033
52 7582
9999 8677
5533 3025
860 9807
8288 2642
2966 6190
8278 6064
2428 3059
6259 9205
8916 4325
365 4190
6769 4970
8447 739
8130 6087
8487 1950
1856 2794
7423 2329
8609 2701
3842 4966
9211 6910
4619 1086
5820 7759
7376 2588
4645 7097
7999 4285
6457 5724
347 102
8107 9404
125 1521
6552 8473
645 1226
5384 3355
5246 9154
4234 8119
8547 1983
8295 9398
7133 4601
1423 9479
1552 8922
8102 4532
2848 7493
6739 9752
3177 4827
4012 6697
269 8961
1765 7936
33 5553
7720 9876
3957 2858
8766 243
3613 1275
8042 8921
6317 8977
7966 5911
1760 2830
4495 7865
6505 867
2898 9375
6379 7284
6071 2905
8880 9489
2577 5334
4992 7434
7861 1277
6905 4248
9209 5627
3204 3164
2176 7510
3365 4092
8200 8799
9489 4012
3465 7415
4257 348
8700 2420
2018 9821
6328 328
5795 1239
933 6037
8483 848
4373 3265
3077 9889
2627 9940
3122 429
6384 8803
8480 581
9555 2358
5339 9529
9019 8468
7383 798
8786 3326
2932 8735
3556 9206
8723 5938
5620 9133
7248 4016
1139 3199
4725 7207
6205 1038
6079 2634
3870 8134
4642 3749
414 3940
3041 4706
4504 4581
1378 7940
458 1709
4860 5176
8535 6931
7262 3449
1301 2134
5250 9782
6007 993
3623 7254
6446 6051
9307 9975
204 3002
7707 4253
4132 7725
1357 2902
9172 2539
3656 1862
5445 4795
6459 5683
884 847
9215 1807
1242 9592
6607 4136
507 1328
2294 3212
4529 5337
8396 996
5281 8123
3521 5306
4114 3876
981 8372
7569 4810
8151 2897
4185 1783
7901 6736
5289 4486
9370 5716
7311 2696
9077 5735
8429 6013
1684 3301
9119 6235
5526 7549
4814 145
9410 2787
8997 6245
4582 6091
868 3711
976 9005
3784 1362
3166 9883
8762 9819
6462 1737
6192 1591
9771 7878
8572 6110
8460 1562
2871 9725
6091 1645
6263 4730
7660 3982
714 6411
8590 9347
4524 1497
1004 4884
4965 525
2963 4590
9924 150
6204 7997
5554 5046
3377 3065
7316 2596
8028 1903
555 5718
1613 793
3193 7728
1669 40
4003 5974
9915 7660
844 3088
3251 7677
3893 6392
8834 8797
8226 5051
9167 1036
5637 8711
4729 922
8849 5046
7273 5520
7472 8456
5511 7367
259 5059
9937 7546
8103 8337
166 5826
9475 8338
7536 1261
1841 5046
2580 6000
3382 8976
9190 3300
5686 9399
3929 713
302 3050
3543 7031
4736 4335
1723 6545
7560 9308
3224 2753
9456 543
8875 4541
578 6809
267 1125
4628 2807
5363 6364
9576 7973
6766 8645
8691 5509
4733 3964
4789 6882
2694 8746
7463 1674
5365 5354
9519 24
9215 161
9617 8709
2958 3287
1588 6368
255 5952
3259 6930
7210 7855
872 9185
1413 4600
6708 8016
9859 9849
1626 7147
537 952
3186 3563
9739 7174
5502 3200
9418 6352
7837 9515
6136 8263
7003 9101
119 6736
7201 5062
207 2352
1386 478
8611 9836
618 771
461 2854
2114 5618
9384 7767
3836 9125
2761 4454
4004 2384
9283 4259
875 1917
9613 3282
6999 2180
9392 9907
5749 806
8859 3783
3433 7875
8290 6684
2552 9823
4177 8000
5760 5041
5932 9366
543 7276
8125 2928
3348 9283
9034 6333
1207 8310
1186 4571
7942 8687
3100 1217
4918 9772
7955 7361
1318 927
3852 5432
7844 380
9164 4216
5847 911
6530 8419
9716 9129
8335 1369
5191 1676
7924 7157
2600 8596
2524 4810
5235 487
2971 9137
9495 8776
3361 2002
5634 7849
9703 2414
5767 3095
7416 562
7682 6016
2464 9677
8439 5353
3149 218
5059 6117
8017 2706
2367 5562
5807 2594
6754 2702
3175 9863
9052 8408
6846 7713
5617 7128
2992 7440
3923 58
3983 7897
4847 9919
8686 8530
628 4209
1103 9553
2938 6301
3548 9721
7261 832
1144 4237
6 7452
6510 3301
551 9928
2072 2567
953 6550
5659 7216
468 7292
8590 4718
9380 2694
2330 3067
5292 9853
5963 5623
3346 2024
3827 4469
6549 396
8910 106
8045 8442
8643 4624
3014 5245
5667 8583
2707 770
1321 6668
6453 9232
6450 9543
7832 5373
3395 7440
371 750
325 9787
6329 6975
965 1781
5399 4613
8314 5236
5667 9359
8183 3078
486 5149
5145 4566
5955 2961
4531 3504
49 9707
9745 3501
3426 1471
9896 2633
2234 7219
4736 5183
1514 4663
7715 1691
3421 2424
5526 873
677 4771
8125 1105
8867 3210
2051 4719
4845 3211
2740 7504
2826 3978
2572 6802
7890 25
5168 1002
656 9738
71 5601
467 3759
5718 219
3110 5946
1016 5109
1597 2098
5914 3884
7976 4659
57 7116
2469 5260
4918 9586
1850 9792
9305 5929
5330 5248
4799 1291
7408 1381
7840 8955
3606 2993
4139 8821
6090 2296
7351 5042
1116 3927
6607 3931
6823 1538
8192 9359
4114 1998
4344 1223
2389 7691
9165 4506
1795 5597
5219 6980
8815 8044
6705 7578
5622 767
9837 6603
6249 1560
2169 4477
260 5356
9953 8003
7206 3126
2988 6343
7559 2090
1637 603
4797 5976
7116 5623
332 3816
5226 4519
8721 6738
8429 3318
5977 4641
1893 4107
451 4182
4535 1086
8432 8127
2317 7834
8016 6841
3624 5524
9513 4447
5032 7339
9809 6001
355 2414
4199 9307
7791 2272
3550 94
1236 1763
8841 4317
5632 9486
6415 9722
6 8048
5928 3198
1404 9224
7072 1376
3426 2589
1500 4152
2834 8040
4910 2979
5982 9794
749 1901
1842 7963
6037 9606
1201 7663
8095 6731
6184 7540
8633 5285
726 4851
4572 3608
2953 464
7792 2427
1811 3983
2834 2730
6520 4292
6010 4517
2830 6302
9330 8964
6146 1677
9776 9765
7470 5475
5584 5641
6288 5642
143 4987
5147 6612
513 3994
3509 9743
5739 574
6574 4011
3719 3960
7111 255
6973 3928
9765 2465
9403 984
1712 2901
1308 9347
4738 7136
4553 8804
9852 8804
3409 8175
618 6120
1541 6514
9878 3587
2795 2861
2493 5519
8233 8905
5102 3704
1509 7396
8571 5596
4816 6927
319 972
3169 6599
685 7694
3574 5846
190 5736
2676 855
7431 7417
8443 7580
4841 9767
6033 9013
1237 6971
6017 4657
7698 1090
7057 5860
2413 1982
2435 1849
949 2035
2290 7616
8668 9730
7976 5637
648 8273
7764 8040
8194 4404
5832 3026
3395 9585
6708 7397
1907 1321
4250 1940
939 5192
9048 6064
8985 1558
1768 1276
4916 509
7512 8181
2375 6988
602 9082
1546 4391
1418 1948
406 6441
4713 7328
4176 7930
7988 9168
2703 6731
9056 8763
5977 9795
3930 4172
1096 6624
1587 7297
8275 1970
5719 4662
5687 2171
7104 3255
6355 5947
272 2039
7977 2176
1469 8710
1819 5668
7404 7248
7115 9240
4694 1324
2093 7877
2039 1387
3016 2972
2905 2055
7427 2992
4809 3123
6824 8344
3592 9405
4970 1238
1167 1135
8258 9768
7525 2580
1602 8362
8336 8919
3523 7437
8590 288
4710 7407
1265 9180
6594 835
8271 9498
7544 4463
6146 8429
8456 9396
3071 4916
8898 6211
3203 856
8033 365
8476 9911
3458 2480
12 5751
5505 5685
2202 1627
2090 325
5656 1609
3987 177
1191 9971
2083 4251
9019 8746
4433 740
1782 4866
4636 673
3621 6823
5122 2968
7795 7545
1522 9496
6454 2091
4624 4918
6299 4512
9631 1343
1100 5710
3533 4665
9826 1039
4996 6279
8446 2392
3185 5651
6521 444
6569 4544
2321 5969
3468 2585
4112 7843
503 8170
6807 9649
4178 1056
2032 1060
491 6972
7133 1304
9189 4824
8290 6758
7186 726
2375 6383
6872 4310
8337 6196
5356 8909
9766 8227
1834 6406
9678 9251
8498 8352
1830 8503
8710 7095
5166 6338
2519 7038
178 9914
36 982
7631 2586
9761 3204
7870 2383
1166 2325
6242 2524
892 1547
8053 9348
5887 8330
7811 3282
9149 3720
1507 3066
7682 8551
9825 4281
2401 942
816 7715
5128 1423
6853 4397
9986 8913
904 473
2053 6015
6571 3795
3529 2484
7928 8201
2427 6543
9952 2331
8169 9319
5467 3429
959 7932
2035 9127
3007 3640
7493 8693
871 8471
9067 560
6738 536
3350 3947
4195 4539
8507 4275
3537 8348
8266 3547
2038 8412
1796 6592
565 3518
4966 3031
9249 7943
3835 2313
8450 3511
2396 1332
6020 8368
6368 9536
65 1359
9348 9784
2818 6438
3617 3290
5371 3133
3583 2697
6171 5527
9587 699
179 6598
8259 6578
8512 5522
4936 9113
6673 8347
6541 8251
3903 2515
4898 8818
3991 7125
3826 2217
2485 2487
870 2696
4939 2794
3638 8562
9497 548
4870 2100
5444 748
6319 5607
7261 4539
2840 8271
4309 7729
1497 4906
9011 640
717 3614
5777 951
3691 2423
4093 2295
1402 5848
2590 9648
1238 4278
2719 4674
799 7576
435 8931
4837 2644
8827 5142
1941 2874
6889 7479
1925 1089
6089 5986
3606 989
9671 6656
3831 5224
9548 5547
1022 150
8097 6975
4113 7349
3633 6499
5723 2328
6728 214
9775 2323
8715 5694
6768 5315
6129 7798
8729 3685
2815 1015
6127 3210
2440 8288
2230 9640
3124 159
6322 4058
437 6841
5647 4273
2376 5676
5311 7737
7336 7382
1450 5486
389 8717
2697 4929
3075 9127
6971 9768
2247 2030
990 2263
6745 4726
5058 851
815 174
4399 3122
1443 1040
2182 6024
5877 8475
9135 4168
2648 4344
1892 8081
9538 9495
1623 3183
2814 5954
6744 5340
5910 8836
164 7929
4735 2472
8634 5951
1664 9688
7893 8002
5282 3541
3885 215
5430 9912
9602 4039
9753 7745
4133 423
5717 8947
2432 6934
7686 4171
4766 9688
5346 8417
358 9440
232 1628
8437 3171
4446 8510
5838 2553
340 5924
7964 2039
6307 4990
1988 8793
8462 3883
1939 5657
6065 8197
274 22
6433 7610
6167 3663
8553 1938
4672 6763
6248 6670
8494 5858
3545 3811
7063 5455
6935 5303
9041 6282
5148 7161
8710 521
2440 3478
6085 205
543 7713
276 8886
7763 3430
5680 9431
7110 545
3264 1308
1801 6193
9352 3204
1277 1980
2957 3058
2385 2309
1497 3011
1232 2128
2262 1651
5088 6263
4387 5295
8723 1399
6968 9954
6432 6742
9482 7441
9088 5808
3599 2128
7862 8487
9539 2538
4968 4567
5037 9582
9047 5722
5790 232
4235 9768
650 2042
57 6822
7029 4499
5758 9431
1503 9915
7216 4347
9227 5702
5401 9871
8351 9170
6961 2605
8740 8380
5413 5382
1258 3591
9842 5960
4052 1692
4888 6324
636 6752
5230 674
4847 9096
8437 536
2465 8664
9904 4289
7298 2674
2937 1128
6497 18
1048 3781
2751 3105
1619 4366
900 5703
2066 1063
1688 6124
5857 3907
8739 8820
9050 4063
6392 610
3835 2505
6324 6222
6937 9696
3405 631
1494 9114
4322 7872
6760 2442
8734 8746
5291 2558
7958 3252
9147 2712
8155 220
703 4967
4273 4887
4788 5406
1024 177
4424 1365
8621 774
6490 2904
4426 4189
730 3086
5443 7273
7993 9958
3026 8340
867 252
8632 8210
6482 90
4097 7559
1126 4840
8170 6252
9403 3145
2273 7201
5168 4471
3394 1389
5010 9731
8696 2096
8010 9912
3569 463
4420 7212
6704 5987
9913 3839
4563 4854
7669 9421
1645 7265
4921 1722
4571 6287
1961 2130
1016 7084
4569 740
7329 5158
90 4509
5661 8965
4625 9122
1965 3717
6042 82
9878 5767
9323 3955
9700 815
2030 2080
9189 1742
9486 311
9025 7406
4323 3532
238 5032
756 2295
1033 4886
841 1381
8405 6803
8797 2673
6165 3411
6748 8545
2423 1409
9582 4970
6798 4118
8773 3917
4650 7638
9948 4631
2922 7559
2409 5541
6687 4214
1212 3982
5005 6899
5075 8089
2040 2714
9348 4848
7899 9430
9633 6607
454 9853
7068 2006
1973 988
1107 784
3452 2875
7811 5921
7651 7397
9299 9907
5571 9787
356 8920
1934 8913
3271 4450
4951 7585
9096 3988
2101 7370
6241 3027
6038 8582
3908 9360
7912 5729
7646 4268
5330 2052
6088 9302
7731 7006
6672 5823
390 4545
4659 9274
1522 1494
3630 7395
7538 8985
3822 7729
370 5807
6404 9427
3170 1739
8529 2396
1677 2708
3919 3950
7626 6449
5097 3768
6215 7308
9296 1437
1747 4033
2583 7221
4277 5759
5149 8820
7934 825
5912 3331
9649 921
964 8117
91 7882
5383 5899
465 9891
4890 9569
2344 8856
7353 2863
2772 8176
3009 7832
3763 62
4684 3066
7404 3613
8854 1679
7504 9443
1393 638
4854 2433
2063 4827
3090 5698
8333 4724
3434 9844
5174 2875
8983 9984
2329 5077
6089 3514
3568 7096
8321 10000
6934 5511
8038 7435
114 1922
9690 9358
426 9484
4221 2030
808 8666
585 7046
1346 9775
4090 7542
2 4161
2930 5647
735 539
7464 9598
8158 8000
5563 9274
463 4795
6279 6394
2134 3782
9123 204
2684 5279
1294 7086
8732 9299
8130 6073
7772 6766
3502 6774
7078 8900
1985 2689
1928 8481
1022 3074
3546 6563
8229 4597
2004 474
9680 1550
9218 3064
182 908
9421 7654
448 7914
5892 1501
1238 4962
1466 2494
6714 1955
6404 9191
8922 4258
5786 757
1147 132
387 6268
8809 2433
7004 2142
8657 2089
1862 4604
362 1314
4805 4269
2105 3130
1204 2542
305 6431
4875 5876
5874 441
9631 5060
5688 6666
8058 729
5657 385
4930 9022
6304 2537
5842 5858
5257 2079
214 907
5581 1807
7219 957
8629 4233
7489 2980
7168 6593
5122 9033
8581 934
3110 3998
7985 1688
9410 8793
9842 5908
3305 172
1853 1167
1041 3934
2681 6920
1232 1545
7292 9593
4473 3218
212 8881
830 4154
6659 4827
8766 8162
655 1381
7358 1715
9591 3968
8701 3912
2274 1613
4542 4180
7489 1931
8592 3814
6449 5296
8070 9691
5057 389
8410 838
3914 4302
2781 9976
1146 650
4940 2195
2906 713
2404 8397
8206 3689
13 3894
9449 294
1674 3444
6886 3669
1938 4748
7496 4032
5077 3244
112 6809
741 7457
2920 4113
6402 1250
3214 7707
9486 7162
379 862
6886 5609
39 4814
8628 3001
6069 7748
8093 3464
4016 5030
2167 248
3095 800
1704 4758
2568 2235
7583 7577
2819 7703
3450 2685
2626 1535
528 1417
7888 8175
2030 1668
3593 8178
1751 1357
871 3051
9411 2011
6603 348
9792 1634
1576 1672
2313 5772
6205 2871
42 7279
4068 9204
1617 5450
658 9123
1980 1032
4427 7588
2716 3274
9851 1450
6215 8573
5610 5971
919 5680
141 5982
6418 5607
9984 2639
6506 4351
1592 475
6439 4428
6723 2715
6580 1467
4836 7195
999 1146
7997 5591
5039 5962
1640 1102
6958 3076
7067 4337
6280 6260
6662 6468
5097 4071
8126 3592
670 8078
5416 8361
5738 7621
1829 3719
1116 7749
6076 825
2332 7332
200 7189
4235 1647
3555 113
2141 5094
6207 9569
749 8370
4412 2090
2976 6861
5341 1038
3914 7456
4494 1480
1477 7625
4285 5739
648 8346
6186 8246
5153 5371
3092 9149
2289 2665
779 9766
6019 2578
9919 3267
1632 450
169 9232
510 1116
2592 9043
6361 7599
1961 3826
746 6265
535 6291
7262 9025
4227 1831
4459 9638
748 2500
934 1846
4477 5083
6654 4018
2822 8047
872 1234
3831 1564
4626 2899
766 6034
7508 8233
3619 6412
669 190
4487 7135
513 9462
6846 7140
7713 4887
2161 663
5332 7617
7654 4293
7040 4719
2693 1049
4415 133
5032 6309
8182 4685
9782 8508
1074 166
9016 2154
4434 995
6496 2485
8591 4499
6630 2801
5024 6278
441 6736
3226 7997
1892 1520
3553 4331
3694 8265
6970 3833
2775 6497
5262 3244
6158 1873
6923 4694
9451 5498
1425 3502
2323 9436
5333 4101
8657 2660
818 9741
1070 7319
8030 5879
391 7507
5165 2170
2755 7852
2982 9477
634 6225
6386 4189
6855 4727
2349 5480
9048 5396
3343 1786
4111 710
2282 3564
1138 2100
9217 7389
7376 8327
3404 1579
4105 7470
566 594
182 9949
7716 3040
7131 9022
7228 60
4244 8489
847 2296
7109 5943
2681 9478
78 6672
7958 1354
1210 8915
9257 5631
4082 4421
2762 3756
5884 5774
6983 2850
7639 1185
1670 1353
8427 7405
2864 7578
3767 2675
6591 6694
8993 8140
1427 7145
1935 815
1930 248
9768 8890
6477 8832
8910 5607
92 9715
4517 6805
7851 8971
2056 8946
7248 2224
9325 1586
8260 2725
4925 4511
9110 4901
3719 1253
3306 9823
1604 2973
3714 7616
1167 8566
2524 6907
4578 1694
4976 687
9683 5314
8585 9567
9611 9199
273 3694
5980 3810
2622 10000
827 5968
5527 3272
1073 6110
8099 2456
2002 6057
5648 6017
9516 4372
3158 5480
4659 9467
1221 7224
8954 9210
211 6487
3905 6763
880 544
5769 3113
1269 7476
9274 9943
7441 7493
2111 8564
9870 9899
1576 9298
6301 3273
7804 3069
495 9891
1119 9100
5414 3247
7463 5739
4004 3809
9353 8610
7065 4333
3234 6346
4705 473
2334 5027
3937 132
6442 5478
1732 2804
3110 748
2373 7861
3225 9276
9341 5131
49 2661
4025 2659
1462 4767
9838 9927
6396 9661
2459 8293
6354 1718
1471 9012
7820 9608
5047 236
5396 5949
1770 5463
4327 9468
3726 97
2024 9298
7646 2034
1539 9498
4010 3895
4342 1907
9010 9779
8667 2460
5759 5156
8548 4853
498 2608
9729 9231
3975 1137
3057 9706
6289 6023
9598 100
1339 7660
7201 3657
2789 1112
5924 8540
7005 8103
3914 2446
2436 6414
8465 7553
7047 7169
8364 4891
6118 9378
4255 5584
3429 7406
600 5914
4494 63
8996 5455
1844 4733
3210 2237
5 1073
50 5104
3106 1042
7698 1894
6583 318
8636 8626
269 331
1038 5391
6768 9665
6911 2591
5119 9709
6592 3512
5641 8917
884 7910
350 3765
79 1877
3519 5720
8626 2292
8232 5612
4034 4035
6016 9029
4823 7555
5818 8849
1007 4924
994 5005
3498 5244
8784 3588
2615 9369
9268 7895
442 3881
4589 6084
6766 2690
467 2441
9949 9846
6368 7973
5155 6689
5701 534
4266 8014
5954 9810
4205 2558
5734 2515
973 530
2305 2574
3038 6985
131 567
4406 9679
3676 3963
5728 9886
7623 8470
1171 5689
6278 9811
9883 6602
1266 516
5521 7145
2522 1627
4036 7080
1444 4394
4590 1726
7592 4077
8922 4207
3932 112
695 3923
168 1264
243 1683
5022 2290
1257 4866
6814 2967
9718 6553
3093 472
5069 7661
8978 5132
4432 6137
3802 3289
8475 1158
937 7530
8001 3220
5372 7248
7236 8917
4483 2388
6465 6218
8272 3169
7488 9781
262 6343
9479 2939
4967 7773
5301 9020
4580 6228
3598 7137
4630 7619
3751 9213
6196 9839
3654 3966
2208 7776
8789 8318
8353 9283
8254 9407
9172 7990
8522 7892
376 6518
6329 9200
496 8391
7551 9108
6525 2349
2379 1194
2902 1800
6401 7393
4886 7737
6594 2170
7970 6636
3462 3966
7687 4758
2094 1637
9519 2369
7703 3475
4163 8901
9985 8890
6494 5875
946 6047
869 6644
1705 8987
9892 785
8684 5747
206 6771
7969 2461
2179 6114
6424 5240
2236 7329
6061 9644
2735 3594
1696 2998
9531 2487
5593 4199
5886 196
1768 4978
4528 113
4498 7523
9554 8809
1045 8904
532 4924
8593 4235
9501 343
4538 463
1364 9296
8188 7027
1672 6092
9325 9880
255 3403
4794 3028
2724 2841
651 5333
2334 8952
3193 7903
2580 9446
7257 6614
716 4537
2060 2577
4102 6733
5146 7969
563 5900
7659 3100
6172 7212
8154 6073
2659 9442
2274 8861
5566 9583
230 5
929 5942
7963 4497
8445 8324
6582 8238
9446 2090
4934 6720
7437 1901
6182 146
8448 7595
3750 8191
9944 1094
6761 2079
5273 7798
7325 6804
2133 7429
1572 4139
6660 4417
8869 3474
5874 490
8335 3815
5916 1952
9866 1592
184 1646
5751 1383
2352 756
75 8244
7391 3048
9676 4242
939 1277
3187 5321
317 7963
7538 5025
1892 2786
4145 9750
6988 7697
4718 986
2374 8990
1027 78
3239 2524
4684 6495
494 8111
5390 5876
982 6344
7818 7477
9946 4035
2393 9734
1002 2683
737 239
9561 866
7897 1220
4659 7934
4458 2981
2404 5030
6555 748
5989 9173
2333 2382
8574 3915
3586 4385
4876 4862
4964 5041
6093 1656
4283 6592
8331 6175
7926 3104
1306 6588
8218 5781
8306 2934
8868 4040
9734 163
5846 1082
1687 9399
3595 5205
5425 7425
9502 893
9018 4647
980 6808
9194 7945
6407 2008
3513 9136
3476 7868
8330 8396
7886 528
745 8915
9446 7005
8903 1172
3071 1707
1131 456
10000 9453
766 1199
660 8005
6834 9714
1810 9802
528 2062
5657 2253
3273 6623
8108 2872
4010 9222
2661 4200
339 7854
5533 6737
1078 4202
4088 8434
7134 9599
6478 3245
9034 2333
5298 443
435 726
7633 3653
5621 9413
4443 7479
1050 6237
5419 8869
227 6356
8520 4845
9946 1585
2735 9533
2236 9913
3716 1502
4890 7507
401 888
1004 9360
3994 5578
4283 8329
5154 2486
4336 1580
3074 4826
7643 5178
5342 799
6121 1771
8038 4047
5176 4634
349 6289
821 2453
622 91
9942 9832
9800 2946
2718 5483
4343 5241
1542 4845
5695 3310
3133 271
5300 3068
2841 2567
2520 2537
9609 657
5950 8873
6339 7695
622 4215
7354 6018
3343 894
3508 2318
5492 4972
3867 9820
9755 3807
6080 2234
6105 9541
5148 5737
2602 3144
5382 5115
2751 3500
5429 5809
3766 7727
2294 8625
4187 4670
1733 6497
8991 388
6833 1776
232 1010
5522 4387
7626 4891
2273 1241
3920 5939
7642 8741
9192 6659
535 7779
9949 7314
9131 6234
6715 8948
7004 1326
943 2877
5239 3572
1209 8466
4272 4891
4471 1971
7119 3744
5055 564
5649 5242
9978 4489
992 793
1230 5151
9330 5127
3309 4319
5785 478
7042 2984
8056 9698
9067 8650
5202 3345
9964 4077
1978 9388
7281 8591
8304 7386
5035 6054
4164 9020
6543 4168
5618 2601
2906 9783
9790 4647
1087 8064
9924 5719
1466 4820
1032 7042
7914 452
9732 9420
3737 1853
8188 2129
1143 2010
8767 3617
5565 8809
8870 7284
3450 9650
1081 2092
22 2683
1301 9952
2265 4268
2385 1627
137 4570
7640 8851
2524 1114
7905 4752
6 7673
7703 3234
9657 3560
3043 620
626 6512
4271 1969
8066 7695
5374 5215
1166 18
2358 9933
3359 6003
3245 8159
3134 7763
9462 1510
5879 6425
7214 508
2834 5723
4447 8322
8791 5940
7991 4081
1463 8740
6079 5392
9986 1601
8742 7423
1546 8118
8511 8028
8833 440
7508 2579
9809 6904
4098 3243
2341 9603
3131 2472
2419 7804
5118 7657
9934 1816
2621 7917
6146 5341
2924 4729
190 8242
3296 3145
4125 9666
632 3653
9542 7224
1411 7402
1323 2229
9043 1921
8113 8002
1838 2287
5049 9021
506 6969
674 1821
9296 3384
2559 5056
105 5428
9433 9660
6888 7170
8023 6989
9647 737
546 3588
694 2722
5011 3413
7978 746
9269 8886
8336 9718
7527 8267
2240 8841
5519 2599
7319 4942
1425 7600
9099 9017
1345 2927
1982 9892
8736 2491
2634 1215
1282 5474
2199 229
2874 5882
5801 7398
6000 6266
4150 9907
3893 3208
9869 3844
714 7037
1809 5695
8047 597
8443 6462
4932 6552
8961 3343
660 9656
8515 1381
5933 2921
5633 5484
6754 4584
2366 5535
2690 537
1646 8559
3276 8065
3196 373
3677 9791
8391 3365
9755 1141
2534 3401
6275 6077
1519 910
5625 157
4192 4674
9442 8224
1459 9823
8484 6260
1057 8241
4633 1656
5954 257
9197 7812
9575 895
8445 4252
5191 5267
9209 7923
2266 6994
73 9104
2349 8573
2348 5274
3392 1414
4486 1983
7139 6086
9342 9065
6936 2273
5679 8454
9511 5915
4597 2386
5072 2586
7155 3045
9314 9457
8550 6003
3658 5217
8236 9594
4342 1481
1639 1103
2361 1138
3803 1492
6178 2723
5362 4997
1496 512
2598 1087
6300 7980
3759 7136
8636 3692
2773 4839
8044 3445
7999 6299
7857 2473
169 4438
1749 6218
8318 2579
1011 6170
1262 9870
7583 2288
2683 9261
7887 7911
4826 1287
4833 7917
7792 763
9470 7429
4326 5471
6821 8503
7344 1192
4579 5381
6524 833
7690 7724
5812 8781
3184 1285
5364 2888
5941 3712
2703 8935
1404 5583
1248 2444
491 1517
3331 7415
7392 9449
6479 6415
3527 3453
8641 5415
9974 9616
6617 1194
7586 2255
8485 5152
5792 7946
8796 3449
3698 4751
9190 6551
8662 1294
2267 7284
6601 9470
2776 2784
8370 1388
4397 2483
1117 7144
2235 1117
530 595
9485 7998
9755 4905
9457 6956
256 2597
7364 364
9991 4191
3150 9612
568 1088
2477 7745
2868 9737
2819 6213
5315 4586
939 6248
5460 5879
2661 7981
9522 2944
5040 2573
2641 907
1322 7613
9016 4613
5134 8501
5863 5610
5151 1123
1955 617
1244 7498
2266 11
1372 439
9133 5022
1900 3103
2985 5213
6347 4350
4987 5091
6430 754
4057 1690
5914 69
9040 6095
2212 5703
7959 149
1298 8376
9810 8286
79 1152
3640 3733
8770 2451
9822 8260
2245 2817
1379 6681
500 4902
4782 6809
4083 7724
1848 4721
5388 8278
9523 2610
8579 3941
1359 7452
6545 6726
4614 7157
3015 6891
9013 7441
3566 1940
6930 1210
5962 749
2917 9960
7312 8369
4834 4457
3024 3116
4466 1373
9916 4218
4525 6090
5208 4802
4666 6268
7566 7174
2280 758
5682 8026
1951 6686
4372 2272
8220 9406
4754 9644
3380 1815
8580 3132
7515 9797
9589 9828
5646 3089
9405 8927
2865 2304
9251 6352
1328 2606
3927 8796
96 6261
5447 8021
3950 930
9479 195
2742 2659
7137 8257
2615 6542
7278 1185
813 3556
5975 2201
837 6926
3469 9786
6133 5389
1755 3160
5411 895
464 8519
7928 1810
6574 485
5162 8315
9406 4721
9032 8871
7976 7752
5188 9816
9996 6130
2680 7191
8829 9923
2608 7716
8990 6257
5073 5443
5877 9366
4163 2691
5866 7435
7646 7370
1404 5568
5025 5196
3567 916
7204 3146
8766 5265
6582 7383
1742 4432
7196 1837
1259 1258
8010 5250
5902 6140
7157 5397
2005 2888
532 7349
4610 1691
2106 4585
3629 6051
294 2024
1783 9347
9334 2134
6845 8891
7150 536
3166 503
1178 1435
8586 5546
8373 5442
7433 8563
3546 9841
5148 6449
8838 9881
8697 7069
519 5178
483 9521
5007 9819
4316 7150
9727 3594
1757 3741
9987 1535
3880 365
4915 4391
5877 933
2424 6415
971 1697
4907 7735
3959 5612
109 1561
1639 3833
3006 1669
7755 7758
7781 2087
5614 7839
7941 8478
6192 8173
4669 7539
1067 5235
8147 670
1585 7693
2966 7708
8178 3413
5002 390
729 4170
7687 3450
2849 5914
9254 2931
5929 5381
3725 89
4092 6848
835 9760
8672 2630
5369 9616
9934 8350
2721 9575
9358 1984
3890 9145
8756 2948
552 8383
9831 2375
3829 8090
8953 6562
6368 8240
6105 5011
4907 4828
5736 2508
8230 2830
8624 1751
9076 2958
3603 8004
1916 7153
5809 5227
1363 4210
2588 6740
5079 7469
8681 3838
8321 1440
9345 7493
9753 1169
695 2153
6251 6036
116 8291
1645 4048
2226 7140
584 5301
5578 5780
3073 2898
6924 9040
6252 4386
6691 4081
5110 4069
2455 2202
9998 282
7915 2391
6691 356
346 4249
3124 9214
2569 9196
9360 5159
4851 8901
3904 8687
2360 2599
1187 9656
8080 8966
674 4564
2318 3602
4833 5636
5560 5678
5063 4997
6649 4035
8796 2090
1174 2838
297 1747
478 4163
3875 1248
4976 2029
8038 2552
4571 6199
6463 519
7916 7395
5527 3271
7601 6599
5413 9465
8638 3560
3253 8342
8017 770
7433 1586
2848 7510
78 1117
7161 4026
7241 1240
5062 332
3677 2086
8322 1171
4650 3454
4728 2443
4238 2188
7573 920
4786 4676
437 5545
9884 7949
4731 3712
8053 6854
1731 3167
5637 798
9009 9580
5971 8537
6037 8800
2641 8884
9012 4299
9148 5417
4089 7627
7381 5610
168 8619
1400 9299
2088 7844
7197 9633
3585 9367
3302 2506
4354 9961
1675 521
5872 9486
8012 2608
8213 202
7611 7012
6586 8767
2431 2167
8924 6187
9349 9153
4782 1570
1967 5213
6058 3002
6939 616
4651 8629
2711 4139
5661 6108
2117 9061
5625 6566
6744 1439
9153 5023
7385 8316
3847 2356
3754 7217
1061 3077
9328 1440
8608 8265
7584 6000
2969 5117
6765 8240
3811 8755
4327 5337
4649 8974
4355 3016
4200 5377
6281 5091
5085 2803
1788 9021
1345 5891
1647 8049
2 8192
4724 8474
8033 1936
5886 9551
728 6340
7364 7937
2095 6796
4377 7144
8405 7768
1723 6257
1042 6314
7126 4150
2941 4103
4214 9387
2443 7525
3065 7345
4770 4593
3735 1237
5488 8135
7006 1439
2922 8297
8037 1789
3109 6987
5178 9049
2152 3131
7906 1255
7798 9867
8043 5663
2358 8032
2659 4645
8203 457
9042 4977
3743 6636
5688 3615
2488 348
1 2813
2377 4560
9770 9910
3405 9960
9375 4275
6676 5514
7355 3939
4050 2144
369 6160
948 7334
2391 6810
2463 4878
3397 1648
6991 8604
510 5206
2645 6157
3177 4770
8571 1459
7258 7578
6374 8909
6630 5702
941 3231
8518 3429
762 1289
6238 8566
9586 7719
8297 2616
3902 3229
2403 1457
8941 9108
6248 3310
1943 5372
3223 2256
2784 4275
6112 2033
1669 515
5364 3217
7434 7824
6009 9403
2859 1402
4024 914
5028 105
710 914
1831 5598
3721 1251
4835 6180
2403 9225
333 5763
4557 8348
9459 7603
6752 6908
6880 5660
9438 6163
7459 8553
5147 3620
1358 6083
6849 472
9952 4266
9898 5409
8306 4040
9323 9031
5474 4036
42 2123
983 2532
9747 8405
4944 8803
6104 1942
7355 199
2305 356
2458 7858
5240 9095
6874 4148
6406 5563
3844 8936
9336 9192
5463 5108
1543 7355
7546 8632
3846 5824
1420 3665
7470 8248
4998 3204
3022 3769
7901 3978
1307 2903
2817 4330
2669 6043
2157 7348
9036 1059
5036 4364
1283 7123
3284 2938
6003 9069
263 5140
2386 9884
3476 5919
5224 4138
3950 2735
2263 3518
6317 9206
9958 9835
8790 4213
2865 3522
6980 7495
4890 1970
6365 7244
4901 3316
7833 6541
3651 5365
4587 8036
3384 4097
8802 2813
1706 7394
699 8722
1561 6065
4023 6300
3382 2327
5331 8168
5895 120
4532 288
621 8671
26 3364
6933 1683
698 4201
8189 3132
4655 5048
4725 5960
6660 6454
8529 7227
2457 7414
9885 4125
2181 8095
8247 3295
8195 9122
7253 2981
5857 8193
67 4382
6154 4911
7969 5736
1811 8848
2381 7325
9715 886
2439 3735
9366 7145
1809 9687
2996 4622
2807 6672
4446 8514
1019 1192
9319 1303
9801 2844
946 9818
9755 7961
1895 7751
6840 2325
439 8460
4523 6630
6621 4947
2481 7702
761 16
3919 4723
731 467
2572 1131
1996 8377
9544 707
5241 1770
5050 622
2955 3835
8780 9136
3622 6397
3369 9321
9197 1881
135 6507
7081 7379
2117 4889
6337 1788
9824 5315
5192 8257
1589 3667
9904 5923
9474 5578
3067 3456
8896 7501
5431 2150
4646 2335
3624 5936
5184 145
3013 5156
2879 8341
1306 3567
6474 3127
6747 2733
6764 7837
5213 1002
3187 5495
278 5364
108 8210
3343 5904
9113 4991
4021 5290
1512 3782
4524 9852
8669 5033
7358 8139
2272 5962
1455 4465
8163 2200
4975 3508
19 1521
8342 2550
4242 8627
2748 3030
7805 9108
7637 1214
7437 4197
4309 4913
7723 4853
4503 372
9327 9010
1572 5228
3009 8914
2067 3263
5553 5366
6609 5695
9101 4159
9268 4619
4413 2135
6778 4068
4326 6703
5596 6895
2613 9422
4432 299
1876 2623
5489 5287
7988 5863
7339 6080
8136 9011
276 4905
8615 66
4719 3172
8603 8982
1302 418
5909 3218
5119 6804
3564 2566
792 700
8509 3231
2450 5778
7513 4060
2587 5780
6281 9526
7613 2340
3135 9176
5760 6260
9689 1489
605 2510
998 3295
2285 7640
2803 4339
1279 610
298 2316
246 1623
7489 2926
8641 1902
8232 2297
3243 1793
5403 2521
630 3548
3450 6240
6615 9735
8694 978
9787 1356
7583 6894
4423 6948
4265 1466
1944 2786
4990 4144
777 2937
3747 797
4650 4264
5124 1628
3708 33
9164 5407
7650 5877
3282 7014
8706 9295
2054 5203
3047 7546
9776 4577
2362 674
690 2566
5173 3544
1893 7593
9501 4618
962 7996
7908 8289
5836 8167
9084 7992
6615 1015
5487 7830
8799 4607
8306 6665
793 9569
1004 8247
8897 737
1922 2009
212 1200
5688 1774
2550 431
7442 3293
1769 3976
1299 8508
1122 7475
7617 7887
9168 7392
715 1008
479 3734
4805 152
4673 5384
1515 1893
5830 7652
4318 3287
6835 1303
8705 1604
3145 290
4681 5086
8027 2265
5387 7731
5559 5008
4984 3357
7231 7731
7838 5352
195 6333
6451 6980
4489 8949
561 628
2336 4234
1853 8428
6359 8037
6023 3441
4950 3634
8880 6101
1718 8042
2448 6335
4022 3737
5345 9961
5107 4279
5015 8146
9705 676
262 1130
6263 6960
4970 5403
3398 5982
285 4167
8543 1498
8772 242
3446 3527
3300 1413
7170 3320
5662 4024
9759 7321
8280 3573
7635 4429
3469 1928
2866 3325
3474 1197
6193 4914
890 969
4291 1552
7791 9737
3257 2553
1404 3550
6753 605
6075 5761
7688 7394
3232 7080
2184 7814
6141 1417
8827 2321
2777 2511
4751 9978
262 7553
5026 508
466 646
5937 57
6506 4733
3016 4362
2755 4325
4654 4126
5765 1657
5541 1335
1277 5596
5949 5114
9447 7735
2858 2256
5419 1370
9954 1910
3843 56
2258 6325
8267 9403
1781 5231
6522 2038
6415 8992
80 2583
7111 8839
3271 4389
7226 570
9333 5137
2243 4640
4006 8572
5551 5657
7813 7948
6351 6081
2264 3421
6330 8471
5760 6417
7991 1976
1444 9977
6977 9085
718 8718
8097 1518
5634 5689
3406 9506
878 8980
2685 5984
3943 6838
5729 1850
3666 4209
4888 1097
6672 7157
2363 5781
4526 5589
7782 8093
4428 3660
7822 8733
7920 6850
1044 6276
6161 2358
2805 8772
1310 1344
2529 8038
4370 2420
4795 273
576 2593
277 6861
7271 7055
3931 4550
8213 7013
7040 3159
8904 7570
6301 3014
9133 3018
3378 5543
8800 9943
6957 7045
5327 5947
4818 3717
7902 7006
7838 5011
9952 5804
2694 4908
4634 4209
8011 2479
1704 2730
9568 5060
5702 5373
8682 7915
4693 4665
3768 6506
5406 5603
8293 3488
1799 103
2093 9157
2972 1981
7569 4257
5766 196
7599 3936
6439 6678
846 4286
640 1763
5280 7031
4345 3192
9725 8092
6611 7394
9842 6929
9996 6569
1883 1173
8656 1774
9065 5326
8196 5427
682 7662
7936 8756
9353 5787
96 7513
8967 2857
5865 7091
4479 720
7945 4999
4010 1727
2024 5821
4817 1421
6453 7622
6858 3681
928 3420
3274 5109
9851 8858
1075 9171
9329 8040
8906 8908
7261 2070
843 3039
8028 8601
6634 3231
8236 1295
3085 3627
3834 7374
8457 1075
8579 1961
4511 4122
2596 6618
7252 7399
203 5382
6716 1045
1942 544
2842 142
7119 3856
5419 4639
7047 6258
1047 3481
5394 9299
3397 6189
2396 7018
7968 4286
3746 3007
2260 5245
5346 4865
5432 3823
611 514
8615 6983
7281 2324
8909 4594
1824 5148
4823 6508
8914 6209
9569 7416
1945 6361
2362 2111
1803 4661
2088 9786
6633 9007
5017 3200
3654 8071
9072 4774
5448 9063
6324 1909
9692 207
4017 2211
9871 907
1902 4370
3453 5038
5880 9505
1178 5225
6086 8067
442 3495
8363 2545
7355 4850
4648 6470
6867 4732
8803 2569
2464 8451
8756 8551
3114 5875
9844 5961
8077 3942
3182 9411
6615 8530
141 2273
4164 8997
3097 9207
4582 698
4620 7874
7433 608
6720 4858
5228 7892
6202 8352
9942 5071
7283 5336
4118 485
7375 21
8426 8645
9217 7512
4666 991
1392 655
5424 6839
678 1781
127 7677
8917 9591
8061 2077
7449 9379
9279 179
4497 2789
7433 1160
2275 8541
9803 2535
2035 5254
9903 5334
422 4358
1852 1388
7855 3508
7432 6473
9583 209
6062 915
8118 9689
2697 9141
9355 7848
1270 7870
5923 849
8705 2862
8041 9664
3390 5476
2931 2869
1526 807
3797 1896
2368 3817
59 3445
7659 6376
7884 6224
2389 8660
2417 8371
3971 6618
1583 3489
7682 9741
461 276
7433 224
542 8696
1604 2882
6889 3324
6601 7206
6595 9430
7917 6413
5626 8217
5004 8028
4566 7685
5565 5550
3192 3093
3427 8489
2950 2231
6634 5622
6234 289
1367 2070
9055 1043
3544 5941
8459 3026
4464 2770
1075 7521
6888 2429
3169 8055
7628 3529
3499 207
9638 5860
9435 4483
2643 8425
2555 1779
608 4868
4060 3511
2062 826
8536 4459
5264 3506
5203 6529
8436 236
4818 9423
6577 695
8180 9107
3404 3772
147 4578
8051 8984
4714 4222
2939 3542
3190 7825
5374 6327
8373 2590
4854 3305
7456 901
5466 6262
6608 290
8764 6159
7273 9065
8996 8719
4080 4574
5428 2371
6730 4639
746 8213
7536 2679
6314 1175
7564 5286
2260 8830
9755 4746
5027 595
5839 7380
2939 6973
9349 8353
2941 9031
1831 4529
3038 100
3346 6616
8850 8798
72 3069
3044 1890
4049 7450
2576 5912
2505 1481
6557 9881
8983 1850
3986 4725
9479 8698
6513 7543
9958 9094
4465 2665
3463 5094
5762 2583
380 5273
2636 4902
9181 6686
8936 3439
2546 8871
4543 8267
4846 5602
9373 8510
3465 3322
1915 8613
136 2214
9789 6230
3486 2512
5501 2920
2196 3178
458 3551
4736 7606
9552 8266
9102 2024
3637 80
8851 4490
2856 3564
8517 7616
9390 262
6495 8908
8166 7703
4229 3632
4097 6866
4944 5474
1586 9903
322 787
3210 560
8914 6383
8915 1278
4018 1710
7753 5675
5320 3691
9950 3693
5847 9960
9339 1643
2905 1534
4154 5748
1498 8355
2269 5594
1519 5145
7062 5203
921 4729
9622 2372
4112 7060
5865 5394
8777 958
6187 3475
3309 2511
4516 2271
239 3872
8231 3437
4896 9236
7143 3059
8802 5685
2331 923
9871 8041
7015 3964
942 9425
5646 1691
3015 4511
2832 2357
1726 3192
692 3244
223 365
5766 6769
5601 3494
8476 949
7220 1830
5141 9218
8002 9924
7942 4848
8540 5196
9817 8569
3413 4192
58 4459
3066 3849
2663 8346
8014 8430
4842 5515
3406 3071
4355 6637
4571 9730
657 6022
4752 7253
5131 6128
1094 263
2193 3486
6810 3671
3419 1984
3265 6275
6781 5777
7826 23
122 4097
5264 1988
6357 2751
5261 8882
4500 6449
5975 5268
3241 3324
9157 8069
4869 4039
766 6360
2324 6035
245 8396
8057 6799
3646 9462
5162 2842
7749 4178
1630 5106
2536 5360
6249 4000
1778 7493
492 8564
6760 849
6321 5927
1485 6228
9007 1767
5886 299
6878 8604
2137 5257
176 372
1213 952
2203 6729
1909 9548
9694 1229
3912 3853
1373 3022
2962 1513
3853 2633
6233 7911
9534 6635
1179 9619
2745 3634
1229 8144
2272 2262
5691 5069
2174 4901
3969 6982
411 4724
5555 9491
1782 7975
9623 9964
5906 5014
5399 2871
8837 6746
2923 8359
2594 8992
6615 670
9623 5324
2822 624
96 9561
2686 3925
4447 9100
2222 5398
1151 8068
5670 3193
8528 9568
9220 4424
8818 6510
293 4555
2460 6893
8269 9110
4300 4781
4073 4082
293 1919
375 3035
2264 1977
6871 2108
4769 5438
7085 1551
5339 1355
9571 5554
2856 5194
986 6317
6595 6519
2501 9596
1688 1939
3179 3737
3959 700
9943 707
7019 25
8982 9690
3518 2333
1176 8572
2869 3872
6892 8435
136 7500
2026 4831
5708 9568
8556 8059
3084 6562
8622 2311
8605 9124
3840 7605
1842 5136
4432 7483
470 926
5154 9495
165 2616
2252 563
3167 1525
6680 4859
5584 5128
5018 986
3332 1963
3227 4421
5020 3154
4114 3795
4717 489
9830 1491
4158 3100
8290 3970
9820 2578
7346 7156
6901 372
7455 2764
8688 5792
6595 9390
5973 2374
142 2283
9333 3897
8165 4233
645 7930
5400 7331
8176 6052
9467 84
9854 9947
2436 4877
6041 740
5317 1491
1807 7984
2198 8462
3750 1772
4060 3708
4017 8667
4050 8379
7689 8767
68 7630
1114 8135
3777 8683
6849 6725
3139 2372
6600 391
3295 1480
2585 2285
3463 1760
2136 952
2870 131
6661 2329
8857 9977
7852 7955
5297 8442
7346 3693
9830 1959
4999 2534
7244 4498
5708 3266
8212 5560
9102 5198
4343 6335
9152 1501
7794 7880
7110 9803
1825 4255
5456 1009
6761 7149
2889 3855
106 9465
6400 3342
3816 895
1434 1456
7431 8380
352 2661
1007 6560
8269 3508
6918 7299
8800 5849
578 742
7014 7950
7273 8436
4990 4456
3668 781
1497 1387
5206 1688
6185 3361
4320 9793
7417 5942
373 5932
5012 2062
5114 9895
8125 3220
4268 6765
7795 3401
8299 8416
814 8429
2962 4870
5084 5997
6278 897
4753 670
850 6797
8729 1091
1886 1153
5292 6485
8668 6306
1742 8290
9599 3123
3348 3863
6862 4464
2265 4726
7974 332
9501 8075
1885 8765
922 845
747 7521
3173 3692
7547 9624
5381 2983
2827 4416
6521 3999
9596 2891
8624 7768
9265 76
8930 3571
8913 4524
8358 9419
4464 5080
2563 1171
7706 4507
4104 2872
9072 9731
4708 5931
4509 7083
4229 6523
6642 3886
2029 4829
4962 5868
1419 5874
8349 4872
809 913
7468 5088
3746 5263
3370 2777
8286 512
2878 8536
9427 4280
1338 4040
9766 8799
9141 5325
2768 4749
7650 9190
7262 9452
3442 7387
4584 323
8399 5598
4542 3097
3137 5099
4413 1620
4431 758
3776 5826
6880 9933
3174 1582
4530 439
9513 2584
5046 9495
312 3200
7103 3415
7257 6527
8854 6538
5703 9215
199 9331
8483 4644
7775 9181
3051 8769
3781 6972
214 1749
8279 7578
1843 2485
5784 3270
9466 7061
4709 9861
2891 3967
5152 2952
2882 8457
6757 6701
4265 6488
1924 7951
379 9919
1578 4104
7842 3643
9969 4210
8040 7713
7252 351
4651 5733
9309 3826
4844 333
4657 1042
5690 4199
6690 8178
3036 3725
2595 1864
1945 5954
6378 9101
1441 7704
2418 8285
3508 5487
4147 9492
9401 953
5141 9828
6502 5451
1749 9534
4771 3905
143 7782
9095 2360
3716 9626
4666 3699
2653 2661
1423 4127
61 81
5481 8193
199 4563
8676 210
5554 9356
7492 1407
9596 341
9053 4795
6078 4380
5499 9027
7952 9519
1239 6882
9798 5001
2909 3675
3957 4999
1692 3434
3994 9766
8771 3351
4015 6757
1961 1907
237 3139
8095 2262
6207 1252
9925 1645
182 246
5853 8700
3706 8802
984 8352
6659 8157
7731 7922
6006 1991
1541 1039
240 4022
6734 1852
7753 3022
7159 3233
4768 4307
9062 7675
6077 5451
357 8042
8 9380
7698 9416
7517 3627
5555 9039
1603 2846
265 5050
2550 6444
4193 9154
4588 5680
4109 2009
5624 1978
2134 5423
9370 8019
2601 9908
2808 3582
3268 3785
2998 6747
7006 1111
4464 10000
2737 3840
8847 3198
3358 7359
6788 1015
806 9991
2536 8842
7096 9517
6279 300
4265 166
7027 2892
6292 696
2181 3782
36 209
4579 5863
6674 8236
5162 6845
3117 465
941 948
4243 6267
6412 5230
49 1111
5839 3005
8904 6401
7215 2803
9590 7995
3680 1571
5147 9821
4480 9162
5905 6582
44 9190
199 4706
1561 1271
5464 7345
4891 8352
7813 4106
2130 7645
1256 9003
4646 836
1042 8955
793 4941
8129 5320
9320 1087
2738 1856
245 9569
3605 5372
6040 1570
7673 7224
7228 4117
7503 2333
9463 9850
343 8087
8723 5365
8191 2907
2275 5601
213 392
2605 88
8504 9160
9202 6870
5684 3742
8993 1755
5172 5133
6936 1723
9455 8142
328 2531
5412 6413
9890 6987
2802 7049
7255 4932
7572 6986
1054 8783
6941 4061
4494 1630
5717 4843
8653 6944
8447 1258
1075 2681
6985 382
6566 9984
6107 7907
703 1297
4321 5481
7288 9435
5596 1701
4060 5771
9910 5408
7729 1086
2064 4257
4394 9710
2667 3085
1207 5176
1427 362
1299 2151
9472 429
9033 1737
7121 3493
7082 9375
6256 508
1502 2584
8827 2808
9099 1731
8824 1791
2294 8626
1841 3833
9390 8357
7542 1159
1323 8045
1675 1241
7922 7354
2345 6106
8695 3808
1112 4758
4188 4672
3085 5454
3671 7357
4257 5013
3747 3268
9777 2891
8298 9460
1784 7482
9084 1208
4203 7063
3345 9124
9351 3015
233 9626
8609 5481
7509 2778
2195 5600
2742 4794
3288 4133
5197 8900
1597 6809
1615 1965
9576 7749
9627 7576
6932 9823
920 7530
5433 4901
1406 2619
189 4660
5946 2298
784 4427
4157 341
6751 3795
1793 8964
4102 7031
1509 8831
2235 7432
8721 4056
6302 6359
8386 2249
4692 2005
9421 1528
7738 7946
6180 1104
992 3256
437 1622
843 4439
483 8876
8616 917
5747 5532
439 287
6050 9144
9507 2099
6694 3029
2289 9869
2176 8065
1919 9284
9163 1881
3263 460
5241 4283
3616 3722
1623 9971
3439 8384
5480 3565
8437 5087
5309 8863
7558 8625
3944 7045
2320 7749
2845 2517
2815 6140
5303 2547
8828 7454
4061 320
7390 5738
1978 2267
8558 125
8327 4938
6894 8711
3508 655
1761 7019
1114 6110
4350 3750
1342 7397
304 2933
9124 1382
7552 3042
8811 5016
3531 9354
7304 6406
2297 2383
6944 5290
6569 9028
8615 2326
5371 1606
9970 8158
7047 6342
9839 5770
5485 5543
6626 5594
4887 3259
9642 1395
8251 7701
8838 8382
938 8885
8892 8485
2477 8018
3824 836
6713 8778
6912 4421
741 2778
3477 4334
9868 3352
3706 4582
4476 4027
3069 9150
8617 4279
2119 2137
2629 1459
7355 3051
6398 5744
5374 6185
6335 2697
37 699
8077 9640
2125 8319
3041 7367
5771 503
8054 8567
2320 3113
2338 7502
4316 4191
5860 9108
502 4143
5 5102
1566 2831
4019 2428
9791 9175
4061 325
8319 2946
6044 2817
5989 9204
1063 7537
2528 6304
5523 8772
5010 9107
2030 308
5693 4555
4553 4570
4859 4447
412 5420
1039 9077
8733 523
5506 6855
9306 9790
7465 2981
1827 2245
7479 9433
2790 8917
6500 3299
7699 9726
1349 2739
5859 9433
9880 273
8236 1271
7179 5468
9224 9137
6663 5123
9038 1612
4893 510
4261 1257
5621 8618
8301 9379
1331 7147
3381 1716
1362 7125
1371 6926
9507 8637
3802 932
280 6267
1774 788
6526 195
9327 9841
2204 202
9876 7445
3250 6542
6225 5893
6921 4341
1590 1032
9296 7820
4261 2833
9160 6243
902 5048
9853 9416
2234 5423
8605 8750
7696 9302
2457 9567
5500 8707
5181 3539
1439 1994
5966 9798
9859 7037
2745 7685
3506 9015
617 7093
4627 5521
5914 6757
3131 3244
4845 1383
7650 4388
5999 1369
4134 5554
5687 9260
4173 6186
8919 2450
9726 7819
8346 2770
490 580
7707 2943
1913 9655
3616 7741
4602 4813
7667 2949
7682 7623
1105 3162
391 6541
4655 9685
7997 9401
3607 3703
8723 9760
6867 4181
7885 8223
1897 5338
1732 427
4822 1609
7756 3925
7871 1943
5112 2799
8209 3532
9991 8687
200 8419
8338 1413
5534 1950
3809 3231
6178 19
9682 246
8643 8117
2653 2523
5267 7739
4403 4431
2211 3751
9719 5630
9563 9044
1560 4643
2439 1793
400 3364
2865 191
7414 6666
8433 1053
6819 4266
2446 765
1082 2341
7813 4890
9972 1126
8454 2264
1535 3590
1648 3572
9447 6824
8533 6451
3088 7833
9716 3040
158 9389
1308 7161
154 969
622 9797
9382 9907
1478 3002
8399 6135
1560 5359
9684 3928
3037 626
9477 9138
8323 368
8191 6059
8388 4847
2273 9259
4898 4913
2283 7752
5535 4318
2633 6673
8967 486
3187 5081
3426 1114
6337 8856
656 7807
1173 5932
6069 5807
3191 7958
8976 5216
5089 5610
1159 8146
4982 4935
4336 8055
7998 8127
8327 138
6192 662
3794 8974
1416 437
2837 6660
8989 2070
2116 5799
6593 6706
8836 9156
9867 6272
4450 8345
3078 9163
7556 2554
6898 3400
1921 9424
9733 7029
7009 7062
8087 5178
3193 1193
8171 9598
7772 1619
7363 2277
670 6433
4077 965
5732 1781
1202 554
1056 3668
5785 2768
5456 2091
5692 2201
7824 7573
7828 5809
3575 9314
8373 1952
7058 2965
6319 9605
4949 8959
5147 4610
8550 7313
9716 1679
6902 2145
8724 5981
2330 6969
7368 7163
1940 6393
8805 4395
5218 1210
8859 7293
4629 2677
4019 3469
1945 3782
1761 2242
6230 7779
205 9977
5449 1057
5829 8530
2293 3322
7016 1501
4052 113
1355 4972
647 8342
3205 4621
8550 4377
9067 7075
5451 3424
1215 4754
9177 4924
1271 9601
2101 8610
4724 1064
5818 308
6595 6997
8728 25
4695 3553
4671 6094
4075 469
9792 8135
7543 8864
9970 1135
7909 2218
3667 2757
4474 6477
6860 2316
8729 4385
4548 7109
6533 8885
4354 9649
8848 6186
2847 6249
4075 5636
4754 6563
922 966
395 634
7839 9276
2268 4280
2479 635
6438 314
5285 7315
792 1977
7244 8422
1700 7687
7924 7665
7578 3082
7327 6290
1488 3904
3405 9807
7432 5950
9310 3988
903 9287
4834 3195
9610 6311
9569 5162
4730 2731
1772 932
1938 6866
6746 7395
5477 7367
4165 6335
9507 4977
5157 3015
9270 6479
7277 2957
9777 3976
9123 8292
1870 268
7782 8395
7596 1249
6874 1930
3554 2883
4496 6355
5521 9150
6827 4094
3834 9841
232 6410
9122 8489
4863 7917
8118 5492
9801 3828
8823 7310
1572 505
3060 3569
4762 4822
7972 8025
575 4863
8994 4104
2013 4409
4128 6092
6722 2561
9619 9671
802 2028
2338 6640
2460 1451
5369 4912
5347 9546
9491 8360
656 1774
7813 4654
2647 3141
3105 9725
1744 532
3350 6124
1366 6803
9317 5245
4937 7719
5798 5350
7441 9792
8170 7596
2255 8100
2979 3227
9958 825
5164 8067
4756 7097
1132 1450
4951 5275
7960 5842
9392 4757
5059 1302
1267 926
332 4672
7195 8000
2086 6798
7044 4898
375 4136
3175 3388
820 3718
2718 2731
9964 3119
8285 5110
8328 563
9690 331
9787 7756
7975 4016
3498 7344
3508 1464
9416 2080
8276 7611
2977 2406
8317 1867
6154 688
1995 7989
9682 3732
8663 8634
4765 9903
7261 764
1075 5497
817 6586
3421 7127
5376 696
653 6253
5056 8024
8783 8105
9998 9019
6582 184
9488 3544
5285 569
8228 6489
4110 196
4757 5884
9468 5504
5106 1773
1720 8279
1431 3903
4624 2511
9840 6761
1405 3191
3216 2556
2090 52
8355 6985
5862 7271
5342 6283
3401 2279
5121 2643
8110 2404
1472 4880
4603 5506
4782 6968
3613 4874
5531 4677
5278 980
5141 1680
4201 460
5799 7647
5882 6309
9458 3607
8071 4860
5098 5669
7382 4493
2743 5653
2968 19
7204 5826
9887 2902
7399 2724
3434 1273
8295 3716
2366 7358
2193 657
3861 2453
3685 4616
6666 3521
6740 1332
3279 9380
4186 2316
5076 7626
1396 1284
6771 1531
1548 3572
9915 3932
6969 3306
5018 4411
1251 2557
3397 7669
7196 3887
8787 8092
7416 9409
7885 3595
2887 4161
6603 7352
7658 3098
6448 2266
8732 9817
7181 3224
8071 3690
3237 577
5550 9066
8893 1684
5400 4586
6906 8231
1015 8393
8900 1520
2653 8989
4005 6978
3841 3100
2985 6089
3832 8631
9501 2210
3683 6737
5898 5046
681 1972
2286 4481
8131 5471
9443 4441
5851 4031
4990 7664
5782 7372
4572 3147
6783 892
7947 5093
2849 6787
5514 5181
591 461
5102 7730
1085 5062
9681 8038
3590 1931
4695 5981
9882 3388
6161 7663
4292 3355
2375 248
7689 5749
7660 3549
6827 6709
3233 7179
5518 6435
7394 4671
5685 235
2557 4465
7623 2019
2193 4897
7242 7565
2438 1844
9142 1129
3142 1991
4348 8123
6007 6879
5968 6348
9769 5884
608 1852
599 9250
9677 5223
1783 8949
428 5964
459 7730
6043 5595
1591 7617
6790 3892
4233 1560
7908 9809
3286 9435
9464 325
4479 7510
2292 8089
9867 3484
8470 1416
2926 3955
5517 8052
4726 9019
3811 4710
2377 8323
1759 341
2480 3551
5160 1503
9509 2462
4351 4108
7764 1340
4856 8670
8853 7410
900 6340
3580 6827
4246 8371
7385 9249
1000 2882
8097 6360
4892 1176
2639 2302
967 6676
5425 100
2737 6365
9034 8120
1197 7273
2750 5916
6392 4016
749 8179
5574 466
4197 9026
5248 6279
3629 5753
9084 747
1109 8498
6573 5013
8398 3321
7088 900
2472 3546
4161 4126
9936 5000
7007 1180
1084 345
1123 6778
9549 9363
3868 5973
1469 266
7817 8174
6810 7703
1837 1675
5806 1179
6036 2715
2760 8205
9212 2994
580 4050
1482 645
5528 838
7168 4082
4016 4648
7524 2751
1722 2543
4482 1213
8847 976
2826 5016
8021 8520
896 2941
2374 3994
9599 9129
2486 5006
9698 2950
8118 1400
5030 4584
6201 2525
3091 6824
1583 9919
6831 2800
8163 5469
649 8680
5169 3659
3561 73
2072 1118
8055 2182
8838 3981
2420 8937
7761 7917
9945 8402
5155 8772
8435 3556
5310 4961
5892 7720
1672 4965
6133 2355
4022 5567
924 4970
7805 6074
930 9859
9303 7698
432 6197
8529 109
4760 3043
3186 2877
4962 4550
4075 121
551 3579
5545 6926
9431 260
6516 3881
4043 9107
126 632
532 8057
9403 9659
9057 6318
8530 1351
4858 1000
932 1670
1177 5423
8280 9315
567 7934
1508 2512
233 709
8695 423
7178 5661
4879 402
1923 5904
4752 6330
18 5328
160 3882
823 2470
4509 9281
5276 4732
629 6125
1082 3333
8575 3395
7327 369
3293 1905
6064 8319
5766 2835
1996 3549
9603 6239
1177 4447
4997 203
4446 528
1928 2733
2783 6776
5689 7028
7706 6421
4778 9654
5859 9119
8666 4218
5494 9681
8263 2124
5395 9448
5104 8305
9660 4011
2384 8922
4964 7597
9507 5695
6163 3792
3256 640
5680 3379
403 4868
5074 3877
1138 8260
9296 9883
1168 8242
5101 5277
5100 3274
8887 2534
7607 1837
2642 8736
1470 3851
5766 8656
8923 4389
5162 7034
5011 6633
8516 5945
9477 7083
3647 3363
9945 4472
7063 9268
3404 50
6503 3689
5653 9338
3354 91
9674 7427
3857 6543
4581 7601
4928 9124
4045 9793
2166 7319
1611 8232
7352 207
3493 2031
359 1201
5083 5431
5322 869
6097 6071
6505 251
2641 4702
6433 2562
2494 790
4695 7675
1298 8957
5161 8333
9406 1370
4902 5359
6927 7495
3649 74
3411 53
5025 9737
3415 8929
7076 4812
8663 7863
5583 1130
4128 6235
9859 8547
3851 5419
3851 5444
1547 9140
68 3155
6184 971
4207 1807
4797 9997
5871 3365
9110 1707
6431 3118
114 7717
1237 9360
1169 4596
2857 1477
4498 2791
8246 4552
7215 1764
3701 323
8547 2888
106 3323
8396 1718
8171 2928
4422 3602
3529 45
9904 5142
5604 9245
8179 1010
74 3392
7429 7295
7188 9679
2296 4683
6718 4181
7639 5476
6330 7882
9686 2475
8188 7777
334 9588
5545 1890
4211 3349
8728 2660
8182 2204
2031 3443
8786 9790
7557 7799
6705 1421
2200 7080
7181 2280
7352 6128
6115 2722
9308 9134
4489 6333
5564 5855
5803 4993
7364 9275
2479 1870
7520 5188
2606 1878
3281 8689
953 5133
8403 4070
4839 5116
3738 6554
4834 5179
6258 4971
373 2152
6286 1448
2574 9598
4454 3793
9630 3348
4 9444
4018 8750
5788 1279
8954 8791
3654 4181
8020 6027
8254 2715
3393 3733
9299 9650
7940 2700
4747 9365
3686 9315
7723 6413
1821 6999
7909 4086
1998 6925
5122 1379
5333 1667
5458 4317
3735 167
9625 8298
804 8404
8801 3165
1264 3381
7803 2036
5055 9615
9594 3210
318 8941
5128 9913
8712 585
8200 6922
6477 1245
5956 5308
8576 9117
6950 4154
4536 3629
4887 9966
5852 4576
6790 7663
3489 9133
4623 2324
6454 9617
8266 1352
5533 3651
1586 5303
4420 3144
8935 3663
5902 4415
3047 9540
9540 1151
1245 5653
2671 5854
7842 1677
3614 5166
1567 8122
2171 3492
9422 5989
7561 5784
9754 9693
5912 8878
3312 4727
2588 8421
6194 2353
8634 3546
2337 2375
4955 5951
193 1889
3482 8124
1817 6359
8660 9575
1937 927
5019 5791
3049 486
3453 3851
5297 8011
3696 3354
4349 1360
6626 6438
2988 3470
3696 9011
2008 9581
8473 7156
9288 267
403 8848
6861 7395
7322 3559
4108 5036
2221 3721
9179 9890
3556 942
5481 1990
1054 2794
9697 5084
2335 613
5426 5109
5244 5763
8367 788
6754 6676
9282 8311
709 5759
8708 983
9264 6437
897 757
3859 8731
2902 5458
1081 3032
8095 8526
6752 4850
7467 7373
8458 8901
4482 7089
2324 8385
2114 2138
482 3473
1098 5651
2190 4198
6066 6675
3476 7894
474 4824
9959 9748
680 752
6517 4753
8064 5509
9761 4265
3422 5287
8194 2516
8860 1930
3649 2973
1199 3171
4280 1537
4303 1716
5298 610
1184 1506
3824 9993
8559 8883
2221 5344
4525 1990
4272 7517
6258 5072
3496 4757
9009 9224
665 9205
9228 2658
1920 6889
4919 7171
2286 6319
8148 7588
6803 515
311 9813
1157 1943
5227 4324
8189 5315
3515 4250
3723 6944
3389 9913
4140 9539
9009 3784
9766 3518
4043 4021
6089 4148
8601 3891
6539 354
1986 1895
7117 1668
1729 3191
8252 2367
8080 6044
4488 3034
7279 1467
1912 8858
5847 7323
2061 542
7739 4384
4223 7521
2217 9993
7836 3990
8398 4645
8910 7968
504 8842
941 2399
5254 5943
5802 8018
633 9600
8901 7596
3088 7165
2676 3364
2460 2238
12 289
2912 8631
7200 7914
3415 4021
5040 8251
8025 692
3678 7740
9911 2757
123 9952
4381 1739
4563 4939
7888 383
7572 7787
3522 8781
3796 4810
4092 5135
2065 3772
251 1891
4009 9934
5929 1471
6630 9480
6116 1522
7157 4818
5318 2185
8146 3752
6915 6518
7414 4747
242 2535
6381 4520
122 1914
3258 1507
7971 4815
2393 3551
3095 1923
3088 2504
2389 8601
619 1736
8532 4398
4839 9384
7977 552
7727 596
5815 2714
8441 6056
7222 4835
2133 8857
1677 5398
6278 2792
440 1662
4459 3952
8187 9563
6227 8113
4904 9554
1001 6597
9251 1952
6940 6246
3020 8282
9489 3779
6959 808
9550 9608
6698 1320
982 6498
8047 2473
312 917
8864 1155
8185 7558
4527 257
6364 7821
629 399
8093 1272
9721 4543
1922 5928
1611 1545
351 10
9833 217
547 5621
6166 1955
1512 7330
6309 2613
7208 1436
7896 6852
3437 4324
6854 3138
3548 5920
7068 4873
5478 8694
1847 4271
6656 8897
4527 1201
7985 6420
5658 3175
6333 6942
6481 3938
1762 656
8982 9555
3366 9297
8816 8865
3330 7014
379 7143
6209 7543
8781 9965
409 3876
9183 494
7855 4455
7513 5621
6419 4883
71 1811
7174 7849
8382 3238
9640 2012
3456 7577
7404 5052
9494 6933
4828 7138
8716 5510
2565 4167
1867 2388
2968 4178
8086 2591
9531 5521
3027 7448
1065 4240
9183 3823
4930 6903
3683 3547
7978 4692
729 2496
625 5793
5669 8968
199 1541
6224 8774
5316 866
6616 7238
5614 1734
2383 5731
2505 4254
1470 3194
1037 3504
4048 385
9272 3969
2924 5305
9952 1857
2684 9975
3126 1917
6173 6654
6584 916
7423 3664
2815 4228
4273 9190
1970 2751
5167 945
5938 7644
1063 1120
785 4128
146 8579
4293 7104
1055 7037
3538 7111
3633 8761
531 6764
4218 8932
3193 7097
3624 3593
5700 4507
9683 6782
273 7179
9440 2128
2316 497
8436 5382
8158 8734
5154 9888
2071 5057
5853 4309
7823 1465
670 5698
8695 678
1075 6287
1264 7833
7014 8912
371 5337
9755 4412
3058 6789
2209 9932
4741 9486
5484 8243
8574 729
7069 8032
5722 1228
8528 7639
3810 8280
8379 7316
1850 37
4204 214
7253 558
2524 8189
128 6159
3653 8845
7215 8551
4727 859
4227 5112
4632 3041
5133 4031
7325 5476
6141 7948
9121 5243
5585 8309
9439 2719
4164 3827
8286 107
3955 385
3073 2038
6044 3348
5017 6252
6021 9099
4494 849
5342 3391
1178 6232
1890 9208
3580 2261
9515 5587
5008 4989
8150 86
7771 7282
2630 6867
2365 879
2553 2670
443 8445
7572 395
9984 6313
4384 7246
6006 8430
1969 101
6938 7025
3056 5409
7948 5161
9692 9769
6905 2486
5834 6659
1133 3271
3169 223
1315 6478
8471 1817
7134 3593
1039 2348
5925 2968
7946 9074
3936 5493
3010 3955
9641 4540
3015 8546
1882 4696
7684 3617
2760 9117
9911 7323
7137 7898
9784 185
458 6079
2108 4724
9541 7875
9509 5414
8023 9233
6809 7545
4679 6950
808 777
1732 7032
2147 2366
3548 7750
646 3766
8005 8289
6592 3916
5387 6782
7011 1110
8484 2432
4327 9794
8592 9546
6735 2466
761 2011
783 2064
5514 4053
2835 8121
9904 3978
7299 3705
8236 6343
2197 198
5475 437
7236 2586
9411 4282
8481 4703
5416 2665
9988 5561
6077 7609
627 315
8813 4476
2869 7488
64 4782
1382 7926
2892 64
7204 4607
1010 3761
3477 3
1335 4664
7486 5709
1942 8171
111 2712
5500 7319
8135 1621
7873 6902
6434 5961
2513 5284
4203 5727
3568 781
5221 396
7517 4585
3227 6086
9799 1124
9064 6948
8644 3693
340 8537
1750 3101
8411 9990
8143 8096
8512 9048
6823 7905
8238 6126
7336 1852
610 4436
5216 3180
4877 6803
672 8716
7423 3260
9463 7735
8045 3044
2522 8413
9833 3185
967 8920
2027 1455
9390 5892
4217 4849
6180 1656
5856 1104
3860 5685
2756 1658
3198 8
9138 861
1377 2480
5647 1653
7669 8284
2891 6224
4457 2680
9065 4275
6374 5699
6358 5312
2431 2137
7178 7728
2389 4710
8882 915
3447 7464
131 6188
4402 2009
6475 5366
9713 6296
6825 5126
8791 995
2589 4607
5042 8209
2550 4934
1279 4850
2805 650
9978 8842
8942 4366
4634 6199
3195 5815
5034 7363
331 4110
7449 4516
8522 8113
8255 6085
1478 9715
5560 3738
9134 4938
2131 5485
9624 536
7508 2500
7666 9363
2960 5210
4392 438
4909 5821
76 4486
834 6043
5566 7612
7031 7956
2992 7456
8180 5305
4941 7806
5867 415
1922 1039
5959 767
7659 4075
581 5743
5744 3590
1214 4998
1110 5335
5051 7298
2695 5501
1757 1157
9298 2842
7057 4759
8159 7778
6016 7952
8119 4632
498 7708
4662 2026
2849 5088
7579 3418
7244 1128
4520 2397
7244 2432
492 1956
3726 1005
394 8773
3279 1122
260 671
786 5318
7454 3204
6281 1479
697 869
3613 1017
435 10
4534 352
5867 5294
9708 7607
6411 7660
1696 3845
6311 4800
2874 3456
4945 2988
2527 335
5817 359
9770 4368
2996 3712
4139 9728
2690 9333
9186 6214
7538 6731
1930 1003
970 5890
1521 3735
8612 8328
6329 7251
7729 9621
8742 4019
1550 5046
3496 9624
5937 2893
4945 8194
4948 2093
5101 3891
1920 365
5001 7870
6922 8652
7087 3394
3983 5029
6779 1479
1670 5945
2541 9670
5494 7190
4658 3130
2728 3085
3199 2085
5307 537
9104 3547
6037 4904
1226 4822
1354 2136
4095 1704
9871 8625
3223 5040
4324 6076
9453 2274
9294 3443
5090 3779
6770 4382
2369 2693
4475 6389
7908 8029
2933 2679
7974 3932
7345 9793
4318 7196
9840 8125
661 2011
3293 7996
7302 288
8646 1881
8599 3556
2762 8669
1205 4180
8785 720
3906 170
6330 9036
3117 1333
55 6206
6333 5278
7043 5679
9852 1669
6810 5844
3039 7192
23 6169
7270 1611
7650 3570
6838 1630
397 358
4251 5202
4388 9023
5136 6313
7705 2514
7342 9605
7407 1152
3562 159
1052 9662
7745 7072
3660 9044
9608 3706
6696 9817
9008 5393
9529 9036
6371 2455
8139 6201
4353 7645
9448 3038
2602 4911
5394 4374
3020 5326
3102 9403
1394 7149
1150 3466
9356 8527
7885 6531
9580 3936
8685 4834
324 923
4701 6410
6023 2093
6375 3666
4078 4499
2717 3983
4043 3754
5739 4585
6780 4573
9344 5173
9267 9253
6227 3858
5298 7440
3528 7304
3880 2917
391 5024
425 9347
6002 1717
5269 6852
3506 9154
9379 9222
3185 1947
1631 54
1941 2379
7732 2574
8751 836
4619 7589
662 7818
1265 4063
1772 8808
9242 7451
1141 3773
9144 4859
4073 13
4491 2350
9338 9993
1235 9188
9625 1835
8729 725
8819 7776
817 5905
3584 6825
2097 405
7994 4487
3329 3285
118 705
7664 2416
1138 1009
2615 6158
5916 3559
9541 6494
2012 5569
4900 6485
1128 1501
7708 6526
1473 2287
5247 3634
3389 6901
5448 7274
6781 1927
5093 5393
7288 343
4912 8872
4274 1453
1731 181
6109 8516
2768 9187
1671 990
3203 2145
3366 2926
1574 5900
1467 2182
7656 9591
5401 8082
4036 6288
6960 1808
7824 141
6666 6638
3751 1453
3606 4991
7550 2223
9162 8495
1351 540
9533 4767
8378 2903
3313 4554
1443 9510
8441 9768
2439 1934
2086 4686
6292 9454
9799 7639
5905 3559
7386 1563
3253 1856
9454 7383
9346 9722
2539 3576
2511 3161
3030 4906
8038 8509
5368 2346
433 1265
1028 2094
1091 4519
8234 6717
3286 8803
7839 230
8101 5052
6747 109
6014 1704
9544 2426
2003 264
3227 3251
8256 692
4298 2074
2397 4563
2096 6254
9501 3032
9012 6516
4190 5711
3844 3117
6715 6235
7492 3656
80 116
2862 446
2558 3419
520 428
5537 7010
1346 8134
4113 4337
2424 4131
6872 6072
9758 3961
1534 6719
9878 4626
8830 7099
5675 6172
5990 2874
4866 5323
1137 6940
807 1441
2994 745
2507 5185
3600 8962
954 356
5998 7681
8323 236
9118 6151
1037 3875
5027 1421
36 3021
9964 8337
61 8553
6401 741
7103 3335
8150 2937
2108 4313
7079 4623
5440 3755
4899 5354
247 3034
2901 8754
8343 2697
951 5400
9879 4320
589 1875
2224 4308
6255 8101
2896 5658
1696 4919
2352 5794
5559 2991
7977 2443
788 9177
7914 1197
6189 2021
6862 8702
8499 9416
4100 6468
8267 911
7759 3101
2140 3390
6578 1666
2297 8174
3863 7801
1527 4316
175 9373
4772 9626
5941 2584
9325 431
4701 8819
5504 8034
1755 2012
4634 123
4821 1401
433 7208
6081 96
5671 7392
4708 9463
6945 7002
1221 1251
3276 2060
6270 353
2247 9299
3321 7679
1703 554
2918 227
8846 134
356 719
613 6347
5289 4418
5942 6975
3191 4650
4977 6814
5701 7110
6510 4189
8006 8046
2841 4933
944 7037
77 3370
444 6330
2502 9346
3725 4145
5311 1291
8137 6610
8139 8574
8150 2460
581 2924
2288 9763
6229 6988
5144 2110
4204 8493
9046 9157
1723 6314
3857 9130
9627 9707
5281 588
2178 6271
2387 5910
9282 3333
2419 3629
168 6319
4778 8459
7671 5102
3798 1677
1392 5480
1016 8721
5554 6118
2253 7807
6519 1760
1324 9590
7850 7983
3699 9427
664 3160
4284 7710
8279 2758
4434 2190
5347 538
4093 2090
5639 6940
8725 1405
9555 2255
9074 1906
2391 2592
687 4666
6479 6864
1077 5957
2954 719
7370 6172
821 9687
1720 2812
7796 7588
4863 8432
6528 9553
9781 8408
2934 7446
7188 5854
7158 4183
8502 5648
6839 9985
5701 3522
3382 1848
4469 2127
8751 3438
8035 5336
8977 9225
847 6278
3565 1264
7437 2543
7569 3875
392 7455
2132 806
1638 9139
8392 3424
7598 2108
6703 9557
2506 1663
5336 2415
2839 1840
3252 2687
9480 472
7176 8182
5617 8466
4221 98
9134 635
9181 6614
7055 8809
9385 3176
3237 4481
9116 1517
1946 1921
5973 9460
5523 6568
7823 88
9374 9021
6802 8468
7122 1138
4920 3904
9398 5554
2504 9607
5610 9967
4444 709
5392 3524
3997 333
6362 8235
2709 9739
6627 7277
6900 595
6543 9917
8001 7357
4974 3267
2334 8737
567 31
1574 4979
9958 1931
8571 2680
5451 5745
1799 1344
4692 3797
7431 7165
8607 8241
8739 7863
3126 6475
5194 4080
3740 969
7075 1180
3767 1215
4069 2896
4962 1505
830 6827
9474 1547
3133 1713
9127 5186
4193 5985
1407 3222
6688 5516
8533 3937
9961 1217
8339 3934
4128 3217
9631 6998
2728 5266
1255 4326
7723 8128
3904 1013
8950 6500
7192 2954
5010 9871
9673 9682
6043 1015
2099 8425
381 159
8718 7204
1344 896
8162 9043
7917 426
8003 1251
1031 2278
7517 6635
1637 8237
1922 502
5654 2144
7628 2939
3323 4307
4829 6279
8282 2533
1730 18
8035 3361
1623 1229
7328 2804
3929 2130
5512 2851
8436 2284
9624 8057
307 30
4275 2921
4606 9191
3074 3850
4417 6086
9518 2622
6207 5655
7837 4140
1318 1323
9122 36
2023 1581
6320 2127
5021 6352
3484 2678
5946 7943
5255 6006
3020 4883
1714 1543
2251 2977
3014 753
6193 5857
184 556
9651 2546
170 2313
8476 1929
6915 9750
3881 751
4752 8168
8058 9482
2505 1269
5724 2232
4756 748
703 5144
5198 5013
4758 6558
5033 6978
8119 5937
2119 4344
7069 47
2533 5842
7118 5953
1962 5006
299 9858
8723 2292
413 1283
2822 9229
1404 3230
9788 3348
170 8841
7022 8110
8408 93
8107 8005
2173 7436
6654 1653
2186 8320
7392 9325
4891 6775
9302 3640
5050 3647
6221 9474
3094 1227
7041 6393
3556 6300
1121 2729
9233 1473
768 9040
5581 3753
7131 4573
9730 1752
5762 1807
4009 9112
8362 5416
8544 1316
9568 6002
6809 2667
5292 7339
4980 3663
6238 6333
636 3610
1142 9371
6509 3868
80 8634
3592 5072
7335 1560
9053 8859
5016 4480
8737 2701
5592 3362
1192 6741
9527 7500
6776 1912
5616 6523
1040 8617
7187 6337
5463 2986
8193 4951
7091 8217
263 7997
4439 7337
52 3432
7259 3956
6712 7319
3262 9981
4257 6906
976 8912
4627 3749
9362 4788
6754 5802
5463 3409
4939 4977
6558 2578
4720 8183
6849 4251
9968 501
4151 3843
8714 8678
4758 146
5965 1566
5859 6604
3107 4454
9044 9750
1501 1850
4107 9713
7 2928
9194 1458
288 4297
1644 2984
1269 7203
6188 882
2284 10
9152 7888
1599 5008
7750 1
5104 6092
2979 3236
650 4174
3081 4134
3884 2444
229 9147
7169 5348
4260 1062
4352 6629
4977 922
7395 5892
7370 968
8024 2132
917 8727
1328 7241
3560 7128
1265 5438
5223 2644
9440 5883
3988 1804
1 7920
9215 5080
9502 3100
4319 4550
3469 6907
1500 617
4593 7126
9109 6889
3215 1852
4105 9772
9089 4241
8032 1856
8920 7952
6975 8876
1897 3780
3862 1685
6529 4856
4539 3815
9594 7546
3366 4754
4234 1114
5250 9011
5884 2511
2881 2295
9762 2142
8624 3281
4321 6456
7038 4190
3714 7350
1212 130
6820 9362
7371 1207
5304 1614
2670 9281
5407 8701
6104 1760
3091 3299
2103 5145
5832 258
3695 2672
4114 9072
7199 1322
1465 4010
7115 292
619 5273
6171 8038
9001 6495
2589 180
3520 7244
9534 9481
3018 5895
1754 9708
4692 3060
5930 3205
3258 8980
3634 7105
6511 954
2062 3860
8847 902
9355 835
3277 8921
9086 3809
6766 5744
8941 2430
1006 2413
4577 3715
3202 2995
3429 5365
3399 1662
9831 1247
2992 1999
3653 6500
2389 6309
1945 8652
1647 6893
6517 9486
5377 360
8930 578
4916 8048
1827 2285
9196 536
8718 6366
2424 2599
2066 1453
5297 4917
8348 5429
4498 4489
6338 4571
5178 8242
3959 5247
7307 1426
9475 9209
4402 2239
1464 7699
150 6400
6635 8198
6995 5722
9916 8616
7802 1186
9111 9213
3365 6293
8210 374
7370 1677
4204 7266
6352 9816
5130 2537
7364 4724
2284 5595
7490 9531
7732 8435
1557 3293
3408 8798
3725 5774
6751 9671
2008 6923
6212 7290
154 2563
6586 3731
5532 128
6481 2832
5404 3145
3130 9805
3635 6042
9636 7460
1429 4663
1383 691
5720 1897
5548 3744
5116 3804
7920 8567
189 9382
5972 9197
7934 2849
9320 8682
1430 5856
4652 7703
2368 4155
3668 1404
8754 5618
8432 3749
172 3326
910 7490
9909 2522
872 9374
1850 5096
2403 8270
2171 6524
2175 5700
4063 7479
7537 3965
4037 7059
6788 1724
5427 4345
1819 99
7607 7950
4499 9563
4913 4207
8105 3361
8778 3625
6104 8643
2384 9347
4745 661
1406 7310
3290 9447
292 5879
5420 5153
4310 4174
9574 8440
3596 3524
5790 436
4947 1285
8795 1047
329 8651
7374 9270
6245 8024
3024 6897
5052 3017
2083 2415
8442 8308
9185 5673
3256 4304
9846 4245
5414 720
9604 7674
758 5323
1566 3628
5175 4582
3765 8231
8939 5293
7579 5200
2279 4154
374 2448
1964 7978
3177 717
1293 9070
8552 8466
3364 9332
2258 6821
421 445
7534 4286
7531 4609
5682 9240
9708 6065
4131 6675
4858 9422
1624 3221
6690 3808
1827 1040
7754 8313
9839 6848
179 8436
3704 1807
1185 7867
3996 5903
566 2089
4333 1245
6745 3739
9854 7695
9134 8112
4216 8051
7213 7901
2030 158
4693 8029
2276 21
3476 9013
1069 7948
3650 1017
4759 6560
7788 3287
6863 3491
2013 1270
6497 2274
6343 9712
5701 1832
6509 3878
2149 1858
5231 1618
810 506
2507 8173
7103 9407
5621 3845
4906 7178
3490 5623
6057 8901
3501 448
9393 4743
4668 4340
2522 2128
4400 9704
6406 8237
3849 6201
5780 8622
3230 3383
3926 8197
4496 2898
5408 3664
9337 5407
4014 8112
8767 9454
1546 8614
3767 2845
3599 6308
2745 9998
2609 7487
5243 3162
2528 1653
2874 7271
7163 3486
3719 8942
7856 9553
7694 428
540 6084
2061 9968
1186 6556
1687 1073
9143 1923
6477 3618
1238 3832
2062 8432
5810 9301
2604 8745
5306 10000
7139 4290
4313 2931
730 6510
6376 206
7164 3942
7344 3593
8012 5760
2298 3338
9394 7274
9160 7625
3224 7810
5392 4742
8131 1633
3702 7094
4973 8265
7570 9792
7166 2444
7946 1200
6404 8896
926 4719
7869 2817
4372 6530
985 4449
9626 345
4404 8330
615 4775
222 7318
8829 9982
4255 6550
9586 6917
1629 1457
5233 9146
7765 2463
8717 7351
970 9102
7074 149
1561 706
1039 1962
7891 8671
8849 5742
9843 2718
3686 8387
4088 5069
9465 4757
1533 983
2613 7901
6806 9815
1981 6312
9515 3922
2734 8198
7821 7831
6584 7190
4448 6695
8499 2426
9813 5697
231 2549
6240 9290
2030 3141
4136 8068
4898 435
9362 1771
4732 927
6037 5898
8151 1789
766 9809
5972 8947
9932 2056
8538 3470
7603 754
5682 9882
6319 8165
5191 2291
8349 8470
7490 806
2117 7666
2369 8841
9282 3336
7215 3188
7750 5145
6654 2700
7879 8448
8356 7011
2112 1245
1993 2956
7582 2298
8513 6022
3144 4767
8392 6554
659 6341
7657 8878
2223 6142
8474 8835
957 4734
1774 9784
667 6788
9156 725
5480 5959
3543 1581
9691 3977
8091 5197
2120 752
6670 2054
9040 879
719 8942
8262 9767
2350 4750
7821 6982
28 8502
2140 5569
4916 7533
1382 8860
9980 152
75 9288
3167 9404
9972 7202
4039 1379
6785 7583
1388 8457
5631 435
8205 9054
3179 8541
6358 581
8050 6820
6216 9663
3747 8606
9523 6259
1642 9468
398 5427
9006 4566
3767 7873
6354 5705
8709 9329
1269 5030
1805 1311
941 2830
5976 8003
5158 6082
3670 7598
6990 7772
1807 339
1689 5957
3084 8408
852 9012
529 9446
2445 9796
9340 4756
9331 2273
8691 9361
2947 4829
5597 1853
7397 3644
3386 9788
6919 667
202 458
1179 4790
5452 7811
9852 1239
7839 4153
7797 3965
7492 2014
3411 3892
3760 7016
3045 1644
1991 9841
9636 4129
3262 2163
5949 6785
6053 2162
3905 4472
8380 7262
7450 3626
7921 3491
2224 4527
3269 8380
1731 518
4297 1875
1416 9883
1568 948
3252 7760
8693 8879
9606 3741
4999 2622
4121 3381
4167 9658
7628 7007
693 3702
1616 8588
543 3813
3479 5418
5984 8282
5009 4116
6468 9473
9333 4776
8900 1986
7385 4452
794 460
6816 4831
4264 869
2268 9053
9637 6316
5639 3967
7171 3049
5741 4688
482 9382
548 5624
5263 7819
5072 8614
6590 5632
2847 146
9758 4865
1868 5887
4845 930
6638 2288
6299 6337
2302 8031
8273 1084
2091 3138
4808 5070
6694 3219
9873 6778
4778 7835
7794 418
2993 5572
637 4331
3324 531
6337 7568
7057 8894
6857 7489
3278 6067
9362 5580
799 7020
2202 9158
6261 9051
6079 3446
9761 3741
772 6566
9859 9461
2036 8367
6023 227
5586 9560
8791 6625
631 1131
131 8939
5496 4640
9242 8882
6678 8644
8023 1459
224 3712
8460 1181
2572 5613
2466 955
8896 9399
9447 3382
4616 1070
93 5526
6811 8521
1976 2298
2592 9574
9489 6514
3110 1473
9964 6481
7674 6874
8602 4484
4195 1375
7690 1613
2246 1937
1935 8144
5797 6244
9658 6077
5706 3752
1877 7449
2427 6834
9473 7285
1365 1474
4866 8223
8458 2693
633 6162
568 9637
4339 8451
6012 3209
4528 8066
5412 9755
6600 6046
326 6011
4286 4795
1598 7291
4533 693
2079 1544
8101 6597
670 6771
6744 7992
6520 5539
2600 3319
4825 8642
5058 8943
1763 5900
501 6930
1457 3300
1394 7361
8811 851
7498 9794
1259 3329
5306 6432
7781 9076
2609 6624
260 7373
4602 3415
4754 3022
4456 5309
5359 3668
3400 3897
8372 8703
7403 6694
7859 36
7004 782
483 281
1739 6407
591 8734
8991 1060
1057 6895
4062 3771
2630 5038
667 5498
287 8414
5285 1284
9056 5
4775 5200
9636 4423
4462 1976
3576 9402
4417 2608
1073 6148
8922 6520
3854 7435
9579 2557
7586 8358
8583 1934
9804 1869
6277 2317
6599 2509
5512 3312
1041 1656
1991 360
4615 3788
8556 5282
5690 3927
2327 2130
1134 3096
1415 1750
6435 5703
830 2391
9417 7919
9017 2944
9478 1523
423 2555
490 2193
3601 4170
1032 7622
146 5332
1301 4125
9005 4224
1948 3000
3613 6238
4523 2407
3180 6524
1564 2842
9798 127
514 359
1740 7609
7826 7561
7616 1137
9571 8263
8594 5909
6581 2986
1748 8825
616 8113
4038 9066
7339 9053
18 7879
2979 4009
5962 1024
7023 235
8583 910
7685 2808
8405 6862
1149 9915
7820 1397
8428 7883
4694 6547
1766 6604
4980 5346
8265 4016
4485 996
9484 2093
2809 3541
5048 6103
4641 8855
7607 726
4451 5654
793 2530
3687 7170
9722 7538
6754 457
5803 5401
1544 7501
9686 2414
3845 3870
4019 4264
420 8604
7154 2006
8342 3387
3123 9632
3116 3300
9546 1188
1087 28
4769 2643
1397 8566
8736 2240
1054 7654
6840 3895
7427 9091
7000 5494
8883 8942
5748 4343
3544 6510
7361 1479
4832 9126
1311 7306
4601 1206
7955 9737
6430 5285
1239 5204
4490 4837
5714 8206
7124 604
5709 3482
3013 1248
6692 7182
1876 8076
3737 2509
479 3244
6145 2394
8525 6321
6313 4041
6067 4689
6563 5455
4291 8733
8814 7447
3416 4749
7782 2238
2406 6447
675 9630
7144 1433
4006 5976
4067 7228
209 6302
5520 5465
5169 2222
6324 4981
1262 3877
6982 4256
1974 9551
5203 2768
3608 6508
7953 1308
2501 8358
1943 692
7546 4560
2855 7075
3118 7348
479 9316
9912 4746
6431 942
5697 8226
8395 4700
5266 7396
1916 6929
4367 4542
8487 8166
6944 9259
9887 8891
2349 8923
2964 9267
1635 7958
1209 9847
3513 1286
9700 4220
3844 4343
1321 1344
8832 8891
6702 1321
4951 5081
353 148
3185 5803
9043 1727
644 444
8826 2641
9957 2411
1526 2348
9049 5542
173 338
1534 5542
1999 5100
1679 4687
7753 2019
2421 5807
7719 7227
6652 7376
5007 787
8194 3377
5860 7878
9605 1106
643 6208
3254 6168
9795 3241
7788 6910
6476 3388
7676 4906
4860 1471
3743 4128
8878 2537
5273 25
6077 7194
9890 4650
1628 8350
8765 427
884 9871
8872 5024
37 669
4954 4106
5919 8419
1451 1782
2077 5373
845 7436
7001 9529
8136 5633
3945 2539
449 9638
1324 5584
715 4597
9289 7637
2696 2438
6954 3758
7860 9843
8698 5864
8787 4457
9145 8590
9740 9219
1383 6172
6835 6718
8100 1774
8414 8251
8522 5089
5758 7448
2730 3333
499 3738
8633 8544
6176 9034
2065 7113
7336 4150
8438 9760
1453 1110
2475 5494
4389 9282
8502 2766
9621 5754
7374 6788
9691 6669
6941 7965
5525 9097
3425 3599
3131 4101
8556 4147
3346 723
2878 9148
36 7721
7540 4577
1760 9889
9359 1019
2681 9307
3277 4082
2367 8482
1520 6030
669 2679
6202 6549
887 8956
750 7040
9183 8650
9348 6263
401 7717
5058 3288
9413 9115
5092 6319
536 7316
9646 9496
1950 4548
6880 2271
3042 6325
7628 7702
3128 9013
3546 6615
2586 1150
9322 3606
5107 9437
501 7270
8674 6377
7253 8390
8776 5818
1071 426
3724 9531
5081 5910
9292 2569
9859 2523
3448 9343
504 8396
3003 2696
8267 6733
5273 1649
6960 7286
8349 4581
522 3646
9010 587
2060 6202
9261 5583
4356 3979
9364 4358
1308 1861
9679 1327
2752 9927
6194 1677
8944 8277
7945 7873
3309 8358
7683 1335
1874 1132
4741 3396
3824 7196
747 3488
3186 9118
5242 8572
7022 1459
8794 6620
8579 7044
5425 3871
5413 6996
1805 118
7487 457
1671 6196
1343 2221
8253 48
6102 6112
989 1076
7003 9474
1981 3527
1432 1069
197 3133
8024 9874
97 6546
1564 5963
9442 4039
5094 8576
9028 8909
2844 420
3251 2642
8558 1016
4817 3618
9715 5666
997 4136
7528 1715
2199 9452
6733 4191
947 7403
8285 1888
517 5061
6409 3172
6285 4569
8014 8609
5938 9995
2286 9665
592 7552
4762 5246
5630 5932
1821 3830
2919 8234
8380 8779
6076 1066
1472 7197
4058 416
9077 6418
2651 4832
7900 2984
6541 5979
3489 2600
5961 9346
3749 2175
8687 8551
8191 134
2349 1300
4342 88
8447 2692
4577 486
8948 1238
8369 7425
8337 1662
4817 4881
9344 7663
4270 7573
8240 99
925 1476
5177 5863
4940 225
9073 4791
413 3702
6859 6371
9150 6432
7851 6105
7580 5327
5752 6536
8343 2862
8315 6472
7972 6623
8350 4075
3512 8451
559 9241
2799 3704
525 7845
9640 4259
6683 4838
6568 5863
3032 1934
6817 8020
5812 8731
4589 3352
3675 5402
5193 4186
8269 2848
9444 7368
8989 4606
7746 3294
7571 9700
2873 7415
7531 7070
1514 7572
1099 7302
7176 5172
1367 3668
3224 3751
9263 6511
8785 1253
4552 604
5199 8711
6180 6595
9598 4343
2781 9551
6111 420
2345 8679
9193 3924
6296 4712
514 4011
8467 5451
1726 3420
3006 7057
9593 9399
3927 6473
651 9663
8385 562
5989 254
153 6625
4112 6752
602 8206
4736 8198
8571 8219
7524 317
2093 6726
1751 1761
5767 1075
8346 9365
8452 3894
9495 1651
6310 8781
9248 1211
9063 6694
2328 8241
8646 5156
3094 7829
4856 1093
3666 3246
7102 9811
870 9829
3761 1990
9752 155
862 4037
7536 7955
4956 3257
4243 5684
8315 385
9973 8504
6537 3074
2234 5106
3637 9799
2439 388
3502 5215
2712 6042
1124 5428
995 3732
7980 8835
269 7524
9052 4724
516 9831
7936 9080
5344 2128
1622 5962
1564 6535
2787 7023
5986 3407
3347 3233
7465 2414
4364 4952
4254 7310
1412 5401
9752 6198
4525 4203
2198 7336
8307 3408
2699 7845
6252 2689
3094 3126
9667 2856
6258 8142
8979 9216
9464 3177
7832 5341
627 7727
620 187
6454 2749
9818 5202
771 889
6138 6206
2455 8281
2521 6182
718 446
3707 2750
9821 2066
2822 1600
505 59
2471 4308
5108 8155
2372 545
713 3851
8086 1161
1861 8021
3904 8005
3478 5817
1362 60
3397 1253
2743 9203
6538 1114
7750 1035
5780 4194
5432 946
5480 7775
6636 2900
4573 9492
795 2946
6657 3522
7831 6186
537 8600
1606 3238
8194 5562
9276 1490
7938 6396
9725 6671
609 5856
4396 475
7280 5282
1153 3223
8813 5426
3966 7560
9344 7642
4371 3950
1361 614
5510 7573
6684 2865
9227 3678
7917 1404
9468 5577
4130 7529
2808 2293
9450 1232
1235 5901
853 6963
4233 3048
7616 9476
6299 1643
1370 3901
8495 2165
285 877
4662 8788
1419 305
3872 9534
9984 7143
3724 5081
5472 2439
3516 7846
9300 155
1454 965
9462 7007
4370 7084
3767 2280
1818 7957
2118 708
6035 637
63 6055
8960 4257
661 3153
8814 2760
8255 6892
5764 5833
4424 6111
8485 9042
7418 4224
5186 4046
7932 2971
354 1409
1747 9534
500 6752
4416 2113
2716 1073
5943 2968
1482 7585
3580 8492
1576 8649
9054 4533
7093 7605
2948 7386
8150 6159
1030 9261
3064 4008
4934 5785
6864 6825
9586 490
5528 5137
4194 4799
8572 8813
7854 7513
3983 4053
7631 3608
9945 6131
7613 877
8864 5144
5862 1388
2115 7105
4186 8062
945 2553
6034 7691
1112 1500
979 21
5058 3808
8549 3770
2384 8867
8747 4922
5543 1054
1327 6498
5449 4670
7069 364
6862 80
8913 7127
8045 9068
7378 459
2536 579
7900 6212
6929 7477
3568 8721
3995 9497
3183 5904
3862 8187
1720 3004
5135 9896
3853 1294
1760 8691
1639 2212
7608 1950
4315 8524
9953 8569
29 778
5238 301
7631 971
746 5963
1734 6965
7904 77
6762 3582
1692 2897
9459 6347
8269 4865
2069 2460
3590 9769
9430 6810
5058 609
4383 8966
169 3533
4145 9740
6191 7657
6212 9805
3621 3462
6133 6550
1606 8284
3337 9888
1004 4496
87 1880
3992 4336
2197 611
4935 7077
6620 6726
3689 5384
6954 6344
7509 6074
558 8412
7965 8732
5600 8828
1561 3229
2145 7878
6238 4881
6857 8428
9413 3970
4654 3207
1064 2558
1596 6539
3618 9038
4144 8017
9777 4170
2831 6867
5623 8779
3100 2845
3388 6341
3764 7294
1916 1194
1290 8714
2610 4128
6048 9735
2652 2485
5287 2882
9010 6332
4210 7342
1046 5508
9348 5408
4876 2723
1861 6600
7505 7265
6839 5015
2506 2490
9837 7962
2406 1152
8520 1201
7195 1590
2209 3415
7231 4004
1691 7867
6222 2854
6462 7391
2276 2490
3213 4914
5826 2187
6221 7972
4122 5532
3560 1332
6461 9067
9308 1559
5423 8047
2487 7550
6001 5522
2902 5013
5396 5800
6707 5279
1960 1644
5245 5668
130 1472
8689 4514
877 4910
536 2289
4477 6015
4545 7488
2764 8713
9449 8030
4760 3987
1899 7040
9831 8986
2147 126
6824 9781
9149 8637
6893 682
7539 8146
9604 2835
7441 5801
5409 7155
2743 2481
5524 5479
1136 5264
690 2687
5162 6165
3378 1358
6363 7386
9247 3736
419 7122
4031 733
1867 3640
8756 4730
8489 3975
9051 2375
6188 3543
2423 7559
2749 7018
6268 4962
3500 8330
6751 916
2733 9272
4750 4693
4684 8933
4422 1874
6314 4744
4612 780
6801 8220
9319 5408
4963 7969
6476 4071
3032 3093
3418 919
6339 3745
2982 5148
6011 1934
9956 6566
7059 7715
936 6444
6478 2474
9211 7148
4723 4963
9921 8583
3107 2484
896 602
149 7587
1462 3593
7487 2626
5938 5036
8400 7262
8674 4548
5624 4499
3467 9080
6622 8874
4257 9614
3671 4922
2395 8457
4742 4579
2023 1826
3342 1739
2512 4978
5882 1483
1814 9818
1881 8610
2324 7271
2029 9615
8236 483
3636 1760
2001 8608
2189 6241
8340 9022
750 7475
4474 5434
4734 5186
6325 8876
7431 4535
6382 3563
5709 3132
5387 4495
7763 7529
3969 2692
3451 1465
5970 9006
5253 5256
3277 7249
4814 2608
1614 3212
4466 3493
9807 504
6735 8004
3271 4470
3601 2568
2146 2073
4238 4516
4415 1373
452 1585
7711 4466
6317 4775
8153 8363
1912 7737
6486 9172
2794 9706
5928 9350
7494 1961
7161 542
9205 2881
9140 8965
2222 6039
4572 1666
8186 9181
8701 9809
2674 7970
9705 6140
216 1172
7060 9728
8978 2417
4023 3162
9751 2387
2060 2862
2653 8693
1436 8655
99 7823
2134 493
4281 3444
7652 1930
3874 2070
2947 9538
4276 3988
2799 6557
1100 74
4069 718
1966 7575
6757 1841
6946 6985
1465 7722
3498 681
7261 1813
9926 6992
256 2125
8066 6087
351 2478
7548 7440
3135 7266
4471 3008
801 6521
6334 7500
3096 1139
2160 5683
8508 4971
4556 2016
6736 9470
6426 8252
8053 7254
962 688
7756 7159
810 6344
1498 1063
3184 2421
6044 6185
1920 6701
2561 7737
9978 3963
5767 6454
273 4132
5767 407
8359 1145
6539 9032
869 457
7288 274
789 7848
9894 7948
6975 9853
8277 4822
4885 9380
9721 2893
1755 3691
935 675
1477 9227
1520 7775
5889 6191
9345 8353
8476 7332
6133 7744
2761 1502
3495 7501
7485 5551
7325 9088
20 6940
8746 2463
6887 8344
7879 8888
1698 5865
7808 2948
565 9429
6116 7788
6283 9056
1645 4502
804 627
454 1537
9584 4130
2788 3238
8833 4468
145 4822
3151 9209
9734 6155
375 9119
7260 9936
1695 9699
3057 4021
4651 5280
8104 367
6799 489
3886 601
1501 2757
3936 8253
7873 2955
9650 2203
640 4960
7716 897
2819 2884
4988 2845
4230 8685
1679 4816
8496 563
6268 9958
8452 2566
8999 1564
2266 8293
3513 1153
3550 7728
371 4230
7406 6249
4182 4968
1491 5487
4608 6547
5013 4924
7549 881
7850 4367
6049 3850
9957 7676
7778 7339
4006 635
9494 7338
1078 8898
8257 7614
7597 7765
747 6774
3953 3353
31 8109
9034 266
6227 2115
3954 6999
6322 6514
1752 7320
5266 1843
2584 3321
9928 6198
7725 2544
4492 263
195 746
1103 8050
3821 719
8645 4553
1433 9069
5977 9737
9486 956
7529 4184
3918 5108
5137 2391
7487 4061
58 4927
8051 1041
8945 5276
5499 681
2981 9742
6609 5725
1936 1286
3566 7734
1967 1310
882 8334
843 251
1326 37
109 9584
543 5290
4452 3427
5511 3990
1040 4458
9305 4298
8500 5722
3465 5727
9473 4957
7346 5618
2649 1788
2409 5907
8366 6317
6181 707
4111 9681
405 2629
8847 5507
1210 7811
1121 6392
5078 570
5191 498
4894 3213
639 8311
2031 9799
8162 5369
1156 2524
8828 8302
3948 4166
5323 3377
7911 9120
8110 3553
2045 4762
8520 2294
9176 1838
1288 8987
4002 6301
798 8303
3955 5446
3372 4536
8335 6262
7062 5413
1591 5506
5979 4827
3837 7663
9689 7291
2357 1384
303 9310
8152 7577
6329 1234
745 108
7074 1576
5032 7913
8829 16
9806 958
4775 6118
8438 2730
1050 2084
3544 3783
2882 9245
1260 2490
4727 4892
1365 8
842 6926
6809 647
7902 2841
9433 4347
401 8977
1809 3149
910 614
7606 4026
2370 3575
1331 9144
2235 2667
6349 4744
6529 2199
2463 8273
971 4061
1692 2327
9868 1097
3397 1975
4256 3091
5657 3894
8902 9774
5711 720
4081 2047
5473 7180
377 701
2554 6660
9322 739
3789 7433
3648 6256
3697 3684
5128 2889
8220 9908
486 9956
8276 5020
9563 8955
4161 4270
3953 7023
226 966
6740 7423
4686 3096
9554 2212
2002 2656
8617 8050
331 8267
7368 1107
2159 8807
7898 990
2223 3342
2437 8683
1044 6995
2962 6852
1895 1864
2233 309
7473 3933
5642 9505
5163 5046
8224 5394
6322 3944
3325 6608
8782 9324
3564 5570
9979 3619
2636 3868
7259 380
8100 9798
9671 4505
6851 1509
1394 5377
8007 7258
6784 5282
2841 5259
9262 9660
9336 907
5410 1485
5114 7842
1314 1219
223 7
1799 2835
8089 1350
5238 6597
7358 7343
4342 7172
403 8439
128 557
4757 1010
9390 4399
7341 2096
4895 3563
1212 5895
8735 6367
2970 1712
1926 5668
8769 6494
6951 3757
3007 4986
4109 3086
827 435
5051 1635
8454 4344
8024 4866
6859 5145
8706 4182
4474 9603
7612 2069
1749 895
3809 556
4699 3360
6877 994
8623 5423
7396 2688
5828 1570
9326 9664
1075 7021
2766 9905
3297 528
4322 4835
5920 5145
1658 316
1069 6070
9201 705
7819 5333
3651 6801
1942 8818
4925 7897
5718 2372
1429 1599
7629 6530
7044 9380
8908 3524
4561 1382
5470 7809
5721 2406
9679 9099
2558 5454
5938 5801
6982 9582
3867 7666
1362 748
4813 8927
4939 6444
1750 6919
837 6263
8227 7549
1768 3835
1701 9786
5828 8461
5702 4531
4960 1230
4386 8424
5041 8689
4036 1708
8620 9968
4031 9580
7742 3343
556 7239
8669 3874
2990 2984
2502 8524
4542 3393
3252 9461
8188 335
6687 9744
4184 9529
8783 8760
7754 6462
9785 8510
2445 2996
9072 6688
7077 5600
1549 3482
7117 5048
8642 6764
99 6528
3232 2568
7789 4502
1902 8936
6534 9451
9582 9451
8335 3014
9187 3704
4442 7798
3337 8778
1385 7142
7040 3959
5070 4297
8325 2094
2480 2514
184 6664
671 6141
1365 6002
3493 5813
329 2803
7459 1687
3250 9255
5609 308
8421 5330
393 4257
2694 3029
135 3367
6332 7321
106 5580
5345 6941
9512 5650
3800 2745
9498 8113
5095 3060
5027 4478
6835 9575
2558 1066
924 700
773 8249
9970 9678
2887 1441
9074 5121
6586 4565
2840 2063
7743 2237
820 6610
682 2161
8478 2010
3543 4908
1981 8762
4222 9869
6226 4695
866 813
4507 9402
5763 2749
6085 2764
376 5290
418 5728
1145 3096
2813 28
5070 1183
7912 3836
64 4574
9261 8626
1297 8285
4533 1921
3470 3775
7620 4932
2518 8876
190 9596
3363 2340
1651 9599
2769 7778
5429 6560
2030 4871
8150 2037
536 4516
9834 3671
4269 4832
4542 1007
4030 5952
9023 7219
7829 6313
2630 8907
1532 6131
952 2277
3744 2072
5379 1742
6903 1226
6725 923
6924 9768
8416 7836
2631 2811
1643 3140
9112 3787
1052 5137
4074 627
2767 1249
1585 907
6647 4052
3534 4945
2959 1607
4317 3464
144 7957
1998 1071
3197 1940
6548 2703
5666 5300
1510 4665
5419 8363
911 942
606 909
2868 2070
5764 6225
748 5584
6122 6693
3492 9587
2917 9980
2072 2342
770 2261
211 618
6736 5709
8264 2701
1704 9991
6126 7522
877 8590
12 5137
8255 244
6514 4184
165 9687
4850 8557
8347 1033
4480 6262
2489 8875
5593 9028
9602 9156
6498 2949
6940 9337
8608 7785
8403 5679
8855 3276
1148 8096
2241 2572
8854 8747
3942 3640
1776 6420
1617 9336
9261 5002
2692 3621
2595 4803
7038 2688
8269 5171
8651 8532
263 3570
9658 1003
5676 8163
6173 6755
7945 6232
1605 2568
8686 3236
3031 4599
2987 9796
1385 4862
723 7699
7577 4389
9265 570
8779 2058
7765 5204
4352 1810
8824 331
6764 2073
2449 115
6128 7581
3763 3341
4222 6493
7218 2517
7726 6097
8061 2178
2171 3152
904 1730
9866 7498
8324 3624
4336 5284
4742 2520
1250 5613
2040 9318
4137 5045
2679 3807
3989 4372
8905 439
5053 3692
7661 9586
8572 2469
2862 3366
5619 9967
7992 3842
3240 301
3436 1816
9622 9330
467 7628
1013 7143
6423 5556
5060 2423
5661 416
8311 2197
6854 8304
4445 4845
6470 7800
1881 9001
4543 7259
4621 8851
355 6110
1504 2502
2123 3321
134 647
1875 7365
5297 6176
2619 9340
1351 5378
3996 701
1978 435
4827 2497
2010 3950
8714 628
1542 4339
6594 8285
3404 7427
5867 323
8783 5343
6657 2945
1648 7976
3078 7346
3431 3069
7405 5006
5418 8473
1209 319
1324 3746
1431 3241
4444 3241
7598 1929
3264 8729
6928 6233
9380 5081
2779 6169
5819 8235
6333 38
4609 9218
9501 5452
1802 4375
3529 5632
8309 5604
6081 4797
7130 7058
2256 833
536 8586
8653 2782
8567 7642
3419 5439
7327 653
8706 7761
3795 6147
1763 5529
5020 4921
4351 9451
3317 3450
7795 1417
4084 2308
3482 9389
9460 9537
2363 3109
8084 1434
3464 7391
2056 119
1984 9222
2238 2474
1677 8920
166 5695
2698 761
4118 7244
9671 4575
6747 6968
1868 5471
5404 3064
7066 9616
2633 4951
2231 4833
7428 3892
1429 6546
358 8795
4953 8713
5777 1193
8677 6972
1802 4145
4718 8571
5976 4585
312 8017
4470 6994
8403 5930
2034 8777
1680 4704
2410 6488
7233 2576
7260 7054
1346 7474
3070 6940
6095 740
3852 9863
6404 6930
6890 50
7366 3520
8692 6076
6117 2177
1762 557
1951 9526
2869 7195
8954 5514
9411 440
2781 6377
4091 9054
5909 7496
4779 4150
9357 8141
7588 6696
7217 76
195 7217
7601 8497
4816 6343
4042 2623
2689 4822
9145 6335
6636 412
1217 1127
2488 3785
7141 2503
7027 7304
6290 816
1921 8350
2141 9142
1183 9131
1394 1993
4666 5163
7517 1634
1560 8614
8658 4911
573 4361
3563 6851
1544 6059
5187 3575
714 4518
5732 5303
8756 2270
6719 9059
8306 5455
8018 8040
6056 7887
6509 5447
222 8118
7524 2088
7423 2212
5563 3920
2994 4503
4476 3481
1339 8988
8785 9251
217 1002
2568 183
1067 5393
6482 3015
1786 3094
5347 8662
7046 1403
4960 2663
7705 2853
9816 9821
8097 5113
5920 4351
6326 1656
120 1280
9266 8779
6435 1656
157 8232
9802 4805
4718 927
3056 1030
335 6072
1589 2184
6746 4704
8642 2724
7301 9075
7725 2797
4478 7578
5754 7242
8954 4487
2438 6449
800 6825
6682 971
5878 1654
5196 8179
9715 9105
4533 6439
8363 3209
1290 1306
8616 9010
1218 1405
3845 4782
1054 8608
9785 6381
229 4676
4520 9337
6142 2589
9088 7018
9213 5989
1961 5109
3789 6660
1070 5174
1447 6109
4720 8465
678 3337
3994 215
7550 1944
1093 2781
2574 8568
1741 1305
8588 247
9513 9687
8143 187
2970 7870
6561 3997
448 2186
7606 6740
6760 6095
6159 7173
8717 7784
8536 7715
5453 5800
2028 8572
9896 9592
9405 4667
7677 4102
118 9177
1720 2810
6096 1964
1547 9598
5415 1330
5374 9601
5052 3446
5828 374
8672 8158
735 3855
1329 9720
5793 5341
7945 3518
3410 6478
3091 9580
1156 4439
3088 3160
866 4555
6726 8955
4216 4612
280 9080
5271 2321
6646 9718
2436 2115
4230 1590
9052 6317
8191 4788
9912 3819
1395 2886
4303 5866
1457 4238
3747 8904
5760 5979
893 1764
7850 3474
372 3924
1181 7752
3584 2769
7848 259
7299 7703
316 708
3294 9424
7484 8871
5889 4469
8848 3124
447 9493
6834 1737
4808 4395
746 2429
1073 7016
5165 8261
9605 7429
1803 6801
3092 7131
9933 6216
8755 1707
3983 8977
2404 7498
2692 7883
1487 8155
2166 6669
1407 3673
9109 250
2880 6481
256 7871
8213 7810
3398 9880
6286 8901
7474 334
337 7742
4736 3736
6129 9647
6699 3553
6342 3700
9380 2541
6349 6546
6532 2493
6215 6501
9763 6506
6947 6233
5835 9408
876 4128
9881 3925
8961 3852
8838 6785
8955 7119
3722 4677
1861 1692
4754 9298
8706 1369
5624 6964
7083 1313
5398 8895
4740 2108
9083 2799
638 5157
8450 5371
5822 8906
8165 6050
4043 4977
469 7696
7060 9345
6090 3869
108 9595
544 6029
111 3230
9376 712
2534 5731
8889 8127
4138 8754
8594 379
7933 1577
4316 9526
9748 8219
5904 8602
3625 7878
7140 8014
5922 7973
3683 5160
4031 8245
6092 2643
465 2243
913 1455
3102 1746
4401 6737
8553 9542
6658 3936
412 6041
2796 1897
8688 8402
6535 5544
4365 7066
3315 5879
6466 1823
298 1745
3082 2068
3628 2238
803 6236
5580 6376
3891 5092
3224 8394
9229 3875
7239 9541
2093 5057
5748 3268
6375 3052
6503 4426
4999 1030
8457 7441
7269 2417
1639 4237
6889 7204
5663 7279
6532 9806
3978 9738
500 6801
8053 6168
75 7736
6274 2031
5149 7479
216 5948
7307 6332
8244 4112
3646 2069
9034 1403
6985 1705
6946 173
2869 6698
1352 7650
6293 1019
3490 5408
452 3138
3546 844
6394 500
5781 4936
9748 7049
8875 6035
8451 422
6454 7839
3379 6335
5606 4949
1881 5553
7672 7918
6323 5033
2631 5993
8308 1070
8977 122
5147 5705
3672 6966
1067 6297
7597 6925
4165 1353
8469 6552
9495 9108
1401 3661
5071 6398
1247 1201
350 1962
647 9936
8824 5256
3002 4524
4799 379
5052 9662
7096 6232
4161 4395
4379 8407
8484 5514
8623 9627
3156 4277
1911 1921
1228 5872
8448 4142
7014 402
4595 5538
7295 2426
3461 8725
4977 6867
2152 5574
4433 4864
3327 6845
152 9213
2133 2377
9470 4114
1919 9696
4227 2902
8253 2453
8251 552
444 9471
406 2685
6327 1278
916 4660
1980 4438
4702 4712
6163 3493
8876 5671
6068 2918
1190 7821
2554 1927
1864 7495
7385 3397
9945 8920
9639 6499
9336 7324
500 4441
9701 4028
4947 2599
1866 1236
2006 7027
9482 9074
2728 3510
2501 9506
127 5882
1130 2716
5590 1202
1239 9429
2226 8924
8625 8051
7357 1052
3849 8369
9410 7337
5063 2493
8499 8658
1907 1272
3949 4873
8458 2762
5280 1493
2071 6489
6629 8720
3901 9112
1729 8480
6424 5922
8998 113
3484 9837
549 8361
2845 8090
6317 1018
1610 8570
3884 4357
7988 8782
9713 1892
425 2044
8689 9243
6921 7168
6829 8988
7066 4985
2445 2466
3340 5994
5575 9509
8353 6450
5015 721
7926 9666
3273 6974
1353 4487
9763 2433
2904 5372
9999 9613
2250 6745
2732 8141
2655 7955
9445 7911
8218 7824
1105 2952
2030 8070
9348 870
5517 3350
1825 9159
3437 5333
4329 4567
4665 9185
390 7937
9868 4279
9329 8259
6156 6806
4662 5935
6703 9551
6078 8277
5868 6070
4166 220
6323 3607
4077 685
2824 3463
3341 7854
8692 4376
4517 9291
7007 8286
3442 8119
6970 607
7976 6339
1206 1428
7102 9036
9352 4360
2556 1658
8217 6001
6073 6560
9764 7528
4151 5211
2690 431
8403 4518
4176 3460
9402 829
1439 9861
5086 7
2008 9983
5453 5047
5258 7384
5574 8036
7529 2172
9516 4287
4633 4685
5375 2064
8095 4375
3307 409
3112 5756
1019 4091
1631 8558
1398 9725
6692 7074
58 5422
743 3514
6742 7922
3729 2554
6764 375
7948 1206
6186 1965
6843 3117
6122 6091
1630 5839
4704 1613
7557 4338
355 9311
817 3203
6336 4694
4257 809
767 709
7796 2698
7722 7036
2077 7533
9958 1384
408 6472
9260 7291
4579 228
5140 7155
4587 7969
1377 5805
5479 6052
1520 5664
6927 1861
1206 367
6091 3555
9652 8407
8140 2125
697 8150
9830 5985
3349 5174
7456 4708
427 5858
7555 4567
3523 1149
1044 3059
2589 2850
9175 3552
3478 5262
9436 9081
9086 134
2657 215
2275 2421
5720 5156
1694 258
8823 492
579 4916
4240 3977
6775 8989
2199 7229
8217 3373
5793 1516
21 197
7868 2986
168 4539
2570 8112
3255 9308
4884 2492
3903 4310
2946 7347
5771 3394
8175 7322
7872 5837
7553 5875
7870 2531
3114 5714
36 6168
9713 9224
8677 7195
3289 9406
6046 7272
4121 8956
3176 3257
6468 4710
1521 8008
2990 88
3739 9574
7768 8793
8883 5970
7528 2774
2613 1838
1373 4864
1296 1945
9716 7429
794 733
3513 9610
3272 5183
6976 9589
5941 3475
2936 1866
4586 694
2795 7781
1297 6978
3869 170
3922 3741
1009 6610
373 4344
1576 3803
