49 34
234 257
228 936
992 42
62 460
519 941
949 471
650 710
326 44
648 736
760 306
869 868
16 623
463 274
366 993
162 629
820 500
313 390
506 860
876 553
945 939
277 556
603 672
6 990
776 785
866 6
94 384
183 716
783 515
821 396
47 929
328 490
920 245
191 752
1000 214
547 115
332 819
611 313
495 7
59 445
107 379
615 183
798 732
861 867
748 467
530 122
813 980
756 633
86 458
807 512
326
47
813
86
107
328
900
783
821
945
228
603
519
328
645
107
94
277
807
313
603
920
326
147
798
6
163
328
326
869
812
813
326
463
