62 30
371 286
244 1979
669 722
337 971
506 1919
766 71
876 248
651 991
1651 664
1530 1656
956 1413
1286 948
1300 701
1474 1385
1644 1072
10 333
601 914
391 1550
1887 667
474 1315
1391 1831
1296 402
1986 922
1186 828
1557 273
864 1965
710 105
22 1222
1441 1270
1108 525
1875 1135
904 647
692 1062
1964 555
613 761
1199 1768
376 326
1619 634
302 201
1684 1558
800 715
1880 568
1718 929
652 607
1537 138
924 610
1493 624
33 938
422 847
670 1062
1984 1422
248 1769
145 1076
685 561
1063 1622
15 1607
588 1984
728 600
359 1375
213 1817
1281 1184
1946 1272
248
766
1946
46
669
1946
669
1619
800
601
15
213
337
302
1499
1108
474
852
651
385
864
213
1315
1163
22
145
1984
911
1718
1557
