235 230
-191303 -323212
-721220 996294
710201 -682263
-943583 883444
-378046 273400
470271 425490
697054 -892847
138223 -934990
543144 349644
246082 -615559
-615835 781074
-428632 814413
405190 361215
-294080 120076
-998692 -844017
467494 -591034
153829 -271871
-359273 -576835
614262 486193
-292892 949688
45080 -459793
-409485 443170
769399 -292779
-997501 -202192
-576076 -616694
302029 -852299
487356 -847299
-617867 451879
138808 -179346
-903639 -579241
154562 -868276
-787234 341697
-310521 -842622
-438494 70910
-609036 750108
-535245 -774691
78235 759046
-877800 -963399
850656 47901
-259095 -927701
227680 -8
-323900 737561
186247 -589179
224422 -633232
-299150 -148786
-212585 -209113
-213447 -852596
-924299 199193
204225 -748610
331430 -423234
303596 450508
-174219 299124
581406 729528
592793 458453
976445 458301
-731507 539753
192002 -838211
675648 894168
-934684 -435580
866288 -59826
-216232 930999
-718395 -664977
-611860 -15047
-47371 707209
733153 251257
476067 338010
892582 392764
-427302 -331584
-642011 -241513
-828578 548133
-746145 89072
15437 147658
-322700 -261628
993151 -727980
-884450 -835620
263054 216537
-516352 -620983
-439856 333693
-847768 364039
-830949 776028
141537 -561509
-652767 -759887
779877 -457467
-905037 -934733
961567 -667853
-124884 -839323
280150 562017
381997 349798
262741 -553118
-238998 438098
329703 93581
-715251 616963
213311 868472
899726 555098
57550 23038
163083 682821
-577000 207506
-22886 329056
-552010 -241004
397919 -628280
462168 -486139
359413 728098
260676 192665
-987275 -432529
670853 371998
-372597 -948217
-272245 -225521
833044 946740
798056 -393346
121713 872373
-406526 -801368
85432 -396213
328490 -161282
358576 -802269
-724518 813983
-435071 842791
-205585 -803542
975812 400386
-489150 137750
-765200 -837429
-809892 -648822
496798 526101
-605952 795403
-5335 -981217
230068 -208185
-103756 654524
511861 858300
451756 -417885
-824279 -448869
801841 541759
-298296 487970
-374152 840136
948713 -785420
792098 -114520
-122802 325754
-498808 -909822
-974538 425050
-451922 -570086
-389596 609361
111454 53970
771356 -170941
-615017 -840421
664646 873206
-303331 -885362
-672466 942040
696084 452486
469913 -592122
843476 -31201
462680 567901
613472 -860432
835682 19058
213699 -708985
-867981 -712704
24321 680519
121317 -99057
824659 -443573
-390132 511672
53124 -430197
370264 -349820
338930 -659208
-950182 192368
-654119 -389654
-851992 -417714
-148482 572395
670787 187535
-696092 -237386
977706 -896744
762868 414671
-167200 341441
-475615 -58659
-906014 250013
834072 -302596
747467 604726
-69059 -715436
221854 648558
27307 625289
857783 709737
-725201 -835359
366110 -43854
813789 -406530
-916413 -308239
974877 -31922
349541 -464224
-510677 -318005
135529 283507
-11108 -641679
-672297 -502028
500130 -869194
715458 -415705
818911 -38120
464611 -915402
-55928 347475
751321 566365
-800171 -499417
-358698 -768607
258690 325256
-459236 -434899
554767 -629604
-7036 -987842
622294 505568
828528 -596554
-813525 774532
-481210 183161
288572 -544591
275139 -798431
332485 -255412
-49122 -959893
-536124 -945539
-975503 170040
-74723 -760330
983780 791616
-143384 986856
-972166 -513364
409166 77312
680600 -41329
-276385 601456
-223553 -524893
466981 -312692
489925 398778
748725 -185268
577254 339384
-320417 597064
-528513 -816775
364387 -131842
-714040 261814
-595403 51376
-915299 126662
-122073 -666173
259096 -353904
-324052 233039
-449138 893222
-289237 894813
827009 407796
827755 -934522
-891074 202640
-577000
866288
-114675
798056
-721220
-372597
-324052
-358698
-605952
-33354
-439856
329703
675648
409166
-905037
370264
349541
-828578
-428632
835682
670853
-765200
577254
370264
-535245
467494
329703
230068
622294
462680
154562
-824279
302029
-696092
-765200
850656
213699
976445
381997
349541
-390132
331430
866288
798056
138223
57550
-830949
-167200
-22886
974877
-74723
-915299
675648
-55928
-310521
835682
227680
975812
328490
-536124
-409485
303596
762868
230068
748725
230068
500130
680600
680600
-427302
-731507
-915299
153829
813789
-323900
-998692
138808
664646
993151
801841
792098
329703
818911
850656
554767
-449138
260676
153829
622294
213311
-438494
948713
511861
-972166
-276385
-997501
983780
834072
85432
-672297
693008
275139
-934684
-718395
-212585
-765200
397919
258690
-216232
-49122
-435071
154562
111454
779877
-292892
976445
338930
138808
-950182
470271
-696092
27307
-934684
581406
983780
-824279
-167200
-516352
85432
45080
227680
464611
469913
-696092
543144
554767
280150
-731507
-47371
-143384
221854
835682
850656
-475615
-212585
-528513
577254
866288
-47371
-358698
670787
-646965
24321
500130
-975503
733153
-451922
779877
329703
834072
-595403
329703
366110
801841
-800171
259096
866288
-536124
263054
-310521
141537
-652767
543144
-143384
-190288
246082
-212585
-481210
833044
-867981
-409485
-55928
-609036
-516352
-324052
-449138
747467
138808
-481210
-74723
-272245
332485
-510677
801841
246082
275139
857783
-289237
664646
-409485
163083
-824279
-11108
-294080
762868
-552010
-891074
-294080
993151
-69059
-238998
-851992
-451922
-851992
487356
-212585
-238998
224422
-830949
487356
469913
329703
121317
-5335
835682
827009
163083
-322700
-987275
230068
