175 24
7818558 -63299
-6714846 4477193
3168742 9038977
6501310 3769634
118522 -4884909
-9980752 7132127
1408377 -70178
-6451220 5859678
9996575 -7665046
-1302171 -1039187
5872586 7323143
-1974267 -9615569
667494 -5586687
1387222 -3033529
-8791525 -557293
-8437426 3530859
-8449901 8872530
-946591 -4354717
-2687381 8945751
7931354 3848419
454349 -7785918
3407093 3523611
4931868 874935
-1385659 1690377
-4352594 5284882
-3890188 -9810109
4306669 -1732781
5194909 -2716816
-3278531 -5773613
-3210558 -5757706
-7271011 8661532
-9961398 -2075414
-5845571 -3059975
-7351792 8972165
6617238 7926750
-4723930 5924258
1809767 7753738
682587 8738284
-3873775 6703584
-161865 -3143652
3398865 -8345754
6989312 -4446635
-866796 3555817
7535890 -1249250
-7048849 7740607
5334786 -6261632
2223306 -349530
-4010796 1145806
-9010324 6999114
-1284358 276550
5987427 8571498
1297744 -8139820
4636558 1873266
7907999 8366676
9471644 6233044
4429252 4432122
-4334395 5278614
5807668 -2077745
4172007 -1927989
5235538 9336854
8050695 -5608347
-7754310 3157084
-6828605 -3369892
-18922 4091044
-3985526 -1675133
6960053 9603330
9204538 6656118
-7863312 -1438874
1194163 7651803
5441604 -8036946
-7994095 9509655
2455570 3286393
-7304722 -5770034
1580483 -3574796
8808411 -2016747
7444546 1608185
-7440435 9380847
-4156032 8228968
-4469035 283416
-7733832 1606950
-6725453 -6017783
3171375 3005257
-4121532 -4884124
8598882 -6785069
-8913728 8580181
5070042 -7155246
3614734 6212566
247925 3053727
8196616 -8645951
3499543 1591214
-240204 -2219259
-5052123 -6153647
1705871 1466992
6760270 1466292
1370343 -7273837
-7875729 2949655
7735777 -1909311
8506566 -4600637
-3339571 7768049
4346976 2640422
-9037652 8279878
4285545 8160069
-7840198 6736206
-9035191 -6487435
3280009 -197891
-3883235 5201841
-6609472 9399663
2642382 -8037388
1419908 9624210
2656021 4727610
9919466 -8573497
1711139 -5105747
-6878190 6059960
9907781 2003050
909838 3533076
4923988 -2475037
274488 1510280
-7343185 -9705820
-6132839 -1598757
-3625445 2196713
-4419908 -2805230
-1511592 438753
8999805 2189389
-1325699 4111184
-9288249 8420793
1443676 6380206
4582197 -4752833
-9538561 6832676
4475060 -5585192
-8249722 -8267023
-2319420 1926670
5351016 -1347162
5340336 -9307951
-3993441 -3582383
4591207 -6970171
9964987 3418780
-8096537 9566826
7529085 -2543080
3326840 1465360
-4763409 -5508760
-115446 2482705
9538994 270320
-414718 -2536967
-5522805 -4693403
-9168223 -2442176
-5392155 -1606507
4241643 233879
-667248 -7610534
-4575803 7792605
-6888731 1267742
4127376 -4947010
-6519006 6940477
5760906 -7658075
-314528 8089749
-992227 7859219
-869226 -7440163
-819733 2803005
3639285 9480205
903497 -460336
5354500 5842669
-4598587 3911186
3303205 3117387
-738510 1203557
-7887915 7574228
869687 -2165759
-7651771 -5737324
-7002272 3712150
6502046 -1840406
2186041 -1212879
-6583507 -4655160
8521671 -2365313
7323944 -5965696
8164237 -2481134
7949489 8137625
8645753 7309591
4591207
-3985526
5760906
4285545
2642382
5194909
1327205
-4156032
2770011
-869226
7529085
-1284358
-6132839
2186041
869687
4591207
4285545
2223306
1580483
6960053
5807668
-6583507
7444546
454349
