286 238
-52646933 35442933
20772092 -83127768
-17320520 42791256
79901290 33049694
96336369 -74402986
-84899410 6958959
-94280603 -63757764
41107642 81272146
-90985957 1766607
86103979 -60800199
-36863319 -77183735
-23369885 27446216
-37197774 23121455
79798877 -94037964
36834695 56562726
9599693 -90729048
-11131561 -1201115
17386148 65050513
2235177 -47864089
-94852193 3413282
-24969695 -95485368
-20858863 -91008537
-90231401 -82217665
8602652 98347323
-84771730 -49453127
32439721 -27092643
-17204927 -47463928
86523053 -59196447
47320715 72156120
-32350235 70087307
-60716125 -66630954
-23394285 97590810
-49047794 -68403335
6047780 24120494
-62905365 48655392
-39968970 24514317
-44637342 67489998
-22227404 -39777593
12079676 -60275783
8192426 -74575630
44257048 -36115039
9829528 31346968
18826295 60232268
-82892931 -57102179
-44081794 -90044532
99496964 14643016
31394264 83227604
51582622 -39896006
-83144239 -21976062
-92563670 8455202
-46501002 -95180827
-45397453 -99154716
1918844 26684434
75871 85473544
-86899942 72582635
-87555754 -67747847
-74765663 57814461
37661497 -52620445
-65393895 68003838
-32475900 -2729252
90246686 -33128575
-610136 83610967
-48673200 -31051205
-79980254 70775161
45490164 25190917
69334923 -4514141
-71891764 -87449054
-88261178 35889147
-75830706 -3285206
-11944449 49945564
57373546 -72407589
-89356335 -17464412
39270531 -1269281
-51137246 -84077153
-67371293 54299024
-62696743 45905247
74246235 -39648927
55177727 -93153550
-34936900 -51037896
46932241 -90392866
96515102 -90678983
-14617013 67084482
60922380 12645955
-63663121 -16322141
-52213355 77478973
39884995 28024585
6129305 -70950107
18116538 43207
89966442 -56105998
45336562 -89179231
-8247900 -45420285
-6112478 25483720
-42113471 -50740876
68802290 -58885725
-69889671 -74917478
86555340 7233871
-82622228 80787867
35423290 49391204
-64417476 -46279293
-49933286 84294624
63886414 59253844
-25726211 -64514280
-31685085 -37523483
-99384349 -85737242
-70773357 17191343
-83036590 39283575
6639428 1358830
80373794 -10544287
-82657537 -65120376
84622340 6237817
48182406 23452175
92304390 8769402
28058569 -60845538
2076925 57392975
43243275 12810585
-84472782 15952761
-21245535 -78504186
64713802 59315308
93041916 -73983621
-68583497 47953841
62640160 96980257
-29417482 -53809598
-2895919 -60046339
-91594626 87789516
-24502505 83069821
-51750586 -56934354
-73047300 -65528461
51197649 -34600284
-18518879 85002208
-22620060 67524144
74453540 41950961
85999598 -15138663
-4904641 69503689
-5817809 -70750412
-7914429 -40883424
96690164 -29509343
12759095 -37443679
62687610 -32858713
87214467 21341454
-76542301 83682549
-33549813 95446399
-54247798 -33951083
-27248929 83714608
34581761 44972189
61826339 78088629
22995276 93046441
-93122130 -88393601
-93933456 -67036878
26555987 70649743
-10751157 -57168730
-24345316 -79633120
74875869 24269223
39357488 -4413155
-80322776 -37263464
-89158514 83226987
-74949955 -3717162
-84862035 -68203911
-86401559 -4898312
-16258887 37212916
87836651 9818169
-61902664 7607239
-92226536 -26863833
-76092416 -54460166
34507474 -56979261
5946130 57648662
31570321 -70102088
-51096114 46381669
-78921766 73508985
-84543253 -41996282
87201238 -16541282
-25537314 74851144
35891654 -29796083
9406835 5666395
59484211 77149978
93786699 -82404172
-12060248 -27054116
89866727 -8872248
33905505 79799899
-92587941 3581500
10007399 -62399805
21438008 -21319914
51534616 -86286957
-20581468 -62236887
91751900 29777579
37337865 45599283
55551515 -72915759
73658887 -47800416
95281017 57615023
59980613 43958868
69443886 -22171095
65511074 92249638
-46901988 21392216
-65034324 5250770
-10938373 60221428
23621695 62898649
-34416036 -6455099
40452142 -14527060
8801785 -45637242
-60172743 97205780
-27858404 90654810
-20432807 -56184705
98922854 39815773
-96329416 -5326054
32480001 27405890
80715880 -54318545
4746165 -27795924
-91515847 20179832
-98163896 -77689082
19131395 53089309
-93295253 11656159
35487665 -91174914
-33583456 -21737773
68579934 16521111
93627320 5452837
11604662 -27951685
2595186 -96159853
-47152181 43651459
1085749 -192607
-37732086 70753320
-65278471 -92484382
86849430 51177973
64060940 -77932967
17086926 -914952
15376674 4008667
28473192 26166175
84567429 -5342312
51900001 81773009
46267183 16967263
-41294745 -83160297
78746064 -62520467
-75766669 -98076348
76569751 -43781919
55692429 51925048
-20468426 -97342113
-87782850 62046843
11763619 98025452
78480793 22603414
-83449478 -27908340
-34101407 -72044204
-20595576 75809421
-39763387 19248514
9142822 -1902025
-71544715 -60414704
69874088 -68944290
-6132128 -70530910
84069632 48323808
-70570043 56762162
18720374 -5852970
-266081 38937414
3749276 -13810894
78959441 -62208618
-3429520 75386527
70023685 78122339
-90880962 206719
34296845 29228592
-27717929 60263180
66945027 14496194
-70330300 -91164808
-81298227 -83600103
44460874 96351786
-88998801 82653196
-65575016 -16329610
-44621130 -77729546
42417152 79683538
-565250 -44133510
-10535405 -41210351
88889435 -3514637
-82786805 27734738
-97346474 -15534503
-55211582 -2378757
78935602 60068655
-38083255 78690175
24016107 -15777243
-28888208 40175102
25103417 -54685589
-7185737 -88933060
-43260472 -90926617
-63851458 66894606
97351535 63202638
12414566 -62345189
-16269990 57695104
-70562364 4739731
26678166 -1719500
53655323 52524135
21045485 77873836
-36166446 69686416
39357488
65511074
-70773357
-6112478
12414566
73658887
-14617013
-51137246
87201238
2595186
-91594626
-55211582
-28888208
-49047794
-87782850
-23394285
-82657537
80715880
32439721
69443886
12759095
-87782850
-24969695
68579934
37661497
-86401559
-23369885
88889435
-20595576
41107642
46932241
5946130
-46901988
-82622228
-34416036
53655323
-29417482
51534616
46932241
59980613
-32475900
-23394285
65511074
22995276
3749276
17086926
12414566
-38083255
-21245535
5946130
11763619
9406835
-20432807
66945027
36834695
98922854
-84472782
51197649
32480001
-97346474
-51137246
77620730
-565250
99496964
70023685
93041916
28473192
86555340
-81298227
32480001
-91594626
68579934
-25726211
45490164
62640160
-16269990
-16258887
17086926
-10751157
44257048
68579934
-14617013
-65575016
-49933286
34296845
6129305
74246235
55177727
87836651
-52213355
-49047794
24016107
12759095
-71891764
-5817809
84567429
40452142
66945027
-92587941
-266081
-84862035
32480001
-96329416
-36921272
87836651
1085749
-90231401
99496964
-5817809
1918844
8192426
66803250
-10751157
-24502505
-38083255
-91515847
-90880962
48182406
43243275
4746165
-90985957
-36166446
-92226536
-36863319
-46501002
5742739
11604662
78746064
8801785
69874088
86807006
-80322776
-71891764
69443886
-11131561
-38083255
-20468426
37959195
93786699
-8247900
62640160
6639428
-45397453
-266081
73218195
-84771730
-48673200
-92563670
-65278471
87214467
47320715
8602652
-79980254
34296845
-89158514
-65278471
80373794
-86401559
73658887
-89158514
86555340
86555340
-97346474
32834832
-62905365
92304390
-36863319
84567429
-84543253
-39968970
-38083255
-17320520
-37197774
-60716125
-24345316
-80322776
89966442
79798877
86056533
-63663121
-41294745
60922380
55551515
-20858863
24016107
-52213355
85999598
12759095
-18518879
-28888208
68802290
-49047794
-51096114
-40900779
78935602
1918844
-67371293
-62696743
26678166
-91515847
28473192
97351535
37661497
93786699
78935602
-96471811
-14617013
9406835
-3429520
-87782850
-27248929
-97346474
48182406
74453540
80715880
-65034324
-46501002
-48673200
63886414
-86899942
-96329416
-71891764
62640160
90246686
-20468426
92304390
87201238
-28888208
-90231401
66945027
-71891764
-610136
-44081794
98922854
51197649
39357488
74875869
-64417476
