356 519
-927910105 66973933
399294553 195888421
-194591595 349154481
650075815 718702114
631521774 851001232
657758604 135360032
72394604 388180628
-194835077 -758933038
205698020 -870284979
-978015366 340088866
-805250651 554371613
180364860 -324993856
-748395442 427160755
-845125674 97738689
-775473067 335297294
-274936264 283039361
-20450894 -931648349
-872685033 -569462668
-341528621 563064356
624240326 -857648909
-632032719 127112956
-953237807 11827282
-318763926 231810088
-980668348 -952467713
-462701246 399235195
352862629 716305529
563795096 644619413
851062927 730514417
-875864553 -801836399
180789073 -562602824
798130179 -82948197
-940875110 -185393619
-331068776 671992679
-24806334 -800416724
-681946602 630147180
-634496123 186438450
123626145 -182198364
-484189154 -40509332
363853734 -281438530
896313522 717646770
38686463 -868790615
-603238018 -388410618
-938185152 -54320597
668367479 537510651
-96091274 -441151965
-384790184 898669286
-401957706 732388975
474765062 -791020738
475733668 -252038939
-916328788 819905540
-111763749 523339353
-199188026 281588737
-678054360 777680091
-964143838 -936942384
-255422929 -533633215
22761856 -912612397
-900139547 344787424
-879714329 -102941446
-736607361 -576607001
-594527672 -295292463
-603303325 467916383
-483754033 -852497392
526811759 240162571
-827782346 74126225
600211526 -559552170
-233071677 -134554984
928244971 917644581
587250651 -871056976
295466880 -69198752
666788394 295825069
875468951 122663288
769093673 2874637
647389939 -747284091
-850040945 792863449
-831533571 805012513
-203838626 102089050
324462112 888106856
907349759 -940063278
914514904 57035189
-955270764 621705815
-930095790 329029009
-938331652 -919875903
-111889017 -474992873
269641203 817645528
-614007083 -475948374
370935777 -194107854
-880186700 -546681148
76078373 -232013797
-797656713 -179302965
836135749 556441523
-590645855 -251201278
-566564100 -114846549
-930988605 -233675651
-185383205 642404187
-224576028 -724073049
-978774404 73592752
-80832145 -128044860
528328449 367050104
-608239282 608912731
955192646 512516656
-349366975 -529658216
182089698 -474809189
332444615 -423468308
241401913 -74563219
859461683 913710146
688253642 -899352857
796260447 789161102
779215333 -458613494
728004088 -55648255
-249700091 -506806933
-618730540 92372813
-352450370 344837375
134047861 59104355
554721415 -468634276
112915026 33163768
-608684582 -443337931
-475496564 595470916
-473806502 -33444371
643836917 700116406
-110059515 964285956
614715594 -450983838
554353616 -748302155
836907507 453999177
-423703256 717534216
-551682396 477651171
147821439 321625440
634317308 -534860877
-455141337 -666597310
-287555363 -500312166
280049733 -558517086
926364979 -908063950
484204842 -865260567
-427366201 -652759539
-724816306 -525228037
893525024 317891762
148662828 345133586
697487139 -325481835
-410447405 -48278685
-775271760 552106544
618948291 -880072008
-672409085 509277193
-769331930 334005219
-919800646 621597498
-328638480 -709573059
-387398568 -808858208
-482253336 -902998380
781782409 890185777
-532356566 32582172
185084188 -428586985
883402577 -79050987
34660349 -597853707
552344045 129537358
-520213079 551855704
638612337 -802386109
-120556179 883987631
833909974 -496318067
-414295264 -913474387
-83849143 -531064643
936339685 -415908483
747555618 805405687
439511470 -518496968
762520539 -680259535
273672604 502832433
-959284740 -30523152
656100982 76394071
-113687418 498843740
88402899 -206923026
47688292 -460578019
-827579067 431762338
-100453926 -331022552
263748647 347038081
-397185476 -882994258
510623257 25447145
-829340254 175134696
-441747050 -21962868
402813076 839363520
363675955 -55607316
-672222928 169994739
-659342023 -842462227
73319541 -633093472
-553995907 818429623
-706462938 -957908653
373416392 -694162111
-897807843 -642322617
-67508242 -654452653
-673874662 670204827
840767954 670553734
574498913 -334330114
94191540 -879778643
653604340 -243444304
78494430 765233972
801378669 961343009
985778440 341917453
400165979 383233847
-494332185 77012713
-235819955 882522499
-972395897 998017672
-344386660 790744141
283451462 -891055042
118092455 -356561921
848651564 -232489666
-5417577 327954315
33178406 -86545698
218349720 792129287
19375491 -625467929
922811425 -446467071
-347875238 845347623
763668547 -239946679
458529500 830884004
170229179 -88126605
766465662 -588343660
994760739 -311546241
131726746 887546126
663363855 -939732214
-877673225 -748200458
-684507303 755603011
392109123 -160082009
-346588425 -459937420
506070217 -88492047
-182152189 814760665
775019608 344653544
-709449967 -891774491
432692627 -515724647
-590720842 -134163760
-767056093 373334231
-602054674 -176502885
-849843702 491555730
-685816798 -709298336
626945051 -278906737
-95637590 693493046
46248223 979231256
102122339 -728773475
741836962 508707726
-58066066 896872368
415056970 -595354882
834219189 -42892094
642190528 116861410
880790032 -649131079
-549392367 462005095
457610733 -733758574
-724005792 356369322
697345536 118898690
-22074870 249961900
229483503 100717600
-155483740 -87599622
789967645 614095765
-262843949 -17961600
390433223 -627421188
-443618711 -756101370
503037770 -478439117
-45140781 -406082499
722111543 714727652
130488476 -790551672
686619443 41742265
978809696 906088981
-252369162 723717150
993490254 685162280
-415029291 497043310
775335531 -867765307
-231883276 -777257479
-68161278 108176211
494121243 626079669
-692753792 127268545
-227188304 -903321221
-621437521 -967107514
140133125 -12223299
837082678 -203523464
-326393609 818635580
-937045370 771493963
-928336979 433678827
727997976 125704179
421927171 -629632379
389095924 -806519557
980696695 228465467
4366634 -454828759
11056721 -885807520
95068264 354593829
264828410 782508262
-835825544 -857558060
790954036 317303899
-766671866 -617210989
-944619050 -471289681
-959349495 -388164824
918670908 296744000
29432571 -474324645
-396818945 -519375673
-215096749 -573261611
-153924546 345409710
-632853752 657142415
-196777128 767743567
-878296945 -21037542
-982217908 -797614561
893243921 558623452
-661769261 339848240
489868455 -423149517
679674153 -374897997
-320485588 802205576
110571448 462640278
-633705729 212683314
310557599 499750321
412840129 -77654211
-656744091 571549700
56273800 -772598336
291130846 523422023
-543012222 -124274380
938532776 -625641543
-390731329 376650278
954672467 -203514789
-596311905 627170969
-783067013 -546569541
-627562567 -17717412
-354633361 -815329837
749464849 129273282
245762905 180951464
-558659417 -442798024
824770918 311232053
-48715252 691722004
487505281 -926739148
529444596 816272784
-32129572 571063786
-200135509 769075096
368058390 -861462225
-490921287 -907529303
779113957 258688641
-803227058 310990661
138326521 -706412531
613800522 262580706
870929182 -555689807
-441965580 -824549753
275207301 -232852182
-75096222 290591600
499560835 -143815604
-983871610 53927750
346673764 -691924593
-513455644 -496657212
-387660922 -185905248
640357940 -902902623
-211334827 -393766002
-345124547 754518390
-990116241 320925
258579679 248475123
-550953538 935461377
136076871 600593399
573404735 871794729
-590257147 860967334
-243706890 942254686
959353215 -85080228
77855582 -154213889
868352197 -878703
229627292 398890745
287804320 300531490
569524082 434191364
984279826 623991172
72355178 -415143216
872804083 790295479
562611373 -282797254
614715594
-543012222
-83849143
273672604
245762905
-415029291
-233071677
-113687418
-96091274
-550953538
88402899
-692753792
-211334827
559627752
625814137
779113957
-331068776
-849843702
-397185476
918670908
666788394
4366634
-410447405
506070217
-397185476
-423703256
959353215
19375491
-634496123
-880186700
-550953538
56273800
-602054674
-783067013
663363855
131726746
766465662
-879714329
241401913
-551682396
-349366975
489868455
-410447405
724187108
824770918
-153924546
72394604
263748647
-550953538
-182152189
-80832145
-549392367
868352197
-45140781
880790032
-978774404
790954036
-182152189
-805250651
368058390
-111889017
-875864553
-940875110
-661769261
-845125674
-930988605
775335531
-24806334
679674153
539664243
-45140781
291130846
-352450370
-349366975
552344045
-827579067
400165979
-443618711
542519328
984279826
-211334827
-387660922
-661769261
280049733
552344045
131726746
123626145
-900139547
218349720
-513455644
47688292
-384790184
147821439
-930988605
624240326
-68161278
-849843702
-318763926
-96091274
-566564100
73319541
-709449967
587250651
624240326
134047861
-553995907
-775271760
-401957706
653604340
263748647
95068264
896313522
439511470
-659342023
722111543
-978015366
-462701246
679674153
836907507
833909974
-685816798
46248223
-709449967
-410447405
273672604
-767056093
-441747050
728004088
-880186700
47688292
-835825544
-532356566
526811759
-287555363
-484189154
205698020
918670908
275207301
269641203
668367479
656100982
613800522
-111889017
984279826
796260447
-603238018
-632853752
618948291
182089698
656100982
458529500
273672604
-724005792
269641203
602395420
926364979
985778440
33178406
-673874662
-414295264
563795096
796260447
-551682396
587250651
834219189
-520213079
984279826
112915026
-318763926
-877673225
-930988605
332444615
-748395442
392109123
-249700091
-829340254
851062927
896313522
-252369162
663363855
29432571
836907507
985778440
762520539
-414295264
834219189
779113957
-484189154
275207301
994760739
-396818945
134047861
-875864553
370935777
552344045
19375491
-484189154
-990116241
295466880
363675955
769093673
-341528621
370935777
928244971
-634496123
-805250651
-618730540
29432571
-194591595
-590257147
118092455
-153924546
-328638480
489868455
-443618711
-527746348
-231883276
766465662
954672467
-845125674
914514904
368058390
263748647
-390731329
769093673
72355178
-805250651
-769331930
400165979
728004088
-972395897
-231883276
352862629
-938331652
656100982
487505281
-767056093
741836962
432692627
955192646
370935777
779113957
587250651
510623257
-194835077
554721415
781782409
-709449967
487505281
-387660922
-462701246
-980668348
-199188026
-845125674
600211526
-473806502
229627292
-249700091
798130179
801378669
-455141337
392109123
870929182
679674153
-22074870
563795096
-614007083
914514904
552344045
180364860
-775473067
-484189154
-484189154
-113687418
258579679
552344045
-877673225
-401957706
73319541
851062927
526811759
-659342023
954672467
-850040945
94191540
134047861
-110059515
775019608
634317308
-287555363
-880186700
554721415
457610733
-877673225
489868455
38686463
-634496123
574498913
474765062
-320485588
790954036
-443618711
980696695
118092455
-875864553
-827579067
-414295264
11056721
-621437521
-252369162
-182152189
352862629
-850040945
954672467
-937045370
-590257147
-880186700
-162884629
-224576028
-618730540
686619443
-20450894
402813076
389095924
180364860
766465662
88402899
258579679
-32129572
663363855
-827579067
640357940
-875864553
666788394
798130179
-83849143
870929182
-387398568
993490254
896313522
653604340
-797656713
-672409085
-427366201
796260447
-287555363
13762799
926364979
295466880
269641203
-566564100
-455141337
-937045370
-827579067
-200135509
130488476
510623257
-678054360
-341528621
180789073
-5417577
763668547
647389939
182089698
287804320
-596311905
38686463
33178406
-551682396
78494430
-558659417
-940875110
-415029291
-938331652
922811425
587250651
332444615
-100453926
-111889017
72355178
-590720842
123626145
487505281
4366634
-100453926
-938331652
-111763749
400165979
-661769261
475733668
747555618
123626145
-255422929
182089698
959353215
526811759
779215333
893243921
-634496123
907349759
679674153
-678054360
324462112
688253642
-706462938
642190528
-877673225
657758604
-194591595
-893075369
554721415
76078373
528328449
123626145
421927171
-982217908
-274936264
88402899
-320485588
-22074870
-878296945
-511281496
-397185476
613800522
851062927
11056721
-978774404
573404735
-520213079
-347875238
-876449520
-96091274
769093673
965577956
22761856
264828410
-879714329
-681946602
-255422929
528328449
280049733
-75096222
569524082
-287555363
-937045370
287804320
-196777128
653604340
170229179
-83849143
-45140781
984279826
840767954
-594527672
503037770
-928336979
-656744091
421927171
182089698
-797656713
801378669
56273800
392109123
-311207916
263748647
-608239282
-982217908
614715594
-414295264
600211526
389095924
392109123
457610733
875468951
-199188026
-443618711
728004088
77855582
640357940
647389939
833909974
231626812
779215333
229627292
-928336979
205698020
801378669
836907507
-5417577
-634496123
-462701246
-827782346
-621437521
-32129572
503037770
-484189154
763668547
-982217908
-632853752
-45140781
640357940
-111763749
264828410
-473806502
562611373
614715594
275207301
-590257147
-566564100
-113687418
140133125
503037770
185084188
-937045370
618948291
631521774
-724816306
-274936264
-659342023
