542 404
1630 3644
2576 6363
1174 4670
1744 4462
5131 3334
96 6192
5588 6850
1430 2208
6250 1940
3062 4466
5283 1459
3244 6771
5345 3772
1456 5719
6989 2763
3301 5956
3984 2568
6088 5345
3882 2789
1093 438
3492 5076
6726 5988
2804 4108
3466 4652
4915 655
4138 1636
5606 5645
1004 1390
3892 1559
706 4163
5540 6227
4798 303
522 4786
4393 4890
4736 3815
127 5302
3953 2743
3642 6068
603 6022
2510 2635
3053 6082
457 703
431 377
2072 1088
5222 4966
5590 5104
1640 6112
2131 32
4062 570
595 17
419 3761
5181 223
5816 3838
6240 5910
4234 470
3874 4144
362 75
2953 1030
1336 3133
2482 2213
2966 5033
1121 6857
5045 3497
4474 1079
2914 6974
4441 5545
3017 4100
5791 3994
5687 6790
1572 6871
2558 3779
3972 4269
3246 5107
5422 1908
686 3812
5491 3602
798 4294
1006 3224
3493 538
2222 2469
5623 5149
6907 1278
4319 3609
4518 6272
6196 1245
6929 2533
917 2326
2115 4261
6720 645
4311 2908
1387 2739
4844 92
6731 6988
2021 101
3168 5112
5677 3931
2152 2917
6141 2368
3984 4815
6582 2255
3513 1567
2771 5095
2460 3322
4516 5508
3674 5574
4080 5314
836 2595
3959 3564
4440 5136
4707 1610
3806 3273
4088 3488
6660 2046
2073 1093
857 1079
1060 376
658 5637
2242 1971
5804 3509
681 25
2470 1395
3330 5077
5539 974
4261 199
498 4535
6620 4070
3395 292
2278 3511
3334 2332
5988 60
6405 3680
5750 4325
5958 549
4280 4237
6880 1686
6251 741
1047 645
6456 2701
1068 137
2768 3486
1760 695
5754 2795
112 2733
4624 3111
6762 4402
6224 5901
424 6171
4087 6148
5336 4164
2145 3877
3988 1014
5769 4399
72 1281
902 2160
1797 5759
6506 4266
1128 6878
6805 5908
2756 2756
3566 3131
2269 5944
386 81
6183 3683
851 15
3140 5373
6594 4280
5341 441
1244 2709
2360 2496
1181 1391
2263 5151
4663 5074
2097 1879
3770 5421
5633 6688
4280 2253
5388 4523
3836 573
2561 175
5887 4141
2631 492
3811 3413
2903 5101
5356 5157
3314 3279
696 5856
325 4327
3876 2913
4948 3465
1135 3425
420 2568
5550 2704
3083 5259
4316 4956
5786 4567
2515 2066
1678 4268
2695 2291
5291 6979
542 192
408 5187
5096 4571
168 4996
2252 4474
2447 5836
6419 3697
6770 2703
1611 4465
3388 491
6670 630
1854 6490
1378 1550
692 663
231 3531
3263 4428
6825 5321
6150 4460
1576 2389
5691 206
1710 2952
27 1821
4700 556
2693 277
2257 3357
5015 4956
178 1796
1333 3769
804 1581
1033 1456
459 1126
833 1335
2711 4970
4434 3309
4606 3197
6655 6405
2907 2791
1906 969
3713 3274
6720 4851
6180 3542
2350 3861
5399 5898
5592 4431
3494 2216
574 1426
6292 4379
3386 891
2429 2635
2845 1795
3424 4554
1896 1304
5102 6659
6589 5022
3920 1018
2732 2289
2574 1530
3283 2335
4608 1802
6603 5437
5461 5976
6546 3178
3042 4860
5457 1498
4816 157
3429 1313
1169 150
169 6060
963 3375
3299 3057
1431 3360
2005 6284
4986 6821
6618 6579
984 4384
6180 1850
2506 834
3112 4355
2358 2012
4448 2178
6338 172
6208 5101
5592 200
6441 2866
2278 6347
5989 6901
6282 1220
3021 2172
1012 2668
4013 3063
258 6363
590 1085
1126 529
6738 4643
6330 5843
3697 4707
2467 2304
4073 2307
5592 2974
5793 5371
6630 5741
2537 6890
5356 2591
1920 1562
6502 3214
3559 5737
2639 5366
2928 3011
3629 1172
4402 6968
4089 6423
556 2407
1043 1249
6622 2955
219 4865
2386 6258
4465 243
1861 413
5188 6649
6419 6218
6928 4997
1324 1197
2307 5305
3918 600
6003 6440
108 2598
99 4055
6521 1119
4576 6851
4328 3848
4631 6782
4163 1242
5876 6946
6844 4932
866 6647
6010 1906
3982 3144
5153 6738
2556 1783
1096 2971
6661 479
530 6957
2749 3302
3583 3749
5417 2167
5346 4684
6620 4698
5555 5335
2239 5679
3883 4926
5744 1897
5697 3989
568 6124
3673 532
6020 1876
3298 379
670 3994
545 4573
198 1554
2548 2444
2360 5756
337 4172
1008 1811
4385 1314
2909 5637
1278 3565
5632 4848
6533 4410
5268 4635
4544 1516
2910 5602
218 6262
5847 2633
1070 4812
5311 4839
3038 694
2575 5942
3372 1108
4706 6453
3084 2601
1103 4507
1816 169
56 3265
3284 6257
3948 1788
1577 992
4343 2033
638 177
5279 1116
6142 5752
6959 3467
5931 4157
2092 5376
1994 5293
1305 3039
2851 2285
389 378
1514 747
1738 2488
2854 6895
6150 955
2537 6388
398 5560
360 235
2872 1356
4027 4013
1917 4047
2254 4203
1449 1455
6586 1244
3408 5547
1683 1096
703 4503
5749 4565
4044 5318
1326 585
3350 5311
1402 637
1696 4912
2486 4498
178 6117
1667 5448
2501 894
6765 5968
1522 4117
3711 6700
4678 2490
6119 5684
6522 1998
5674 4852
6330 3625
5193 450
6734 3721
1030 2173
285 2743
6180 3965
6668 6877
1347 1665
535 4411
5340 3595
4461 5817
6632 5720
1609 2834
3744 4288
2514 2882
1992 6838
3485 120
6191 1013
4265 3064
4810 3113
3011 923
774 4764
770 6466
3665 5871
1718 2453
6862 5827
2133 3023
5819 4487
5560 6073
1988 2942
1104 6540
3716 4858
2208 1841
6571 211
643 5139
4651 6110
6252 820
2930 5658
5711 1421
2825 3597
510 698
4429 3105
3359 4220
529 465
2836 3449
3729 2453
2577 2414
84 3231
2618 6716
5448 6674
5406 4577
4135 3202
525 5436
6132 5775
4062 6218
1100 4700
6850 2879
6270 6828
5899 4809
1275 3348
6965 2201
5200 3300
3776 1198
108 5700
1471 5495
4149 2939
623 4281
169 5201
2128 4222
4950 3528
2532 5801
5979 4131
5211 3638
5989 4792
325 4910
734 6402
5923 672
2016 4648
5588 5286
1115 3374
3345 4241
3543 4791
5472 1205
6445 6571
3040 5224
5838 2294
5074 4703
6950 2736
1321 5977
4212 1941
5977 4699
5602 3181
5326 4918
2867 5667
3966 3601
259 6193
268 1828
679 2080
4846 3577
5978 3430
4233 1922
6240 2853
5474 1463
5900 4830
551 2876
3052 6323
6596 6587
6681 5884
5202 4365
6971 6300
3898 6982
6931 5006
4468 2311
5283
5989
5074
5989
1004
6594
2222
5283
3953
3334
498
6582
1917
6762
5769
5988
6405
3301
6880
5336
5838
1135
2510
198
3263
866
4280
6141
1992
5131
6132
6445
4062
4280
6620
169
5211
325
1683
4576
2768
4265
6731
1275
5602
6779
6502
3713
6330
3168
4440
4212
1514
5697
5687
6191
5153
5457
1718
3713
6620
3566
2914
2537
56
4440
5592
3466
3052
5674
2429
3543
1522
2693
4402
3744
6142
1992
6010
3959
4608
5804
4261
3038
2482
4073
2482
5555
5633
431
6196
542
6589
5457
1797
6521
5887
3345
5847
5847
6594
4062
6240
6931
595
2278
2506
2254
4073
2307
6240
1402
833
5931
6224
681
3084
5691
3836
5592
4027
4135
3982
4261
6959
6571
2618
5791
3966
3395
96
3892
545
590
3042
522
6720
5341
3330
804
836
2845
99
3350
4265
1305
5592
1402
5816
1174
5754
1333
5791
4280
679
6142
386
5711
424
2506
3298
5697
6928
1744
5550
5691
2576
1994
902
5899
1103
2252
5900
3112
2537
108
198
5356
6142
5592
3040
2825
4087
6445
5988
5592
2510
1514
1576
84
498
5711
6681
4544
3168
2910
1760
2532
5291
5977
2239
5417
5406
1577
5222
2576
696
3424
2470
1047
3806
2515
5931
5406
1121
6928
99
5211
590
2966
2460
866
4950
2907
6596
5750
4468
556
1128
1472
96
3011
3543
1710
6240
1378
3395
5989
2115
857
5336
1577
1333
178
3466
984
4087
2307
1988
219
4624
836
5406
3583
5153
4311
6720
2510
2242
1514
1115
2851
5193
1678
1576
5989
6907
1378
4163
551
6660
5989
6282
5311
6196
5750
5326
574
3629
6620
5977
6240
6419
168
1043
389
4915
6330
3673
2092
4311
1128
1126
2482
1994
6959
3246
5592
6456
4328
568
1577
6250
3959
6929
1988
3770
5711
4544
2278
5406
2561
1760
2390
6862
2208
4816
3984
2360
1514
1992
696
268
556
1174
96
4441
5388
5200
2618
5633
1347
6150
6738
4631
2537
6292
386
4440
1683
3330
2005
2115
2269
6589
4651
1100
2128
6521
5623
2575
2854
2072
5399
1640
1430
5159
4212
3920
6630
5588
3933
6844
3298
5592
72
5188
4631
5691
5838
5341
1710
1174
1012
5786
6720
1012
2576
99
5744
3301
2254
3984
2360
5356
5958
3770
5074
2486
6330
5887
4212
72
5633
5592
2532
1347
2575
3011
1047
1100
4062
4393
6630
