797 627
4835 8203
7482 7007
1946 5903
2652 1612
5524 6484
5581 7591
2301 7994
4506 3241
7038 1205
6495 623
1912 6576
8460 6153
467 7710
6822 5210
7628 7314
2133 36
2809 7085
6574 2096
8991 7851
7982 2862
5227 7908
3069 1353
7964 8752
2702 3370
8018 5875
2316 4599
4557 4610
7274 6734
5104 4309
5418 8034
8198 5978
4784 8299
1846 1111
764 6873
5490 7019
6993 8927
7508 8102
5850 2992
7091 7882
674 3499
7963 4726
1316 5472
7633 7589
2589 2379
1167 3480
4973 8201
7161 1519
5425 7885
3186 1058
2806 6248
3325 7233
3455 6768
7263 7949
628 4822
974 3363
4227 4931
2746 5744
5196 1653
8013 20
1164 2998
4751 8834
836 3952
855 1429
1621 5447
2332 6965
8517 2331
3314 7529
2253 2820
7305 2468
206 2509
7324 6847
7720 8165
6785 6727
7830 5458
314 6203
2458 8732
972 4877
7455 4929
180 5812
2783 4125
6481 2819
6973 6369
4719 1365
852 2085
8048 1791
1986 3305
5847 1190
2858 5995
4937 742
2366 7883
5098 7321
6990 1987
8499 6724
7812 3341
8046 4303
2570 8382
5381 979
5229 6632
2135 5463
8921 5648
5422 1105
5803 3828
3913 5183
7434 2064
7457 5840
7262 6715
6757 1175
4690 6217
8135 1795
1888 6280
1737 4689
1224 2751
3273 8759
4721 2674
6474 7954
8868 2938
7887 1619
1151 5769
6949 7360
3212 6208
8157 7146
1252 4899
8087 1540
4756 6647
7129 6546
7680 4596
4275 3039
1474 580
1842 7746
7745 3928
7509 1741
7597 2953
2920 5429
8574 8696
8226 4270
5219 5392
5624 3461
598 1284
3467 8152
3496 6886
6403 8421
5949 7973
4220 288
5008 7416
2653 4860
6819 4572
8687 6815
4875 876
7201 8780
6852 8750
2728 8664
6539 3900
3216 2664
1587 7130
614 7784
8081 1025
2486 481
2488 4314
2714 421
6914 8912
1228 8659
4812 4419
1305 2179
7184 6810
8593 7362
8723 6331
6331 1655
1906 2483
2966 3411
7510 4473
650 955
5432 2504
5774 8231
6559 7614
8060 7665
4276 3967
4435 5018
4852 8373
7473 5756
2531 3352
2835 6175
86 1557
2055 5524
7832 1817
7026 1506
8075 7157
3098 2556
4583 4339
8892 3038
5640 3348
5982 2605
5235 8483
5522 4567
5709 945
725 1831
50 8458
2036 7542
697 8486
6348 933
2164 3004
6068 902
6428 3106
3257 4155
5465 7501
3183 8890
1981 5758
1280 8220
3978 7481
1328 7141
4421 5220
4352 780
8790 738
2651 6451
3369 4866
4930 578
197 2826
2725 4410
4174 585
8356 2351
1694 2124
2056 6531
3031 4343
1473 8202
7327 5235
2538 2499
4947 5772
936 3944
6081 6431
8200 8236
409 7194
3180 4232
1020 2831
3651 3001
491 6266
7355 1114
4793 79
2343 1124
1568 5238
7275 606
3317 6889
1579 8840
2692 7138
3520 5015
1695 7580
2980 2424
1787 5583
7322 6460
2475 6036
547 1762
8288 2121
7340 7491
4969 5141
6572 726
7715 5945
8910 3815
2403 765
3938 8077
2732 4299
3154 8848
1076 3640
7483 613
6389 2978
4789 8865
6615 4826
6652 7791
4943 5485
7627 4009
2862 4363
128 2436
7936 981
3785 8210
8612 6943
1042 5831
2721 3835
2454 6188
7521 5883
1325 7381
1047 2134
2549 8815
2516 8702
6630 7478
1456 300
6252 5912
1619 5027
8763 3859
447 8129
3716 2608
4548 6953
6017 8723
3018 2309
1908 3834
2825 1707
5929 0
1066 4563
88 3980
1003 7453
2520 1501
4322 4662
2898 2824
3523 5201
939 519
476 3643
1774 636
5111 7878
8115 7653
8510 4205
4061 8466
7695 8883
4261 7518
6812 4502
3634 3288
2796 1470
1241 6434
1963 4956
8426 8593
7430 2409
5057 1091
2504 1066
408 5690
2400 7569
7815 3130
8744 3131
7056 3137
3260 2388
875 3581
3724 2922
8896 7084
8566 1719
5574 1132
8677 610
2449 29
463 4648
8791 2654
913 711
2722 8211
1116 5805
2118 6585
6218 6714
3429 739
1033 8882
2559 4797
385 1610
916 8660
7933 1110
7924 2442
4856 2523
1725 5233
1354 4777
2519 513
5287 8581
3169 3427
5811 1020
5065 3696
3817 6404
6598 2807
8895 6928
7064 936
3810 7749
986 3606
4605 977
5854 3655
7556 5317
1540 852
5644 6262
2971 700
2361 5946
2076 6707
4337 1874
2168 7548
1742 7815
8520 6732
1468 7731
6611 7435
8897 1515
8898 8505
2040 8278
4522 5358
1201 853
6976 1129
658 2923
4197 4934
207 3312
3323 7145
8097 1074
3249 1396
7718 3935
8640 1306
4236 3556
5203 502
3551 557
4513 5867
6049 3788
1359 651
3389 824
239 6310
7273 7927
2340 3252
94 213
3964 772
4307 1596
3732 7312
4360 7768
5618 2058
4014 355
6525 586
5433 1921
4308 4794
7371 8282
1955 276
4910 8904
7599 5716
1991 8436
3243 6352
5621 2754
7765 398
4090 3048
4333 3437
1360 452
1836 5503
3320 4940
2566 5341
785 631
3497 3595
6847 3852
6450 7978
7833 6179
2170 4922
8932 538
430 6906
3885 2036
5456 6399
6901 63
5520 5967
5445 4695
4024 1261
5237 3357
446 897
348 5652
713 223
5093 2256
4808 8768
8297 8880
706 5442
6415 7800
2264 1703
7054 5113
6605 1975
8513 759
6135 5988
5711 1089
5114 2193
8711 109
5364 6347
7807 7310
7877 2588
8223 5757
5653 3826
7547 6433
4677 5349
1334 1028
3854 2051
989 8715
2116 8411
2239 6236
7855 2402
3789 6599
8154 3860
1515 8014
7506 5879
5286 1746
1575 6416
6421 7631
2534 2421
3494 7234
5796 1743
5470 7198
6009 4971
8931 8323
2089 5701
4675 7939
4013 7698
2092 5444
8635 3360
6270 630
2911 238
5129 7618
8498 3216
8128 4196
4987 2249
7564 7219
2767 5578
1636 6512
538 5585
1017 2356
8851 969
6207 6554
442 7545
4860 597
5825 4370
5991 8705
844 6884
8358 3830
8849 3446
5499 4368
1840 91
453 1416
261 1035
8365 2637
7410 7798
1919 6504
6588 7476
353 6306
1953 7369
3722 6501
1166 8108
5750 2245
8633 1012
3872 7556
1936 7712
5149 4128
8682 3892
2249 1696
1531 1188
8833 48
5727 8443
3581 5710
4159 5065
8094 5827
5815 2122
1187 8522
722 5614
2140 3114
8665 6668
4487 666
2074 4106
1273 756
7082 4765
7604 2016
2387 7266
5795 558
1329 7216
393 1094
5557 1076
1286 5346
100 5768
1408 4422
5027 1565
4474 5922
654 2347
6487 7966
48 8654
5989 1299
4710 3739
1496 1267
3671 3117
3297 5153
167 1857
4554 3286
3983 8433
4909 7515
7567 3420
6174 5998
6669 8911
7928 45
6533 7649
6198 6122
1369 2041
8311 4756
8869 7918
4037 4267
6972 7846
7003 2465
8600 8971
4855 5849
3626 4059
4193 4417
724 1194
1899 6509
2934 2870
1588 1443
2935 2453
923 8690
2999 7061
3339 579
8186 4153
3537 345
7097 3710
8319 4367
3279 2861
3406 4638
2014 6866
7570 4147
901 822
1801 3649
2104 6079
2941 8916
8240 1714
3062 476
1291 3851
188 1617
8719 3282
6295 7859
6274 1529
6999 2380
1992 6566
6528 1784
1769 6176
2462 495
4597 4261
3114 6432
8403 7622
5677 8548
6759 1918
3585 4141
6122 2224
5085 717
8978 4418
3956 460
7326 3960
1925 4910
1961 49
8459 713
8174 1977
1829 6787
5688 6591
531 3865
346 2665
728 8094
5775 663
3679 6210
4955 3302
5673 7489
5670 2186
4755 7615
6242 7078
8697 3462
3860 3634
5496 3879
36 2930
1871 7185
7341 6388
8080 633
2260 2091
782 4671
3603 2876
2822 8855
8085 74
4900 8101
4744 7413
2339 1845
1090 3563
1883 6516
6376 7951
3920 6290
6566 8482
4760 7227
6821 7331
246 5123
1656 4028
3820 5687
4102 893
8345 7202
988 3877
2026 5467
4465 8635
8641 2439
231 2410
6638 6492
4381 7814
7496 2153
1970 6034
2161 6924
4705 6580
2064 3972
8526 4640
8173 1960
356 5679
7393 6672
4151 5374
1407 7619
5315 8179
5240 4178
1263 7504
8854 3600
6831 4225
8972 1254
4820 6721
377 7258
5658 4790
8872 5900
2096 2911
21 3878
1593 5851
2465 8529
6273 3179
3160 2192
3081 2760
7817 3303
6499 7490
1934 1344
2270 6172
7909 7700
8074 4025
4347 6701
130 7833
7978 3330
6488 7950
427 5915
2330 2699
1562 1308
7677 1607
6093 5501
2432 1700
7937 1715
7837 7340
1786 3888
4136 643
6230 869
6059 4160
3899 7787
7984 2908
5492 2467
3814 929
6340 704
8340 1271
8344 2544
8136 3157
3019 645
8945 7013
8647 162
1910 2014
4539 1828
998 73
230 6934
2739 1118
1594 7373
258 1552
6584 596
8713 8612
5348 8968
138 2304
5097 1200
6799 416
5139 5535
632 7142
2368 5634
6445 144
6991 4639
2742 4843
4683 6279
4092 3742
716 8991
5466 1669
7880 3959
4344 2677
6971 8219
3342 8854
8591 5417
7481 3307
2793 2220
4742 6293
5325 1256
4117 7072
2045 1805
5311 8997
8832 6143
5151 5871
6736 7924
1220 2126
2236 8760
4962 6915
8920 8228
2832 939
6039 3534
2209 3396
347 520
6532 77
5107 6836
1128 8736
5732 4231
747 5759
4324 6605
4762 4743
7664 587
1659 6894
4379 4808
7220 8555
4657 1070
1091 2404
5479 441
3877 660
56 4819
8221 5534
4258 1522
3251 2937
4249 5732
1554 7607
7832
7936
7832
4605
4856
88
2520
5456
2387
1992
3860
5466
4860
6532
6230
5711
3180
2653
4751
5989
3585
3260
6736
4465
7720
913
1369
4090
4675
4675
4522
1769
1888
5673
258
4789
5499
7392
2725
2253
7263
356
4910
7604
8344
4690
5466
7410
4092
4487
1594
3494
8013
5227
7003
353
430
5027
8641
674
442
3325
1305
4308
5287
6972
463
2806
2825
6588
7837
393
1619
1496
8872
6039
1981
7677
1587
8865
7855
3860
1280
8869
855
8682
7924
7341
1473
1842
447
4410
658
1963
2454
467
5381
2504
7830
7263
2858
2822
377
6819
130
4675
2014
7627
2920
7341
5621
8174
3212
5465
8898
1090
447
7521
1992
2040
6488
6799
8135
8460
5066
4136
2092
3585
138
7201
4092
7924
6972
197
8198
3789
4677
4347
4742
4102
431
1725
1316
8635
8665
4506
2074
4789
1252
8723
7457
1166
1737
206
1076
6403
972
1201
986
3169
3854
4276
5286
4261
7765
8832
2822
5456
8895
3098
1151
8459
4755
409
2832
8460
8060
1456
1953
6059
3913
4937
4117
7547
8591
3429
2135
3154
1840
6757
8640
5499
2653
5114
7597
6914
7026
3785
5825
1846
8426
6270
5496
2368
1925
6572
7963
1946
2832
6736
8869
3154
989
6605
6972
2999
50
7506
7473
1020
491
1066
3496
2387
5677
4197
5422
916
6598
3964
7481
8517
86
5456
6669
7745
6009
4751
1228
86
2135
8173
3899
3810
21
7604
8157
6198
8157
1871
246
5982
7817
8356
1316
2832
836
8793
2822
5796
4435
747
1919
6525
2559
5991
2361
7718
4742
7496
3983
1369
2239
6574
5524
4955
8574
8763
2920
1621
1619
1593
1076
7982
3019
2714
3297
3978
2368
2971
3913
8297
7091
348
5670
2400
6230
8358
7715
2746
8460
5286
8872
4487
1531
8697
7161
7964
5815
7887
6230
722
4061
4379
4742
2570
3260
1359
1474
4261
1201
6218
5027
2911
3183
998
8921
7633
5709
3339
6348
4522
4249
8833
8854
1360
5673
5432
4955
5027
6488
5750
8790
713
1906
7262
4506
86
916
4548
1836
3186
8892
6525
5854
2116
5688
5057
261
7628
4344
4605
8641
8744
4275
7026
4583
348
8520
21
7880
7305
2722
3314
4943
4852
3785
2465
3251
1515
6474
5673
2340
239
8097
7715
7184
5796
2520
2316
7496
1359
4910
6990
8311
1316
2935
2721
6340
2168
2458
1846
5149
5989
2170
2449
3496
5219
7496
1020
8426
6331
1587
1840
6990
4092
5621
1594
8991
4762
3297
4421
230
6993
5621
4037
1919
7547
7556
3899
2368
8719
2118
4347
4024
913
6474
8358
936
4937
3983
2796
3062
7833
2911
5203
3983
3651
6242
7695
4090
8048
5240
7745
4236
6993
7262
5364
1656
713
1325
4955
8013
5235
5466
8872
8647
7680
7393
5287
6015
491
6574
6093
3314
7718
1963
2092
8719
936
8081
7324
7091
1883
8921
8898
5732
3114
3885
1925
6528
2116
1291
7097
5325
2040
8687
1167
2566
6611
4337
6049
5557
8288
7815
4381
5522
6847
1003
4333
3679
7326
1769
356
8198
8744
2566
5490
453
6559
2714
4751
5008
1619
1769
658
8854
6093
598
7455
4522
1934
8972
346
8013
5989
7718
3069
5815
916
8851
5640
5811
7807
1836
6605
5709
8403
4947
188
3716
1883
7371
8198
314
5850
128
1840
1842
2330
5114
5774
5470
7887
6999
5240
1224
7430
8640
2534
8945
2432
7038
4513
875
1359
8200
8854
6009
4909
188
6759
8896
6252
4657
3160
1033
3913
8635
4744
8868
5315
1496
7506
3406
1829
8080
6999
5621
7184
3069
7855
5982
8896
4174
1328
2538
447
1407
2055
3389
986
2260
430
2486
1936
8226
8677
5658
7715
4322
4955
5139
8345
852
5114
5149
