555 518
3688 7472
9820 202
612 6700
3202 1122
7630 6264
4322 2283
7834 2543
5518 4890
9339 239
1554 7148
7444 4396
6891 8412
8026 9190
4296 7944
4880 2659
2031 2552
5485 416
8399 5471
5410 3870
7661 5868
5452 4794
5766 656
465 5241
9999 5322
9094 1270
1089 9498
7907 4116
8863 7364
8003 6374
1013 2370
2784 3765
2747 3939
9340 8443
736 1052
3894 4578
607 5758
2284 8879
3203 2668
8523 9050
5199 813
5924 7889
4567 8434
9531 5770
2296 3325
1648 7117
4024 5282
1625 9450
2351 710
511 4803
7423 4877
2216 2379
5787 4151
8592 2118
7241 5709
8105 8954
713 6341
8264 2832
9577 7736
3722 9578
7589 561
5973 9103
1928 3020
1565 28
7150 8629
6537 5819
4059 676
9659 5832
6289 1727
5750 1579
3637 5598
9370 3310
9263 613
9824 3028
6303 5042
3019 8795
533 9273
1591 9983
9904 7663
6381 5065
7917 8029
8765 1170
4410 9819
8208 1129
884 3397
9414 3087
8393 3942
6101 2901
9257 7712
904 2375
1907 746
1440 1563
8796 2717
2295 3285
1340 7674
2451 9603
9480 2867
5044 9176
4510 7025
8451 2792
556 469
7464 6160
4237 8191
2687 8725
3682 9827
971 3887
3840 526
4012 6791
6263 438
4766 6370
5556 1181
4896 9096
402 3169
3465 9490
5915 782
8168 5956
797 5858
9900 7919
5269 1239
167 2539
1443 2198
2515 7459
2453 3472
4345 6574
3168 5349
8734 4705
6127 3467
6897 1215
1406 9743
9766 1554
474 626
2406 6274
825 5973
2189 5423
2495 4021
8561 2093
3107 5384
3011 5155
6870 8029
5295 3074
1752 5506
5911 2647
9199 9316
1555 9160
4394 6224
5992 2246
4561 7680
5925 7552
9003 5307
5187 8680
477 3877
8143 2155
4244 4384
5391 281
6985 4226
2236 1915
850 998
2318 5627
3542 3821
4771 2262
7405 3021
2566 1903
8043 6497
6522 931
6981 1026
8291 5987
7389 1019
2994 5522
95 6449
9282 4568
9900 6601
2912 9275
65 6274
3933 7480
3610 9977
6310 7544
1141 23
9670 6414
1247 5298
8591 4384
5170 6134
8368 7598
1532 9135
9198 4236
5031 8124
2258 8024
5837 3325
8500 6143
1149 350
6229 9279
8508 5005
1876 2117
5226 8049
152 1795
9385 5714
8175 7253
9966 3055
3665 6901
6845 6397
209 2413
2396 6408
4355 3146
8189 7556
1159 7917
4433 2610
6475 9692
2289 4479
6839 7741
1069 122
371 2192
6093 3899
9832 876
7399 6931
9127 8918
8563 5713
9592 3730
1209 1904
6404 7503
1327 4678
2994 509
8821 5681
2971 2876
6595 5487
6922 6117
8973 1761
8516 3597
3293 4081
430 8668
7182 5051
2805 8745
9879 3754
8799 871
762 8767
9018 5571
9539 4942
5852 6904
5184 1581
3334 4285
577 4265
5724 5684
6988 8032
6776 9383
4124 4764
5219 6644
5415 4697
9416 7251
6437 1808
2664 5291
6821 8172
8853 1195
1338 8225
5558 2087
8982 2987
2286 7302
5816 5180
515 487
3590 9020
1834 5634
8865 1119
8159 2507
9602 9549
7530 9433
344 7894
8199 8869
5259 7092
7446 5121
9953 3847
4121 7894
3491 2364
4892 1873
3130 1963
4861 8256
8052 5028
6178 1679
2432 240
7348 8711
1732 9986
7106 8072
539 9206
8783 9029
9011 4839
2714 4485
6215 3428
8388 8772
7778 97
1562 8499
3572 4348
777 4104
6757 5806
1978 7598
3827 3945
4479 4915
6094 9786
959 9312
7606 1443
7285 8788
6816 8185
3501 9297
9663 6593
7066 8791
1467 3663
5976 5445
2194 6458
583 9893
6361 374
2446 1819
4266 7482
6863 2116
8540 8295
6253 8619
7274 5611
1755 6786
9794 4286
2930 2567
9214 8618
7094 8510
4990 8719
7056 7845
7380 2273
1841 8169
7742 122
3947 8702
8192 2017
9918 2977
3000 1276
3246 218
2097 558
7547 2916
3158 7614
1429 7222
6557 9926
8466 3344
127 7873
6334 8729
1460 5714
7420 7566
1829 9460
7747 8848
4829 8327
5125 6187
1588 3305
7616 3631
8441 2711
7206 1145
9053 272
7052 6329
1099 8872
2149 2206
6292 2632
1915 4768
8071 9265
341 1023
8340 3207
2712 9226
6458 8654
6705 3020
1892 8795
8073 9273
7360 4129
6053 1976
2386 8943
2311 2145
6074 7780
9641 8950
7311 7095
2657 3317
2361 8392
316 7634
978 3059
8510 3132
7227 2248
5590 782
1224 6364
1808 9050
5213 2688
6534 2343
2939 8241
7909 4134
5713 2229
6417 9355
9390 2423
4299 5370
7042 3359
3579 8856
8256 5611
4244 8096
7087 2249
5942 1381
7539 1262
3535 2827
5300 5091
3916 6285
6161 7595
6959 3954
3691 8021
1995 2064
4080 5203
7592 8026
6272 952
4845 1111
3359 5024
8495 6390
55 5592
8328 2717
8624 3324
1326 9808
5431 9117
3150 205
3765 6551
8313 6688
727 5998
3597 1128
9249 7638
3522 1477
1593 2156
7145 6043
1738 9809
1167 649
9569 7166
6087 7978
7068 3166
6876 7478
1102 5969
8129 6186
5242 2813
2192 687
9102 7709
6992 1805
6798 2045
7124 2121
2179 8402
3845 5038
3002 4499
6747 8304
2756 9736
1114 6690
2394 3478
7499 7200
6945 6871
884 6324
3362 3417
1925 9317
9402 4151
2119 3315
2990 6090
1244 6732
2011 1131
5536 8564
6368 7653
3232 4596
8844 7145
3913 1041
6091 6031
6224 860
3763 1493
7068 8965
9541 8893
3159 8660
8549 3778
7247 2643
223 3410
3987 9493
4169 4044
6143 6666
6670 9076
5477 5024
4411 8565
5550 494
8490 7144
9969 7412
3771 6741
2258 2063
9752 4699
7369 1988
1824 8910
3215 2059
6178 4194
7809 6047
54 92
6637 122
102 8722
8640 9764
1920 389
8588 9054
9817 8852
2360 8151
8046 4103
7497 2114
1969 1791
2785 3306
4507 714
5241 8743
7521 8436
2140 4405
723 4903
6079 3666
6602 1027
8576 8075
7411 3625
4515 2936
4490 4432
6909 8360
9073 6948
7147 189
1690 3817
1356 8367
6236 3006
7785 3073
4157 7105
1722 9544
5944 5172
980 9735
9307 5516
3 3321
523 8864
7450 5427
1560 7126
2596 9585
531 5712
7138 5245
4504 6047
4161 2216
8472 7946
3188 2909
7383 7552
4834 4115
2714 9145
6212 5774
4056 1376
8491 7055
5594 3324
7331 7591
7482 3257
3517 6600
4851 1873
745 5066
1792 7700
3114 5995
5941 9530
5155 4897
4798 5889
2840 9566
8170 844
5994 3730
77 1986
8143 8214
3716 102
8695 7184
5620 1513
4966 9146
5179 1478
608 7182
9039 1325
4337 617
1884 4692
4067 3317
6093
2286
6705
5787
6127
7661
1554
6870
8490
3246
8208
7742
8313
1824
9199
3130
2712
5558
5594
9282
7348
2432
3765
2258
6891
3114
7450
1247
8052
1738
5766
1834
8734
3579
7661
9824
7380
5477
2712
2566
6475
8549
4124
531
6091
9414
6361
8561
3
6891
4012
3
7331
9794
9817
5477
2284
1841
6798
8003
5558
9339
6816
5787
3682
7589
7247
8796
4067
1141
4410
7147
1244
1752
2495
5941
9198
4567
825
8561
8388
8451
6757
1876
9094
6458
1588
2687
8388
6757
4490
4515
8043
7360
7042
9198
8105
7778
102
2140
9102
7348
3716
1995
3188
3215
7285
7809
2566
3114
9641
6985
7052
2216
9307
3159
7809
9900
1690
4056
8052
3535
5031
1752
8472
8159
1732
713
6839
7169
8073
4966
8046
209
3894
9414
5155
6897
2784
8291
6303
1829
9127
6891
4161
3579
5094
5944
6212
5415
3716
8500
4561
6272
3150
5924
4561
3
1338
9094
8508
2756
8973
5976
6263
2714
1732
8563
8508
762
9414
7124
6909
2296
7094
9592
1907
3491
9053
8624
6670
3590
3517
5590
7360
8500
8399
2192
8340
5485
1443
3682
8508
1738
2785
6705
8170
531
8624
5620
2311
5044
5485
3159
3716
9577
6161
6705
2296
7227
6053
971
6988
2011
7539
5300
8510
9340
7241
6798
9307
2311
7547
4124
7052
1562
6922
4067
1969
6289
2453
8071
9966
2515
2747
4299
1356
7592
8264
5241
7834
6897
2192
7444
6757
8046
3
850
8865
4244
9018
1892
8844
7124
2566
2289
371
7444
5787
2179
9969
723
8170
3827
8189
9641
2515
9663
3202
3840
4504
7998
5452
9602
8256
8783
2097
9539
8865
6981
9011
8073
7241
6224
8591
6215
7068
477
8168
9659
6747
6670
1928
9249
7592
7499
5558
6178
3168
3517
8105
3011
474
7742
8328
8451
4080
7499
8624
4892
8003
6272
3840
7068
7383
65
6417
2784
8783
8328
7056
8159
9531
797
7150
5125
3722
5155
6303
6143
8591
7247
9969
1327
1532
3572
745
1244
3019
2930
3597
6757
9905
167
2149
6143
8159
723
9832
511
1752
6637
825
2360
6361
6127
5031
6453
6381
5766
5925
4056
4080
1555
4561
6985
4510
6988
5558
1149
3522
6458
95
2990
3522
6945
1460
8313
167
2566
7420
6272
777
2192
3597
7778
7411
7247
4322
6253
9900
8192
1978
5213
2432
5226
1808
9414
1565
1593
6821
1141
5590
8592
4990
3522
2318
1167
9053
5852
9659
3491
7661
9879
7917
884
7558
825
4296
6404
6845
7630
1808
8821
1884
7206
9416
556
2515
1141
5558
1429
5031
6959
1460
1995
8143
2311
2289
8192
6747
7809
7450
9824
2119
6381
7907
4880
5750
1149
2785
4041
2994
6992
9539
2097
3114
9670
7042
3501
5837
5724
2258
515
8052
8695
7399
7227
2756
1406
9414
1792
341
3845
3933
556
7056
2031
1089
152
6981
8516
1224
1244
3765
9904
477
1690
3597
971
2756
3
95
7747
2031
5837
1069
2179
1247
3765
6212
7482
8472
736
6093
9663
9018
6236
1907
9214
1167
9752
511
523
4433
2784
1722
2194
