284 89
1 525
2 755
3 812
4 489
5 863
6 738
7 495
8 675
9 917
10 130
11 56
12 513
13 893
14 139
15 407
16 128
17 908
18 24
19 898
20 296
21 992
22 989
23 525
24 301
25 414
26 819
27 791
28 754
29 367
30 674
31 655
32 449
33 441
34 495
35 263
36 286
37 99
38 950
39 656
40 685
41 136
42 90
43 918
44 241
45 751
46 922
47 830
48 415
49 242
50 566
51 221
52 937
53 375
54 795
55 651
56 719
57 804
58 2
59 688
60 251
61 678
62 968
63 29
64 140
65 811
66 810
67 790
68 294
69 918
70 447
71 926
72 792
73 331
74 186
75 412
76 30
77 499
78 432
79 973
80 639
81 114
82 223
83 713
84 610
85 824
86 688
87 418
88 733
89 613
90 550
91 635
92 110
93 385
94 255
95 566
96 141
97 618
98 939
99 329
100 129
101 663
102 474
103 449
104 218
105 629
106 763
107 855
108 416
109 952
110 35
111 994
112 426
113 452
114 938
115 198
116 961
117 356
118 580
119 819
120 790
121 531
122 198
123 993
124 49
125 593
126 648
127 587
128 916
129 200
130 762
131 897
132 935
133 720
134 842
135 834
136 333
137 743
138 877
139 113
140 231
141 269
142 355
143 912
144 311
145 768
146 296
147 114
148 472
149 955
150 872
151 774
152 20
153 60
154 787
155 129
156 318
157 910
158 818
159 106
160 609
161 12
162 105
163 52
164 528
165 511
166 77
167 848
168 792
169 737
170 455
171 825
172 211
173 507
174 41
175 972
176 46
177 997
178 289
179 911
180 685
181 644
182 524
183 897
184 534
185 361
186 797
187 491
188 67
189 911
190 158
191 70
192 348
193 397
194 125
195 132
196 484
197 357
198 267
199 187
200 395
201 99
202 530
203 480
204 852
205 762
206 533
207 816
208 135
209 124
210 316
211 349
212 746
213 649
214 983
215 502
216 124
217 178
218 651
219 72
220 210
221 446
222 851
223 580
224 941
225 820
226 697
227 321
228 748
229 154
230 525
231 244
232 926
233 133
234 613
235 340
236 786
237 866
238 526
239 779
240 227
241 789
242 185
243 730
244 934
245 464
246 258
247 60
248 566
249 910
250 877
251 175
252 330
253 97
254 642
255 206
256 717
257 561
258 27
259 578
260 862
261 997
262 450
263 337
264 153
265 31
266 321
267 983
268 478
269 387
270 740
271 125
272 488
273 984
274 42
275 208
276 521
277 554
278 844
279 436
280 84
281 311
282 180
283 416
284 3
