408 12
1 235
2 657
3 550
4 865
5 64
6 805
7 344
8 424
9 297
10 804
11 133
12 913
13 995
14 626
15 682
16 158
17 940
18 225
19 703
20 748
21 732
22 400
23 382
24 319
25 707
26 303
27 75
28 954
29 99
30 439
31 746
32 735
33 56
34 703
35 77
36 884
37 261
38 530
39 910
40 767
41 857
42 319
43 108
44 868
45 770
46 457
47 25
48 108
49 8
50 225
51 355
52 600
53 877
54 8
55 489
56 910
57 52
58 649
59 777
60 387
61 240
62 310
63 399
64 850
65 358
66 978
67 816
68 884
69 885
70 943
71 808
72 984
73 860
74 689
75 505
76 533
77 182
78 163
79 998
80 94
81 434
82 384
83 439
84 565
85 461
86 597
87 693
88 107
89 52
90 309
91 1000
92 558
93 876
94 268
95 526
96 405
97 125
98 880
99 527
100 632
101 519
102 949
103 519
104 755
105 387
106 97
107 804
108 660
109 469
110 376
111 897
112 259
113 817
114 560
115 42
116 34
117 339
118 22
119 225
120 405
121 251
122 307
123 401
124 692
125 673
126 978
127 24
128 598
129 342
130 723
131 930
132 305
133 827
134 517
135 795
136 319
137 213
138 871
139 605
140 874
141 490
142 560
143 988
144 468
145 453
146 55
147 678
148 736
149 448
150 901
151 359
152 253
153 890
154 347
155 291
156 580
157 143
158 238
159 293
160 496
161 848
162 570
163 256
164 254
165 18
166 981
167 588
168 405
169 43
170 91
171 628
172 207
173 106
174 779
175 37
176 376
177 799
178 391
179 905
180 807
181 35
182 985
183 29
184 659
185 904
186 581
187 568
188 191
189 268
190 610
191 701
192 345
193 483
194 933
195 698
196 936
197 843
198 743
199 658
200 532
201 44
202 53
203 480
204 26
205 727
206 697
207 782
208 664
209 773
210 607
211 940
212 326
213 124
214 859
215 980
216 654
217 390
218 449
219 246
220 901
221 650
222 556
223 120
224 258
225 711
226 539
227 264
228 982
229 366
230 34
231 197
232 245
233 472
234 733
235 354
236 716
237 376
238 506
239 229
240 35
241 458
242 351
243 887
244 246
245 819
246 169
247 924
248 62
249 371
250 767
251 462
252 493
253 201
254 838
255 925
256 298
257 461
258 566
259 82
260 665
261 196
262 685
263 668
264 111
265 119
266 91
267 563
268 693
269 549
270 302
271 122
272 218
273 323
274 327
275 434
276 622
277 1
278 164
279 309
280 428
281 799
282 335
283 240
284 88
285 71
286 583
287 461
288 322
289 588
290 405
291 936
292 897
293 788
294 362
295 504
296 723
297 402
298 535
299 72
300 83
301 895
302 245
303 175
304 965
305 610
306 383
307 389
308 991
309 629
310 156
311 319
312 624
313 90
314 705
315 188
316 53
317 30
318 215
319 344
320 745
321 877
322 664
323 425
324 765
325 606
326 560
327 945
328 928
329 896
330 458
331 668
332 657
333 765
334 792
335 603
336 283
337 646
338 119
339 679
340 224
341 976
342 594
343 409
344 9
345 285
346 341
347 570
348 557
349 389
350 525
351 158
352 704
353 503
354 399
355 807
356 461
357 195
358 607
359 127
360 368
361 410
362 930
363 558
364 821
365 128
366 533
367 893
368 741
369 992
370 583
371 353
372 370
373 88
374 452
375 4
376 736
377 119
378 692
379 233
380 479
381 469
382 139
383 991
384 126
385 642
386 650
387 920
388 123
389 873
390 199
391 994
392 936
393 910
394 776
395 997
396 392
397 262
398 894
399 734
400 162
401 366
402 271
403 347
404 884
405 327
406 844
407 264
408 981
