425 18
1 252
2 902
3 587
4 731
5 858
6 937
7 598
8 452
9 557
10 24
11 755
12 109
13 884
14 12
15 700
16 980
17 93
18 777
19 244
20 616
21 270
22 705
23 860
24 77
25 177
26 146
27 504
28 576
29 336
30 818
31 865
32 259
33 170
34 81
35 356
36 754
37 388
38 897
39 531
40 127
41 356
42 18
43 26
44 803
45 418
46 529
47 93
48 886
49 295
50 193
51 967
52 554
53 890
54 290
55 462
56 971
57 969
58 521
59 550
60 649
61 549
62 9
63 883
64 56
65 410
66 712
67 611
68 263
69 93
70 133
71 307
72 881
73 878
74 497
75 265
76 161
77 792
78 419
79 10
80 681
81 223
82 401
83 717
84 69
85 274
86 99
87 695
88 435
89 104
90 770
91 264
92 70
93 951
94 385
95 462
96 491
97 691
98 667
99 160
100 723
101 541
102 293
103 174
104 306
105 772
106 317
107 256
108 719
109 288
110 484
111 620
112 429
113 804
114 504
115 676
116 570
117 691
118 205
119 767
120 430
121 591
122 596
123 118
124 934
125 70
126 484
127 113
128 146
129 454
130 745
131 332
132 947
133 242
134 874
135 373
136 265
137 102
138 335
139 767
140 972
141 983
142 299
143 619
144 466
145 759
146 998
147 245
148 512
149 591
150 455
151 21
152 956
153 157
154 168
155 640
156 763
157 609
158 921
159 718
160 342
161 699
162 674
163 597
164 106
165 583
166 379
167 46
168 360
169 331
170 494
171 478
172 930
173 904
174 984
175 536
176 95
177 367
178 612
179 40
180 545
181 830
182 313
183 99
184 445
185 627
186 813
187 734
188 659
189 913
190 89
191 220
192 367
193 681
194 878
195 180
196 23
197 586
198 392
199 866
200 157
201 572
202 507
203 821
204 791
205 481
206 972
207 497
208 357
209 861
210 929
211 358
212 899
213 599
214 483
215 8
216 905
217 545
218 787
219 824
220 615
221 733
222 227
223 699
224 548
225 912
226 174
227 754
228 337
229 452
230 42
231 874
232 497
233 800
234 709
235 444
236 572
237 18
238 774
239 464
240 333
241 568
242 765
243 245
244 160
245 339
246 750
247 52
248 239
249 478
250 42
251 14
252 975
253 926
254 583
255 763
256 415
257 233
258 73
259 205
260 113
261 252
262 536
263 708
264 956
265 248
266 132
267 675
268 713
269 228
270 910
271 995
272 300
273 537
274 633
275 663
276 566
277 522
278 977
279 671
280 929
281 554
282 691
283 624
284 971
285 827
286 253
287 388
288 998
289 204
290 551
291 639
292 999
293 467
294 858
295 306
296 614
297 867
298 968
299 827
300 701
301 231
302 517
303 484
304 277
305 608
306 900
307 858
308 173
309 635
310 37
311 601
312 885
313 391
314 541
315 959
316 418
317 341
318 342
319 614
320 834
321 944
322 977
323 70
324 995
325 984
326 537
327 971
328 750
329 706
330 642
331 658
332 218
333 786
334 202
335 385
336 551
337 412
338 934
339 456
340 231
341 966
342 648
343 179
344 292
345 626
346 560
347 1
348 22
349 547
350 33
351 850
352 195
353 62
354 878
355 804
356 988
357 332
358 716
359 838
360 686
361 300
362 201
363 145
364 758
365 62
366 725
367 756
368 145
369 837
370 496
371 831
372 267
373 749
374 309
375 571
376 69
377 462
378 181
379 184
380 837
381 702
382 823
383 798
384 321
385 958
386 782
387 824
388 755
389 678
390 11
391 109
392 940
393 443
394 157
395 481
396 938
397 330
398 319
399 252
400 284
401 29
402 41
403 345
404 232
405 389
406 57
407 314
408 642
409 584
410 227
411 226
412 576
413 934
414 750
415 531
416 259
417 823
418 842
419 793
420 657
421 367
422 655
423 351
424 73
425 484
